2.123287671232876594e-01,1.223914269599548771e-01,1.147132169576059874e-01,5.428881650380022045e-02,6.428571428571427937e-02,5.788423153692615064e-02,0.000000000000000000e+00,0.000000000000000000e+00,0.000000000000000000e+00,1.375661375661375585e-01,1.155778894472361817e-01,1.094580233793836371e-01,5.676855895196506602e-02,0.000000000000000000e+00,8.390022675736961977e-02,1.027777777777777735e-01,9.106239460370994798e-02,7.378740970072239502e-02,5.263157894736841813e-02,1.980198019801980222e-02,1.010309278350515483e-01,0.000000000000000000e+00,7.713806595863610671e-02,7.840971838763113877e-02,6.377551020408163407e-02,0.000000000000000000e+00,5.345211581291759578e-02,2.107728337236534077e-01,9.023485784919653419e-02,1.814996496145760418e-01,1.898734177215190000e-01,8.578431372549019662e-02,1.812339331619537142e-01,6.912712360867018235e-02,7.464387464387464699e-02,9.510086455331412392e-02,9.752066115702479054e-02,5.808757819481680240e-02,1.178247734138972852e-01,2.024136039495337269e-01,9.813084112149532412e-02,1.308840413318025364e-01,9.749303621169916334e-02,7.021063189568706175e-02,7.703081232492997588e-02,0.000000000000000000e+00,8.847352024922118530e-02,9.787234042553191737e-02,7.618591279348346790e-02,9.722222222222222376e-02,1.194926568758344493e-01,1.496350364963503765e-01,5.972696245733788434e-02,7.451923076923076816e-02,1.882352941176470562e-01,9.051724137931034531e-02,9.243697478991597105e-02,9.600000000000000200e-02,7.037643207855974470e-02,2.048331415420023005e-01,6.632653061224490221e-02,9.045539613225202225e-02,7.646356033452807177e-02,4.522613065326633319e-02,2.174963750604156643e-01,7.739938080495356587e-02,4.581901489117983645e-02,1.109467455621301751e-01,9.425287356321838950e-02,5.893536121673003531e-02,6.089926010244735288e-02,6.553398058252427050e-02,1.653543307086614289e-01,1.049019607843137275e-01,7.222222222222221544e-02,7.200587803085965743e-02,6.481481481481481122e-02,7.971014492753622505e-02,2.638190954773869321e-02,2.293986636971046822e-01,7.100271002710027701e-02,7.903780068728522012e-02,1.077257889009793218e-01,2.181818181818181712e-01,8.421052631578947179e-02,9.421841541755889005e-02,7.628676470588235947e-02,0.000000000000000000e+00,1.251336898395721819e-01,9.893992932862190337e-02,1.248049921996879918e-01,1.237524950099800347e-01,7.652173913043477937e-02,8.609271523178807506e-02,1.067961165048543631e-01,7.519325368938861720e-02,6.209386281588447770e-02,5.087209302325581411e-02,4.989154013015184574e-02,7.892527287993282570e-02,7.186544342507644734e-02,6.986444212721584779e-02,7.172413793103447899e-02,9.876543209876542662e-02,8.432488360062079247e-02,5.555555555555555247e-02,4.924242424242424032e-02,0.000000000000000000e+00,1.872000000000000053e-01,0.000000000000000000e+00,2.116040955631399434e-01,7.921635434412266363e-02,9.943181818181817677e-02,8.603573792190602476e-02,9.429280397022332671e-02,6.500691562932227330e-02,7.009345794392522755e-02,7.836198179979778078e-02,4.092071611253197266e-02,1.797331109257714887e-01,6.858846918489065747e-02,8.216292134831461313e-02,5.047318611987381548e-02,1.750911933298593126e-01,1.241830065359477153e-01,1.708333333333333370e-01,9.409751924721984628e-02,1.050347222222222238e-01,9.264620729588882164e-02,1.826086956521739135e-01,0.000000000000000000e+00,7.874015748031495954e-02,0.000000000000000000e+00,7.542262678803640652e-02,8.390865639936272158e-02,1.010309278350515483e-01,6.561679790026246628e-02,8.193548387096774577e-02,8.709677419354838745e-02,1.024033437826541298e-01,7.025761124121779333e-02,1.729845168179391379e-01,8.130081300813007950e-02,6.291390728476821403e-02,1.756756756756756854e-01,0.000000000000000000e+00,1.590909090909090884e-01,0.000000000000000000e+00,0.000000000000000000e+00,1.013584117032392956e-01,9.182464454976303758e-02,2.251486830926083260e-01,9.387755102040816479e-02,1.339712918660287133e-01,1.056149732620320914e-01,1.101321585903083655e-01,8.396226415094339146e-02,9.550561797752808724e-02,6.392694063926940284e-02,9.569377990430621983e-02,1.051080550098231758e-01,7.815631262525049583e-02,1.072847682119205254e-01,1.973684210526315819e-01,5.952380952380952051e-02,0.000000000000000000e+00,8.542713567839195499e-02,0.000000000000000000e+00,1.560693641618497163e-01,3.927492447129909275e-02,7.347167694896242218e-02,0.000000000000000000e+00,0.000000000000000000e+00,1.446808510638297740e-01,2.095914742451154555e-01,1.040372670807453437e-01,5.767940979208584923e-02,6.971677559912854705e-02,8.074534161490683204e-02,8.646864686468647143e-02,8.695652173913043237e-02,2.236842105263157909e-01,8.651226158038147207e-02,5.208333333333333565e-02,6.148867313915857419e-02,8.799114554510237274e-02,4.336043360433604332e-02,0.000000000000000000e+00,2.231404958677686012e-01,2.171532846715328591e-01,0.000000000000000000e+00,8.016627078384798433e-02,1.600688468158347755e-01,5.923344947735191546e-02,7.738095238095238360e-02,1.489520958083832280e-01,6.389157792836398786e-02,0.000000000000000000e+00,2.374100719424460382e-01,2.182130584192439882e-01,7.563025210084033112e-02,7.763401109057301019e-02,1.700000000000000122e-01,8.196721311475409222e-02,6.730769230769230449e-02,1.282051282051281937e-01,9.939024390243902940e-02,6.985466479137365792e-02,0.000000000000000000e+00,1.867469879518072196e-01,1.018867924528301938e-01,7.169410515135422879e-02,5.723905723905724219e-02,1.094771241830065356e-01,9.128386336866901873e-02,6.418918918918918581e-02,7.022222222222222754e-02,0.000000000000000000e+00,5.194805194805195148e-02,0.000000000000000000e+00,0.000000000000000000e+00,8.187134502923976154e-02,5.882352941176470507e-02,9.338521400778210246e-02,7.098121085594989721e-02,0.000000000000000000e+00,1.091954022988505801e-01,0.000000000000000000e+00,7.621389059618929873e-02,7.512520868113523043e-02,4.071246819338422696e-02,9.011627906976743541e-02,0.000000000000000000e+00,0.000000000000000000e+00,2.217148655504819765e-01,6.177606177606177751e-02,2.061894108873974507e-01,4.129554655870445318e-02,1.022727272727272790e-01,8.251748251748251828e-02,8.807045636509207298e-02,7.122093023255814115e-02,1.692395654659805682e-01,7.480550568521843191e-02,7.443365695792880654e-02,9.593837535014006213e-02,1.515837104072398078e-01,9.681881051175657282e-02,1.926320461606746692e-01,1.294005708848715575e-01,0.000000000000000000e+00,1.044176706827309176e-01,6.407766990291262343e-02,9.753694581280787645e-02,6.652806652806653176e-02,8.805031446540879936e-02,0.000000000000000000e+00,6.554621848739496104e-02,8.541973490427098858e-02,7.422068283028203373e-02,0.000000000000000000e+00,6.308411214953270341e-02,0.000000000000000000e+00,0.000000000000000000e+00,6.611570247933884481e-02,0.000000000000000000e+00,9.686609686609685965e-02,7.826747720364742034e-02,1.042735042735042778e-01,4.444444444444444614e-02,7.752613240418118612e-02,7.410296411856474863e-02,9.784560143626570838e-02,7.850070721357850501e-02,7.341772151898734444e-02,1.175298804780876560e-01,7.890855457227138881e-02,8.550185873605947728e-02,2.272036474164133846e-01,7.186544342507644734e-02,0.000000000000000000e+00,1.291866028708134051e-01,7.446808510638297518e-02,2.117834394904458684e-01,1.891117478510028760e-01,9.621523027815777340e-02,5.670103092783505133e-02,7.305194805194804852e-02,4.430379746835443056e-02,0.000000000000000000e+00,4.285714285714285754e-02,0.000000000000000000e+00,8.505997818974918301e-02,9.420289855072463969e-02,1.626770884220810898e-01,8.622620380739082213e-02,7.917888563049853279e-02,0.000000000000000000e+00,7.368421052631578261e-02,6.004618937644341792e-02,8.000000000000000167e-02,8.780487804878048252e-02,8.212560386473430341e-02,9.913793103448276245e-02,8.441558441558441594e-02,7.940446650124069472e-02,7.343412526997840362e-02,8.724832214765100569e-02,1.018099547511312208e-01,7.382550335570470246e-02,7.398568019093078318e-02,9.276018099547511664e-02,8.352144469525960013e-02,8.933002481389577809e-02,1.090146750524109004e-01,1.014198782961460432e-01,1.266094420600858417e-01,7.425742574257425399e-02,5.986696230598669705e-02,9.546539379474940079e-02
1.384057971014492627e-01,2.918586789554531435e-01,1.082949308755760398e-01,6.101344364012409316e-02,1.107544141252006370e-01,8.288288288288288286e-02,0.000000000000000000e+00,0.000000000000000000e+00,0.000000000000000000e+00,1.042471042471042469e-01,6.690561529271206453e-02,8.067729083665338419e-02,1.190476190476190410e-01,0.000000000000000000e+00,1.499013806706114282e-01,8.737864077669903196e-02,1.038399134667387785e-01,1.134651600753295714e-01,1.718750000000000000e-01,9.433962264150944077e-02,9.883720930232557655e-02,0.000000000000000000e+00,9.523809523809523281e-02,9.346299297676931295e-02,2.051886792452830288e-01,0.000000000000000000e+00,7.835051546391752497e-02,1.587982832618025641e-01,2.796336206896551935e-01,9.924190213645761593e-02,1.515151515151515194e-01,1.174957118353344709e-01,3.401797175866495548e-01,1.000565291124929368e-01,1.180124223602484479e-01,2.165012406947890711e-01,1.134242641780330157e-01,9.407665505226481262e-02,1.276332094175960385e-01,1.171967020023557127e-01,3.314917127071823066e-02,2.181616832779623427e-01,8.314606741573034310e-02,1.131898971000935422e-01,9.955423476968795760e-02,0.000000000000000000e+00,2.219207813347802427e-01,8.139534883720930813e-02,1.051980198019801943e-01,2.689075630252100724e-01,9.007981755986317618e-02,1.314741035856573648e-01,1.021341463414634082e-01,2.567237163814181100e-01,1.891191709844559643e-01,1.011378002528444953e-01,1.412639405204461074e-01,1.163895486935866974e-01,1.173780487804877981e-01,1.322404371584699478e-01,2.107142857142857151e-01,1.079009433962264120e-01,9.580528223718280667e-02,7.277628032345014042e-02,1.478908188585607852e-01,2.885085574572127110e-01,1.758652946679139517e-01,2.871287128712871062e-01,1.677018633540372783e-01,7.956600361663652976e-02,9.312169312169311930e-02,8.517699115044247149e-02,1.272534464475079397e-01,7.284768211920529535e-02,8.935219657483246813e-02,2.374686716791979957e-01,6.477732793522267274e-02,1.038606081311923418e-01,2.279116465863453844e-01,7.715355805243445664e-02,9.287148594377510336e-02,1.012084592145015144e-01,1.220512820512820451e-01,7.821229050279329686e-02,1.178707224334600706e-01,2.529711375212224111e-01,2.364649681528662450e-01,0.000000000000000000e+00,8.469682386910490357e-02,1.025125628140703543e-01,1.075110456553755589e-01,1.357552581261950164e-01,8.432776451869530843e-02,1.098484848484848481e-01,1.039755351681957152e-01,7.606557377049180668e-02,1.131034482758620646e-01,9.125475285171102957e-02,8.982035928143712600e-02,1.057553956834532405e-01,9.992912827781715024e-02,1.012909632571996066e-01,9.350649350649350988e-02,3.168980373384394644e-01,2.578464509898599766e-01,3.187499999999999778e-01,9.473684210526316096e-02,0.000000000000000000e+00,1.351744186046511531e-01,0.000000000000000000e+00,1.123595505617977497e-01,9.639016897081413571e-02,2.735739231664726656e-01,2.817286652078774822e-01,9.513274336283185362e-02,2.286821705426356488e-01,1.047486033519553078e-01,9.420289855072463969e-02,1.350762527233115573e-01,1.201163757273482902e-01,9.486510008703220864e-02,2.717979555021046156e-01,8.285714285714285143e-02,1.189189189189189255e-01,1.038062283737024166e-01,1.317225253312548638e-01,2.111280487804877981e-01,1.289120715350223489e-01,1.118488253319713938e-01,7.862407862407862214e-02,0.000000000000000000e+00,8.599508599508599860e-02,0.000000000000000000e+00,9.419431279620853192e-02,1.092475067996373506e-01,1.276595744680850963e-01,2.417061611374407559e-01,2.401452282157676421e-01,8.479532163742689588e-02,9.730250481695568165e-02,9.493670886075949999e-02,1.058570660934981256e-01,3.207126948775055886e-01,2.466307277628032313e-01,1.422924901185770863e-01,0.000000000000000000e+00,1.308724832214765155e-01,0.000000000000000000e+00,0.000000000000000000e+00,1.221303948576675791e-01,9.332579185520362142e-02,1.521918941273779913e-01,9.395973154362416424e-02,1.134020618556701027e-01,1.221037146009562313e-01,1.383838383838383868e-01,8.386508659981768699e-02,9.788359788359787816e-02,7.480314960629921850e-02,1.021611001964636556e-01,1.005154639175257769e-01,8.160237388724035645e-02,1.179422835633626154e-01,1.250801796023091605e-01,1.018181818181818216e-01,0.000000000000000000e+00,1.186440677966101725e-01,0.000000000000000000e+00,1.072902338376891390e-01,9.794988610478359836e-02,1.053668143771541166e-01,0.000000000000000000e+00,0.000000000000000000e+00,1.404958677685950452e-01,1.311475409836065642e-01,9.770114942528736190e-02,9.770808202653799568e-02,1.069059695669137694e-01,9.803921568627450844e-02,2.631905648665425201e-01,6.829268292682927344e-02,1.024390243902438963e-01,1.120049504950495073e-01,1.448598130841121379e-01,4.968944099378881651e-02,9.776674937965260104e-02,9.734513274336283051e-02,0.000000000000000000e+00,1.212121212121212155e-01,1.060869565217391342e-01,0.000000000000000000e+00,1.084801762114537410e-01,7.777777777777777901e-02,7.142857142857142461e-02,7.067510548523206482e-02,8.095952023988005342e-02,9.402460456942003664e-02,0.000000000000000000e+00,1.746724890829694232e-01,1.178343949044586003e-01,1.120401337792642088e-01,6.563039723661485969e-02,6.866197183098592116e-02,1.258106355382619945e-01,1.016949152542372947e-01,7.092198581560284210e-02,1.104154809334092213e-01,9.695901278096077935e-02,0.000000000000000000e+00,1.069042316258351916e-01,1.127012522361359598e-01,1.101206082852648205e-01,7.023411371237457679e-02,1.225806451612903164e-01,1.066326530612244916e-01,3.170028818443804131e-02,1.119812059514487118e-01,0.000000000000000000e+00,2.192307692307692291e-01,0.000000000000000000e+00,0.000000000000000000e+00,2.663043478260869734e-01,5.898491083676268842e-02,1.197604790419161680e-01,8.064516129032257841e-02,0.000000000000000000e+00,9.340659340659340781e-02,0.000000000000000000e+00,2.448863636363636243e-01,2.419825072886297446e-01,8.631578947368420685e-02,7.901234567901234407e-02,0.000000000000000000e+00,0.000000000000000000e+00,1.268436578171091567e-01,6.576402321083171798e-02,1.177130044843049395e-01,6.010016694490818295e-02,1.310861423220973654e-01,1.051912568306010987e-01,1.723891273247496470e-01,1.042814752013565133e-01,1.312095032397408156e-01,2.725012431626056553e-01,2.142857142857142738e-01,9.424414927261226538e-02,1.123110151187904915e-01,1.865079365079365115e-01,1.185654008438818546e-01,9.779951100244499429e-02,0.000000000000000000e+00,1.161825726141078874e-01,8.522727272727272096e-02,2.685253118121790350e-01,1.037735849056603821e-01,9.315068493150685525e-02,0.000000000000000000e+00,9.965034965034964831e-02,9.370932754880693938e-02,8.251289263947492181e-02,0.000000000000000000e+00,2.269076305220883438e-01,0.000000000000000000e+00,0.000000000000000000e+00,3.928571428571428492e-02,0.000000000000000000e+00,7.487922705314009608e-02,9.720279720279720315e-02,3.298291721419185363e-01,1.381048387096774077e-01,1.031866464339908918e-01,8.784773060029282821e-02,2.341389728096676670e-01,1.113333333333333397e-01,7.866379310344827347e-02,1.130604288499025278e-01,2.601086300543150043e-01,9.863142991977347229e-02,1.142857142857142821e-01,1.128274009402283479e-01,0.000000000000000000e+00,1.990291262135922279e-01,9.117647058823528938e-02,1.054526748971193473e-01,9.784172661870503551e-02,2.760574018126888407e-01,8.387096774193548987e-02,8.184523809523809590e-02,5.389221556886227699e-02,0.000000000000000000e+00,1.081081081081081141e-01,0.000000000000000000e+00,2.542986425339366363e-01,2.627737226277372384e-01,1.145526057030481770e-01,1.148325358851674666e-01,8.887733887733888227e-02,0.000000000000000000e+00,5.747126436781609116e-02,8.057395143487858236e-02,1.246943765281173649e-01,1.282660332541567805e-01,1.044776119402985037e-01,1.151241534988713261e-01,1.096774193548387122e-01,1.168032786885245949e-01,1.097046413502109768e-01,9.551656920077972179e-02,1.102204408817635262e-01,8.565737051792828016e-02,1.035940803382663783e-01,1.117424242424242403e-01,1.640091116173120755e-01,1.250000000000000000e-01,8.963093145869947820e-02,1.129363449691991733e-01,1.188340807174887853e-01,1.036717062634989195e-01,1.283783783783783716e-01,1.342975206611570216e-01
8.093525179856114748e-02,5.329949238578680221e-02,1.885714285714285843e-01,9.319899244332494059e-02,9.677419354838709409e-02,1.552511415525114069e-01,0.000000000000000000e+00,0.000000000000000000e+00,0.000000000000000000e+00,1.666666666666666574e-01,1.467065868263472961e-01,1.286407766990291246e-01,1.011235955056179747e-01,0.000000000000000000e+00,1.049999999999999961e-01,1.447368421052631637e-01,1.162790697674418589e-01,7.389162561576355370e-02,1.196581196581196632e-01,1.267605633802816878e-01,5.464480874316939712e-02,0.000000000000000000e+00,7.125307125307125955e-02,7.205882352941175850e-02,2.424242424242424240e-02,0.000000000000000000e+00,5.291005291005290712e-02,6.451612903225806273e-02,5.475504322766570897e-02,7.023411371237457679e-02,9.090909090909091161e-02,7.789473684210526661e-02,6.250000000000000000e-02,5.346820809248555018e-02,7.480314960629921850e-02,8.828250401284108706e-02,1.632302405498281817e-01,5.721393034825870971e-02,1.337792642140468169e-01,8.310249307479224135e-02,7.777777777777777901e-02,5.322128851540616074e-02,1.428571428571428492e-01,4.987531172069825658e-02,8.955223880597014408e-02,0.000000000000000000e+00,7.191316146540027709e-02,1.199999999999999956e-01,5.133928571428571230e-02,5.376344086021505458e-02,1.527987897125567263e-01,7.079646017699114946e-02,5.426356589147286746e-02,5.357142857142856845e-02,4.487179487179487197e-02,8.273381294964028687e-02,1.509433962264150886e-01,1.250000000000000000e-01,6.324110671936758465e-02,7.084468664850136765e-02,8.181818181818181768e-02,7.832167832167832855e-02,5.563689604685212453e-02,6.626506024096386060e-02,6.234718826405868247e-02,6.756756756756757132e-02,3.816793893129771104e-02,3.030303030303030387e-02,9.259259259259258745e-02,9.130434782608695676e-02,4.184704184704184787e-02,3.987730061349693128e-02,9.771573604060913854e-02,1.607142857142857262e-01,7.722772277227722693e-02,5.063291139240506250e-02,6.666666666666666574e-02,3.992571959145775617e-02,6.132075471698113234e-02,7.370184254606365615e-02,7.445442875481386724e-02,5.508474576271186335e-02,1.068883610451306365e-01,4.255319148936170109e-02,1.009389671361502344e-01,7.547169811320754429e-02,5.543710021321961862e-02,0.000000000000000000e+00,5.684754521963824442e-02,3.676470588235294240e-02,1.188524590163934358e-01,9.813084112149532412e-02,7.985480943738657023e-02,1.307106598984771606e-01,8.064516129032257841e-02,9.105960264900661572e-02,1.029411764705882304e-01,3.345724907063196696e-02,4.761904761904761640e-02,8.867924528301886211e-02,5.366726296958854864e-02,3.523035230352303260e-02,5.576208178438661622e-02,5.432098765432098741e-02,7.971014492753622505e-02,3.703703703703703498e-02,3.361344537815125905e-02,0.000000000000000000e+00,4.382470119521912622e-02,0.000000000000000000e+00,4.424778761061946841e-02,4.741379310344827347e-02,6.158357771260997149e-02,5.635648754914809877e-02,9.117647058823528938e-02,1.257668711656441674e-01,1.170886075949367083e-01,6.088992974238875699e-02,5.163043478260869595e-02,7.444668008048289931e-02,3.432494279176201424e-02,6.793048973143760161e-02,4.347826086956521618e-02,6.755126658624849290e-02,1.226415094339622647e-01,6.990291262135922556e-02,5.168986083499006040e-02,1.610017889087656529e-01,1.407702523240371983e-01,4.819277108433735191e-02,0.000000000000000000e+00,9.022556390977443108e-02,0.000000000000000000e+00,1.515601783060921137e-01,1.539289558665231372e-01,1.483253588516746380e-01,5.714285714285714107e-02,6.099290780141843754e-02,1.140939597315436260e-01,1.397379912663755386e-01,1.182795698924731242e-01,4.850213980028530991e-02,6.122448979591836593e-02,4.363636363636363980e-02,6.024096385542168641e-02,0.000000000000000000e+00,1.428571428571428492e-01,0.000000000000000000e+00,0.000000000000000000e+00,1.814345991561181481e-01,1.269841269841269771e-01,6.029106029106029441e-02,1.166666666666666685e-01,1.760563380281690016e-01,7.921810699588477389e-02,9.900990099009901457e-02,8.759124087591241281e-02,1.288343558282208645e-01,4.301075268817204644e-02,6.459330143540670255e-02,1.597510373443983278e-01,1.230769230769230838e-01,6.115107913669064893e-02,6.346483704974270612e-02,5.999999999999999778e-02,0.000000000000000000e+00,8.496732026143791194e-02,0.000000000000000000e+00,4.059040590405903898e-02,1.016949152542372947e-01,5.165562913907284504e-02,0.000000000000000000e+00,0.000000000000000000e+00,3.636363636363636187e-02,8.796296296296296502e-02,2.046204620462046264e-01,6.841339155749635859e-02,6.358974358974359142e-02,9.909909909909909997e-02,6.626506024096386060e-02,9.756097560975610095e-02,5.617977528089887485e-02,1.664254703328509333e-01,5.555555555555555247e-02,4.964539007092198808e-02,1.432009626955475234e-01,6.250000000000000000e-02,0.000000000000000000e+00,7.058823529411764608e-02,5.128205128205128027e-02,0.000000000000000000e+00,6.259097525473071577e-02,5.128205128205128027e-02,5.042016806722689204e-02,3.438395415472779437e-02,5.759162303664921295e-02,2.660753880266075386e-02,0.000000000000000000e+00,4.983388704318936907e-02,1.030042918454935619e-01,5.921052631578947040e-02,7.083333333333333148e-02,1.202531645569620278e-01,7.491856677524430519e-02,1.057692307692307682e-01,1.057692307692307682e-01,1.138686131386861256e-01,4.829210836277974400e-02,0.000000000000000000e+00,7.361963190184049599e-02,1.271929824561403577e-01,6.896551724137930939e-02,7.643312101910827716e-02,8.870967741935484319e-02,1.477124183006535973e-01,8.823529411764706454e-02,3.773584905660377214e-02,0.000000000000000000e+00,1.694915254237288130e-02,0.000000000000000000e+00,0.000000000000000000e+00,5.970149253731343170e-02,1.172161172161172160e-01,8.035714285714286309e-02,6.785137318255250738e-02,0.000000000000000000e+00,1.645569620253164445e-01,0.000000000000000000e+00,3.937007874015747977e-02,4.615384615384615641e-02,3.867403314917126911e-02,5.594405594405594401e-02,0.000000000000000000e+00,0.000000000000000000e+00,7.134637514384349621e-02,6.938775510204081565e-02,6.710158434296364938e-02,5.567451820128479362e-02,7.515657620041753251e-02,4.421768707482993249e-02,6.818181818181817677e-02,6.755260243632336958e-02,7.682291666666667129e-02,5.590062111801242378e-02,6.923076923076923461e-02,1.228956228956228913e-01,7.103825136612021418e-02,8.802816901408450079e-02,4.989604989604989882e-02,3.809523809523809867e-02,0.000000000000000000e+00,1.308411214953270896e-01,6.403940886699507895e-02,7.515657620041753251e-02,6.500000000000000222e-02,5.714285714285714107e-02,0.000000000000000000e+00,6.866952789699570792e-02,1.505832449628844161e-01,7.110609480812640770e-02,0.000000000000000000e+00,6.077348066298342288e-02,0.000000000000000000e+00,0.000000000000000000e+00,3.571428571428571230e-02,0.000000000000000000e+00,7.228915662650602092e-02,4.313725490196078372e-02,4.794520547945205213e-02,4.787234042553191460e-02,2.729044834307992051e-02,6.542056074766354479e-02,5.502846299810246894e-02,5.852842809364548760e-02,9.615384615384615918e-02,1.255605381165919299e-01,8.588957055214724301e-02,1.445929526123936881e-01,6.692160611854684749e-02,5.698529411764705760e-02,0.000000000000000000e+00,5.555555555555555247e-02,1.610169491525423602e-01,7.894736842105262720e-02,9.124087591240875872e-02,6.104651162790697416e-02,3.984063745019920250e-02,6.741573033707864981e-02,5.479452054794520244e-02,0.000000000000000000e+00,0.000000000000000000e+00,0.000000000000000000e+00,6.500000000000000222e-02,3.191489361702127409e-02,6.966292134831460203e-02,8.045977011494252762e-02,6.391478029294274388e-02,0.000000000000000000e+00,9.740259740259740728e-02,6.034482758620689918e-02,8.974358974358974395e-02,5.263157894736841813e-02,8.387096774193548987e-02,7.486631016042780140e-02,5.202312138728323876e-02,3.529411764705882304e-02,6.866952789699570792e-02,8.421052631578947179e-02,5.235602094240837667e-02,7.692307692307692735e-02,6.951871657754010725e-02,4.232804232804232569e-02,5.747126436781609116e-02,9.316770186335403270e-02,3.365384615384615224e-02,6.329113924050633333e-02,5.202312138728323876e-02,8.074534161490683204e-02,6.122448979591836593e-02,5.464480874316939712e-02
1.479713603818615664e-01,1.091269841269841279e-01,1.833333333333333204e-01,6.644518272425249394e-01,3.382352941176470784e-01,4.759036144578313032e-01,0.000000000000000000e+00,0.000000000000000000e+00,0.000000000000000000e+00,2.631578947368420907e-01,1.860465116279069742e-01,2.575250836120401288e-01,3.090909090909090828e-01,0.000000000000000000e+00,1.764705882352941291e-01,2.616822429906541791e-01,2.690763052208835493e-01,2.767710049423393603e-01,2.133333333333333470e-01,4.107142857142856984e-01,3.499999999999999778e-01,0.000000000000000000e+00,3.140096618357487990e-01,3.768115942028985588e-01,5.454545454545454281e-02,0.000000000000000000e+00,1.615384615384615474e-01,1.440677966101694962e-01,9.233791748526522236e-02,1.400491400491400418e-01,1.372549019607843257e-01,2.396449704142011861e-01,1.265822784810126667e-01,1.306122448979591955e-01,2.322357019064124894e-01,1.203703703703703637e-01,2.358722358722358803e-01,1.216216216216216284e-01,2.999999999999999889e-01,1.209677419354838745e-01,3.692307692307692513e-01,1.502145922746781215e-01,4.032258064516128782e-01,9.515859766277127985e-02,1.063829787234042562e-01,0.000000000000000000e+00,1.161524500907440971e-01,3.181818181818181768e-01,1.272455089820359320e-01,9.302325581395348708e-02,2.475961538461538547e-01,1.617647058823529493e-01,1.373626373626373742e-01,8.547008547008547175e-02,1.473684210526315652e-01,3.268292682926829396e-01,2.739726027397260122e-01,2.526315789473684292e-01,2.658227848101265556e-01,1.086142322097378293e-01,1.587301587301587213e-01,2.685714285714285721e-01,3.128390596745027064e-01,3.238095238095238249e-01,1.368613138686131381e-01,1.354166666666666574e-01,1.140350877192982393e-01,9.047619047619047394e-02,2.575757575757575690e-01,9.395973154362416424e-02,1.142857142857142821e-01,1.153846153846153910e-01,1.537037037037037035e-01,2.597014925373134497e-01,3.066298342541436406e-01,9.471365638766519879e-02,1.090909090909090856e-01,1.265664160401002436e-01,1.059907834101382479e-01,1.154929577464788720e-01,3.133561643835616195e-01,2.360515021459227425e-01,2.076124567474048332e-01,1.666666666666666574e-01,2.974910394265232738e-01,7.377049180327868716e-02,1.337579617834394885e-01,0.000000000000000000e+00,2.430769230769230793e-01,1.280000000000000027e-01,2.857142857142856984e-01,1.901840490797546135e-01,2.886075949367088445e-01,2.094861660079051502e-01,3.209876543209876365e-01,3.982494529540481221e-01,2.887931034482758563e-01,1.456310679611650394e-01,1.519999999999999962e-01,2.324324324324324453e-01,1.250000000000000000e-01,7.037037037037037479e-02,2.307692307692307820e-01,9.760956175298804438e-02,1.148514851485148563e-01,1.272727272727272596e-01,7.594936708860759722e-02,0.000000000000000000e+00,1.270718232044198981e-01,0.000000000000000000e+00,1.279069767441860517e-01,1.633466135458167268e-01,1.055555555555555552e-01,1.119047619047619097e-01,3.106382978723404298e-01,1.244444444444444409e-01,3.173076923076922906e-01,1.561969439728353171e-01,1.706349206349206393e-01,1.339031339031339085e-01,2.798833819241982601e-01,1.098398169336384372e-01,1.666666666666666574e-01,1.343012704174228744e-01,2.686567164179104461e-01,1.114130434782608647e-01,1.347962382445141161e-01,2.121212121212121271e-01,2.442105263157894612e-01,1.068702290076335853e-01,0.000000000000000000e+00,1.775700934579439172e-01,0.000000000000000000e+00,2.545045045045045140e-01,2.179878048780487798e-01,2.244897959183673464e-01,1.343283582089552231e-01,1.588983050847457557e-01,3.493975903614457978e-01,2.218430034129692807e-01,2.180451127819548751e-01,1.313320825515947587e-01,1.100917431192660612e-01,1.098265895953757232e-01,1.489361702127659504e-01,0.000000000000000000e+00,2.253521126760563431e-01,0.000000000000000000e+00,0.000000000000000000e+00,2.124183006535947660e-01,2.262156448202959913e-01,1.139240506329113889e-01,2.025316455696202500e-01,2.608695652173912971e-01,2.417417417417417336e-01,2.225806451612903358e-01,3.477088948787062095e-01,2.457627118644067910e-01,1.911764705882352811e-01,2.078431372549019718e-01,1.943573667711598618e-01,2.721893491124260378e-01,2.707423580786026407e-01,1.473922902494330944e-01,3.597560975609755962e-01,0.000000000000000000e+00,2.127659574468085124e-01,0.000000000000000000e+00,1.510416666666666574e-01,2.929292929292929282e-01,1.493848857644991257e-01,0.000000000000000000e+00,0.000000000000000000e+00,5.263157894736841813e-02,1.413043478260869457e-01,3.157894736842105088e-01,1.302428256070640167e-01,2.818181818181818010e-01,2.674418604651162545e-01,9.397590361445783136e-02,3.684210526315789269e-01,1.641791044776119424e-01,2.511312217194570096e-01,1.777777777777777846e-01,2.524271844660194164e-01,2.731958762886597669e-01,1.452991452991453103e-01,0.000000000000000000e+00,2.264150943396226467e-01,9.219858156028368223e-02,0.000000000000000000e+00,1.198347107438016562e-01,1.198830409356725080e-01,1.012658227848101250e-01,2.338983050847457668e-01,2.113095238095238082e-01,1.471571906354515180e-01,0.000000000000000000e+00,1.395348837209302306e-01,1.292517006802721136e-01,1.796610169491525411e-01,1.333333333333333315e-01,1.379310344827586188e-01,2.016806722689075682e-01,3.653846153846153633e-01,2.500000000000000000e-01,2.103174603174603197e-01,1.156583629893238457e-01,0.000000000000000000e+00,1.681034482758620718e-01,2.602739726027397116e-01,1.392405063291139167e-01,9.183673469387755584e-02,2.745098039215686514e-01,2.277397260273972546e-01,4.752475247524752255e-01,2.783783783783783661e-01,0.000000000000000000e+00,5.660377358490566169e-02,0.000000000000000000e+00,0.000000000000000000e+00,8.000000000000000167e-02,1.989528795811518203e-01,1.739130434782608647e-01,3.701149425287356132e-01,0.000000000000000000e+00,2.666666666666666630e-01,0.000000000000000000e+00,1.165254237288135541e-01,1.208791208791208799e-01,3.484848484848485084e-01,2.242990654205607448e-01,0.000000000000000000e+00,0.000000000000000000e+00,1.411359724612736566e-01,4.620689655172413590e-01,1.304964539007092139e-01,1.603498542274052474e-01,3.073248407643311975e-01,3.030303030303030387e-01,1.374045801526717625e-01,3.006329113924050556e-01,1.595330739299610778e-01,7.072691552062868037e-02,8.333333333333332871e-02,2.893518518518518601e-01,1.627906976744186163e-01,1.558441558441558406e-01,1.337386018237081975e-01,2.140921409214092130e-01,0.000000000000000000e+00,2.948717948717948789e-01,3.202247191011236005e-01,8.771929824561403022e-02,4.022988505747126520e-01,2.839506172839506015e-01,0.000000000000000000e+00,2.742857142857142994e-01,2.249134948096885855e-01,1.615508885298869157e-01,0.000000000000000000e+00,1.388888888888888951e-01,0.000000000000000000e+00,0.000000000000000000e+00,5.000000000000000000e-01,0.000000000000000000e+00,1.724137931034482873e-01,9.047619047619047394e-02,7.608695652173913526e-02,1.357142857142857040e-01,1.082474226804123751e-01,2.441314553990610314e-01,1.155913978494623601e-01,2.709677419354838968e-01,2.099644128113878905e-01,2.281879194630872520e-01,1.037037037037037007e-01,3.291814946619217030e-01,1.384180790960451990e-01,2.857142857142856984e-01,0.000000000000000000e+00,1.632653061224489666e-01,2.346938775510204189e-01,1.122244488977955923e-01,1.720430107526881858e-01,1.215629522431259102e-01,1.194029850746268634e-01,1.082802547770700674e-01,1.463414634146341375e-01,0.000000000000000000e+00,7.142857142857142461e-02,0.000000000000000000e+00,7.473309608540924798e-02,1.029411764705882304e-01,1.317829457364341206e-01,2.586206896551724310e-01,1.779497098646034836e-01,0.000000000000000000e+00,4.062500000000000000e-01,2.727272727272727071e-01,1.724137931034482873e-01,1.869918699186991773e-01,1.221374045801526670e-01,2.366412213740458070e-01,1.769230769230769329e-01,1.692307692307692402e-01,1.901840490797546135e-01,2.052980132450331063e-01,1.337209302325581273e-01,1.744966442953020114e-01,1.796875000000000000e-01,2.248062015503876077e-01,2.056074766355140138e-01,1.439999999999999891e-01,1.538461538461538547e-01,1.206896551724137984e-01,1.984126984126984017e-01,1.495327102803738206e-01,1.496062992125984370e-01,1.233766233766233761e-01
9.947643979057591013e-02,9.208400646203554474e-02,6.578947368421052266e-02,1.642228739002932481e-01,2.432432432432432567e-01,1.340782122905027907e-01,0.000000000000000000e+00,0.000000000000000000e+00,0.000000000000000000e+00,9.210526315789473173e-02,7.017543859649122417e-02,1.092715231788079500e-01,6.944444444444444753e-02,0.000000000000000000e+00,1.118421052631578955e-01,1.240310077519379828e-01,9.650582362728785113e-02,2.124645892351274823e-01,5.607476635514018620e-02,1.311475409836065642e-01,1.071428571428571369e-01,0.000000000000000000e+00,2.202462380300957701e-01,2.126348228043143385e-01,9.411764705882352811e-02,0.000000000000000000e+00,1.570247933884297564e-01,5.369127516778523374e-02,9.430894308943089943e-02,9.297052154195011020e-02,7.407407407407406996e-02,1.894977168949771584e-01,6.550218340611353718e-02,1.024208566108007479e-01,1.939218523878437073e-01,9.073359073359073268e-02,9.322033898305084887e-02,9.523809523809523281e-02,1.333333333333333315e-01,7.827788649706457491e-02,1.139240506329113889e-01,7.017543859649122417e-02,1.212121212121212155e-01,9.601181683899556729e-02,1.358490566037735825e-01,0.000000000000000000e+00,7.342657342657342434e-02,1.000000000000000056e-01,8.925869894099848489e-02,7.692307692307692735e-02,7.462686567164178442e-02,9.345794392523364136e-02,1.237113402061855716e-01,1.273885350318471332e-01,9.345794392523364136e-02,2.156862745098039325e-01,1.071428571428571369e-01,9.433962264150944077e-02,1.422018348623853290e-01,7.920792079207920888e-02,1.553398058252427050e-01,2.113676731793960872e-01,1.987577639751552661e-01,1.138211382113821085e-01,7.234726688102893766e-02,1.320754716981132060e-01,1.084745762711864375e-01,1.081081081081081141e-01,1.388888888888888951e-01,1.126760563380281716e-01,8.293460925039872200e-02,1.207430340557275605e-01,9.586776859504132775e-02,7.073954983922829676e-02,2.134146341463414587e-01,8.914728682170543206e-02,1.186440677966101725e-01,1.131078224101479957e-01,1.656441717791410917e-01,3.595505617977528406e-02,1.925373134328358105e-01,2.314049586776859568e-01,1.129032258064516098e-01,6.756756756756757132e-02,1.399416909620991301e-01,4.316546762589928282e-02,9.006928406466513382e-02,0.000000000000000000e+00,7.142857142857142461e-02,9.240924092409240342e-02,1.060606060606060635e-01,7.947019867549669214e-02,1.931034482758620663e-01,7.504078303425774921e-02,3.921568627450980338e-02,1.572580645161290314e-01,1.802656546489563583e-01,7.762557077625570345e-02,1.031746031746031689e-01,2.115384615384615363e-01,9.791666666666666574e-02,9.278350515463917869e-02,9.756097560975610095e-02,6.644518272425249672e-02,7.441860465116278966e-02,9.259259259259258745e-02,1.368421052631579038e-01,0.000000000000000000e+00,1.044176706827309176e-01,0.000000000000000000e+00,7.368421052631578261e-02,1.129032258064516098e-01,1.260162601626016177e-01,1.113138686131386890e-01,8.303249097472924223e-02,5.286343612334801906e-02,7.860262008733624739e-02,9.924812030075187697e-02,1.339869281045751592e-01,9.234507897934386700e-02,1.949152542372881436e-01,6.766917293233082331e-02,7.142857142857142461e-02,8.422664624808576250e-02,2.211538461538461453e-01,7.106598984771574090e-02,1.145584725536992893e-01,6.546275395033859801e-02,8.214849921011058154e-02,1.056338028169014065e-01,0.000000000000000000e+00,1.519999999999999962e-01,0.000000000000000000e+00,8.955223880597014408e-02,9.530583214793740543e-02,1.197183098591549227e-01,9.285714285714286031e-02,1.129848229342327176e-01,7.627118644067797104e-02,8.278145695364239054e-02,1.085271317829457349e-01,8.611599297012302590e-02,8.870967741935484319e-02,9.174311926605505096e-02,1.230769230769230838e-01,0.000000000000000000e+00,1.052631578947368363e-01,0.000000000000000000e+00,0.000000000000000000e+00,8.923884514435695414e-02,7.467532467532467244e-02,5.376344086021505458e-02,2.222222222222222099e-01,8.920187793427229728e-02,1.131840796019900480e-01,1.207430340557275605e-01,1.778975741239892105e-01,1.328125000000000000e-01,3.030303030303030387e-01,7.092198581560284210e-02,9.915014164305949174e-02,1.004566210045662045e-01,1.218637992831541200e-01,7.142857142857142461e-02,1.968911917098445652e-01,0.000000000000000000e+00,1.258278145695364281e-01,0.000000000000000000e+00,9.913793103448276245e-02,1.839999999999999969e-01,1.029411764705882304e-01,0.000000000000000000e+00,0.000000000000000000e+00,8.999999999999999667e-02,8.695652173913043237e-02,9.205020920502092474e-02,1.102514506769825958e-01,2.154882154882154788e-01,1.938775510204081565e-01,8.190476190476191076e-02,2.714285714285714080e-01,7.246376811594203160e-02,8.739837398373984101e-02,4.477611940298507204e-02,1.565217391304347949e-01,9.026798307475317196e-02,1.282051282051281937e-01,0.000000000000000000e+00,1.875000000000000000e-01,1.117647058823529466e-01,0.000000000000000000e+00,1.029668411867364769e-01,8.857142857142856485e-02,1.700000000000000122e-01,1.794117647058823539e-01,1.615720524017467130e-01,1.064425770308123215e-01,0.000000000000000000e+00,5.963302752293578313e-02,6.930693069306931298e-02,1.028571428571428553e-01,1.059602649006622516e-01,5.379746835443038194e-02,1.615120274914089438e-01,4.761904761904761640e-02,1.052631578947368363e-01,1.052631578947368363e-01,8.828006088280060393e-02,0.000000000000000000e+00,1.056338028169014065e-01,1.655172413793103425e-01,9.737248840803709726e-02,1.092436974789915971e-01,1.201923076923076955e-01,1.275862068965517293e-01,2.166666666666666741e-01,1.687242798353909556e-01,0.000000000000000000e+00,4.411764705882353227e-02,0.000000000000000000e+00,0.000000000000000000e+00,2.857142857142857054e-02,4.888888888888889145e-02,1.280000000000000027e-01,1.911196911196911263e-01,0.000000000000000000e+00,6.097560975609755962e-02,0.000000000000000000e+00,8.666666666666666963e-02,9.326424870466321071e-02,1.520467836257309857e-01,1.475409836065573743e-01,0.000000000000000000e+00,0.000000000000000000e+00,6.362153344208809624e-02,2.292682926829268386e-01,7.891770011273957497e-02,1.670761670761670703e-01,1.183294663573085798e-01,2.572463768115941796e-01,8.793456032719836057e-02,2.036082474226804107e-01,9.710391822827939279e-02,7.727975270479134351e-02,7.199999999999999456e-02,8.847736625514403264e-02,1.071428571428571369e-01,8.745247148288973205e-02,9.137055837563451410e-02,1.634877384196185279e-01,0.000000000000000000e+00,9.183673469387755584e-02,2.741935483870967527e-01,9.207161125319693329e-02,1.909090909090909172e-01,1.636363636363636354e-01,0.000000000000000000e+00,1.545893719806763211e-01,9.465020576131687180e-02,1.060606060606060635e-01,0.000000000000000000e+00,1.133333333333333276e-01,0.000000000000000000e+00,0.000000000000000000e+00,2.195121951219512202e-01,0.000000000000000000e+00,5.925925925925926152e-02,1.004273504273504314e-01,1.060606060606060635e-01,8.940397350993377346e-02,1.190476190476190410e-01,2.062780269058296090e-01,7.766990291262135249e-02,1.887159533073929918e-01,7.291666666666667129e-02,1.655172413793103425e-01,8.582834331337325928e-02,1.015384615384615358e-01,9.852216748768473364e-02,1.730038022813688292e-01,0.000000000000000000e+00,1.587301587301587213e-02,1.188118811881188064e-01,9.682804674457429206e-02,6.956521739130434867e-02,8.661417322834645549e-02,1.105990783410138317e-01,1.524663677130044803e-01,8.823529411764706454e-02,0.000000000000000000e+00,1.320754716981132060e-01,0.000000000000000000e+00,8.150470219435736186e-02,4.347826086956521618e-02,8.192090395480225440e-02,1.774691358024691468e-01,1.011804384485666120e-01,0.000000000000000000e+00,1.826086956521739135e-01,1.371237458193979852e-01,9.655172413793103314e-02,1.092436974789915971e-01,9.154929577464789026e-02,8.749999999999999445e-02,1.017964071856287400e-01,8.552631578947368640e-02,3.030303030303030387e-02,8.888888888888889228e-02,1.629213483146067509e-01,1.052631578947368363e-01,1.055900621118012472e-01,7.329842931937172179e-02,1.250000000000000000e-01,9.868421052631579093e-02,8.823529411764706454e-02,1.346153846153846090e-01,1.018518518518518462e-01,1.428571428571428492e-01,1.104294478527607370e-01,1.058823529411764691e-01
7.476635514018691031e-02,5.943152454780361443e-02,1.325301204819277212e-01,2.780487804878049030e-01,1.523809523809523947e-01,3.863636363636363535e-01,0.000000000000000000e+00,0.000000000000000000e+00,0.000000000000000000e+00,2.941176470588235392e-01,1.529411764705882470e-01,1.269035532994923776e-01,1.836734693877551117e-01,0.000000000000000000e+00,1.170212765957446832e-01,1.975308641975308532e-01,1.591591591591591526e-01,1.311953352769679171e-01,1.000000000000000056e-01,9.090909090909091161e-02,1.414141414141414088e-01,0.000000000000000000e+00,9.771986970684039264e-02,2.108626198083067005e-01,2.352941176470588203e-02,0.000000000000000000e+00,9.375000000000000000e-02,9.708737864077669755e-02,4.207119741100323607e-02,5.166051660516605276e-02,0.000000000000000000e+00,8.955223880597014408e-02,5.479452054794520244e-02,5.035971223021582649e-02,9.063444108761328777e-02,6.690140845070421949e-02,1.782608695652173891e-01,8.040201005025125747e-02,1.417910447761193959e-01,6.060606060606060774e-02,6.060606060606060774e-02,7.692307692307692735e-02,2.564102564102563875e-01,3.733333333333333642e-02,5.633802816901408578e-02,0.000000000000000000e+00,4.242424242424242681e-02,1.190476190476190410e-01,4.784688995215310992e-02,6.122448979591836593e-02,1.642228739002932481e-01,1.964285714285714246e-01,7.894736842105262720e-02,7.142857142857142461e-02,2.898550724637681195e-02,1.353383458646616466e-01,2.777777777777777624e-02,7.228915662650602092e-02,1.909090909090909172e-01,6.206896551724137845e-02,1.458333333333333426e-01,7.665505226480835710e-02,1.498371335504886104e-01,1.578947368421052544e-01,4.491017964071856300e-02,1.111111111111111049e-01,2.515723270440251708e-02,5.555555555555555247e-02,1.145833333333333287e-01,8.823529411764706454e-02,5.396825396825397081e-02,6.711409395973154390e-02,6.738544474393530492e-02,1.359223300970873738e-01,1.077586206896551657e-01,4.263565891472868158e-02,1.153846153846153910e-01,3.174603174603174427e-02,2.531645569620253125e-02,8.333333333333332871e-02,1.446540880503144610e-01,1.132075471698113234e-01,1.265060240963855331e-01,1.235955056179775247e-01,1.949685534591195091e-01,9.459459459459459985e-02,6.511627906976744096e-02,0.000000000000000000e+00,8.823529411764706454e-02,3.902439024390243899e-02,1.147540983606557402e-01,1.153846153846153910e-01,7.174887892376681509e-02,2.169312169312169192e-01,1.851851851851851749e-01,1.791044776119402882e-01,1.642857142857142849e-01,7.258064516129032751e-02,3.296703296703296787e-02,1.003717472118959148e-01,4.247104247104246944e-02,5.031446540880503415e-02,9.166666666666666019e-02,5.722891566265059932e-02,8.179419525065963203e-02,3.703703703703703498e-02,0.000000000000000000e+00,0.000000000000000000e+00,6.896551724137930939e-02,0.000000000000000000e+00,9.375000000000000000e-02,4.602510460251046237e-02,6.666666666666666574e-02,6.228373702422144997e-02,1.890243902439024404e-01,1.645569620253164445e-01,1.977401129943502922e-01,7.458563535911602593e-02,7.547169811320754429e-02,5.251641137855579677e-02,1.382978723404255372e-01,8.438818565400843519e-02,1.093750000000000000e-01,9.169054441260744703e-02,9.230769230769231282e-02,4.832713754646840443e-02,5.306122448979591621e-02,1.370370370370370405e-01,1.460674157303370746e-01,5.333333333333333676e-02,0.000000000000000000e+00,1.232876712328767055e-01,0.000000000000000000e+00,1.042253521126760563e-01,1.351351351351351426e-01,2.240000000000000047e-01,6.756756756756757132e-02,6.862745098039216285e-02,2.195121951219512202e-01,1.284403669724770714e-01,1.578947368421052544e-01,4.373177842565597467e-02,9.333333333333333759e-02,8.620689655172414367e-02,1.428571428571428492e-01,0.000000000000000000e+00,3.846153846153846367e-02,0.000000000000000000e+00,0.000000000000000000e+00,1.666666666666666574e-01,1.637426900584795231e-01,5.000000000000000278e-02,2.250000000000000056e-01,1.391304347826086973e-01,1.052631578947368363e-01,1.573033707865168496e-01,1.409090909090909005e-01,1.463414634146341375e-01,1.891891891891891997e-01,1.320754716981132060e-01,1.516393442622950838e-01,2.348484848484848619e-01,1.082802547770700674e-01,4.494382022471909988e-02,1.452991452991453103e-01,0.000000000000000000e+00,1.296296296296296224e-01,0.000000000000000000e+00,1.343283582089552231e-01,9.836065573770491621e-02,7.303370786516853730e-02,0.000000000000000000e+00,0.000000000000000000e+00,0.000000000000000000e+00,6.923076923076923461e-02,1.230769230769230838e-01,6.574394463667819488e-02,8.775981524249422405e-02,7.547169811320754429e-02,5.517241379310344751e-02,2.058823529411764608e-01,9.259259259259258745e-02,1.651917404129793487e-01,1.142857142857142821e-01,2.000000000000000111e-01,1.568123393316195324e-01,6.896551724137930939e-02,0.000000000000000000e+00,1.290322580645161255e-01,7.692307692307692735e-02,0.000000000000000000e+00,3.508771929824561209e-02,5.504587155963303058e-02,1.515151515151515194e-02,1.472081218274111647e-01,8.677685950413223381e-02,5.445544554455445524e-02,0.000000000000000000e+00,1.388888888888888812e-02,1.018518518518518462e-01,5.759162303664921295e-02,8.771929824561403022e-02,1.022222222222222282e-01,9.868421052631579093e-02,2.264150943396226467e-01,1.346153846153846090e-01,1.337047353760445756e-01,4.846938775510203912e-02,0.000000000000000000e+00,3.267973856209150513e-02,1.752577319587628746e-01,6.511627906976744096e-02,5.454545454545454281e-02,1.346153846153846090e-01,1.481481481481481399e-01,3.200000000000000067e-01,1.227272727272727265e-01,0.000000000000000000e+00,7.692307692307692735e-02,0.000000000000000000e+00,0.000000000000000000e+00,3.030303030303030387e-02,1.125827814569536484e-01,1.034482758620689641e-01,2.213438735177865602e-01,0.000000000000000000e+00,1.235955056179775247e-01,0.000000000000000000e+00,4.810996563573883417e-02,6.086956521739130682e-02,1.447368421052631637e-01,1.594202898550724501e-01,0.000000000000000000e+00,0.000000000000000000e+00,7.272727272727272374e-02,2.659574468085106336e-01,6.165703275529865052e-02,7.272727272727272374e-02,1.707317073170731836e-01,1.417322834645669272e-01,8.304498269896193330e-02,1.363636363636363535e-01,8.806818181818182323e-02,2.922077922077922010e-02,7.142857142857142461e-02,1.625000000000000056e-01,8.219178082191780366e-02,7.843137254901960675e-02,6.352941176470587592e-02,8.097165991902834092e-02,0.000000000000000000e+00,1.627906976744186163e-01,1.111111111111111049e-01,4.285714285714285754e-02,1.809523809523809479e-01,1.228070175438596423e-01,0.000000000000000000e+00,9.900990099009901457e-02,1.784897025171624796e-01,4.950495049504950729e-02,0.000000000000000000e+00,2.898550724637681195e-02,0.000000000000000000e+00,0.000000000000000000e+00,2.727272727272727071e-01,0.000000000000000000e+00,9.090909090909091161e-02,2.962962962962963076e-02,5.035971223021582649e-02,6.338028169014084390e-02,4.365079365079364837e-02,1.162790697674418589e-01,4.054054054054054279e-02,1.111111111111111049e-01,1.075268817204301092e-01,1.555555555555555580e-01,9.060402684563757802e-02,1.755725190839694527e-01,6.756756756756757132e-02,8.730158730158729674e-02,0.000000000000000000e+00,2.380952380952380820e-02,1.818181818181818232e-01,4.664723032069970771e-02,6.956521739130434867e-02,4.474272930648769825e-02,5.343511450381679267e-02,4.800000000000000100e-02,3.448275862068965469e-02,0.000000000000000000e+00,9.677419354838709409e-02,0.000000000000000000e+00,4.545454545454545581e-02,8.695652173913043237e-02,8.706467661691542903e-02,1.141304347826086890e-01,4.812834224598930288e-02,0.000000000000000000e+00,1.428571428571428492e-01,7.103825136612021418e-02,6.666666666666666574e-02,9.333333333333333759e-02,5.555555555555555247e-02,6.060606060606060774e-02,1.145833333333333287e-01,4.807692307692307959e-02,4.597701149425287293e-02,9.734513274336283051e-02,1.037735849056603821e-01,7.865168539325842478e-02,6.329113924050633333e-02,9.473684210526316096e-02,1.100917431192660612e-01,1.038961038961039030e-01,8.928571428571428770e-02,6.382978723404254817e-02,1.041666666666666713e-01,1.157894736842105254e-01,1.000000000000000056e-01,8.602150537634409289e-02
0.000000000000000000e+00,0.000000000000000000e+00,0.000000000000000000e+00,0.000000000000000000e+00,0.000000000000000000e+00,0.000000000000000000e+00,0.000000000000000000e+00,0.000000000000000000e+00,0.000000000000000000e+00,0.000000000000000000e+00,0.000000000000000000e+00,0.000000000000000000e+00,0.000000000000000000e+00,0.000000000000000000e+00,0.000000000000000000e+00,0.000000000000000000e+00,0.000000000000000000e+00,0.000000000000000000e+00,0.000000000000000000e+00,0.000000000000000000e+00,0.000000000000000000e+00,0.000000000000000000e+00,0.000000000000000000e+00,0.000000000000000000e+00,0.000000000000000000e+00,0.000000000000000000e+00,0.000000000000000000e+00,0.000000000000000000e+00,0.000000000000000000e+00,0.000000000000000000e+00,0.000000000000000000e+00,0.000000000000000000e+00,0.000000000000000000e+00,0.000000000000000000e+00,0.000000000000000000e+00,0.000000000000000000e+00,0.000000000000000000e+00,0.000000000000000000e+00,0.000000000000000000e+00,0.000000000000000000e+00,0.000000000000000000e+00,0.000000000000000000e+00,0.000000000000000000e+00,0.000000000000000000e+00,0.000000000000000000e+00,0.000000000000000000e+00,0.000000000000000000e+00,0.000000000000000000e+00,0.000000000000000000e+00,0.000000000000000000e+00,0.000000000000000000e+00,0.000000000000000000e+00,0.000000000000000000e+00,0.000000000000000000e+00,0.000000000000000000e+00,0.000000000000000000e+00,0.000000000000000000e+00,0.000000000000000000e+00,0.000000000000000000e+00,0.000000000000000000e+00,0.000000000000000000e+00,0.000000000000000000e+00,0.000000000000000000e+00,0.000000000000000000e+00,0.000000000000000000e+00,0.000000000000000000e+00,0.000000000000000000e+00,0.000000000000000000e+00,0.000000000000000000e+00,0.000000000000000000e+00,0.000000000000000000e+00,0.000000000000000000e+00,0.000000000000000000e+00,0.000000000000000000e+00,0.000000000000000000e+00,0.000000000000000000e+00,0.000000000000000000e+00,0.000000000000000000e+00,0.000000000000000000e+00,0.000000000000000000e+00,0.000000000000000000e+00,0.000000000000000000e+00,0.000000000000000000e+00,0.000000000000000000e+00,0.000000000000000000e+00,0.000000000000000000e+00,0.000000000000000000e+00,0.000000000000000000e+00,0.000000000000000000e+00,0.000000000000000000e+00,0.000000000000000000e+00,0.000000000000000000e+00,0.000000000000000000e+00,0.000000000000000000e+00,0.000000000000000000e+00,0.000000000000000000e+00,0.000000000000000000e+00,0.000000000000000000e+00,0.000000000000000000e+00,0.000000000000000000e+00,0.000000000000000000e+00,0.000000000000000000e+00,0.000000000000000000e+00,0.000000000000000000e+00,0.000000000000000000e+00,0.000000000000000000e+00,0.000000000000000000e+00,0.000000000000000000e+00,0.000000000000000000e+00,0.000000000000000000e+00,0.000000000000000000e+00,0.000000000000000000e+00,0.000000000000000000e+00,0.000000000000000000e+00,0.000000000000000000e+00,0.000000000000000000e+00,0.000000000000000000e+00,0.000000000000000000e+00,0.000000000000000000e+00,0.000000000000000000e+00,0.000000000000000000e+00,0.000000000000000000e+00,0.000000000000000000e+00,0.000000000000000000e+00,0.000000000000000000e+00,0.000000000000000000e+00,0.000000000000000000e+00,0.000000000000000000e+00,0.000000000000000000e+00,0.000000000000000000e+00,0.000000000000000000e+00,0.000000000000000000e+00,0.000000000000000000e+00,0.000000000000000000e+00,0.000000000000000000e+00,0.000000000000000000e+00,0.000000000000000000e+00,0.000000000000000000e+00,0.000000000000000000e+00,0.000000000000000000e+00,0.000000000000000000e+00,0.000000000000000000e+00,0.000000000000000000e+00,0.000000000000000000e+00,0.000000000000000000e+00,0.000000000000000000e+00,0.000000000000000000e+00,0.000000000000000000e+00,0.000000000000000000e+00,0.000000000000000000e+00,0.000000000000000000e+00,0.000000000000000000e+00,0.000000000000000000e+00,0.000000000000000000e+00,0.000000000000000000e+00,0.000000000000000000e+00,0.000000000000000000e+00,0.000000000000000000e+00,0.000000000000000000e+00,0.000000000000000000e+00,0.000000000000000000e+00,0.000000000000000000e+00,0.000000000000000000e+00,0.000000000000000000e+00,0.000000000000000000e+00,0.000000000000000000e+00,0.000000000000000000e+00,0.000000000000000000e+00,0.000000000000000000e+00,0.000000000000000000e+00,0.000000000000000000e+00,0.000000000000000000e+00,0.000000000000000000e+00,0.000000000000000000e+00,0.000000000000000000e+00,0.000000000000000000e+00,0.000000000000000000e+00,0.000000000000000000e+00,0.000000000000000000e+00,0.000000000000000000e+00,0.000000000000000000e+00,0.000000000000000000e+00,0.000000000000000000e+00,0.000000000000000000e+00,0.000000000000000000e+00,0.000000000000000000e+00,0.000000000000000000e+00,0.000000000000000000e+00,0.000000000000000000e+00,0.000000000000000000e+00,0.000000000000000000e+00,0.000000000000000000e+00,0.000000000000000000e+00,0.000000000000000000e+00,0.000000000000000000e+00,0.000000000000000000e+00,0.000000000000000000e+00,0.000000000000000000e+00,0.000000000000000000e+00,0.000000000000000000e+00,0.000000000000000000e+00,0.000000000000000000e+00,0.000000000000000000e+00,0.000000000000000000e+00,0.000000000000000000e+00,0.000000000000000000e+00,0.000000000000000000e+00,0.000000000000000000e+00,0.000000000000000000e+00,0.000000000000000000e+00,0.000000000000000000e+00,0.000000000000000000e+00,0.000000000000000000e+00,0.000000000000000000e+00,0.000000000000000000e+00,0.000000000000000000e+00,0.000000000000000000e+00,0.000000000000000000e+00,0.000000000000000000e+00,0.000000000000000000e+00,0.000000000000000000e+00,0.000000000000000000e+00,0.000000000000000000e+00,0.000000000000000000e+00,0.000000000000000000e+00,0.000000000000000000e+00,0.000000000000000000e+00,0.000000000000000000e+00,0.000000000000000000e+00,0.000000000000000000e+00,0.000000000000000000e+00,0.000000000000000000e+00,0.000000000000000000e+00,0.000000000000000000e+00,0.000000000000000000e+00,0.000000000000000000e+00,0.000000000000000000e+00,0.000000000000000000e+00,0.000000000000000000e+00,0.000000000000000000e+00,0.000000000000000000e+00,0.000000000000000000e+00,0.000000000000000000e+00,0.000000000000000000e+00,0.000000000000000000e+00,0.000000000000000000e+00,0.000000000000000000e+00,0.000000000000000000e+00,0.000000000000000000e+00,0.000000000000000000e+00,0.000000000000000000e+00,0.000000000000000000e+00,0.000000000000000000e+00,0.000000000000000000e+00,0.000000000000000000e+00,0.000000000000000000e+00,0.000000000000000000e+00,0.000000000000000000e+00,0.000000000000000000e+00,0.000000000000000000e+00,0.000000000000000000e+00,0.000000000000000000e+00,0.000000000000000000e+00,0.000000000000000000e+00,0.000000000000000000e+00,0.000000000000000000e+00,0.000000000000000000e+00,0.000000000000000000e+00,0.000000000000000000e+00,0.000000000000000000e+00,0.000000000000000000e+00,0.000000000000000000e+00,0.000000000000000000e+00,0.000000000000000000e+00,0.000000000000000000e+00,0.000000000000000000e+00,0.000000000000000000e+00,0.000000000000000000e+00,0.000000000000000000e+00,0.000000000000000000e+00,0.000000000000000000e+00,0.000000000000000000e+00,0.000000000000000000e+00,0.000000000000000000e+00,0.000000000000000000e+00,0.000000000000000000e+00,0.000000000000000000e+00,0.000000000000000000e+00,0.000000000000000000e+00,0.000000000000000000e+00,0.000000000000000000e+00,0.000000000000000000e+00,0.000000000000000000e+00,0.000000000000000000e+00,0.000000000000000000e+00,0.000000000000000000e+00,0.000000000000000000e+00,0.000000000000000000e+00,0.000000000000000000e+00,0.000000000000000000e+00,0.000000000000000000e+00,0.000000000000000000e+00,0.000000000000000000e+00,0.000000000000000000e+00,0.000000000000000000e+00,0.000000000000000000e+00,0.000000000000000000e+00,0.000000000000000000e+00,0.000000000000000000e+00,0.000000000000000000e+00,0.000000000000000000e+00,0.000000000000000000e+00,0.000000000000000000e+00,0.000000000000000000e+00,0.000000000000000000e+00,0.000000000000000000e+00,0.000000000000000000e+00,0.000000000000000000e+00,0.000000000000000000e+00,0.000000000000000000e+00
0.000000000000000000e+00,0.000000000000000000e+00,0.000000000000000000e+00,0.000000000000000000e+00,0.000000000000000000e+00,0.000000000000000000e+00,0.000000000000000000e+00,0.000000000000000000e+00,0.000000000000000000e+00,0.000000000000000000e+00,0.000000000000000000e+00,0.000000000000000000e+00,0.000000000000000000e+00,0.000000000000000000e+00,0.000000000000000000e+00,0.000000000000000000e+00,0.000000000000000000e+00,0.000000000000000000e+00,0.000000000000000000e+00,0.000000000000000000e+00,0.000000000000000000e+00,0.000000000000000000e+00,0.000000000000000000e+00,0.000000000000000000e+00,0.000000000000000000e+00,0.000000000000000000e+00,0.000000000000000000e+00,0.000000000000000000e+00,0.000000000000000000e+00,0.000000000000000000e+00,0.000000000000000000e+00,0.000000000000000000e+00,0.000000000000000000e+00,0.000000000000000000e+00,0.000000000000000000e+00,0.000000000000000000e+00,0.000000000000000000e+00,0.000000000000000000e+00,0.000000000000000000e+00,0.000000000000000000e+00,0.000000000000000000e+00,0.000000000000000000e+00,0.000000000000000000e+00,0.000000000000000000e+00,0.000000000000000000e+00,0.000000000000000000e+00,0.000000000000000000e+00,0.000000000000000000e+00,0.000000000000000000e+00,0.000000000000000000e+00,0.000000000000000000e+00,0.000000000000000000e+00,0.000000000000000000e+00,0.000000000000000000e+00,0.000000000000000000e+00,0.000000000000000000e+00,0.000000000000000000e+00,0.000000000000000000e+00,0.000000000000000000e+00,0.000000000000000000e+00,0.000000000000000000e+00,0.000000000000000000e+00,0.000000000000000000e+00,0.000000000000000000e+00,0.000000000000000000e+00,0.000000000000000000e+00,0.000000000000000000e+00,0.000000000000000000e+00,0.000000000000000000e+00,0.000000000000000000e+00,0.000000000000000000e+00,0.000000000000000000e+00,0.000000000000000000e+00,0.000000000000000000e+00,0.000000000000000000e+00,0.000000000000000000e+00,0.000000000000000000e+00,0.000000000000000000e+00,0.000000000000000000e+00,0.000000000000000000e+00,0.000000000000000000e+00,0.000000000000000000e+00,0.000000000000000000e+00,0.000000000000000000e+00,0.000000000000000000e+00,0.000000000000000000e+00,0.000000000000000000e+00,0.000000000000000000e+00,0.000000000000000000e+00,0.000000000000000000e+00,0.000000000000000000e+00,0.000000000000000000e+00,0.000000000000000000e+00,0.000000000000000000e+00,0.000000000000000000e+00,0.000000000000000000e+00,0.000000000000000000e+00,0.000000000000000000e+00,0.000000000000000000e+00,0.000000000000000000e+00,0.000000000000000000e+00,0.000000000000000000e+00,0.000000000000000000e+00,0.000000000000000000e+00,0.000000000000000000e+00,0.000000000000000000e+00,0.000000000000000000e+00,0.000000000000000000e+00,0.000000000000000000e+00,0.000000000000000000e+00,0.000000000000000000e+00,0.000000000000000000e+00,0.000000000000000000e+00,0.000000000000000000e+00,0.000000000000000000e+00,0.000000000000000000e+00,0.000000000000000000e+00,0.000000000000000000e+00,0.000000000000000000e+00,0.000000000000000000e+00,0.000000000000000000e+00,0.000000000000000000e+00,0.000000000000000000e+00,0.000000000000000000e+00,0.000000000000000000e+00,0.000000000000000000e+00,0.000000000000000000e+00,0.000000000000000000e+00,0.000000000000000000e+00,0.000000000000000000e+00,0.000000000000000000e+00,0.000000000000000000e+00,0.000000000000000000e+00,0.000000000000000000e+00,0.000000000000000000e+00,0.000000000000000000e+00,0.000000000000000000e+00,0.000000000000000000e+00,0.000000000000000000e+00,0.000000000000000000e+00,0.000000000000000000e+00,0.000000000000000000e+00,0.000000000000000000e+00,0.000000000000000000e+00,0.000000000000000000e+00,0.000000000000000000e+00,0.000000000000000000e+00,0.000000000000000000e+00,0.000000000000000000e+00,0.000000000000000000e+00,0.000000000000000000e+00,0.000000000000000000e+00,0.000000000000000000e+00,0.000000000000000000e+00,0.000000000000000000e+00,0.000000000000000000e+00,0.000000000000000000e+00,0.000000000000000000e+00,0.000000000000000000e+00,0.000000000000000000e+00,0.000000000000000000e+00,0.000000000000000000e+00,0.000000000000000000e+00,0.000000000000000000e+00,0.000000000000000000e+00,0.000000000000000000e+00,0.000000000000000000e+00,0.000000000000000000e+00,0.000000000000000000e+00,0.000000000000000000e+00,0.000000000000000000e+00,0.000000000000000000e+00,0.000000000000000000e+00,0.000000000000000000e+00,0.000000000000000000e+00,0.000000000000000000e+00,0.000000000000000000e+00,0.000000000000000000e+00,0.000000000000000000e+00,0.000000000000000000e+00,0.000000000000000000e+00,0.000000000000000000e+00,0.000000000000000000e+00,0.000000000000000000e+00,0.000000000000000000e+00,0.000000000000000000e+00,0.000000000000000000e+00,0.000000000000000000e+00,0.000000000000000000e+00,0.000000000000000000e+00,0.000000000000000000e+00,0.000000000000000000e+00,0.000000000000000000e+00,0.000000000000000000e+00,0.000000000000000000e+00,0.000000000000000000e+00,0.000000000000000000e+00,0.000000000000000000e+00,0.000000000000000000e+00,0.000000000000000000e+00,0.000000000000000000e+00,0.000000000000000000e+00,0.000000000000000000e+00,0.000000000000000000e+00,0.000000000000000000e+00,0.000000000000000000e+00,0.000000000000000000e+00,0.000000000000000000e+00,0.000000000000000000e+00,0.000000000000000000e+00,0.000000000000000000e+00,0.000000000000000000e+00,0.000000000000000000e+00,0.000000000000000000e+00,0.000000000000000000e+00,0.000000000000000000e+00,0.000000000000000000e+00,0.000000000000000000e+00,0.000000000000000000e+00,0.000000000000000000e+00,0.000000000000000000e+00,0.000000000000000000e+00,0.000000000000000000e+00,0.000000000000000000e+00,0.000000000000000000e+00,0.000000000000000000e+00,0.000000000000000000e+00,0.000000000000000000e+00,0.000000000000000000e+00,0.000000000000000000e+00,0.000000000000000000e+00,0.000000000000000000e+00,0.000000000000000000e+00,0.000000000000000000e+00,0.000000000000000000e+00,0.000000000000000000e+00,0.000000000000000000e+00,0.000000000000000000e+00,0.000000000000000000e+00,0.000000000000000000e+00,0.000000000000000000e+00,0.000000000000000000e+00,0.000000000000000000e+00,0.000000000000000000e+00,0.000000000000000000e+00,0.000000000000000000e+00,0.000000000000000000e+00,0.000000000000000000e+00,0.000000000000000000e+00,0.000000000000000000e+00,0.000000000000000000e+00,0.000000000000000000e+00,0.000000000000000000e+00,0.000000000000000000e+00,0.000000000000000000e+00,0.000000000000000000e+00,0.000000000000000000e+00,0.000000000000000000e+00,0.000000000000000000e+00,0.000000000000000000e+00,0.000000000000000000e+00,0.000000000000000000e+00,0.000000000000000000e+00,0.000000000000000000e+00,0.000000000000000000e+00,0.000000000000000000e+00,0.000000000000000000e+00,0.000000000000000000e+00,0.000000000000000000e+00,0.000000000000000000e+00,0.000000000000000000e+00,0.000000000000000000e+00,0.000000000000000000e+00,0.000000000000000000e+00,0.000000000000000000e+00,0.000000000000000000e+00,0.000000000000000000e+00,0.000000000000000000e+00,0.000000000000000000e+00,0.000000000000000000e+00,0.000000000000000000e+00,0.000000000000000000e+00,0.000000000000000000e+00,0.000000000000000000e+00,0.000000000000000000e+00,0.000000000000000000e+00,0.000000000000000000e+00,0.000000000000000000e+00,0.000000000000000000e+00,0.000000000000000000e+00,0.000000000000000000e+00,0.000000000000000000e+00,0.000000000000000000e+00,0.000000000000000000e+00,0.000000000000000000e+00,0.000000000000000000e+00,0.000000000000000000e+00,0.000000000000000000e+00,0.000000000000000000e+00,0.000000000000000000e+00,0.000000000000000000e+00,0.000000000000000000e+00,0.000000000000000000e+00,0.000000000000000000e+00,0.000000000000000000e+00,0.000000000000000000e+00,0.000000000000000000e+00,0.000000000000000000e+00,0.000000000000000000e+00,0.000000000000000000e+00,0.000000000000000000e+00,0.000000000000000000e+00,0.000000000000000000e+00,0.000000000000000000e+00,0.000000000000000000e+00,0.000000000000000000e+00,0.000000000000000000e+00,0.000000000000000000e+00,0.000000000000000000e+00,0.000000000000000000e+00
0.000000000000000000e+00,0.000000000000000000e+00,0.000000000000000000e+00,0.000000000000000000e+00,0.000000000000000000e+00,0.000000000000000000e+00,0.000000000000000000e+00,0.000000000000000000e+00,0.000000000000000000e+00,0.000000000000000000e+00,0.000000000000000000e+00,0.000000000000000000e+00,0.000000000000000000e+00,0.000000000000000000e+00,0.000000000000000000e+00,0.000000000000000000e+00,0.000000000000000000e+00,0.000000000000000000e+00,0.000000000000000000e+00,0.000000000000000000e+00,0.000000000000000000e+00,0.000000000000000000e+00,0.000000000000000000e+00,0.000000000000000000e+00,0.000000000000000000e+00,0.000000000000000000e+00,0.000000000000000000e+00,0.000000000000000000e+00,0.000000000000000000e+00,0.000000000000000000e+00,0.000000000000000000e+00,0.000000000000000000e+00,0.000000000000000000e+00,0.000000000000000000e+00,0.000000000000000000e+00,0.000000000000000000e+00,0.000000000000000000e+00,0.000000000000000000e+00,0.000000000000000000e+00,0.000000000000000000e+00,0.000000000000000000e+00,0.000000000000000000e+00,0.000000000000000000e+00,0.000000000000000000e+00,0.000000000000000000e+00,0.000000000000000000e+00,0.000000000000000000e+00,0.000000000000000000e+00,0.000000000000000000e+00,0.000000000000000000e+00,0.000000000000000000e+00,0.000000000000000000e+00,0.000000000000000000e+00,0.000000000000000000e+00,0.000000000000000000e+00,0.000000000000000000e+00,0.000000000000000000e+00,0.000000000000000000e+00,0.000000000000000000e+00,0.000000000000000000e+00,0.000000000000000000e+00,0.000000000000000000e+00,0.000000000000000000e+00,0.000000000000000000e+00,0.000000000000000000e+00,0.000000000000000000e+00,0.000000000000000000e+00,0.000000000000000000e+00,0.000000000000000000e+00,0.000000000000000000e+00,0.000000000000000000e+00,0.000000000000000000e+00,0.000000000000000000e+00,0.000000000000000000e+00,0.000000000000000000e+00,0.000000000000000000e+00,0.000000000000000000e+00,0.000000000000000000e+00,0.000000000000000000e+00,0.000000000000000000e+00,0.000000000000000000e+00,0.000000000000000000e+00,0.000000000000000000e+00,0.000000000000000000e+00,0.000000000000000000e+00,0.000000000000000000e+00,0.000000000000000000e+00,0.000000000000000000e+00,0.000000000000000000e+00,0.000000000000000000e+00,0.000000000000000000e+00,0.000000000000000000e+00,0.000000000000000000e+00,0.000000000000000000e+00,0.000000000000000000e+00,0.000000000000000000e+00,0.000000000000000000e+00,0.000000000000000000e+00,0.000000000000000000e+00,0.000000000000000000e+00,0.000000000000000000e+00,0.000000000000000000e+00,0.000000000000000000e+00,0.000000000000000000e+00,0.000000000000000000e+00,0.000000000000000000e+00,0.000000000000000000e+00,0.000000000000000000e+00,0.000000000000000000e+00,0.000000000000000000e+00,0.000000000000000000e+00,0.000000000000000000e+00,0.000000000000000000e+00,0.000000000000000000e+00,0.000000000000000000e+00,0.000000000000000000e+00,0.000000000000000000e+00,0.000000000000000000e+00,0.000000000000000000e+00,0.000000000000000000e+00,0.000000000000000000e+00,0.000000000000000000e+00,0.000000000000000000e+00,0.000000000000000000e+00,0.000000000000000000e+00,0.000000000000000000e+00,0.000000000000000000e+00,0.000000000000000000e+00,0.000000000000000000e+00,0.000000000000000000e+00,0.000000000000000000e+00,0.000000000000000000e+00,0.000000000000000000e+00,0.000000000000000000e+00,0.000000000000000000e+00,0.000000000000000000e+00,0.000000000000000000e+00,0.000000000000000000e+00,0.000000000000000000e+00,0.000000000000000000e+00,0.000000000000000000e+00,0.000000000000000000e+00,0.000000000000000000e+00,0.000000000000000000e+00,0.000000000000000000e+00,0.000000000000000000e+00,0.000000000000000000e+00,0.000000000000000000e+00,0.000000000000000000e+00,0.000000000000000000e+00,0.000000000000000000e+00,0.000000000000000000e+00,0.000000000000000000e+00,0.000000000000000000e+00,0.000000000000000000e+00,0.000000000000000000e+00,0.000000000000000000e+00,0.000000000000000000e+00,0.000000000000000000e+00,0.000000000000000000e+00,0.000000000000000000e+00,0.000000000000000000e+00,0.000000000000000000e+00,0.000000000000000000e+00,0.000000000000000000e+00,0.000000000000000000e+00,0.000000000000000000e+00,0.000000000000000000e+00,0.000000000000000000e+00,0.000000000000000000e+00,0.000000000000000000e+00,0.000000000000000000e+00,0.000000000000000000e+00,0.000000000000000000e+00,0.000000000000000000e+00,0.000000000000000000e+00,0.000000000000000000e+00,0.000000000000000000e+00,0.000000000000000000e+00,0.000000000000000000e+00,0.000000000000000000e+00,0.000000000000000000e+00,0.000000000000000000e+00,0.000000000000000000e+00,0.000000000000000000e+00,0.000000000000000000e+00,0.000000000000000000e+00,0.000000000000000000e+00,0.000000000000000000e+00,0.000000000000000000e+00,0.000000000000000000e+00,0.000000000000000000e+00,0.000000000000000000e+00,0.000000000000000000e+00,0.000000000000000000e+00,0.000000000000000000e+00,0.000000000000000000e+00,0.000000000000000000e+00,0.000000000000000000e+00,0.000000000000000000e+00,0.000000000000000000e+00,0.000000000000000000e+00,0.000000000000000000e+00,0.000000000000000000e+00,0.000000000000000000e+00,0.000000000000000000e+00,0.000000000000000000e+00,0.000000000000000000e+00,0.000000000000000000e+00,0.000000000000000000e+00,0.000000000000000000e+00,0.000000000000000000e+00,0.000000000000000000e+00,0.000000000000000000e+00,0.000000000000000000e+00,0.000000000000000000e+00,0.000000000000000000e+00,0.000000000000000000e+00,0.000000000000000000e+00,0.000000000000000000e+00,0.000000000000000000e+00,0.000000000000000000e+00,0.000000000000000000e+00,0.000000000000000000e+00,0.000000000000000000e+00,0.000000000000000000e+00,0.000000000000000000e+00,0.000000000000000000e+00,0.000000000000000000e+00,0.000000000000000000e+00,0.000000000000000000e+00,0.000000000000000000e+00,0.000000000000000000e+00,0.000000000000000000e+00,0.000000000000000000e+00,0.000000000000000000e+00,0.000000000000000000e+00,0.000000000000000000e+00,0.000000000000000000e+00,0.000000000000000000e+00,0.000000000000000000e+00,0.000000000000000000e+00,0.000000000000000000e+00,0.000000000000000000e+00,0.000000000000000000e+00,0.000000000000000000e+00,0.000000000000000000e+00,0.000000000000000000e+00,0.000000000000000000e+00,0.000000000000000000e+00,0.000000000000000000e+00,0.000000000000000000e+00,0.000000000000000000e+00,0.000000000000000000e+00,0.000000000000000000e+00,0.000000000000000000e+00,0.000000000000000000e+00,0.000000000000000000e+00,0.000000000000000000e+00,0.000000000000000000e+00,0.000000000000000000e+00,0.000000000000000000e+00,0.000000000000000000e+00,0.000000000000000000e+00,0.000000000000000000e+00,0.000000000000000000e+00,0.000000000000000000e+00,0.000000000000000000e+00,0.000000000000000000e+00,0.000000000000000000e+00,0.000000000000000000e+00,0.000000000000000000e+00,0.000000000000000000e+00,0.000000000000000000e+00,0.000000000000000000e+00,0.000000000000000000e+00,0.000000000000000000e+00,0.000000000000000000e+00,0.000000000000000000e+00,0.000000000000000000e+00,0.000000000000000000e+00,0.000000000000000000e+00,0.000000000000000000e+00,0.000000000000000000e+00,0.000000000000000000e+00,0.000000000000000000e+00,0.000000000000000000e+00,0.000000000000000000e+00,0.000000000000000000e+00,0.000000000000000000e+00,0.000000000000000000e+00,0.000000000000000000e+00,0.000000000000000000e+00,0.000000000000000000e+00,0.000000000000000000e+00,0.000000000000000000e+00,0.000000000000000000e+00,0.000000000000000000e+00,0.000000000000000000e+00,0.000000000000000000e+00,0.000000000000000000e+00,0.000000000000000000e+00,0.000000000000000000e+00,0.000000000000000000e+00,0.000000000000000000e+00,0.000000000000000000e+00,0.000000000000000000e+00,0.000000000000000000e+00,0.000000000000000000e+00,0.000000000000000000e+00,0.000000000000000000e+00,0.000000000000000000e+00,0.000000000000000000e+00,0.000000000000000000e+00,0.000000000000000000e+00,0.000000000000000000e+00,0.000000000000000000e+00,0.000000000000000000e+00,0.000000000000000000e+00,0.000000000000000000e+00
1.666666666666666574e-01,2.500000000000000000e-01,2.666666666666666630e-01,6.111111111111111605e-01,4.705882352941176405e-01,3.846153846153846367e-01,0.000000000000000000e+00,0.000000000000000000e+00,0.000000000000000000e+00,3.333333333333333148e-01,4.210526315789473450e-01,4.166666666666666852e-01,5.000000000000000000e-01,0.000000000000000000e+00,5.000000000000000000e-01,2.857142857142856984e-01,5.454545454545454142e-01,3.611111111111111049e-01,2.000000000000000111e-01,5.999999999999999778e-01,0.000000000000000000e+00,0.000000000000000000e+00,1.363636363636363535e-01,2.926829268292682751e-01,0.000000000000000000e+00,0.000000000000000000e+00,2.500000000000000000e-01,2.727272727272727071e-01,6.976744186046511531e-02,3.863636363636363535e-01,2.500000000000000000e-01,1.250000000000000000e-01,1.904761904761904656e-01,2.820512820512820484e-01,2.542372881355932090e-01,2.325581395348837177e-01,4.242424242424242542e-01,0.000000000000000000e+00,2.222222222222222099e-01,2.250000000000000056e-01,3.750000000000000000e-01,7.142857142857142461e-02,6.666666666666666297e-01,1.458333333333333426e-01,2.142857142857142738e-01,0.000000000000000000e+00,2.142857142857142738e-01,5.000000000000000000e-01,1.698113207547169712e-01,0.000000000000000000e+00,4.666666666666666741e-01,0.000000000000000000e+00,9.090909090909091161e-02,1.818181818181818232e-01,1.428571428571428492e-01,4.285714285714285476e-01,2.500000000000000000e-01,3.750000000000000000e-01,3.333333333333333148e-01,2.777777777777777901e-01,5.999999999999999778e-01,1.666666666666666574e-01,1.730769230769230727e-01,1.428571428571428492e-01,1.250000000000000000e-01,1.666666666666666574e-01,1.875000000000000000e-01,1.363636363636363535e-01,2.631578947368420907e-01,3.076923076923077094e-01,1.666666666666666574e-01,2.000000000000000111e-01,2.280701754385964786e-01,5.609756097560976151e-01,3.529411764705882582e-01,2.000000000000000111e-01,0.000000000000000000e+00,2.463768115942029102e-01,1.600000000000000033e-01,3.428571428571428603e-01,3.023255813953488191e-01,3.529411764705882582e-01,2.571428571428571175e-01,2.000000000000000111e-01,2.941176470588235392e-01,1.000000000000000056e-01,3.095238095238095344e-01,0.000000000000000000e+00,3.333333333333333148e-01,3.103448275862069061e-01,2.500000000000000000e-01,2.500000000000000000e-01,2.777777777777777901e-01,5.454545454545454142e-01,2.222222222222222099e-01,4.782608695652174058e-01,4.222222222222222210e-01,2.500000000000000000e-01,3.636363636363636465e-01,2.571428571428571175e-01,3.030303030303030387e-01,1.666666666666666574e-01,4.117647058823529216e-01,2.244897959183673464e-01,3.584905660377358250e-01,0.000000000000000000e+00,2.500000000000000000e-01,0.000000000000000000e+00,3.076923076923077094e-01,0.000000000000000000e+00,0.000000000000000000e+00,2.588235294117647300e-01,1.250000000000000000e-01,2.105263157894736725e-01,6.818181818181817677e-01,4.583333333333333148e-01,5.714285714285713969e-01,2.686567164179104461e-01,4.545454545454545581e-02,2.537313432835821003e-01,2.399999999999999911e-01,3.428571428571428603e-01,5.000000000000000000e-01,3.709677419354838745e-01,2.000000000000000111e-01,2.391304347826087029e-01,1.818181818181818232e-01,4.615384615384615641e-01,4.246575342465753189e-01,4.000000000000000222e-01,0.000000000000000000e+00,2.500000000000000000e-01,0.000000000000000000e+00,4.000000000000000222e-01,5.000000000000000000e-01,3.333333333333333148e-01,6.250000000000000000e-02,3.783783783783783994e-01,7.777777777777777901e-01,4.000000000000000222e-01,4.444444444444444198e-01,3.333333333333333148e-01,2.222222222222222099e-01,3.333333333333333148e-01,4.000000000000000222e-01,0.000000000000000000e+00,1.666666666666666574e-01,0.000000000000000000e+00,0.000000000000000000e+00,4.255319148936170248e-01,3.225806451612903136e-01,2.068965517241379282e-01,4.444444444444444198e-01,4.400000000000000022e-01,2.950819672131147486e-01,2.058823529411764608e-01,2.702702702702702853e-01,4.666666666666666741e-01,0.000000000000000000e+00,2.500000000000000000e-01,4.772727272727272929e-01,2.631578947368420907e-01,2.083333333333333426e-01,2.978723404255319007e-01,2.500000000000000000e-01,0.000000000000000000e+00,2.222222222222222099e-01,0.000000000000000000e+00,2.500000000000000000e-01,4.285714285714285476e-01,1.525423728813559421e-01,0.000000000000000000e+00,0.000000000000000000e+00,0.000000000000000000e+00,2.999999999999999889e-01,6.875000000000000000e-01,2.999999999999999889e-01,1.562500000000000000e-01,3.333333333333333148e-01,1.395348837209302306e-01,0.000000000000000000e+00,0.000000000000000000e+00,4.400000000000000022e-01,1.000000000000000000e+00,0.000000000000000000e+00,5.555555555555555802e-01,4.000000000000000222e-01,0.000000000000000000e+00,0.000000000000000000e+00,5.714285714285713969e-01,0.000000000000000000e+00,2.500000000000000000e-01,1.290322580645161255e-01,1.428571428571428492e-01,3.750000000000000000e-01,1.538461538461538547e-01,2.000000000000000111e-01,0.000000000000000000e+00,2.000000000000000111e-01,3.846153846153846367e-01,2.399999999999999911e-01,2.000000000000000111e-01,4.583333333333333148e-01,3.428571428571428603e-01,4.000000000000000222e-01,8.750000000000000000e-01,4.038461538461538547e-01,1.886792452830188815e-01,0.000000000000000000e+00,3.571428571428571508e-01,3.571428571428571508e-01,2.716049382716049232e-01,0.000000000000000000e+00,2.500000000000000000e-01,4.794520547945205213e-01,1.428571428571428492e-01,1.764705882352941291e-01,0.000000000000000000e+00,2.857142857142856984e-01,0.000000000000000000e+00,0.000000000000000000e+00,2.500000000000000000e-01,4.230769230769230727e-01,1.666666666666666574e-01,3.636363636363636465e-01,0.000000000000000000e+00,6.250000000000000000e-01,0.000000000000000000e+00,2.121212121212121271e-01,1.000000000000000056e-01,1.250000000000000000e-01,5.000000000000000000e-01,0.000000000000000000e+00,0.000000000000000000e+00,3.333333333333333148e-01,4.166666666666666852e-01,4.186046511627907196e-01,2.222222222222222099e-01,2.833333333333333259e-01,2.142857142857142738e-01,2.000000000000000111e-01,1.785714285714285754e-01,2.456140350877192846e-01,1.400000000000000133e-01,0.000000000000000000e+00,4.333333333333333481e-01,2.999999999999999889e-01,4.285714285714285476e-01,2.807017543859648967e-01,2.571428571428571175e-01,0.000000000000000000e+00,3.333333333333333148e-01,4.285714285714285476e-01,2.162162162162162282e-01,1.250000000000000000e-01,6.250000000000000000e-01,0.000000000000000000e+00,5.454545454545454142e-01,4.605263157894736725e-01,1.964285714285714246e-01,0.000000000000000000e+00,2.857142857142856984e-01,0.000000000000000000e+00,0.000000000000000000e+00,0.000000000000000000e+00,0.000000000000000000e+00,0.000000000000000000e+00,1.250000000000000000e-01,1.199999999999999956e-01,1.875000000000000000e-01,1.052631578947368363e-01,3.333333333333333148e-01,1.944444444444444475e-01,2.432432432432432567e-01,2.083333333333333426e-01,2.999999999999999889e-01,2.222222222222222099e-01,4.677419354838709409e-01,2.500000000000000000e-01,2.678571428571428492e-01,0.000000000000000000e+00,2.500000000000000000e-01,7.500000000000000000e-01,2.745098039215686514e-01,2.105263157894736725e-01,2.702702702702702853e-01,0.000000000000000000e+00,3.333333333333333148e-01,1.666666666666666574e-01,0.000000000000000000e+00,0.000000000000000000e+00,0.000000000000000000e+00,2.500000000000000000e-01,2.500000000000000000e-01,2.898550724637681264e-01,2.448979591836734637e-01,2.033898305084745894e-01,0.000000000000000000e+00,4.000000000000000222e-01,2.258064516129032195e-01,4.615384615384615641e-01,3.571428571428571508e-01,4.000000000000000222e-01,1.666666666666666574e-01,3.599999999999999867e-01,2.352941176470588203e-01,2.777777777777777901e-01,8.333333333333332871e-02,4.375000000000000000e-01,2.142857142857142738e-01,3.529411764705882582e-01,3.157894736842105088e-01,2.222222222222222099e-01,2.999999999999999889e-01,2.631578947368420907e-01,5.333333333333333259e-01,1.578947368421052544e-01,1.000000000000000056e-01,2.222222222222222099e-01,3.125000000000000000e-01
2.010869565217391353e-01,1.612903225806451568e-01,3.469387755102040782e-01,3.388429752066115519e-01,1.728395061728394966e-01,3.582089552238805763e-01,0.000000000000000000e+00,0.000000000000000000e+00,0.000000000000000000e+00,5.142857142857142350e-01,6.477272727272727071e-01,4.537815126050420145e-01,4.838709677419354982e-01,0.000000000000000000e+00,1.967213114754098324e-01,1.458333333333333426e-01,4.383561643835616195e-01,1.034482758620689641e-01,1.499999999999999944e-01,3.529411764705882582e-01,2.244897959183673464e-01,0.000000000000000000e+00,1.681415929203539938e-01,1.314553990610328738e-01,7.407407407407406996e-02,0.000000000000000000e+00,1.964285714285714246e-01,2.500000000000000000e-01,1.127450980392156882e-01,2.178770949720670314e-01,2.105263157894736725e-01,1.038961038961039030e-01,1.011235955056179747e-01,1.306306306306306286e-01,1.353711790393013203e-01,1.658291457286432125e-01,4.335260115606936471e-01,1.485148514851485080e-01,2.222222222222222099e-01,2.812500000000000000e-01,3.076923076923077094e-01,1.417322834645669272e-01,3.818181818181818343e-01,1.617021276595744794e-01,1.111111111111111049e-01,0.000000000000000000e+00,1.875000000000000000e-01,2.285714285714285643e-01,1.397058823529411797e-01,1.304347826086956486e-01,4.752475247524752255e-01,1.000000000000000056e-01,1.451612903225806550e-01,6.250000000000000000e-02,1.296296296296296224e-01,2.191780821917808098e-01,2.580645161290322509e-01,3.260869565217391353e-01,3.484848484848485084e-01,2.017543859649122695e-01,1.842105263157894635e-01,1.643835616438356073e-01,1.330472103004291806e-01,1.960784313725490169e-01,1.735849056603773477e-01,1.923076923076923184e-01,1.351351351351351426e-01,7.228915662650602092e-02,1.071428571428571369e-01,1.612903225806451568e-01,1.136363636363636326e-01,1.443298969072164817e-01,2.058823529411764608e-01,6.183206106870229313e-01,1.397058823529411797e-01,1.767955801104972302e-01,1.875000000000000000e-01,1.324041811846689842e-01,6.250000000000000000e-02,3.401360544217686965e-01,1.562500000000000000e-01,1.309523809523809590e-01,2.736842105263158076e-01,1.290322580645161255e-01,2.314814814814814825e-01,8.928571428571428770e-02,1.280487804878048808e-01,0.000000000000000000e+00,3.100775193798449569e-01,2.352941176470588203e-01,3.466666666666666785e-01,2.000000000000000111e-01,1.518987341772151944e-01,4.366197183098591283e-01,1.627906976744186163e-01,1.235294117647058876e-01,1.472081218274111647e-01,1.351351351351351426e-01,2.592592592592592449e-01,1.312500000000000056e-01,1.724137931034482873e-01,1.770833333333333426e-01,1.222222222222222182e-01,1.005025125628140753e-01,1.228070175438596423e-01,1.052631578947368363e-01,1.621621621621621712e-01,0.000000000000000000e+00,1.176470588235294101e-01,0.000000000000000000e+00,1.836734693877551117e-01,1.625000000000000056e-01,9.090909090909091161e-02,1.196172248803827748e-01,4.943820224719100986e-01,3.544303797468354444e-01,4.065934065934065922e-01,1.832061068702290074e-01,1.338582677165354451e-01,1.860465116279069742e-01,1.085271317829457349e-01,1.047120418848167533e-01,9.090909090909091161e-02,2.210884353741496555e-01,3.055555555555555802e-01,2.446808510638297796e-01,1.428571428571428492e-01,4.150943396226415283e-01,3.478260869565217295e-01,2.195121951219512202e-01,0.000000000000000000e+00,2.820512820512820484e-01,0.000000000000000000e+00,4.174311926605504541e-01,3.270676691729323404e-01,4.626865671641791078e-01,7.843137254901960675e-02,1.462264150943396179e-01,4.878048780487804770e-01,4.387755102040816202e-01,5.156250000000000000e-01,2.694063926940639120e-01,8.888888888888889228e-02,7.142857142857142461e-02,2.500000000000000000e-01,0.000000000000000000e+00,1.875000000000000000e-01,0.000000000000000000e+00,0.000000000000000000e+00,4.379084967320261423e-01,4.466019417475728392e-01,2.030075187969924699e-01,2.500000000000000000e-01,3.783783783783783994e-01,1.551155115511551053e-01,2.660550458715596478e-01,2.032520325203251987e-01,6.326530612244898322e-01,5.555555555555555247e-02,1.779661016949152519e-01,3.521126760563380031e-01,4.594594594594594850e-01,2.045454545454545581e-01,2.571428571428571175e-01,1.525423728813559421e-01,0.000000000000000000e+00,1.969696969696969613e-01,0.000000000000000000e+00,2.476190476190476275e-01,1.666666666666666574e-01,2.081632653061224469e-01,0.000000000000000000e+00,0.000000000000000000e+00,1.071428571428571369e-01,4.285714285714285476e-01,3.763440860215053752e-01,1.510416666666666574e-01,9.712230215827338808e-02,3.939393939393939226e-01,1.282051282051281937e-01,4.545454545454545581e-02,2.727272727272727071e-01,3.644859813084111999e-01,2.592592592592592449e-01,5.555555555555555247e-02,4.173553719008264440e-01,1.764705882352941291e-01,0.000000000000000000e+00,3.478260869565217295e-01,1.428571428571428492e-01,0.000000000000000000e+00,1.447368421052631637e-01,9.420289855072463969e-02,9.302325581395348708e-02,1.367521367521367659e-01,1.325301204819277212e-01,1.196581196581196632e-01,0.000000000000000000e+00,1.794871794871794879e-01,2.318840579710144956e-01,1.250000000000000000e-01,1.199999999999999956e-01,5.986394557823129237e-01,2.393162393162393264e-01,5.000000000000000000e-01,4.838709677419354982e-01,3.655913978494623739e-01,1.701244813278008361e-01,0.000000000000000000e+00,2.019230769230769273e-01,2.537313432835821003e-01,1.782945736434108641e-01,1.621621621621621712e-01,1.739130434782608647e-01,3.419913419913420127e-01,2.941176470588235253e-02,1.027397260273972546e-01,0.000000000000000000e+00,6.976744186046511531e-02,0.000000000000000000e+00,0.000000000000000000e+00,1.818181818181818232e-01,3.482142857142856984e-01,2.500000000000000000e-01,1.263736263736263687e-01,0.000000000000000000e+00,4.545454545454545303e-01,0.000000000000000000e+00,1.317073170731707377e-01,1.882352941176470562e-01,1.111111111111111049e-01,3.720930232558139483e-01,0.000000000000000000e+00,0.000000000000000000e+00,1.740890688259109365e-01,1.044776119402985037e-01,2.455089820359281361e-01,1.718750000000000000e-01,2.389705882352941291e-01,1.325301204819277212e-01,1.732673267326732547e-01,1.260869565217391242e-01,2.583333333333333592e-01,8.962264150943395624e-02,5.263157894736841813e-02,4.595959595959596133e-01,2.698412698412698263e-01,1.264367816091954144e-01,1.666666666666666574e-01,1.403508771929824483e-01,0.000000000000000000e+00,3.414634146341463672e-01,2.054794520547945091e-01,1.296296296296296224e-01,1.896551724137930939e-01,1.951219512195122019e-01,0.000000000000000000e+00,1.384615384615384692e-01,4.562737642585551479e-01,2.272727272727272652e-01,0.000000000000000000e+00,1.250000000000000000e-01,0.000000000000000000e+00,0.000000000000000000e+00,3.333333333333333148e-01,0.000000000000000000e+00,1.749999999999999889e-01,1.390374331550802145e-01,1.358024691358024616e-01,1.132075471698113234e-01,1.575757575757575635e-01,1.263736263736263687e-01,1.172413793103448260e-01,1.468926553672316448e-01,2.982456140350877027e-01,2.000000000000000111e-01,1.624365482233502411e-01,3.392857142857143016e-01,1.428571428571428492e-01,1.647727272727272652e-01,0.000000000000000000e+00,8.000000000000000167e-02,5.348837209302325091e-01,3.317307692307692180e-01,2.314814814814814825e-01,1.737804878048780366e-01,1.904761904761904656e-01,1.621621621621621712e-01,1.000000000000000056e-01,0.000000000000000000e+00,2.666666666666666630e-01,0.000000000000000000e+00,6.140350877192982115e-02,1.600000000000000033e-01,2.205882352941176405e-01,1.659751037344398272e-01,1.587301587301587213e-01,0.000000000000000000e+00,7.499999999999999722e-02,2.500000000000000000e-01,1.929824561403508665e-01,1.272727272727272596e-01,2.586206896551724310e-01,1.044776119402985037e-01,2.758620689655172376e-01,1.690140845070422504e-01,2.133333333333333470e-01,2.647058823529411797e-01,2.264150943396226467e-01,1.076923076923076983e-01,1.904761904761904656e-01,9.090909090909091161e-02,1.562500000000000000e-01,2.608695652173912971e-01,1.904761904761904656e-01,1.911764705882352811e-01,1.707317073170731836e-01,2.025316455696202500e-01,2.272727272727272652e-01,2.500000000000000000e-01
1.542416452442159358e-01,1.246040126715945023e-01,2.765957446808510745e-01,2.028688524590163966e-01,1.392405063291139167e-01,2.382978723404255428e-01,0.000000000000000000e+00,0.000000000000000000e+00,0.000000000000000000e+00,2.978723404255319007e-01,3.314763231197771498e-01,3.225806451612903136e-01,2.230769230769230893e-01,0.000000000000000000e+00,1.950207468879668060e-01,1.719745222929936201e-01,1.977573904179408815e-01,1.397338403041825106e-01,1.328125000000000000e-01,1.612903225806451568e-01,1.153846153846153910e-01,0.000000000000000000e+00,1.126629422718808254e-01,1.230769230769230838e-01,6.896551724137930939e-02,0.000000000000000000e+00,1.872146118721461083e-01,1.593220338983050710e-01,1.244394618834080701e-01,1.549668874172185351e-01,1.485148514851485080e-01,1.130856219709208410e-01,9.620253164556961945e-02,1.168224299065420552e-01,1.245136186770428033e-01,1.372282608695652162e-01,2.074303405572755499e-01,9.854014598540146441e-02,1.540404040404040331e-01,2.023681377825619077e-01,1.401869158878504551e-01,1.203007518796992414e-01,2.356321839080459668e-01,9.980806142034548412e-02,1.547277936962750677e-01,0.000000000000000000e+00,1.391509433962264120e-01,1.564625850340136126e-01,1.210247349823321550e-01,1.386861313868613110e-01,2.641083521444695381e-01,1.120689655172413812e-01,9.329446064139941541e-02,9.051724137931034531e-02,1.049723756906077304e-01,7.216494845360824084e-02,1.879699248120300648e-01,1.771428571428571297e-01,1.743421052631578816e-01,1.364562118126272927e-01,1.125827814569536484e-01,1.139954853273137669e-01,1.131313131313131382e-01,1.111111111111111049e-01,1.254826254826254817e-01,1.118421052631578955e-01,1.120507399577167079e-01,1.044386422976501250e-01,1.131221719457013580e-01,1.886120996441281172e-01,9.529276693455797365e-02,7.611548556430446089e-02,1.587301587301587213e-01,2.672268907563025153e-01,1.136363636363636326e-01,8.987161198288159958e-02,1.570247933884297564e-01,9.887798036465637874e-02,9.619238476953907713e-02,2.460106382978723416e-01,1.187258687258687245e-01,9.826589595375723185e-02,1.434034416826003855e-01,9.594095940959410096e-02,1.326530612244898044e-01,8.837209302325581273e-02,1.222030981067125655e-01,0.000000000000000000e+00,1.884816753926701616e-01,1.118421052631578955e-01,2.523076923076922884e-01,1.562500000000000000e-01,1.293233082706767012e-01,2.400857449088960316e-01,1.617647058823529493e-01,1.286472148541114024e-01,1.793785310734463401e-01,1.199999999999999956e-01,1.415929203539822989e-01,1.410658307210031215e-01,1.011080332409972360e-01,1.162324649298597246e-01,1.492957746478873193e-01,1.175869120654396693e-01,1.390374331550802145e-01,9.523809523809523281e-02,7.499999999999999722e-02,0.000000000000000000e+00,9.941520467836256758e-02,0.000000000000000000e+00,1.118421052631578955e-01,1.256583897667419014e-01,8.851674641148325751e-02,1.086691086691086716e-01,1.848341232227488085e-01,2.184873949579831942e-01,1.848739495798319421e-01,1.342723004694835742e-01,1.061320754716981174e-01,1.500405515004055168e-01,1.072796934865900415e-01,1.087216248506571031e-01,1.128205128205128221e-01,1.453744493392070403e-01,1.812499999999999944e-01,1.588785046728971861e-01,1.517571884984025565e-01,2.379518072289156516e-01,2.109053497942386945e-01,9.389671361502346936e-02,0.000000000000000000e+00,1.565656565656565746e-01,0.000000000000000000e+00,2.534332084893882731e-01,2.171428571428571375e-01,1.935483870967741882e-01,1.194029850746268634e-01,1.259105098855358984e-01,1.455696202531645556e-01,2.942238267148014619e-01,2.216494845360824639e-01,1.341991341991342068e-01,1.179487179487179460e-01,7.667731629392970927e-02,1.578947368421052544e-01,0.000000000000000000e+00,1.830985915492957805e-01,0.000000000000000000e+00,0.000000000000000000e+00,2.112211221122112237e-01,1.872791519434628960e-01,1.443452380952380820e-01,1.749999999999999889e-01,2.463768115942029102e-01,1.421464108031272322e-01,1.660000000000000087e-01,1.637010676156583633e-01,1.734104046242774533e-01,1.015625000000000000e-01,1.389473684210526250e-01,2.659053833605219963e-01,2.083333333333333426e-01,1.690140845070422504e-01,1.342105263157894746e-01,1.226053639846743232e-01,0.000000000000000000e+00,1.350210970464134907e-01,0.000000000000000000e+00,1.383495145631067902e-01,1.238532110091743188e-01,1.147704590818363207e-01,0.000000000000000000e+00,0.000000000000000000e+00,8.035714285714286309e-02,2.125435540069686435e-01,2.259887005649717506e-01,1.313868613138686192e-01,1.033123028391167153e-01,1.744186046511627952e-01,1.379746835443038111e-01,1.428571428571428492e-01,1.782178217821782096e-01,2.220779220779220686e-01,1.122448979591836732e-01,1.055900621118012472e-01,2.263414634146341531e-01,1.576086956521739191e-01,0.000000000000000000e+00,1.538461538461538547e-01,1.114754098360655754e-01,0.000000000000000000e+00,1.240721102863202585e-01,1.049999999999999961e-01,4.285714285714285754e-02,1.431578947368420951e-01,1.058823529411764691e-01,8.040201005025125747e-02,0.000000000000000000e+00,1.005434782608695676e-01,1.535836177474402819e-01,1.473136915077989662e-01,1.524390243902438991e-01,2.902155887230514208e-01,1.552631578947368529e-01,1.875000000000000000e-01,2.452830188679245293e-01,2.344280860702151748e-01,1.305114638447971709e-01,0.000000000000000000e+00,1.362586605080831348e-01,1.827586206896551768e-01,1.336898395721925203e-01,1.167883211678832078e-01,1.554878048780487798e-01,2.538126361655773655e-01,1.093750000000000000e-01,1.127819548872180389e-01,0.000000000000000000e+00,3.960396039603960444e-02,0.000000000000000000e+00,0.000000000000000000e+00,1.046511627906976799e-01,2.169312169312169192e-01,1.369863013698630061e-01,1.025641025641025605e-01,0.000000000000000000e+00,2.330508474576271083e-01,0.000000000000000000e+00,1.011764705882352983e-01,8.510638297872340219e-02,7.042253521126760896e-02,1.384615384615384692e-01,0.000000000000000000e+00,0.000000000000000000e+00,1.308411214953270896e-01,1.262798634812286602e-01,1.515151515151515194e-01,1.237942122186495159e-01,1.483357452966714840e-01,7.084468664850136765e-02,1.271676300578034602e-01,1.232067510548523204e-01,1.684782608695652162e-01,9.395248380129589405e-02,7.947019867549669214e-02,2.063106796116504771e-01,1.423076923076923017e-01,1.355932203389830504e-01,1.130713712910986352e-01,1.327433628318584191e-01,0.000000000000000000e+00,2.549019607843137081e-01,1.340206185567010266e-01,1.295487627365356498e-01,1.374570446735395302e-01,1.856287425149700521e-01,0.000000000000000000e+00,1.111111111111111049e-01,2.475336322869955141e-01,1.345454545454545514e-01,0.000000000000000000e+00,1.701244813278008361e-01,0.000000000000000000e+00,0.000000000000000000e+00,9.482758620689654694e-02,0.000000000000000000e+00,1.018518518518518462e-01,1.122159090909090884e-01,1.275510204081632681e-01,1.228813559322033955e-01,1.197691197691197751e-01,1.437308868501528947e-01,1.288244766505635963e-01,1.092896174863387942e-01,1.682027649769585187e-01,1.330275229357798239e-01,1.485411140583554335e-01,2.297165200391006745e-01,1.430793157076205302e-01,1.200564971751412469e-01,0.000000000000000000e+00,5.468750000000000000e-02,2.514619883040935533e-01,1.885325558794946621e-01,1.454545454545454475e-01,1.530054644808743203e-01,1.246105919003115264e-01,7.886435331230283452e-02,1.034482758620689641e-01,0.000000000000000000e+00,1.058823529411764691e-01,0.000000000000000000e+00,1.103896103896103847e-01,1.464968152866241990e-01,1.482127288578901358e-01,1.245972073039742223e-01,1.445783132530120418e-01,0.000000000000000000e+00,1.333333333333333315e-01,1.017316017316017285e-01,1.323529411764705899e-01,8.379888268156424069e-02,1.221719457013574622e-01,9.865470852017936554e-02,1.485943775100401487e-01,1.086956521739130405e-01,1.583333333333333259e-01,1.367187500000000000e-01,7.582938388625592996e-02,1.336206896551724033e-01,1.321585903083700442e-01,1.067193675889328008e-01,1.659192825112107694e-01,1.478260869565217461e-01,1.351351351351351426e-01,1.238532110091743188e-01,9.729729729729730270e-02,1.145374449339207068e-01,1.338582677165354451e-01,1.620370370370370350e-01
7.272727272727272929e-01,6.999999999999999556e-01,8.571428571428570953e-01,1.000000000000000000e+00,1.000000000000000000e+00,1.000000000000000000e+00,0.000000000000000000e+00,0.000000000000000000e+00,0.000000000000000000e+00,1.000000000000000000e+00,8.000000000000000444e-01,1.000000000000000000e+00,1.000000000000000000e+00,0.000000000000000000e+00,7.500000000000000000e-01,5.000000000000000000e-01,9.583333333333333703e-01,7.368421052631578538e-01,8.571428571428570953e-01,7.500000000000000000e-01,7.500000000000000000e-01,0.000000000000000000e+00,5.833333333333333703e-01,7.894736842105263275e-01,1.000000000000000000e+00,0.000000000000000000e+00,5.000000000000000000e-01,4.000000000000000222e-01,4.166666666666666852e-01,8.235294117647058432e-01,1.000000000000000000e+00,8.000000000000000444e-01,6.666666666666666297e-01,5.000000000000000000e-01,8.750000000000000000e-01,7.647058823529411242e-01,9.285714285714286031e-01,7.222222222222222099e-01,5.000000000000000000e-01,8.888888888888888395e-01,1.000000000000000000e+00,7.142857142857143016e-01,1.000000000000000000e+00,4.799999999999999822e-01,8.000000000000000444e-01,0.000000000000000000e+00,6.842105263157894912e-01,1.000000000000000000e+00,6.333333333333333037e-01,1.000000000000000000e+00,1.000000000000000000e+00,1.000000000000000000e+00,7.500000000000000000e-01,0.000000000000000000e+00,7.500000000000000000e-01,3.750000000000000000e-01,0.000000000000000000e+00,8.571428571428570953e-01,9.090909090909090606e-01,7.142857142857143016e-01,0.000000000000000000e+00,5.999999999999999778e-01,8.000000000000000444e-01,1.000000000000000000e+00,5.500000000000000444e-01,8.000000000000000444e-01,6.666666666666666297e-01,1.428571428571428492e-01,6.666666666666666297e-01,7.500000000000000000e-01,6.666666666666666297e-01,5.999999999999999778e-01,6.666666666666666297e-01,1.000000000000000000e+00,8.571428571428570953e-01,5.714285714285713969e-01,0.000000000000000000e+00,6.206896551724138122e-01,5.000000000000000000e-01,8.181818181818182323e-01,7.894736842105263275e-01,4.000000000000000222e-01,7.857142857142856984e-01,1.000000000000000000e+00,7.857142857142856984e-01,5.000000000000000000e-01,5.999999999999999778e-01,0.000000000000000000e+00,8.461538461538461453e-01,5.999999999999999778e-01,8.750000000000000000e-01,4.000000000000000222e-01,7.368421052631578538e-01,1.000000000000000000e+00,1.000000000000000000e+00,8.750000000000000000e-01,8.181818181818182323e-01,7.500000000000000000e-01,1.000000000000000000e+00,6.999999999999999556e-01,5.294117647058823595e-01,6.923076923076922906e-01,4.000000000000000222e-01,6.666666666666666297e-01,7.142857142857143016e-01,5.000000000000000000e-01,0.000000000000000000e+00,0.000000000000000000e+00,3.333333333333333148e-01,0.000000000000000000e+00,0.000000000000000000e+00,6.428571428571429047e-01,5.714285714285713969e-01,6.999999999999999556e-01,1.000000000000000000e+00,1.000000000000000000e+00,1.000000000000000000e+00,6.521739130434782705e-01,3.750000000000000000e-01,6.756756756756756577e-01,5.999999999999999778e-01,7.142857142857143016e-01,7.500000000000000000e-01,7.894736842105263275e-01,5.000000000000000000e-01,6.666666666666666297e-01,7.692307692307692735e-01,1.000000000000000000e+00,9.259259259259259300e-01,1.000000000000000000e+00,0.000000000000000000e+00,0.000000000000000000e+00,0.000000000000000000e+00,9.523809523809523281e-01,9.375000000000000000e-01,1.000000000000000000e+00,1.000000000000000000e+00,7.222222222222222099e-01,1.000000000000000000e+00,9.333333333333333481e-01,1.000000000000000000e+00,7.619047619047618625e-01,1.000000000000000000e+00,1.000000000000000000e+00,3.333333333333333148e-01,0.000000000000000000e+00,8.000000000000000444e-01,0.000000000000000000e+00,0.000000000000000000e+00,8.823529411764705621e-01,9.375000000000000000e-01,6.923076923076922906e-01,1.000000000000000000e+00,1.000000000000000000e+00,8.461538461538461453e-01,8.333333333333333703e-01,5.714285714285713969e-01,1.000000000000000000e+00,0.000000000000000000e+00,6.666666666666666297e-01,1.000000000000000000e+00,1.000000000000000000e+00,6.999999999999999556e-01,6.666666666666666297e-01,1.000000000000000000e+00,0.000000000000000000e+00,6.666666666666666297e-01,0.000000000000000000e+00,7.500000000000000000e-01,5.000000000000000000e-01,8.095238095238095344e-01,0.000000000000000000e+00,0.000000000000000000e+00,1.000000000000000000e+00,6.666666666666666297e-01,8.000000000000000444e-01,7.222222222222222099e-01,7.500000000000000000e-01,3.333333333333333148e-01,6.666666666666666297e-01,1.000000000000000000e+00,0.000000000000000000e+00,9.629629629629629095e-01,1.000000000000000000e+00,1.000000000000000000e+00,9.310344827586206629e-01,5.714285714285713969e-01,0.000000000000000000e+00,1.000000000000000000e+00,6.666666666666666297e-01,0.000000000000000000e+00,6.923076923076922906e-01,7.272727272727272929e-01,5.000000000000000000e-01,8.000000000000000444e-01,4.375000000000000000e-01,5.454545454545454142e-01,0.000000000000000000e+00,5.384615384615384359e-01,5.999999999999999778e-01,5.454545454545454142e-01,8.000000000000000444e-01,1.000000000000000000e+00,8.461538461538461453e-01,1.000000000000000000e+00,1.000000000000000000e+00,9.615384615384615641e-01,7.600000000000000089e-01,0.000000000000000000e+00,1.000000000000000000e+00,5.999999999999999778e-01,6.500000000000000222e-01,0.000000000000000000e+00,1.000000000000000000e+00,9.428571428571428381e-01,0.000000000000000000e+00,5.000000000000000000e-01,0.000000000000000000e+00,0.000000000000000000e+00,0.000000000000000000e+00,0.000000000000000000e+00,1.000000000000000000e+00,7.500000000000000000e-01,8.333333333333333703e-01,8.235294117647058432e-01,0.000000000000000000e+00,1.000000000000000000e+00,0.000000000000000000e+00,8.333333333333333703e-01,5.000000000000000000e-01,1.000000000000000000e+00,8.000000000000000444e-01,0.000000000000000000e+00,0.000000000000000000e+00,8.260869565217391353e-01,1.000000000000000000e+00,8.260869565217391353e-01,8.461538461538461453e-01,8.333333333333333703e-01,1.000000000000000000e+00,8.571428571428570953e-01,6.500000000000000222e-01,8.333333333333333703e-01,8.499999999999999778e-01,0.000000000000000000e+00,8.636363636363636465e-01,8.571428571428570953e-01,8.750000000000000000e-01,8.000000000000000444e-01,5.833333333333333703e-01,0.000000000000000000e+00,1.000000000000000000e+00,8.000000000000000444e-01,6.666666666666666297e-01,3.333333333333333148e-01,1.000000000000000000e+00,0.000000000000000000e+00,3.333333333333333148e-01,9.615384615384615641e-01,6.956521739130434590e-01,0.000000000000000000e+00,5.000000000000000000e-01,0.000000000000000000e+00,0.000000000000000000e+00,6.666666666666666297e-01,0.000000000000000000e+00,3.333333333333333148e-01,6.666666666666666297e-01,7.777777777777777901e-01,8.181818181818182323e-01,6.315789473684210176e-01,8.571428571428570953e-01,8.571428571428570953e-01,8.181818181818182323e-01,5.999999999999999778e-01,1.000000000000000000e+00,3.636363636363636465e-01,9.259259259259259300e-01,7.692307692307692735e-01,8.461538461538461453e-01,0.000000000000000000e+00,0.000000000000000000e+00,1.000000000000000000e+00,7.142857142857143016e-01,1.000000000000000000e+00,8.333333333333333703e-01,1.000000000000000000e+00,2.857142857142856984e-01,1.000000000000000000e+00,0.000000000000000000e+00,0.000000000000000000e+00,0.000000000000000000e+00,5.999999999999999778e-01,1.000000000000000000e+00,8.000000000000000444e-01,7.727272727272727071e-01,6.250000000000000000e-01,0.000000000000000000e+00,1.000000000000000000e+00,7.500000000000000000e-01,7.500000000000000000e-01,5.714285714285713969e-01,8.000000000000000444e-01,5.000000000000000000e-01,5.000000000000000000e-01,5.000000000000000000e-01,1.000000000000000000e+00,5.714285714285713969e-01,5.714285714285713969e-01,1.000000000000000000e+00,6.428571428571429047e-01,8.571428571428570953e-01,1.000000000000000000e+00,7.500000000000000000e-01,8.571428571428570953e-01,8.888888888888888395e-01,5.999999999999999778e-01,7.142857142857143016e-01,6.666666666666666297e-01,8.571428571428570953e-01
0.000000000000000000e+00,0.000000000000000000e+00,0.000000000000000000e+00,0.000000000000000000e+00,0.000000000000000000e+00,0.000000000000000000e+00,0.000000000000000000e+00,0.000000000000000000e+00,0.000000000000000000e+00,0.000000000000000000e+00,0.000000000000000000e+00,0.000000000000000000e+00,0.000000000000000000e+00,0.000000000000000000e+00,0.000000000000000000e+00,0.000000000000000000e+00,0.000000000000000000e+00,0.000000000000000000e+00,0.000000000000000000e+00,0.000000000000000000e+00,0.000000000000000000e+00,0.000000000000000000e+00,0.000000000000000000e+00,0.000000000000000000e+00,0.000000000000000000e+00,0.000000000000000000e+00,0.000000000000000000e+00,0.000000000000000000e+00,0.000000000000000000e+00,0.000000000000000000e+00,0.000000000000000000e+00,0.000000000000000000e+00,0.000000000000000000e+00,0.000000000000000000e+00,0.000000000000000000e+00,0.000000000000000000e+00,0.000000000000000000e+00,0.000000000000000000e+00,0.000000000000000000e+00,0.000000000000000000e+00,0.000000000000000000e+00,0.000000000000000000e+00,0.000000000000000000e+00,0.000000000000000000e+00,0.000000000000000000e+00,0.000000000000000000e+00,0.000000000000000000e+00,0.000000000000000000e+00,0.000000000000000000e+00,0.000000000000000000e+00,0.000000000000000000e+00,0.000000000000000000e+00,0.000000000000000000e+00,0.000000000000000000e+00,0.000000000000000000e+00,0.000000000000000000e+00,0.000000000000000000e+00,0.000000000000000000e+00,0.000000000000000000e+00,0.000000000000000000e+00,0.000000000000000000e+00,0.000000000000000000e+00,0.000000000000000000e+00,0.000000000000000000e+00,0.000000000000000000e+00,0.000000000000000000e+00,0.000000000000000000e+00,0.000000000000000000e+00,0.000000000000000000e+00,0.000000000000000000e+00,0.000000000000000000e+00,0.000000000000000000e+00,0.000000000000000000e+00,0.000000000000000000e+00,0.000000000000000000e+00,0.000000000000000000e+00,0.000000000000000000e+00,0.000000000000000000e+00,0.000000000000000000e+00,0.000000000000000000e+00,0.000000000000000000e+00,0.000000000000000000e+00,0.000000000000000000e+00,0.000000000000000000e+00,0.000000000000000000e+00,0.000000000000000000e+00,0.000000000000000000e+00,0.000000000000000000e+00,0.000000000000000000e+00,0.000000000000000000e+00,0.000000000000000000e+00,0.000000000000000000e+00,0.000000000000000000e+00,0.000000000000000000e+00,0.000000000000000000e+00,0.000000000000000000e+00,0.000000000000000000e+00,0.000000000000000000e+00,0.000000000000000000e+00,0.000000000000000000e+00,0.000000000000000000e+00,0.000000000000000000e+00,0.000000000000000000e+00,0.000000000000000000e+00,0.000000000000000000e+00,0.000000000000000000e+00,0.000000000000000000e+00,0.000000000000000000e+00,0.000000000000000000e+00,0.000000000000000000e+00,0.000000000000000000e+00,0.000000000000000000e+00,0.000000000000000000e+00,0.000000000000000000e+00,0.000000000000000000e+00,0.000000000000000000e+00,0.000000000000000000e+00,0.000000000000000000e+00,0.000000000000000000e+00,0.000000000000000000e+00,0.000000000000000000e+00,0.000000000000000000e+00,0.000000000000000000e+00,0.000000000000000000e+00,0.000000000000000000e+00,0.000000000000000000e+00,0.000000000000000000e+00,0.000000000000000000e+00,0.000000000000000000e+00,0.000000000000000000e+00,0.000000000000000000e+00,0.000000000000000000e+00,0.000000000000000000e+00,0.000000000000000000e+00,0.000000000000000000e+00,0.000000000000000000e+00,0.000000000000000000e+00,0.000000000000000000e+00,0.000000000000000000e+00,0.000000000000000000e+00,0.000000000000000000e+00,0.000000000000000000e+00,0.000000000000000000e+00,0.000000000000000000e+00,0.000000000000000000e+00,0.000000000000000000e+00,0.000000000000000000e+00,0.000000000000000000e+00,0.000000000000000000e+00,0.000000000000000000e+00,0.000000000000000000e+00,0.000000000000000000e+00,0.000000000000000000e+00,0.000000000000000000e+00,0.000000000000000000e+00,0.000000000000000000e+00,0.000000000000000000e+00,0.000000000000000000e+00,0.000000000000000000e+00,0.000000000000000000e+00,0.000000000000000000e+00,0.000000000000000000e+00,0.000000000000000000e+00,0.000000000000000000e+00,0.000000000000000000e+00,0.000000000000000000e+00,0.000000000000000000e+00,0.000000000000000000e+00,0.000000000000000000e+00,0.000000000000000000e+00,0.000000000000000000e+00,0.000000000000000000e+00,0.000000000000000000e+00,0.000000000000000000e+00,0.000000000000000000e+00,0.000000000000000000e+00,0.000000000000000000e+00,0.000000000000000000e+00,0.000000000000000000e+00,0.000000000000000000e+00,0.000000000000000000e+00,0.000000000000000000e+00,0.000000000000000000e+00,0.000000000000000000e+00,0.000000000000000000e+00,0.000000000000000000e+00,0.000000000000000000e+00,0.000000000000000000e+00,0.000000000000000000e+00,0.000000000000000000e+00,0.000000000000000000e+00,0.000000000000000000e+00,0.000000000000000000e+00,0.000000000000000000e+00,0.000000000000000000e+00,0.000000000000000000e+00,0.000000000000000000e+00,0.000000000000000000e+00,0.000000000000000000e+00,0.000000000000000000e+00,0.000000000000000000e+00,0.000000000000000000e+00,0.000000000000000000e+00,0.000000000000000000e+00,0.000000000000000000e+00,0.000000000000000000e+00,0.000000000000000000e+00,0.000000000000000000e+00,0.000000000000000000e+00,0.000000000000000000e+00,0.000000000000000000e+00,0.000000000000000000e+00,0.000000000000000000e+00,0.000000000000000000e+00,0.000000000000000000e+00,0.000000000000000000e+00,0.000000000000000000e+00,0.000000000000000000e+00,0.000000000000000000e+00,0.000000000000000000e+00,0.000000000000000000e+00,0.000000000000000000e+00,0.000000000000000000e+00,0.000000000000000000e+00,0.000000000000000000e+00,0.000000000000000000e+00,0.000000000000000000e+00,0.000000000000000000e+00,0.000000000000000000e+00,0.000000000000000000e+00,0.000000000000000000e+00,0.000000000000000000e+00,0.000000000000000000e+00,0.000000000000000000e+00,0.000000000000000000e+00,0.000000000000000000e+00,0.000000000000000000e+00,0.000000000000000000e+00,0.000000000000000000e+00,0.000000000000000000e+00,0.000000000000000000e+00,0.000000000000000000e+00,0.000000000000000000e+00,0.000000000000000000e+00,0.000000000000000000e+00,0.000000000000000000e+00,0.000000000000000000e+00,0.000000000000000000e+00,0.000000000000000000e+00,0.000000000000000000e+00,0.000000000000000000e+00,0.000000000000000000e+00,0.000000000000000000e+00,0.000000000000000000e+00,0.000000000000000000e+00,0.000000000000000000e+00,0.000000000000000000e+00,0.000000000000000000e+00,0.000000000000000000e+00,0.000000000000000000e+00,0.000000000000000000e+00,0.000000000000000000e+00,0.000000000000000000e+00,0.000000000000000000e+00,0.000000000000000000e+00,0.000000000000000000e+00,0.000000000000000000e+00,0.000000000000000000e+00,0.000000000000000000e+00,0.000000000000000000e+00,0.000000000000000000e+00,0.000000000000000000e+00,0.000000000000000000e+00,0.000000000000000000e+00,0.000000000000000000e+00,0.000000000000000000e+00,0.000000000000000000e+00,0.000000000000000000e+00,0.000000000000000000e+00,0.000000000000000000e+00,0.000000000000000000e+00,0.000000000000000000e+00,0.000000000000000000e+00,0.000000000000000000e+00,0.000000000000000000e+00,0.000000000000000000e+00,0.000000000000000000e+00,0.000000000000000000e+00,0.000000000000000000e+00,0.000000000000000000e+00,0.000000000000000000e+00,0.000000000000000000e+00,0.000000000000000000e+00,0.000000000000000000e+00,0.000000000000000000e+00,0.000000000000000000e+00,0.000000000000000000e+00,0.000000000000000000e+00,0.000000000000000000e+00,0.000000000000000000e+00,0.000000000000000000e+00,0.000000000000000000e+00,0.000000000000000000e+00,0.000000000000000000e+00,0.000000000000000000e+00,0.000000000000000000e+00,0.000000000000000000e+00,0.000000000000000000e+00,0.000000000000000000e+00,0.000000000000000000e+00,0.000000000000000000e+00,0.000000000000000000e+00,0.000000000000000000e+00,0.000000000000000000e+00,0.000000000000000000e+00,0.000000000000000000e+00,0.000000000000000000e+00,0.000000000000000000e+00,0.000000000000000000e+00,0.000000000000000000e+00
1.614583333333333426e-01,1.988416988416988329e-01,2.242990654205607448e-01,1.648351648351648324e-01,1.360946745562130189e-01,1.319444444444444475e-01,0.000000000000000000e+00,0.000000000000000000e+00,0.000000000000000000e+00,1.791044776119402882e-01,1.201923076923076955e-01,1.900000000000000022e-01,7.142857142857142461e-02,0.000000000000000000e+00,2.767857142857143016e-01,1.348314606741572996e-01,1.445783132530120418e-01,1.446428571428571563e-01,2.666666666666666630e-01,1.666666666666666574e-01,8.870967741935484319e-02,0.000000000000000000e+00,9.737827715355805436e-02,1.252336448598130869e-01,1.739130434782608647e-01,0.000000000000000000e+00,7.920792079207920888e-02,2.269503546099290725e-01,2.088167053364269055e-01,1.891117478510028760e-01,1.562500000000000000e-01,1.730769230769230727e-01,1.347150259067357581e-01,1.287553648068669454e-01,1.511627906976744096e-01,2.198067632850241593e-01,1.453488372093023340e-01,1.233766233766233761e-01,1.782608695652173891e-01,1.882129277566539916e-01,1.785714285714285754e-01,1.877394636015325691e-01,1.485148514851485080e-01,1.516754850088183337e-01,1.428571428571428492e-01,0.000000000000000000e+00,1.991247264770240610e-01,2.857142857142856984e-01,1.614678899082568897e-01,2.500000000000000000e-01,1.288981288981289053e-01,1.095890410958904049e-01,9.139784946236559349e-02,1.616161616161616299e-01,1.566265060240963902e-01,1.123595505617977497e-01,2.105263157894736725e-01,1.578947368421052544e-01,1.534090909090909116e-01,1.889763779527559029e-01,2.307692307692307820e-01,1.382978723404255372e-01,1.329365079365079361e-01,5.434782608695652023e-02,1.780821917808219079e-01,2.612612612612612573e-01,1.652892561983471120e-01,2.058823529411764608e-01,9.677419354838709409e-02,1.225806451612903164e-01,1.100000000000000006e-01,1.250000000000000000e-01,1.626617375231053653e-01,1.450151057401812826e-01,7.035175879396984855e-02,1.907216494845360710e-01,1.555555555555555580e-01,1.250000000000000000e-01,2.007874015748031538e-01,1.401869158878504551e-01,9.473684210526316096e-02,1.137724550898203540e-01,1.637010676156583633e-01,1.570247933884297564e-01,1.859504132231404872e-01,2.411347517730496326e-01,2.198795180722891429e-01,0.000000000000000000e+00,1.240875912408759135e-01,1.250000000000000000e-01,1.752577319587628746e-01,1.681415929203539938e-01,1.223021582733812979e-01,1.633858267716535306e-01,1.794871794871794879e-01,1.374045801526717625e-01,1.348039215686274439e-01,1.941176470588235337e-01,1.586206896551724255e-01,1.774193548387096864e-01,1.491228070175438514e-01,1.371841155234657106e-01,1.576354679802955683e-01,1.775510204081632570e-01,1.988188976377952832e-01,1.944444444444444475e-01,7.792207792207792028e-02,0.000000000000000000e+00,1.395348837209302306e-01,0.000000000000000000e+00,1.525423728813559421e-01,1.635802469135802517e-01,2.081218274111675259e-01,1.931818181818181768e-01,1.225490196078431321e-01,1.883408071748878809e-01,1.436781609195402210e-01,1.697761194029850651e-01,1.645569620253164445e-01,1.874084919472913668e-01,9.756097560975610095e-02,2.096774193548387177e-01,1.029411764705882304e-01,1.796875000000000000e-01,2.674418604651162545e-01,1.965317919075144637e-01,2.340425531914893664e-01,1.697127937336814496e-01,1.851179673321234065e-01,8.695652173913043237e-02,0.000000000000000000e+00,1.696428571428571508e-01,0.000000000000000000e+00,1.597510373443983278e-01,1.955484896661367211e-01,1.382113821138211407e-01,2.395833333333333426e-01,2.482915717539863343e-01,1.235955056179775247e-01,2.040133779264214076e-01,1.627906976744186163e-01,1.352549889135254979e-01,2.234042553191489255e-01,1.614906832298136641e-01,1.875000000000000000e-01,0.000000000000000000e+00,2.025316455696202500e-01,0.000000000000000000e+00,0.000000000000000000e+00,1.553398058252427050e-01,1.167400881057268774e-01,1.828254847645429393e-01,2.807017543859648967e-01,1.776649746192893453e-01,1.480484522207267950e-01,1.570881226053639779e-01,1.145038167938931262e-01,1.376146788990825764e-01,1.333333333333333315e-01,1.417322834645669272e-01,1.719999999999999862e-01,1.363636363636363535e-01,1.576086956521739191e-01,1.871794871794871806e-01,1.140350877192982393e-01,0.000000000000000000e+00,2.061855670103092675e-01,0.000000000000000000e+00,1.650943396226415005e-01,8.737864077669903196e-02,1.616379310344827624e-01,0.000000000000000000e+00,0.000000000000000000e+00,5.882352941176470507e-02,1.069518716577540079e-01,2.299465240641711261e-01,1.666666666666666574e-01,1.343283582089552231e-01,8.955223880597014408e-02,2.276785714285714246e-01,8.695652173913043237e-02,1.818181818181818232e-01,1.986754966887417095e-01,1.475409836065573743e-01,6.557377049180328210e-02,1.287477954144620740e-01,9.473684210526316096e-02,0.000000000000000000e+00,1.126760563380281716e-01,1.612903225806451568e-01,0.000000000000000000e+00,1.528545119705340682e-01,1.506849315068493067e-01,4.347826086956521618e-02,1.589147286821705474e-01,1.362229102167182571e-01,8.394160583941605303e-02,0.000000000000000000e+00,2.138364779874213917e-01,1.772151898734177222e-01,1.633333333333333304e-01,2.251655629139072967e-01,1.411411411411411521e-01,1.844660194174757295e-01,1.694915254237288060e-01,5.660377358490566169e-02,1.736641221374045918e-01,1.389337641357027420e-01,0.000000000000000000e+00,1.347826086956521729e-01,1.748251748251748172e-01,1.538461538461538547e-01,1.481481481481481399e-01,1.499999999999999944e-01,1.700554528650646824e-01,7.142857142857142461e-02,1.167664670658682680e-01,0.000000000000000000e+00,1.803278688524590223e-01,0.000000000000000000e+00,0.000000000000000000e+00,2.173913043478260809e-01,1.691542288557214002e-01,2.247191011235954994e-01,1.281512605042016695e-01,0.000000000000000000e+00,1.428571428571428492e-01,0.000000000000000000e+00,1.485148514851485080e-01,2.447552447552447663e-01,9.090909090909091161e-02,1.818181818181818232e-01,0.000000000000000000e+00,0.000000000000000000e+00,1.490909090909090795e-01,1.095890410958904049e-01,1.372282608695652162e-01,1.104100946372239683e-01,1.347068145800316974e-01,1.134020618556701027e-01,1.931216931216931110e-01,1.371340523882896845e-01,2.115384615384615363e-01,1.796008869179600842e-01,1.184210526315789408e-01,1.007556675062972334e-01,1.752577319587628746e-01,1.527777777777777901e-01,1.414790996784565935e-01,1.511254019292604389e-01,0.000000000000000000e+00,2.027027027027027140e-01,1.472868217054263684e-01,2.122093023255813837e-01,1.290322580645161255e-01,1.782945736434108641e-01,0.000000000000000000e+00,1.005586592178770999e-01,1.404056162246489770e-01,1.818181818181818232e-01,0.000000000000000000e+00,2.195121951219512202e-01,0.000000000000000000e+00,0.000000000000000000e+00,1.454545454545454475e-01,0.000000000000000000e+00,9.090909090909091161e-02,1.524064171122994638e-01,2.049999999999999878e-01,1.307692307692307765e-01,1.671469740634005663e-01,1.311053984575835385e-01,2.628398791540785262e-01,1.173594132029339848e-01,1.333333333333333315e-01,1.769911504424778736e-01,1.872146118721461083e-01,1.616161616161616299e-01,1.553133514986375918e-01,1.347708894878706098e-01,0.000000000000000000e+00,1.891891891891891997e-01,1.222222222222222182e-01,1.661073825503355805e-01,1.565656565656565746e-01,2.418604651162790664e-01,8.391608391608391948e-02,1.161290322580645212e-01,1.499999999999999944e-01,0.000000000000000000e+00,7.894736842105262720e-02,0.000000000000000000e+00,1.978021978021977934e-01,2.000000000000000111e-01,2.295081967213114804e-01,1.554621848739495826e-01,1.481481481481481399e-01,0.000000000000000000e+00,9.523809523809523281e-02,1.255411255411255367e-01,1.206896551724137984e-01,1.359223300970873738e-01,1.388888888888888951e-01,1.538461538461538547e-01,1.224489795918367319e-01,1.090909090909090856e-01,1.074380165289256228e-01,1.450381679389312894e-01,1.009174311926605561e-01,1.523809523809523947e-01,1.517857142857142738e-01,1.452991452991453103e-01,1.226415094339622647e-01,1.517857142857142738e-01,1.250000000000000000e-01,1.186440677966101725e-01,1.221374045801526670e-01,6.250000000000000000e-02,8.411214953271027583e-02,1.122448979591836732e-01
1.379310344827586188e-01,1.456790123456790098e-01,2.795698924731182533e-01,1.880733944954128545e-01,1.265822784810126667e-01,2.000000000000000111e-01,0.000000000000000000e+00,0.000000000000000000e+00,0.000000000000000000e+00,1.851851851851851749e-01,1.503759398496240518e-01,1.744186046511627952e-01,1.000000000000000056e-01,0.000000000000000000e+00,2.110091743119266172e-01,1.707317073170731836e-01,1.069651741293532327e-01,1.554621848739495826e-01,1.864406779661016977e-01,1.276595744680850963e-01,1.440677966101694962e-01,0.000000000000000000e+00,1.412213740458015399e-01,1.597374179431072239e-01,1.318681318681318715e-01,0.000000000000000000e+00,1.826086956521739135e-01,1.562500000000000000e-01,1.250000000000000000e-01,1.265432098765432167e-01,1.764705882352941291e-01,1.196581196581196632e-01,1.028571428571428553e-01,1.155660377358490587e-01,1.453744493392070403e-01,1.098591549295774711e-01,1.397515527950310421e-01,7.394366197183098455e-02,1.193181818181818232e-01,1.501210653753026758e-01,1.395348837209302306e-01,1.000000000000000056e-01,2.142857142857142738e-01,1.187739463601532597e-01,1.366459627329192628e-01,0.000000000000000000e+00,1.335149863760217992e-01,1.935483870967741882e-01,1.158878504672897214e-01,9.615384615384615918e-02,1.403940886699507340e-01,6.578947368421052266e-02,1.111111111111111049e-01,1.111111111111111049e-01,9.459459459459459985e-02,1.229946524064171182e-01,2.142857142857142738e-01,2.000000000000000111e-01,1.069182389937106958e-01,1.145374449339207068e-01,1.372549019607843257e-01,1.380208333333333426e-01,1.512195121951219468e-01,1.309523809523809590e-01,1.218074656188605082e-01,2.027027027027027140e-01,1.194690265486725717e-01,1.111111111111111049e-01,1.627906976744186163e-01,1.428571428571428492e-01,7.127429805615551062e-02,1.005586592178770999e-01,1.286089238845144478e-01,1.266968325791855143e-01,1.363636363636363535e-01,7.977207977207977085e-02,2.156862745098039325e-01,1.048387096774193589e-01,1.463414634146341375e-01,1.202749140893470819e-01,1.637168141592920401e-01,1.325966850828729227e-01,1.772151898734177222e-01,1.237113402061855716e-01,2.186234817813765274e-01,1.238938053097345116e-01,1.188811188811188801e-01,0.000000000000000000e+00,8.835341365461847618e-02,1.135371179039301320e-01,1.703703703703703665e-01,2.282608695652173780e-01,1.820987654320987692e-01,1.264916467780429488e-01,1.621621621621621712e-01,1.662337662337662336e-01,2.056074766355140138e-01,1.111111111111111049e-01,1.307692307692307765e-01,1.384615384615384692e-01,9.841269841269841001e-02,1.072961373390557971e-01,1.257142857142857229e-01,1.126760563380281716e-01,1.377777777777777768e-01,7.142857142857142461e-02,4.819277108433735191e-02,0.000000000000000000e+00,5.263157894736841813e-02,0.000000000000000000e+00,8.219178082191780366e-02,1.571675302245250372e-01,1.237113402061855716e-01,1.316526610644257744e-01,1.145374449339207068e-01,1.419753086419753008e-01,1.133333333333333276e-01,1.309523809523809590e-01,1.228070175438596423e-01,1.270125223613595700e-01,1.417910447761193959e-01,1.212121212121212155e-01,1.311475409836065642e-01,1.396895787139689482e-01,2.372881355932203451e-01,1.423841059602649062e-01,1.655405405405405428e-01,1.962616822429906482e-01,1.403508771929824483e-01,7.317073170731706877e-02,0.000000000000000000e+00,1.927710843373494076e-01,0.000000000000000000e+00,1.711229946524064072e-01,1.711111111111111027e-01,1.078431372549019662e-01,1.030927835051546337e-01,1.137566137566137503e-01,1.764705882352941291e-01,1.709401709401709435e-01,8.045977011494252762e-02,1.105527638190954842e-01,8.333333333333332871e-02,9.493670886075949999e-02,8.510638297872340219e-02,0.000000000000000000e+00,2.000000000000000111e-01,0.000000000000000000e+00,0.000000000000000000e+00,1.078066914498141265e-01,1.076923076923076983e-01,1.343283582089552231e-01,1.499999999999999944e-01,1.823899371069182263e-01,1.438596491228070207e-01,1.511111111111111127e-01,1.120000000000000023e-01,1.276595744680850963e-01,1.935483870967741882e-01,1.040723981900452538e-01,1.535580524344569153e-01,1.666666666666666574e-01,1.534653465346534629e-01,1.354838709677419484e-01,1.507936507936507853e-01,0.000000000000000000e+00,1.609195402298850552e-01,0.000000000000000000e+00,8.771929824561403022e-02,1.204819277108433728e-01,1.466666666666666674e-01,0.000000000000000000e+00,0.000000000000000000e+00,4.000000000000000083e-02,1.240310077519379828e-01,1.292517006802721136e-01,1.190476190476190410e-01,1.286231884057970898e-01,1.571428571428571397e-01,1.408775981524249543e-01,2.894736842105263275e-01,1.525423728813559421e-01,1.657894736842105143e-01,1.219512195121951192e-01,1.333333333333333315e-01,1.098901098901098883e-01,1.111111111111111049e-01,0.000000000000000000e+00,2.549019607843137081e-01,6.400000000000000133e-02,0.000000000000000000e+00,1.169102296450939410e-01,9.302325581395348708e-02,1.025641025641025605e-01,1.731601731601731531e-01,1.312500000000000056e-01,9.854014598540146441e-02,0.000000000000000000e+00,1.292517006802721136e-01,1.228070175438596423e-01,1.346938775510204134e-01,1.574803149606299191e-01,1.309523809523809590e-01,1.621621621621621712e-01,1.935483870967741882e-01,1.408450704225352179e-01,1.417721518987341833e-01,1.259689922480620172e-01,0.000000000000000000e+00,1.085714285714285687e-01,1.970802919708029288e-01,1.337719298245614030e-01,2.098765432098765316e-01,1.126760563380281716e-01,1.269035532994923776e-01,1.267605633802816878e-01,1.490683229813664634e-01,0.000000000000000000e+00,8.695652173913043237e-02,0.000000000000000000e+00,0.000000000000000000e+00,1.111111111111111049e-01,1.308900523560209417e-01,2.022471910112359494e-01,2.047244094488188948e-01,0.000000000000000000e+00,1.363636363636363535e-01,0.000000000000000000e+00,9.948979591836734637e-02,1.153846153846153910e-01,1.666666666666666574e-01,9.574468085106382920e-02,0.000000000000000000e+00,0.000000000000000000e+00,1.145194274028629861e-01,1.916666666666666796e-01,9.404388714733542820e-02,1.025641025641025605e-01,1.333333333333333315e-01,1.137724550898203540e-01,1.156462585034013640e-01,1.478260869565217461e-01,1.288782816229117056e-01,1.111111111111111049e-01,5.333333333333333676e-02,1.161473087818696848e-01,1.764705882352941291e-01,1.212121212121212155e-01,9.796672828096118779e-02,9.774436090225563367e-02,0.000000000000000000e+00,1.632653061224489666e-01,1.499999999999999944e-01,1.201413427561837388e-01,1.507936507936507853e-01,1.052631578947368363e-01,0.000000000000000000e+00,1.729323308270676596e-01,1.466666666666666674e-01,1.264822134387351693e-01,0.000000000000000000e+00,1.818181818181818232e-01,0.000000000000000000e+00,0.000000000000000000e+00,1.935483870967741882e-01,0.000000000000000000e+00,1.445783132530120418e-01,1.008902077151335314e-01,1.702127659574468044e-01,8.500000000000000611e-02,1.361111111111110994e-01,1.548913043478260809e-01,1.747211895910780743e-01,1.326530612244898044e-01,1.351351351351351426e-01,1.743119266055045968e-01,1.044776119402985037e-01,1.648822269807280472e-01,1.234177215189873472e-01,1.604584527220630497e-01,0.000000000000000000e+00,3.225806451612903136e-02,1.142857142857142821e-01,1.581291759465478786e-01,1.020408163265306145e-01,1.341463414634146423e-01,9.420289855072463969e-02,4.137931034482758563e-02,2.631578947368420907e-02,0.000000000000000000e+00,1.666666666666666574e-01,0.000000000000000000e+00,9.615384615384615918e-02,1.093750000000000000e-01,1.068548387096774216e-01,1.369863013698630061e-01,1.203703703703703637e-01,0.000000000000000000e+00,1.829268292682926789e-01,1.045454545454545386e-01,1.415094339622641473e-01,1.264367816091954144e-01,1.111111111111111049e-01,1.212121212121212155e-01,1.300000000000000044e-01,1.634615384615384637e-01,7.407407407407406996e-02,1.546391752577319645e-01,1.030927835051546337e-01,1.166666666666666685e-01,1.730769230769230727e-01,1.284403669724770714e-01,1.724137931034482873e-01,8.247422680412370977e-02,1.532258064516129059e-01,8.421052631578947179e-02,1.499999999999999944e-01,1.348314606741572996e-01,6.741573033707864981e-02,8.333333333333332871e-02
2.136563876651982330e-01,1.690544412607449809e-01,3.435582822085889720e-01,3.288409703504043269e-01,1.973094170403587311e-01,3.707317073170731669e-01,0.000000000000000000e+00,0.000000000000000000e+00,0.000000000000000000e+00,4.202898550724637472e-01,4.711538461538461453e-01,3.667546174142480297e-01,4.285714285714285476e-01,0.000000000000000000e+00,2.046511627906976716e-01,1.865671641791044888e-01,4.726688102893890631e-01,1.673414304993252333e-01,2.608695652173912971e-01,2.368421052631578816e-01,1.653543307086614289e-01,0.000000000000000000e+00,1.542207792207792305e-01,1.983739837398373895e-01,1.798561151079136611e-01,0.000000000000000000e+00,1.111111111111111049e-01,2.283950617283950490e-01,1.990131578947368363e-01,1.679389312977099258e-01,1.296296296296296224e-01,1.389521640091116172e-01,9.543568464730289858e-02,1.749571183533447649e-01,1.535269709543568561e-01,1.496478873239436569e-01,5.040160642570281624e-01,1.630434782608695676e-01,2.448132780082987459e-01,2.164429530201342211e-01,1.944444444444444475e-01,1.273712737127371264e-01,4.189189189189189144e-01,1.517341040462427681e-01,1.244979919678714797e-01,0.000000000000000000e+00,1.937984496124031120e-01,2.083333333333333426e-01,1.594387755102040782e-01,2.361111111111111049e-01,4.357142857142857206e-01,1.386138613861386260e-01,1.428571428571428492e-01,1.313868613138686192e-01,1.180555555555555525e-01,1.646090534979423869e-01,2.500000000000000000e-01,2.132352941176470507e-01,2.027027027027027140e-01,1.929260450160771578e-01,1.938775510204081565e-01,1.491525423728813637e-01,1.411960132890365538e-01,1.510791366906474864e-01,1.895043731778425777e-01,1.558441558441558406e-01,7.936507936507936067e-02,1.440329218106995990e-01,1.702127659574468044e-01,1.804123711340206160e-01,1.513605442176870763e-01,1.800766283524904143e-01,1.798866855524079433e-01,4.397905759162303863e-01,1.345177664974619158e-01,2.193675889328063344e-01,1.014492753623188470e-01,1.533180778032036673e-01,1.142857142857142821e-01,2.522522522522522292e-01,1.864661654135338353e-01,1.803278688524590223e-01,2.246153846153846056e-01,1.187499999999999944e-01,2.566371681415929307e-01,1.460674157303370746e-01,1.694117647058823450e-01,0.000000000000000000e+00,3.064516129032258118e-01,1.789137380191693216e-01,2.766990291262135804e-01,2.211055276381909684e-01,1.701149425287356298e-01,4.824191279887482531e-01,2.897196261682242757e-01,2.217741935483870941e-01,1.762652705061082126e-01,1.558441558441558406e-01,1.836734693877551117e-01,1.660079051383399340e-01,1.376975169300225788e-01,1.381578947368421184e-01,1.551020408163265307e-01,2.558922558922558932e-01,2.291066282420749223e-01,1.805555555555555525e-01,7.142857142857142461e-02,0.000000000000000000e+00,2.093023255813953598e-01,0.000000000000000000e+00,1.880341880341880323e-01,1.664791901012373510e-01,1.653846153846153799e-01,1.537070524412296468e-01,4.289940828402367123e-01,4.306049822064056953e-01,4.662162162162162282e-01,1.537414965986394488e-01,1.762711864406779627e-01,1.861271676300577937e-01,1.773255813953488469e-01,1.766848816029144009e-01,1.404958677685950452e-01,1.798188874514877189e-01,1.769911504424778736e-01,2.145593869731800829e-01,1.508120649651972234e-01,4.082840236686390289e-01,3.592356687898088929e-01,1.363636363636363535e-01,0.000000000000000000e+00,1.925465838509316796e-01,0.000000000000000000e+00,3.629032258064516236e-01,3.352468427095292580e-01,4.882352941176470451e-01,1.700680272108843483e-01,1.726283048211508520e-01,5.000000000000000000e-01,4.097938144329896781e-01,4.921465968586387629e-01,1.816720257234726577e-01,1.640625000000000000e-01,1.555555555555555580e-01,1.882352941176470562e-01,0.000000000000000000e+00,1.700000000000000122e-01,0.000000000000000000e+00,0.000000000000000000e+00,4.454342984409799810e-01,4.655929721815519895e-01,1.600000000000000033e-01,1.749999999999999889e-01,4.666666666666666741e-01,1.977011494252873536e-01,3.022508038585208778e-01,2.418136020151133436e-01,4.304635761589403753e-01,1.136363636363636326e-01,1.727574750830564720e-01,4.431279620853080803e-01,4.550000000000000155e-01,1.931818181818181768e-01,1.479400749063670417e-01,2.066666666666666652e-01,0.000000000000000000e+00,1.562500000000000000e-01,0.000000000000000000e+00,2.007722007722007596e-01,1.594202898550724501e-01,1.794520547945205602e-01,0.000000000000000000e+00,0.000000000000000000e+00,3.703703703703703498e-02,2.259615384615384637e-01,3.624161073825503121e-01,1.696284329563812476e-01,1.453634085213032501e-01,2.678571428571428492e-01,1.965217391304347749e-01,1.212121212121212155e-01,2.783505154639175361e-01,3.888888888888888951e-01,3.061224489795918435e-01,1.260504201680672232e-01,4.829001367989055882e-01,1.386861313868613110e-01,0.000000000000000000e+00,1.971830985915492829e-01,2.287234042553191460e-01,0.000000000000000000e+00,1.681818181818181823e-01,1.285347043701799419e-01,7.017543859649122417e-02,1.034482758620689641e-01,1.210855949895615902e-01,1.675531914893617080e-01,0.000000000000000000e+00,1.458333333333333426e-01,1.778846153846153910e-01,1.601049868766404316e-01,2.233502538071066024e-01,3.753148614609571609e-01,2.500000000000000000e-01,3.647058823529411575e-01,4.022988505747126520e-01,3.271692745376955647e-01,1.281337047353760528e-01,0.000000000000000000e+00,1.465201465201465270e-01,2.021857923497267784e-01,2.038709677419354716e-01,1.282051282051281937e-01,2.651933701657458453e-01,3.614609571788413023e-01,2.123893805309734484e-01,1.395881006864988505e-01,0.000000000000000000e+00,7.228915662650602092e-02,0.000000000000000000e+00,0.000000000000000000e+00,1.967213114754098324e-01,3.240418118466898978e-01,3.300970873786407966e-01,1.626984126984127033e-01,0.000000000000000000e+00,4.207920792079207772e-01,0.000000000000000000e+00,2.094861660079051502e-01,1.743589743589743501e-01,1.161290322580645212e-01,2.578125000000000000e-01,0.000000000000000000e+00,0.000000000000000000e+00,2.053872053872053960e-01,1.799999999999999933e-01,2.346193952033368002e-01,9.360730593607305416e-02,2.553699284009546266e-01,1.327800829875518673e-01,1.919561243144424223e-01,1.853932584269663009e-01,2.055800293685756119e-01,1.798319327731092432e-01,1.682242990654205517e-01,4.636363636363636243e-01,1.646341463414634221e-01,2.605633802816901268e-01,1.920000000000000040e-01,1.428571428571428492e-01,0.000000000000000000e+00,4.259259259259259300e-01,1.978021978021977934e-01,2.428940568475452255e-01,1.363636363636363535e-01,2.121212121212121271e-01,0.000000000000000000e+00,1.627906976744186163e-01,4.388133498145859179e-01,1.943765281173594206e-01,0.000000000000000000e+00,1.569767441860465129e-01,0.000000000000000000e+00,0.000000000000000000e+00,1.359223300970873738e-01,0.000000000000000000e+00,1.895424836601307117e-01,1.385681293302540307e-01,1.627906976744186163e-01,2.080745341614906874e-01,1.757990867579908578e-01,1.770244821092278598e-01,1.515151515151515194e-01,1.458733205374280195e-01,3.008849557522124130e-01,2.348993288590603967e-01,2.393617021276595869e-01,3.816425120772946600e-01,1.932114882506527354e-01,1.648550724637681264e-01,0.000000000000000000e+00,3.225806451612903136e-02,4.260869565217391131e-01,2.275280898876404501e-01,2.128514056224899698e-01,2.101769911504424715e-01,1.724137931034482873e-01,1.696428571428571508e-01,1.521739130434782705e-01,0.000000000000000000e+00,1.400000000000000133e-01,0.000000000000000000e+00,2.454545454545454530e-01,2.192982456140350755e-01,1.807081807081807046e-01,1.495327102803738206e-01,1.733703190013869688e-01,0.000000000000000000e+00,1.538461538461538547e-01,1.250000000000000000e-01,1.436781609195402210e-01,1.935483870967741882e-01,2.307692307692307820e-01,1.597633136094674666e-01,2.736842105263158076e-01,2.049689440993788803e-01,2.049999999999999878e-01,2.178770949720670314e-01,1.891891891891891997e-01,2.543103448275861878e-01,1.990521327014218023e-01,1.650943396226415005e-01,1.910112359550561745e-01,2.060606060606060552e-01,1.571428571428571397e-01,2.536585365853658569e-01,2.758620689655172376e-01,2.043010752688172171e-01,2.419354838709677491e-01,2.010309278350515538e-01
1.218354430379746806e-01,1.204756980351602835e-01,1.679586563307493563e-01,2.536023054755043304e-01,2.691176470588235170e-01,1.892361111111111049e-01,0.000000000000000000e+00,0.000000000000000000e+00,0.000000000000000000e+00,1.714285714285714302e-01,9.127516778523489527e-02,1.180555555555555525e-01,1.473214285714285754e-01,0.000000000000000000e+00,1.379310344827586188e-01,1.751412429378531033e-01,1.028349082823790950e-01,2.999527633443552221e-01,1.224489795918367319e-01,2.577777777777777724e-01,1.477732793522267274e-01,0.000000000000000000e+00,3.182441700960219610e-01,3.276283618581907198e-01,1.186813186813186760e-01,0.000000000000000000e+00,6.883365200764818281e-02,7.964601769911504314e-02,1.034120734908136469e-01,1.068965517241379365e-01,1.250000000000000000e-01,2.879999999999999782e-01,9.115281501340483095e-02,9.002293577981651529e-02,3.009656652360515050e-01,1.211734693877550978e-01,9.456440804169768954e-02,8.391608391608391948e-02,1.655266757865937188e-01,1.061519903498190642e-01,1.875000000000000000e-01,1.206896551724137984e-01,1.779859484777517598e-01,1.110586011342155066e-01,8.377659574468085402e-02,0.000000000000000000e+00,1.380704794916233491e-01,1.692789968652037569e-01,1.095644364616075450e-01,7.894736842105262720e-02,1.139088729016786566e-01,8.606557377049180169e-02,9.007352941176470507e-02,1.202531645569620278e-01,1.096345514950166078e-01,3.095238095238095344e-01,1.195652173913043514e-01,1.516587677725118599e-01,1.707692307692307565e-01,1.056257175660160752e-01,9.230769230769231282e-02,3.313120176405733308e-01,3.359298928919182137e-01,3.093220338983050932e-01,1.140438247011952150e-01,1.298342541436464104e-01,6.407563025210083474e-02,8.753315649867374204e-02,1.431411530815109301e-01,9.107806691449814307e-02,9.750812567713976198e-02,9.957173447537473465e-02,1.438730853391684827e-01,1.063829787234042562e-01,3.056888279643591444e-01,1.218769043266301061e-01,5.963302752293578313e-02,1.143382352941176433e-01,2.890772128060263846e-01,8.110119047619047949e-02,3.222703222703222625e-01,3.267457180500658587e-01,1.933815925542916314e-01,1.394335511982570941e-01,2.012195121951219634e-01,1.273764258555133144e-01,1.232227488151658723e-01,0.000000000000000000e+00,1.278748850045998142e-01,1.129363449691991733e-01,1.435331230283911630e-01,1.242105263157894796e-01,2.811808118081181029e-01,1.112975391498881444e-01,1.347305389221556959e-01,2.851587815942968063e-01,2.641154328732747691e-01,8.133333333333332693e-02,1.024498886414253879e-01,2.345953971789161152e-01,1.037344398340249024e-01,1.096173733195449779e-01,9.536423841059603335e-02,1.064395955295369817e-01,1.080389144905273963e-01,7.291666666666667129e-02,8.304498269896193330e-02,0.000000000000000000e+00,1.174743024963289251e-01,0.000000000000000000e+00,1.294117647058823650e-01,1.079568172730907688e-01,1.695501730103806115e-01,1.177829099307159400e-01,8.983451536643026480e-02,7.055630936227950956e-02,1.345353675450762787e-01,1.056168987037926082e-01,2.172043010752688075e-01,1.275423728813559199e-01,3.348056537102473418e-01,1.068943706514863951e-01,1.144578313253011986e-01,1.089904570567554049e-01,9.666666666666666463e-02,1.122278056951423741e-01,1.176470588235294101e-01,9.696521095484826602e-02,1.135252580119500282e-01,1.365853658536585469e-01,0.000000000000000000e+00,1.223404255319148898e-01,0.000000000000000000e+00,1.211562115621156177e-01,1.289728235836020143e-01,1.260162601626016177e-01,7.614213197969543767e-02,1.290711700844390797e-01,1.018518518518518462e-01,9.437559580552908056e-02,1.184210526315789408e-01,1.352253756260433926e-01,1.485411140583554335e-01,1.544943820224718989e-01,9.130434782608695676e-02,0.000000000000000000e+00,1.107142857142857095e-01,0.000000000000000000e+00,0.000000000000000000e+00,1.208510638297872336e-01,1.107382550335570537e-01,1.271186440677966045e-01,1.604095563139931735e-01,9.482758620689654694e-02,1.757476444080295075e-01,1.409135082604470457e-01,2.009049773755656187e-01,1.179624664879356521e-01,2.608695652173912971e-01,1.697722567287784645e-01,1.086572438162544119e-01,1.098169717138103157e-01,2.425421530479896226e-01,1.377410468319559267e-01,2.910798122065727522e-01,0.000000000000000000e+00,1.881390593047034820e-01,0.000000000000000000e+00,1.257941550190597169e-01,2.777777777777777901e-01,1.064581231079717444e-01,0.000000000000000000e+00,0.000000000000000000e+00,2.470588235294117752e-01,9.106529209621992693e-02,9.485094850948509737e-02,1.038251366120218622e-01,3.324937027707808301e-01,1.486880466472303153e-01,1.029232643118148660e-01,2.477064220183486376e-01,8.936170212765957854e-02,1.143035602748282281e-01,4.568527918781725705e-02,3.095890410958904160e-01,1.188118811881188064e-01,7.446808510638297518e-02,0.000000000000000000e+00,1.276595744680850963e-01,1.145038167938931262e-01,0.000000000000000000e+00,1.221455124800849695e-01,1.030502885408079161e-01,1.205211726384364801e-01,3.006134969325153228e-01,2.736992159657876122e-01,8.695652173913043237e-02,0.000000000000000000e+00,6.537890044576523396e-02,1.121794871794871834e-01,1.032702237521514604e-01,9.045226130653266639e-02,8.325872873769024629e-02,1.700450450450450568e-01,1.048034934497816539e-01,1.027667984189723355e-01,1.183228029867891967e-01,1.105617977528089851e-01,0.000000000000000000e+00,1.248499399759903927e-01,1.912350597609561720e-01,1.146430432516935966e-01,1.198738170347003196e-01,1.453957996768982242e-01,1.489482660602615138e-01,2.935483870967741660e-01,3.487071977638015463e-01,0.000000000000000000e+00,1.027397260273972546e-01,0.000000000000000000e+00,0.000000000000000000e+00,1.299435028248587531e-01,8.233731739707834951e-02,1.118012422360248476e-01,3.220973782771535676e-01,0.000000000000000000e+00,1.005484460694698323e-01,0.000000000000000000e+00,1.407491486946651493e-01,1.060842433697347931e-01,3.172147001934235711e-01,1.367521367521367659e-01,0.000000000000000000e+00,0.000000000000000000e+00,1.310679611650485410e-01,3.069620253164557222e-01,1.246559182068423116e-01,2.143962848297213675e-01,1.833202202989771823e-01,3.055900621118012306e-01,1.249137336093857770e-01,2.894521668029435557e-01,1.229461756373937675e-01,9.081309398099260410e-02,9.779179810725552313e-02,8.846657929226736661e-02,1.416122004357298347e-01,1.094391244870041024e-01,1.268313101716199154e-01,2.330434782608695743e-01,0.000000000000000000e+00,1.201550387596899278e-01,2.465986394557823091e-01,1.182033096926713989e-01,3.027681660899653737e-01,1.329113924050632778e-01,0.000000000000000000e+00,3.179271708683473197e-01,1.196087149844375225e-01,1.157024793388429784e-01,0.000000000000000000e+00,1.269146608315098457e-01,0.000000000000000000e+00,0.000000000000000000e+00,3.102189781021897907e-01,0.000000000000000000e+00,1.057268722466960381e-01,9.492753623188406042e-02,7.564296520423600956e-02,1.131221719457013580e-01,9.283625730994152225e-02,2.746781115879828317e-01,1.332250203086921270e-01,3.077939233817701403e-01,1.097954790096878352e-01,1.547388781431334737e-01,1.045969353764157200e-01,1.529636711281070760e-01,1.140425531914893570e-01,2.785714285714285809e-01,0.000000000000000000e+00,2.857142857142857054e-02,1.282051282051281937e-01,1.033564198188598876e-01,1.127379209370424629e-01,1.202830188679245293e-01,7.910447761194029648e-02,1.129943502824858753e-01,7.177033492822966487e-02,0.000000000000000000e+00,1.375000000000000111e-01,0.000000000000000000e+00,1.144186046511627974e-01,1.029900332225913567e-01,1.318933823529411797e-01,2.783300198807157066e-01,1.359374999999999889e-01,0.000000000000000000e+00,2.814207650273223837e-01,2.214983713355048733e-01,1.349397590361445798e-01,1.181818181818181795e-01,1.408775981524249543e-01,1.428571428571428492e-01,1.428571428571428492e-01,1.422319474835886111e-01,1.541666666666666741e-01,1.630901287553647994e-01,1.437499999999999889e-01,1.513859275053305031e-01,1.540284360189573543e-01,1.185468451242829846e-01,1.461988304093567170e-01,1.228448275862068922e-01,1.196261682242990704e-01,1.235955056179775247e-01,1.090487238979118284e-01,1.162227602905569063e-01,1.137440758293838811e-01,1.323877068557919590e-01
1.887755102040816202e-01,2.478260869565217517e-01,1.956521739130434867e-01,1.400000000000000133e-01,2.077922077922078059e-01,1.551724137931034531e-01,0.000000000000000000e+00,0.000000000000000000e+00,0.000000000000000000e+00,7.407407407407406996e-02,1.847826086956521618e-01,1.481481481481481399e-01,4.545454545454545581e-02,0.000000000000000000e+00,2.758620689655172376e-01,1.481481481481481399e-01,1.545454545454545414e-01,1.284403669724770714e-01,2.857142857142856984e-01,9.090909090909091161e-02,1.034482758620689641e-01,0.000000000000000000e+00,1.180811808118081147e-01,1.207547169811320764e-01,1.956521739130434867e-01,0.000000000000000000e+00,1.282051282051281937e-01,2.280701754385964786e-01,2.509960159362549792e-01,1.693989071038251304e-01,2.142857142857142738e-01,1.798561151079136611e-01,2.608695652173912971e-01,1.863636363636363702e-01,1.818181818181818232e-01,2.284263959390862853e-01,1.655172413793103425e-01,1.403508771929824483e-01,1.919191919191919060e-01,1.735159817351598077e-01,1.666666666666666574e-01,1.680672268907563160e-01,1.282051282051281937e-01,1.487889273356401421e-01,1.938775510204081565e-01,0.000000000000000000e+00,2.811244979919678699e-01,2.444444444444444364e-01,1.833333333333333204e-01,2.272727272727272652e-01,1.724137931034482873e-01,1.081081081081081141e-01,1.818181818181818232e-01,2.000000000000000111e-01,1.836734693877551117e-01,1.636363636363636354e-01,2.439024390243902385e-01,2.162162162162162282e-01,1.264367816091954144e-01,1.714285714285714302e-01,2.142857142857142738e-01,1.363636363636363535e-01,1.365461847389558281e-01,6.976744186046511531e-02,1.811023622047244208e-01,2.222222222222222099e-01,1.653543307086614289e-01,2.077922077922078059e-01,1.818181818181818232e-01,9.756097560975610095e-02,1.477832512315271074e-01,1.308411214953270896e-01,1.744186046511627952e-01,2.461538461538461675e-01,9.467455621301774926e-02,2.009345794392523310e-01,2.272727272727272652e-01,1.764705882352941291e-01,2.524271844660194164e-01,1.791044776119402882e-01,1.735537190082644676e-01,1.413043478260869457e-01,1.811594202898550721e-01,9.677419354838709409e-02,1.838235294117647189e-01,2.615384615384615530e-01,2.022471910112359494e-01,0.000000000000000000e+00,1.911764705882352811e-01,1.515151515151515194e-01,1.971830985915492829e-01,2.280701754385964786e-01,1.748633879781420764e-01,1.835748792270531504e-01,2.500000000000000000e-01,1.189189189189189255e-01,1.623376623376623362e-01,1.440677966101694962e-01,1.272727272727272596e-01,1.542857142857142760e-01,1.976047904191616800e-01,1.984732824427480891e-01,1.714285714285714302e-01,2.943925233644859585e-01,2.532751091703056567e-01,2.142857142857142738e-01,5.882352941176470507e-02,0.000000000000000000e+00,1.184210526315789408e-01,0.000000000000000000e+00,8.888888888888889228e-02,1.956521739130434867e-01,1.759259259259259300e-01,2.280701754385964786e-01,1.592920353982300863e-01,2.526315789473684292e-01,1.219512195121951192e-01,1.230158730158730090e-01,1.894736842105263219e-01,1.894409937888198725e-01,1.136363636363636326e-01,2.685185185185185452e-01,2.121212121212121271e-01,1.916666666666666796e-01,2.000000000000000111e-01,1.918604651162790775e-01,2.208588957055214741e-01,2.205882352941176405e-01,1.821862348178137636e-01,1.066666666666666735e-01,0.000000000000000000e+00,2.954545454545454697e-01,0.000000000000000000e+00,2.206572769953051572e-01,1.933085501858736177e-01,1.132075471698113234e-01,2.500000000000000000e-01,2.242152466367713093e-01,1.142857142857142821e-01,2.268907563025210072e-01,2.200000000000000011e-01,1.171171171171171144e-01,8.571428571428571508e-02,1.720430107526881858e-01,1.515151515151515194e-01,0.000000000000000000e+00,1.627906976744186163e-01,0.000000000000000000e+00,0.000000000000000000e+00,2.015503875968992220e-01,1.105990783410138317e-01,1.256830601092896182e-01,3.823529411764705621e-01,1.529411764705882470e-01,1.843750000000000111e-01,1.382113821138211407e-01,1.126760563380281716e-01,8.823529411764706454e-02,8.000000000000000167e-02,1.296296296296296224e-01,1.438356164383561564e-01,1.875000000000000000e-01,1.769911504424778736e-01,2.314049586776859568e-01,1.060606060606060635e-01,0.000000000000000000e+00,2.033898305084745894e-01,0.000000000000000000e+00,1.428571428571428492e-01,1.228070175438596423e-01,1.733333333333333393e-01,0.000000000000000000e+00,0.000000000000000000e+00,1.935483870967741882e-01,2.222222222222222099e-01,1.309523809523809590e-01,1.674876847290640292e-01,1.241830065359477153e-01,1.960784313725490169e-01,2.578947368421052877e-01,1.666666666666666574e-01,2.500000000000000000e-01,2.222222222222222099e-01,3.448275862068965747e-01,1.666666666666666574e-01,1.690140845070422504e-01,2.058823529411764608e-01,0.000000000000000000e+00,1.764705882352941291e-01,1.451612903225806550e-01,0.000000000000000000e+00,2.064777327935222728e-01,1.420765027322404284e-01,8.108108108108108558e-02,1.666666666666666574e-01,8.673469387755101956e-02,1.590909090909090884e-01,0.000000000000000000e+00,1.594202898550724501e-01,1.300000000000000044e-01,1.544117647058823595e-01,1.818181818181818232e-01,1.273885350318471332e-01,1.386138613861386260e-01,2.000000000000000111e-01,1.923076923076923184e-01,1.504854368932038722e-01,1.478873239436619691e-01,0.000000000000000000e+00,1.960784313725490169e-01,1.546391752577319645e-01,1.877934272300469387e-01,2.500000000000000000e-01,1.818181818181818232e-01,2.418032786885245811e-01,1.481481481481481399e-01,1.722222222222222210e-01,0.000000000000000000e+00,3.823529411764705621e-01,0.000000000000000000e+00,0.000000000000000000e+00,3.666666666666666408e-01,1.692307692307692402e-01,3.023255813953488191e-01,1.157407407407407413e-01,0.000000000000000000e+00,1.904761904761904656e-01,0.000000000000000000e+00,2.345679012345678882e-01,2.839506172839506015e-01,1.666666666666666574e-01,1.627906976744186163e-01,0.000000000000000000e+00,0.000000000000000000e+00,1.586206896551724255e-01,1.481481481481481399e-01,1.333333333333333315e-01,1.812080536912751560e-01,1.625766871165644223e-01,1.325301204819277212e-01,2.114285714285714379e-01,1.621621621621621712e-01,1.885245901639344135e-01,2.270742358078602641e-01,2.439024390243902385e-01,1.490683229813664634e-01,1.818181818181818232e-01,1.818181818181818232e-01,1.437908496732026031e-01,1.117647058823529466e-01,0.000000000000000000e+00,2.765957446808510745e-01,1.948051948051948146e-01,2.600000000000000089e-01,8.695652173913043237e-02,1.346153846153846090e-01,0.000000000000000000e+00,1.515151515151515194e-01,1.621621621621621712e-01,1.869918699186991773e-01,0.000000000000000000e+00,3.333333333333333148e-01,0.000000000000000000e+00,0.000000000000000000e+00,1.600000000000000033e-01,0.000000000000000000e+00,9.090909090909091161e-02,2.138364779874213917e-01,2.666666666666666630e-01,1.290322580645161255e-01,1.707317073170731836e-01,2.032967032967032961e-01,3.133333333333333526e-01,1.301775147928994070e-01,1.714285714285714302e-01,1.746031746031745935e-01,2.953020134228188098e-01,1.884615384615384581e-01,1.779141104294478526e-01,1.573033707865168496e-01,0.000000000000000000e+00,1.428571428571428492e-01,8.000000000000000167e-02,1.805054151624548853e-01,1.363636363636363535e-01,2.452830188679245293e-01,1.296296296296296224e-01,1.126760563380281716e-01,1.764705882352941291e-01,0.000000000000000000e+00,3.076923076923077094e-01,0.000000000000000000e+00,1.481481481481481399e-01,1.935483870967741882e-01,2.266288951841359811e-01,2.096774193548387177e-01,2.000000000000000111e-01,0.000000000000000000e+00,1.818181818181818232e-01,1.596638655462184753e-01,2.000000000000000111e-01,1.935483870967741882e-01,1.250000000000000000e-01,2.187500000000000000e-01,1.428571428571428492e-01,1.093750000000000000e-01,7.407407407407406996e-02,1.428571428571428492e-01,1.929824561403508665e-01,1.250000000000000000e-01,1.372549019607843257e-01,1.228070175438596423e-01,1.632653061224489666e-01,1.276595744680850963e-01,1.923076923076923184e-01,1.612903225806451568e-01,1.489361702127659504e-01,1.153846153846153910e-01,1.276595744680850963e-01,1.395348837209302306e-01
3.148148148148148251e-01,2.714285714285714080e-01,3.571428571428571508e-01,5.263157894736841813e-01,3.750000000000000000e-01,4.375000000000000000e-01,0.000000000000000000e+00,0.000000000000000000e+00,0.000000000000000000e+00,2.857142857142856984e-01,5.666666666666666519e-01,3.793103448275861878e-01,1.818181818181818232e-01,0.000000000000000000e+00,4.347826086956521618e-01,6.666666666666666297e-01,3.083333333333333481e-01,4.803149606299212393e-01,3.809523809523809312e-01,9.090909090909090606e-01,2.413793103448275967e-01,0.000000000000000000e+00,4.077669902912621214e-01,4.318181818181818232e-01,2.000000000000000111e-01,0.000000000000000000e+00,5.000000000000000000e-01,3.666666666666666408e-01,1.985294117647058709e-01,2.413793103448275967e-01,2.500000000000000000e-01,4.347826086956521618e-01,2.800000000000000266e-01,3.593750000000000000e-01,3.875968992248062239e-01,2.678571428571428492e-01,4.545454545454545303e-01,4.487179487179487336e-01,3.695652173913043237e-01,2.777777777777777901e-01,8.181818181818182323e-01,3.684210526315789269e-01,6.363636363636363535e-01,4.062500000000000000e-01,3.921568627450980338e-01,0.000000000000000000e+00,2.100840336134453812e-01,4.545454545454545303e-01,3.886010362694300446e-01,1.538461538461538547e-01,3.417721518987341667e-01,2.500000000000000000e-01,5.111111111111110716e-01,2.631578947368420907e-01,3.333333333333333148e-01,4.878048780487804770e-01,4.000000000000000222e-01,4.090909090909091161e-01,4.814814814814814548e-01,1.509433962264150886e-01,2.666666666666666630e-01,2.972972972972973138e-01,3.879310344827586188e-01,4.000000000000000222e-01,3.017241379310344751e-01,1.818181818181818232e-01,3.250000000000000111e-01,1.875000000000000000e-01,4.705882352941176405e-01,5.675675675675675436e-01,4.403669724770642446e-01,3.958333333333333148e-01,3.513513513513513709e-01,5.384615384615384359e-01,3.943661971830985657e-01,2.320000000000000118e-01,7.272727272727272929e-01,4.230769230769230727e-01,3.220338983050847204e-01,3.396226415094339424e-01,3.368421052631578871e-01,3.333333333333333148e-01,3.750000000000000000e-01,1.764705882352941291e-01,3.561643835616438158e-01,2.352941176470588203e-01,2.473118279569892497e-01,0.000000000000000000e+00,2.950819672131147486e-01,4.000000000000000222e-01,4.186046511627907196e-01,3.636363636363636465e-01,4.675324675324675217e-01,3.739837398373983546e-01,4.285714285714285476e-01,4.166666666666666852e-01,3.689320388349514590e-01,4.893617021276595591e-01,4.333333333333333481e-01,3.088235294117647189e-01,4.464285714285714524e-01,4.109589041095890183e-01,4.693877551020408379e-01,2.677165354330708902e-01,2.980132450331126059e-01,2.500000000000000000e-01,2.142857142857142738e-01,0.000000000000000000e+00,2.692307692307692180e-01,0.000000000000000000e+00,3.499999999999999778e-01,3.885350318471337827e-01,2.884615384615384359e-01,2.522522522522522292e-01,4.827586206896551935e-01,2.878787878787879007e-01,5.000000000000000000e-01,3.580246913580246715e-01,4.062500000000000000e-01,3.308270676691729140e-01,3.278688524590163689e-01,2.727272727272727071e-01,5.000000000000000000e-01,3.166666666666666519e-01,5.833333333333333703e-01,3.125000000000000000e-01,2.500000000000000000e-01,3.157894736842105088e-01,3.587786259541984601e-01,1.818181818181818232e-01,0.000000000000000000e+00,5.500000000000000444e-01,0.000000000000000000e+00,4.456521739130434590e-01,3.015873015873015706e-01,4.583333333333333148e-01,2.432432432432432567e-01,3.025210084033613245e-01,4.000000000000000222e-01,4.347826086956521618e-01,3.888888888888888951e-01,2.727272727272727071e-01,4.074074074074073848e-01,2.888888888888888618e-01,3.157894736842105088e-01,0.000000000000000000e+00,3.333333333333333148e-01,0.000000000000000000e+00,0.000000000000000000e+00,4.242424242424242542e-01,3.595505617977527990e-01,2.926829268292682751e-01,2.857142857142856984e-01,3.421052631578947456e-01,4.523809523809523836e-01,3.103448275862069061e-01,4.931506849315068219e-01,3.333333333333333148e-01,5.625000000000000000e-01,4.117647058823529216e-01,3.552631578947368363e-01,4.687500000000000000e-01,4.262295081967212851e-01,2.525252525252525415e-01,5.714285714285713969e-01,0.000000000000000000e+00,1.724137931034482873e-01,0.000000000000000000e+00,3.114754098360655865e-01,3.928571428571428492e-01,3.263888888888888951e-01,0.000000000000000000e+00,0.000000000000000000e+00,5.833333333333333703e-01,2.758620689655172376e-01,3.478260869565217295e-01,3.709677419354838745e-01,3.333333333333333148e-01,3.478260869565217295e-01,3.303571428571428492e-01,8.333333333333333703e-01,5.000000000000000000e-01,4.077669902912621214e-01,3.636363636363636465e-01,4.117647058823529216e-01,4.710743801652892415e-01,3.333333333333333148e-01,0.000000000000000000e+00,0.000000000000000000e+00,2.666666666666666630e-01,0.000000000000000000e+00,3.576642335766423431e-01,3.947368421052631637e-01,3.684210526315789269e-01,4.117647058823529216e-01,2.812500000000000000e-01,3.522727272727272929e-01,0.000000000000000000e+00,2.045454545454545581e-01,1.749999999999999889e-01,4.078947368421052544e-01,5.128205128205127750e-01,3.181818181818181768e-01,5.000000000000000000e-01,3.333333333333333148e-01,4.000000000000000222e-01,3.888888888888888951e-01,3.375000000000000222e-01,0.000000000000000000e+00,2.727272727272727071e-01,3.714285714285714413e-01,3.670886075949367222e-01,5.185185185185184897e-01,5.813953488372093359e-01,3.619047619047618958e-01,4.705882352941176405e-01,3.827160493827160281e-01,0.000000000000000000e+00,2.000000000000000111e-01,0.000000000000000000e+00,0.000000000000000000e+00,2.222222222222222099e-01,4.705882352941176405e-01,5.294117647058823595e-01,4.444444444444444198e-01,0.000000000000000000e+00,3.888888888888888951e-01,0.000000000000000000e+00,2.697368421052631637e-01,2.000000000000000111e-01,3.714285714285714413e-01,2.608695652173912971e-01,0.000000000000000000e+00,0.000000000000000000e+00,2.954545454545454697e-01,4.666666666666666741e-01,2.656250000000000000e-01,5.252525252525253041e-01,4.025157232704402732e-01,4.782608695652174058e-01,3.666666666666666408e-01,3.453237410071942626e-01,3.578947368421052655e-01,3.711340206185567148e-01,2.000000000000000111e-01,4.230769230769230727e-01,3.478260869565217295e-01,2.619047619047619180e-01,2.777777777777777901e-01,3.387096774193548154e-01,0.000000000000000000e+00,3.076923076923077094e-01,4.864864864864865135e-01,2.531645569620253333e-01,3.142857142857142794e-01,5.000000000000000000e-01,0.000000000000000000e+00,4.571428571428571286e-01,4.462809917355372025e-01,3.558282208588957052e-01,0.000000000000000000e+00,2.592592592592592449e-01,0.000000000000000000e+00,0.000000000000000000e+00,3.750000000000000000e-01,0.000000000000000000e+00,4.210526315789473450e-01,3.695652173913043237e-01,3.333333333333333148e-01,3.478260869565217295e-01,3.366336633663366551e-01,3.333333333333333148e-01,2.962962962962962798e-01,3.304347826086956319e-01,3.793103448275861878e-01,3.846153846153846367e-01,3.972602739726027177e-01,4.152542372881355970e-01,3.561643835616438158e-01,3.469387755102040782e-01,0.000000000000000000e+00,2.500000000000000000e-01,5.000000000000000000e-01,3.047619047619047894e-01,2.564102564102563875e-01,3.314606741573033477e-01,4.210526315789473450e-01,3.529411764705882582e-01,2.999999999999999889e-01,0.000000000000000000e+00,1.000000000000000000e+00,0.000000000000000000e+00,2.222222222222222099e-01,2.857142857142856984e-01,2.857142857142856984e-01,4.000000000000000222e-01,4.421768707482993110e-01,0.000000000000000000e+00,4.666666666666666741e-01,5.660377358490565891e-01,2.222222222222222099e-01,3.499999999999999778e-01,3.703703703703703498e-01,3.437500000000000000e-01,4.062500000000000000e-01,3.181818181818181768e-01,4.468085106382978511e-01,4.166666666666666852e-01,1.499999999999999944e-01,4.400000000000000022e-01,3.157894736842105088e-01,2.647058823529411797e-01,4.814814814814814548e-01,2.285714285714285643e-01,2.826086956521738913e-01,3.437500000000000000e-01,3.333333333333333148e-01,4.242424242424242542e-01,2.962962962962962798e-01,2.972972972972973138e-01
2.155172413793103314e-01,9.659090909090908839e-02,2.173913043478260809e-01,3.684210526315789269e-01,1.562500000000000000e-01,3.191489361702127825e-01,0.000000000000000000e+00,0.000000000000000000e+00,0.000000000000000000e+00,9.523809523809523281e-02,1.527777777777777901e-01,1.978021978021977934e-01,1.578947368421052544e-01,0.000000000000000000e+00,1.612903225806451568e-01,3.103448275862069061e-01,2.165605095541401348e-01,1.601941747572815655e-01,1.935483870967741882e-01,1.875000000000000000e-01,2.857142857142856984e-01,0.000000000000000000e+00,2.114285714285714379e-01,2.739726027397260122e-01,1.666666666666666574e-01,0.000000000000000000e+00,1.555555555555555580e-01,3.750000000000000000e-01,1.073825503355704675e-01,1.917808219178082085e-01,1.764705882352941291e-01,1.769911504424778736e-01,2.448979591836734637e-01,1.614906832298136641e-01,2.241379310344827624e-01,2.027027027027027140e-01,1.729323308270676596e-01,1.603773584905660299e-01,2.686567164179104461e-01,2.152777777777777901e-01,3.750000000000000000e-01,1.486486486486486569e-01,2.999999999999999889e-01,1.640211640211640121e-01,1.475409836065573743e-01,0.000000000000000000e+00,1.333333333333333315e-01,1.250000000000000000e-01,1.932367149758454083e-01,5.882352941176470507e-02,1.812865497076023291e-01,1.923076923076923184e-01,2.028985507246376940e-01,2.368421052631578816e-01,1.875000000000000000e-01,1.785714285714285754e-01,3.030303030303030387e-01,1.111111111111111049e-01,2.666666666666666630e-01,2.837837837837837718e-01,1.538461538461538547e-01,2.089552238805970075e-01,3.028571428571428803e-01,2.250000000000000056e-01,1.910828025477707137e-01,8.695652173913043237e-02,2.261904761904761918e-01,1.515151515151515194e-01,1.764705882352941291e-01,1.944444444444444475e-01,1.780821917808219079e-01,2.153846153846153966e-01,2.115384615384615363e-01,1.649484536082474195e-01,2.288135593220338992e-01,1.172413793103448260e-01,1.304347826086956486e-01,1.966101694915254328e-01,1.521739130434782705e-01,2.352941176470588203e-01,2.352941176470588203e-01,1.904761904761904656e-01,2.121212121212121271e-01,1.836734693877551117e-01,2.365591397849462485e-01,1.794871794871794879e-01,9.090909090909091161e-02,0.000000000000000000e+00,1.391304347826086973e-01,1.100917431192660612e-01,2.352941176470588203e-01,2.093023255813953598e-01,2.000000000000000111e-01,2.025316455696202500e-01,2.083333333333333426e-01,2.682926829268292845e-01,2.148148148148148195e-01,2.328767123287671104e-01,1.707317073170731836e-01,2.403100775193798555e-01,1.666666666666666574e-01,1.956521739130434867e-01,2.028985507246376940e-01,1.320754716981132060e-01,1.534391534391534306e-01,1.363636363636363535e-01,2.500000000000000000e-01,0.000000000000000000e+00,1.632653061224489666e-01,0.000000000000000000e+00,2.000000000000000111e-01,1.714285714285714302e-01,1.250000000000000000e-01,1.172413793103448260e-01,1.666666666666666574e-01,9.523809523809523281e-02,2.432432432432432567e-01,1.932367149758454083e-01,2.159090909090909116e-01,2.803738317757009102e-01,1.734693877551020391e-01,2.089552238805970075e-01,5.714285714285714107e-02,2.076502732240437243e-01,8.000000000000000167e-02,2.035398230088495686e-01,2.181818181818181712e-01,1.964285714285714246e-01,1.989528795811518203e-01,2.777777777777777901e-01,0.000000000000000000e+00,2.272727272727272652e-01,0.000000000000000000e+00,2.625000000000000111e-01,1.588785046728971861e-01,1.521739130434782705e-01,9.090909090909091161e-02,1.700680272108843483e-01,1.724137931034482873e-01,2.386363636363636465e-01,1.777777777777777846e-01,2.800000000000000266e-01,1.153846153846153910e-01,1.250000000000000000e-01,2.142857142857142738e-01,0.000000000000000000e+00,1.785714285714285754e-01,0.000000000000000000e+00,0.000000000000000000e+00,1.473684210526315652e-01,1.748251748251748172e-01,2.234042553191489255e-01,2.142857142857142738e-01,1.276595744680850963e-01,1.888412017167382106e-01,1.066666666666666735e-01,2.272727272727272652e-01,1.000000000000000056e-01,1.785714285714285754e-01,2.098765432098765316e-01,1.938775510204081565e-01,2.000000000000000111e-01,3.382352941176470784e-01,2.200000000000000011e-01,2.037037037037036924e-01,0.000000000000000000e+00,2.142857142857142738e-01,0.000000000000000000e+00,1.857142857142857206e-01,2.777777777777777901e-01,2.018348623853211121e-01,0.000000000000000000e+00,0.000000000000000000e+00,1.666666666666666574e-01,1.355932203389830504e-01,1.666666666666666574e-01,2.064516129032258063e-01,2.235772357723577186e-01,1.250000000000000000e-01,1.549295774647887203e-01,3.125000000000000000e-01,2.173913043478260809e-01,1.870503597122302186e-01,1.111111111111111049e-01,2.857142857142856984e-01,2.011494252873563260e-01,3.095238095238095344e-01,0.000000000000000000e+00,9.090909090909091161e-02,2.307692307692307820e-01,0.000000000000000000e+00,1.701030927835051609e-01,1.797752808988763995e-01,1.562500000000000000e-01,3.875000000000000111e-01,2.807017543859648967e-01,1.466666666666666674e-01,0.000000000000000000e+00,2.000000000000000111e-01,2.372881355932203451e-01,2.149532710280373793e-01,1.666666666666666574e-01,3.250000000000000111e-01,2.234042553191489255e-01,1.071428571428571369e-01,1.875000000000000000e-01,1.868131868131868156e-01,1.989528795811518203e-01,0.000000000000000000e+00,1.846153846153846256e-01,1.794871794871794879e-01,1.531531531531531432e-01,1.600000000000000033e-01,1.521739130434782705e-01,1.818181818181818232e-01,4.500000000000000111e-01,2.399999999999999911e-01,0.000000000000000000e+00,6.896551724137930939e-02,0.000000000000000000e+00,0.000000000000000000e+00,0.000000000000000000e+00,1.129032258064516098e-01,2.424242424242424310e-01,2.698412698412698263e-01,0.000000000000000000e+00,2.978723404255319007e-01,0.000000000000000000e+00,1.654135338345864570e-01,2.040816326530612290e-01,3.157894736842105088e-01,6.896551724137930939e-02,0.000000000000000000e+00,0.000000000000000000e+00,2.065217391304347838e-01,2.500000000000000000e-01,1.778656126482213440e-01,2.000000000000000111e-01,2.300000000000000100e-01,2.459016393442622905e-01,1.954887218045112673e-01,2.284482758620689780e-01,2.072538860103626812e-01,1.212121212121212155e-01,3.448275862068965469e-02,2.352941176470588203e-01,1.290322580645161255e-01,1.690140845070422504e-01,2.113402061855670089e-01,2.720000000000000195e-01,0.000000000000000000e+00,4.761904761904761640e-02,3.333333333333333148e-01,1.157894736842105254e-01,2.037037037037036924e-01,8.333333333333332871e-02,0.000000000000000000e+00,2.894736842105263275e-01,2.124352331606217670e-01,1.623931623931623991e-01,0.000000000000000000e+00,1.666666666666666574e-01,0.000000000000000000e+00,0.000000000000000000e+00,3.636363636363636465e-01,0.000000000000000000e+00,1.351351351351351426e-01,1.327433628318584191e-01,1.777777777777777846e-01,1.481481481481481399e-01,1.562500000000000000e-01,2.452830188679245293e-01,1.208791208791208799e-01,2.348484848484848619e-01,1.666666666666666574e-01,2.826086956521738913e-01,1.589403973509933843e-01,2.370689655172413812e-01,1.467889908256880815e-01,1.698113207547169712e-01,0.000000000000000000e+00,2.083333333333333426e-01,1.515151515151515194e-01,2.827586206896551824e-01,2.153846153846153966e-01,8.290155440414508081e-02,1.851851851851851749e-01,1.562500000000000000e-01,1.764705882352941291e-01,0.000000000000000000e+00,6.250000000000000000e-02,0.000000000000000000e+00,7.228915662650602092e-02,9.523809523809523281e-02,1.658291457286432125e-01,1.950000000000000067e-01,1.987951807228915679e-01,0.000000000000000000e+00,2.325581395348837177e-01,1.686746987951807109e-01,2.222222222222222099e-01,1.914893617021276584e-01,1.142857142857142821e-01,2.727272727272727071e-01,1.228070175438596423e-01,1.458333333333333426e-01,2.542372881355932090e-01,2.777777777777777901e-01,9.615384615384615918e-02,1.509433962264150886e-01,1.489361702127659504e-01,2.340425531914893664e-01,2.372881355932203451e-01,1.600000000000000033e-01,2.800000000000000266e-01,1.093750000000000000e-01,2.000000000000000111e-01,1.818181818181818232e-01,1.538461538461538547e-01,2.222222222222222099e-01
0.000000000000000000e+00,0.000000000000000000e+00,0.000000000000000000e+00,0.000000000000000000e+00,0.000000000000000000e+00,0.000000000000000000e+00,0.000000000000000000e+00,0.000000000000000000e+00,0.000000000000000000e+00,0.000000000000000000e+00,0.000000000000000000e+00,0.000000000000000000e+00,0.000000000000000000e+00,0.000000000000000000e+00,0.000000000000000000e+00,0.000000000000000000e+00,0.000000000000000000e+00,0.000000000000000000e+00,0.000000000000000000e+00,0.000000000000000000e+00,0.000000000000000000e+00,0.000000000000000000e+00,0.000000000000000000e+00,0.000000000000000000e+00,0.000000000000000000e+00,0.000000000000000000e+00,0.000000000000000000e+00,0.000000000000000000e+00,0.000000000000000000e+00,0.000000000000000000e+00,0.000000000000000000e+00,0.000000000000000000e+00,0.000000000000000000e+00,0.000000000000000000e+00,0.000000000000000000e+00,0.000000000000000000e+00,0.000000000000000000e+00,0.000000000000000000e+00,0.000000000000000000e+00,0.000000000000000000e+00,0.000000000000000000e+00,0.000000000000000000e+00,0.000000000000000000e+00,0.000000000000000000e+00,0.000000000000000000e+00,0.000000000000000000e+00,0.000000000000000000e+00,0.000000000000000000e+00,0.000000000000000000e+00,0.000000000000000000e+00,0.000000000000000000e+00,0.000000000000000000e+00,0.000000000000000000e+00,0.000000000000000000e+00,0.000000000000000000e+00,0.000000000000000000e+00,0.000000000000000000e+00,0.000000000000000000e+00,0.000000000000000000e+00,0.000000000000000000e+00,0.000000000000000000e+00,0.000000000000000000e+00,0.000000000000000000e+00,0.000000000000000000e+00,0.000000000000000000e+00,0.000000000000000000e+00,0.000000000000000000e+00,0.000000000000000000e+00,0.000000000000000000e+00,0.000000000000000000e+00,0.000000000000000000e+00,0.000000000000000000e+00,0.000000000000000000e+00,0.000000000000000000e+00,0.000000000000000000e+00,0.000000000000000000e+00,0.000000000000000000e+00,0.000000000000000000e+00,0.000000000000000000e+00,0.000000000000000000e+00,0.000000000000000000e+00,0.000000000000000000e+00,0.000000000000000000e+00,0.000000000000000000e+00,0.000000000000000000e+00,0.000000000000000000e+00,0.000000000000000000e+00,0.000000000000000000e+00,0.000000000000000000e+00,0.000000000000000000e+00,0.000000000000000000e+00,0.000000000000000000e+00,0.000000000000000000e+00,0.000000000000000000e+00,0.000000000000000000e+00,0.000000000000000000e+00,0.000000000000000000e+00,0.000000000000000000e+00,0.000000000000000000e+00,0.000000000000000000e+00,0.000000000000000000e+00,0.000000000000000000e+00,0.000000000000000000e+00,0.000000000000000000e+00,0.000000000000000000e+00,0.000000000000000000e+00,0.000000000000000000e+00,0.000000000000000000e+00,0.000000000000000000e+00,0.000000000000000000e+00,0.000000000000000000e+00,0.000000000000000000e+00,0.000000000000000000e+00,0.000000000000000000e+00,0.000000000000000000e+00,0.000000000000000000e+00,0.000000000000000000e+00,0.000000000000000000e+00,0.000000000000000000e+00,0.000000000000000000e+00,0.000000000000000000e+00,0.000000000000000000e+00,0.000000000000000000e+00,0.000000000000000000e+00,0.000000000000000000e+00,0.000000000000000000e+00,0.000000000000000000e+00,0.000000000000000000e+00,0.000000000000000000e+00,0.000000000000000000e+00,0.000000000000000000e+00,0.000000000000000000e+00,0.000000000000000000e+00,0.000000000000000000e+00,0.000000000000000000e+00,0.000000000000000000e+00,0.000000000000000000e+00,0.000000000000000000e+00,0.000000000000000000e+00,0.000000000000000000e+00,0.000000000000000000e+00,0.000000000000000000e+00,0.000000000000000000e+00,0.000000000000000000e+00,0.000000000000000000e+00,0.000000000000000000e+00,0.000000000000000000e+00,0.000000000000000000e+00,0.000000000000000000e+00,0.000000000000000000e+00,0.000000000000000000e+00,0.000000000000000000e+00,0.000000000000000000e+00,0.000000000000000000e+00,0.000000000000000000e+00,0.000000000000000000e+00,0.000000000000000000e+00,0.000000000000000000e+00,0.000000000000000000e+00,0.000000000000000000e+00,0.000000000000000000e+00,0.000000000000000000e+00,0.000000000000000000e+00,0.000000000000000000e+00,0.000000000000000000e+00,0.000000000000000000e+00,0.000000000000000000e+00,0.000000000000000000e+00,0.000000000000000000e+00,0.000000000000000000e+00,0.000000000000000000e+00,0.000000000000000000e+00,0.000000000000000000e+00,0.000000000000000000e+00,0.000000000000000000e+00,0.000000000000000000e+00,0.000000000000000000e+00,0.000000000000000000e+00,0.000000000000000000e+00,0.000000000000000000e+00,0.000000000000000000e+00,0.000000000000000000e+00,0.000000000000000000e+00,0.000000000000000000e+00,0.000000000000000000e+00,0.000000000000000000e+00,0.000000000000000000e+00,0.000000000000000000e+00,0.000000000000000000e+00,0.000000000000000000e+00,0.000000000000000000e+00,0.000000000000000000e+00,0.000000000000000000e+00,0.000000000000000000e+00,0.000000000000000000e+00,0.000000000000000000e+00,0.000000000000000000e+00,0.000000000000000000e+00,0.000000000000000000e+00,0.000000000000000000e+00,0.000000000000000000e+00,0.000000000000000000e+00,0.000000000000000000e+00,0.000000000000000000e+00,0.000000000000000000e+00,0.000000000000000000e+00,0.000000000000000000e+00,0.000000000000000000e+00,0.000000000000000000e+00,0.000000000000000000e+00,0.000000000000000000e+00,0.000000000000000000e+00,0.000000000000000000e+00,0.000000000000000000e+00,0.000000000000000000e+00,0.000000000000000000e+00,0.000000000000000000e+00,0.000000000000000000e+00,0.000000000000000000e+00,0.000000000000000000e+00,0.000000000000000000e+00,0.000000000000000000e+00,0.000000000000000000e+00,0.000000000000000000e+00,0.000000000000000000e+00,0.000000000000000000e+00,0.000000000000000000e+00,0.000000000000000000e+00,0.000000000000000000e+00,0.000000000000000000e+00,0.000000000000000000e+00,0.000000000000000000e+00,0.000000000000000000e+00,0.000000000000000000e+00,0.000000000000000000e+00,0.000000000000000000e+00,0.000000000000000000e+00,0.000000000000000000e+00,0.000000000000000000e+00,0.000000000000000000e+00,0.000000000000000000e+00,0.000000000000000000e+00,0.000000000000000000e+00,0.000000000000000000e+00,0.000000000000000000e+00,0.000000000000000000e+00,0.000000000000000000e+00,0.000000000000000000e+00,0.000000000000000000e+00,0.000000000000000000e+00,0.000000000000000000e+00,0.000000000000000000e+00,0.000000000000000000e+00,0.000000000000000000e+00,0.000000000000000000e+00,0.000000000000000000e+00,0.000000000000000000e+00,0.000000000000000000e+00,0.000000000000000000e+00,0.000000000000000000e+00,0.000000000000000000e+00,0.000000000000000000e+00,0.000000000000000000e+00,0.000000000000000000e+00,0.000000000000000000e+00,0.000000000000000000e+00,0.000000000000000000e+00,0.000000000000000000e+00,0.000000000000000000e+00,0.000000000000000000e+00,0.000000000000000000e+00,0.000000000000000000e+00,0.000000000000000000e+00,0.000000000000000000e+00,0.000000000000000000e+00,0.000000000000000000e+00,0.000000000000000000e+00,0.000000000000000000e+00,0.000000000000000000e+00,0.000000000000000000e+00,0.000000000000000000e+00,0.000000000000000000e+00,0.000000000000000000e+00,0.000000000000000000e+00,0.000000000000000000e+00,0.000000000000000000e+00,0.000000000000000000e+00,0.000000000000000000e+00,0.000000000000000000e+00,0.000000000000000000e+00,0.000000000000000000e+00,0.000000000000000000e+00,0.000000000000000000e+00,0.000000000000000000e+00,0.000000000000000000e+00,0.000000000000000000e+00,0.000000000000000000e+00,0.000000000000000000e+00,0.000000000000000000e+00,0.000000000000000000e+00,0.000000000000000000e+00,0.000000000000000000e+00,0.000000000000000000e+00,0.000000000000000000e+00,0.000000000000000000e+00,0.000000000000000000e+00,0.000000000000000000e+00,0.000000000000000000e+00,0.000000000000000000e+00,0.000000000000000000e+00,0.000000000000000000e+00,0.000000000000000000e+00,0.000000000000000000e+00,0.000000000000000000e+00,0.000000000000000000e+00,0.000000000000000000e+00,0.000000000000000000e+00,0.000000000000000000e+00,0.000000000000000000e+00,0.000000000000000000e+00
1.294452347083926147e-01,1.346899224806201445e-01,1.276595744680850963e-01,3.164335664335664600e-01,3.104395604395604469e-01,1.820987654320987692e-01,0.000000000000000000e+00,0.000000000000000000e+00,0.000000000000000000e+00,1.836734693877551117e-01,7.322654462242562945e-02,6.097560975609755962e-02,1.176470588235294101e-01,0.000000000000000000e+00,1.250000000000000000e-01,1.650485436893203983e-01,1.545363908275174392e-01,3.192156862745098023e-01,1.420454545454545581e-01,2.113821138211382233e-01,2.368421052631578816e-01,0.000000000000000000e+00,4.288107202680067065e-01,4.048653344917463315e-01,1.824561403508772051e-01,0.000000000000000000e+00,1.111111111111111049e-01,9.803921568627450844e-02,1.536174430128840473e-01,1.323877068557919590e-01,1.388888888888888951e-01,3.237410071942445899e-01,8.536585365853659180e-02,1.157112526539278152e-01,3.031869078380706184e-01,1.411378555798687151e-01,1.052631578947368363e-01,1.258169934640522847e-01,1.939546599496221602e-01,1.087190527448869820e-01,2.479338842975206680e-01,1.296625222024866686e-01,1.836734693877551117e-01,8.809523809523810145e-02,7.857142857142856984e-02,0.000000000000000000e+00,1.495983935742971893e-01,1.935483870967741882e-01,9.055118110236221041e-02,1.851851851851851749e-01,1.309130913091309245e-01,1.349693251533742311e-01,9.141274238227146964e-02,1.285140562248995866e-01,1.777777777777777846e-01,4.311111111111111116e-01,1.125000000000000028e-01,1.439688715953307274e-01,1.694444444444444531e-01,8.757637474541751788e-02,1.436464088397789995e-01,3.918650793650793607e-01,3.746835443037974667e-01,3.992395437262357683e-01,8.538732394366196909e-02,1.450777202072538741e-01,4.568527918781725705e-02,1.151960784313725422e-01,1.302521008403361436e-01,8.544303797468354167e-02,1.189773844641101308e-01,1.340659340659340615e-01,1.221837088388214865e-01,1.099656357388316130e-01,4.186633039092055308e-01,1.580680570801317186e-01,9.558823529411764053e-02,9.292929292929293095e-02,3.844827586206896464e-01,9.659863945578231470e-02,3.745791245791245672e-01,4.570135746606334703e-01,2.008196721311475419e-01,1.250000000000000000e-01,2.023121387283237094e-01,1.666666666666666574e-01,1.375739644970414288e-01,0.000000000000000000e+00,1.173469387755102095e-01,1.226053639846743232e-01,1.104294478527607370e-01,1.328125000000000000e-01,3.483796296296296502e-01,1.107692307692307726e-01,1.773399014778325178e-01,3.600944510035419266e-01,2.838137472283813745e-01,1.019417475728155303e-01,7.167235494880545843e-02,2.617611580217129030e-01,1.156211562115621178e-01,7.812500000000000000e-02,9.905660377358491142e-02,1.074218750000000000e-01,1.182401466544454605e-01,1.132075471698113234e-01,7.103825136612021418e-02,0.000000000000000000e+00,1.671159029649595673e-01,0.000000000000000000e+00,1.428571428571428492e-01,1.064663618549967355e-01,2.031602708803611768e-01,1.202600216684723694e-01,1.600000000000000033e-01,5.311778290993071638e-02,1.497695852534562111e-01,1.026894865525672385e-01,2.654545454545454430e-01,1.297602256699576795e-01,4.562682215743440461e-01,1.423357664233576569e-01,1.058823529411764691e-01,1.338514680483592345e-01,1.213872832369942145e-01,9.352517985611510931e-02,1.343705799151343749e-01,1.183844011142061309e-01,1.300970873786407855e-01,1.784386617100371664e-01,0.000000000000000000e+00,1.830357142857142738e-01,0.000000000000000000e+00,1.400911161731207277e-01,1.251015434606011500e-01,1.268656716417910502e-01,1.611570247933884203e-01,1.477045908183632628e-01,1.277777777777777679e-01,8.525754884547069590e-02,1.293706293706293753e-01,1.529193697868396762e-01,1.488372093023255793e-01,2.010443864229765065e-01,9.022556390977443108e-02,0.000000000000000000e+00,9.770114942528736190e-02,0.000000000000000000e+00,0.000000000000000000e+00,1.306376360808709225e-01,1.484453360080240647e-01,1.058823529411764691e-01,1.315789473684210453e-01,7.831325301204819511e-02,1.860129776496034504e-01,1.477927063339731228e-01,2.713414634146341653e-01,1.297071129707113024e-01,3.355704697986577334e-01,2.066549912434325620e-01,1.221122112211221189e-01,1.469740634005763658e-01,2.013422818791946178e-01,1.337868480725623588e-01,3.805309734513274145e-01,0.000000000000000000e+00,2.241992882562277578e-01,0.000000000000000000e+00,1.504854368932038722e-01,3.823529411764705621e-01,1.211041852181656275e-01,0.000000000000000000e+00,0.000000000000000000e+00,2.545454545454545192e-01,7.857142857142856984e-02,1.023391812865497019e-01,1.153039832285115279e-01,3.765281173594132169e-01,2.422360248447205100e-01,1.152073732718894017e-01,2.301587301587301460e-01,7.692307692307692735e-02,1.099656357388316130e-01,1.941747572815533812e-02,3.755868544600938774e-01,1.521152115211521216e-01,5.576208178438661622e-02,0.000000000000000000e+00,1.138211382113821085e-01,1.566666666666666763e-01,0.000000000000000000e+00,1.239819004524886914e-01,9.798270893371757717e-02,8.823529411764706454e-02,3.243243243243243423e-01,2.910256410256410464e-01,1.133540372670807511e-01,0.000000000000000000e+00,9.343434343434343925e-02,1.215805471124620091e-01,1.012461059190031126e-01,7.784431137724551197e-02,7.020280811232448848e-02,1.414728682170542651e-01,1.374045801526717625e-01,7.096774193548387177e-02,1.140529531568228172e-01,1.117318435754189876e-01,0.000000000000000000e+00,1.369565217391304213e-01,1.833910034602076189e-01,1.196369636963696415e-01,1.151832460732984259e-01,1.741935483870967749e-01,1.255901794145420081e-01,3.133640552995391459e-01,3.927272727272727026e-01,0.000000000000000000e+00,7.547169811320754429e-02,0.000000000000000000e+00,0.000000000000000000e+00,1.650485436893203983e-01,7.487922705314009608e-02,1.161616161616161602e-01,3.333333333333333148e-01,0.000000000000000000e+00,9.779179810725552313e-02,0.000000000000000000e+00,1.735918744228993615e-01,1.132596685082872950e-01,3.344262295081967262e-01,1.875000000000000000e-01,0.000000000000000000e+00,0.000000000000000000e+00,1.221374045801526670e-01,3.271767810026385281e-01,1.214488636363636326e-01,2.920592193808883019e-01,2.067748764996471533e-01,3.838771593090211098e-01,1.658711217183770903e-01,3.763364219529579668e-01,1.075471698113207586e-01,1.356932153392330365e-01,1.381215469613259750e-01,1.512915129151291560e-01,9.352517985611510931e-02,1.355140186915887723e-01,1.425304878048780366e-01,2.484848484848484751e-01,0.000000000000000000e+00,1.459854014598540028e-01,3.455149501661129441e-01,1.454545454545454475e-01,3.677581863979849097e-01,2.541436464088397962e-01,0.000000000000000000e+00,3.948051948051948257e-01,1.147938561034761579e-01,1.152647975077881609e-01,0.000000000000000000e+00,1.547619047619047672e-01,0.000000000000000000e+00,0.000000000000000000e+00,3.374233128834355777e-01,0.000000000000000000e+00,1.322957198443579785e-01,1.085918854415274526e-01,1.010101010101010083e-01,1.182170542635658933e-01,9.153005464480874764e-02,3.149700598802395168e-01,1.359773371104815998e-01,3.685322069693769964e-01,1.153846153846153910e-01,2.019867549668874218e-01,1.492718446601941640e-01,1.498685363716038554e-01,1.033434650455927056e-01,3.125683060109289424e-01,0.000000000000000000e+00,5.555555555555555247e-02,9.090909090909091161e-02,9.959758551307847096e-02,9.234234234234234284e-02,1.397849462365591267e-01,1.153846153846153910e-01,1.169451073985680184e-01,1.636363636363636354e-01,0.000000000000000000e+00,1.414141414141414088e-01,0.000000000000000000e+00,1.441441441441441429e-01,1.408450704225352179e-01,1.196581196581196632e-01,2.978723404255319007e-01,1.091703056768558999e-01,0.000000000000000000e+00,3.867924528301887044e-01,2.296296296296296280e-01,1.640000000000000069e-01,1.743772241992882499e-01,1.127272727272727315e-01,1.827242524916943556e-01,1.490909090909090795e-01,1.463414634146341375e-01,2.105263157894736725e-01,1.307189542483660205e-01,1.286764705882352811e-01,1.199999999999999956e-01,1.830065359477124065e-01,2.092198581560283654e-01,1.897810218978102093e-01,1.399176954732510303e-01,1.575342465753424570e-01,1.666666666666666574e-01,1.775362318840579823e-01,1.383399209486166070e-01,1.660377358490565947e-01,1.618122977346278246e-01
1.208609271523178874e-01,1.053203040173724264e-01,1.359223300970873738e-01,4.267515923566879144e-01,3.476923076923076894e-01,3.370370370370370239e-01,0.000000000000000000e+00,0.000000000000000000e+00,0.000000000000000000e+00,2.419354838709677491e-01,1.016949152542372947e-01,1.407867494824016630e-01,1.367521367521367659e-01,0.000000000000000000e+00,1.444866920152091117e-01,2.150537634408602183e-01,1.597701149425287404e-01,3.379310344827586299e-01,1.366459627329192628e-01,2.162162162162162282e-01,2.521739130434782483e-01,0.000000000000000000e+00,4.057971014492753881e-01,4.632206759443339705e-01,1.518987341772151944e-01,0.000000000000000000e+00,1.014492753623188470e-01,9.947643979057591013e-02,1.028037383177570069e-01,1.398305084745762594e-01,1.341463414634146423e-01,2.906110283159463736e-01,9.968847352024921837e-02,1.301204819277108349e-01,3.131021194605009828e-01,1.401028277634961405e-01,1.152597402597402565e-01,1.271676300578034602e-01,2.292817679558011024e-01,1.419676214196762265e-01,1.944444444444444475e-01,1.479289940828402428e-01,1.212121212121212155e-01,1.097208854667949957e-01,9.695290858725762184e-02,0.000000000000000000e+00,1.336683417085427206e-01,1.715976331360946627e-01,1.077669902912621325e-01,7.751937984496123923e-02,1.536491677336747630e-01,1.357142857142857040e-01,1.138790035587188554e-01,1.206896551724137984e-01,1.371428571428571497e-01,4.031890660592254982e-01,1.583333333333333259e-01,1.856540084388185741e-01,2.090909090909090773e-01,1.157205240174672550e-01,2.040816326530612290e-01,3.559498956158663741e-01,3.731041456016178093e-01,3.796296296296296502e-01,9.748083242059145392e-02,1.104972375690607689e-01,7.174887892376681509e-02,9.090909090909091161e-02,1.777777777777777846e-01,7.196969696969697516e-02,1.389830508474576287e-01,1.465968586387434436e-01,1.331987891019172643e-01,1.385681293302540307e-01,4.055636896046851958e-01,1.593406593406593297e-01,1.391304347826086973e-01,1.175182481751824853e-01,2.604373757455268334e-01,1.169230769230769212e-01,3.772511848341232321e-01,4.184914841849148304e-01,2.285714285714285643e-01,1.510204081632653128e-01,2.984409799554565978e-01,1.952380952380952384e-01,1.350482315112540299e-01,0.000000000000000000e+00,1.553030303030303039e-01,1.422680412371133962e-01,1.593220338983050710e-01,1.375464684014869876e-01,3.166441136671176992e-01,1.335012594458438173e-01,2.784810126582278333e-01,4.191542288557214002e-01,3.137973137973137927e-01,1.104651162790697694e-01,9.767441860465116144e-02,2.818057455540355916e-01,1.046337817638266082e-01,9.633027522935780351e-02,1.142857142857142821e-01,1.210407239819004527e-01,9.898989898989898895e-02,6.097560975609755962e-02,1.290322580645161255e-01,0.000000000000000000e+00,1.725146198830409261e-01,0.000000000000000000e+00,1.942446043165467762e-01,1.144781144781144844e-01,1.586901763224181361e-01,1.523579201934703864e-01,1.995305164319248759e-01,5.722891566265059932e-02,2.177419354838709686e-01,1.107927411652340072e-01,2.346938775510204189e-01,1.160639192598822561e-01,4.365217391304347938e-01,9.894459102902374015e-02,1.468531468531468487e-01,1.395348837209302306e-01,9.090909090909091161e-02,1.402936378466557998e-01,1.205564142194744948e-01,1.382113821138211407e-01,1.536819637139807959e-01,1.566820276497695730e-01,0.000000000000000000e+00,1.187214611872146053e-01,0.000000000000000000e+00,1.216991963260619924e-01,1.390423572744014791e-01,1.558441558441558406e-01,9.433962264150944077e-02,1.274725274725274637e-01,1.521739130434782705e-01,1.372549019607843257e-01,1.658986175115207407e-01,1.530726256983240274e-01,1.013215859030836968e-01,1.575931232091690448e-01,1.573033707865168496e-01,0.000000000000000000e+00,1.428571428571428492e-01,0.000000000000000000e+00,0.000000000000000000e+00,1.215469613259668458e-01,1.544910179640718584e-01,1.121673003802281382e-01,1.592356687898089096e-01,8.712121212121212710e-02,1.998207885304659481e-01,2.383073496659242896e-01,2.794376098418277499e-01,1.731843575418994530e-01,3.290322580645161366e-01,2.326043737574552683e-01,1.394557823129251584e-01,2.241379310344827624e-01,2.128205128205128138e-01,1.309192200557103003e-01,4.244372990353697528e-01,0.000000000000000000e+00,2.352941176470588203e-01,0.000000000000000000e+00,1.216216216216216284e-01,3.733333333333333504e-01,1.417322834645669272e-01,0.000000000000000000e+00,0.000000000000000000e+00,3.057851239669421295e-01,8.480565371024735566e-02,1.404011461318051546e-01,1.175726927939317323e-01,3.823953823953823994e-01,2.317880794701986658e-01,1.032806804374240550e-01,3.636363636363636465e-01,1.199999999999999956e-01,1.507731958762886515e-01,5.952380952380952051e-02,3.786982248520709970e-01,1.593714927048260344e-01,5.853658536585366196e-02,0.000000000000000000e+00,1.238095238095238138e-01,1.660079051383399340e-01,0.000000000000000000e+00,1.337719298245614030e-01,8.922558922558922190e-02,9.459459459459459985e-02,3.032786885245901676e-01,3.142037302725968484e-01,1.242829827915870045e-01,0.000000000000000000e+00,1.156250000000000056e-01,1.688741721854304656e-01,1.259842519685039353e-01,1.140939597315436260e-01,8.914728682170543206e-02,1.856540084388185741e-01,1.729323308270676596e-01,1.764705882352941291e-01,1.450892857142857262e-01,1.305147058823529493e-01,0.000000000000000000e+00,1.278409090909090884e-01,2.142857142857142738e-01,1.447619047619047583e-01,6.626506024096386060e-02,1.854304635761589437e-01,1.462655601659751115e-01,4.464285714285714524e-01,3.774647887323943629e-01,0.000000000000000000e+00,4.109589041095890183e-02,0.000000000000000000e+00,0.000000000000000000e+00,1.250000000000000000e-01,9.925558312655087534e-02,1.216216216216216284e-01,4.332129963898916913e-01,0.000000000000000000e+00,1.111111111111111049e-01,0.000000000000000000e+00,1.595022624434389025e-01,1.206896551724137984e-01,4.242424242424242542e-01,1.866028708133971314e-01,0.000000000000000000e+00,0.000000000000000000e+00,1.459694989106753715e-01,4.984894259818731244e-01,1.291866028708134051e-01,3.225806451612903136e-01,2.500000000000000000e-01,4.292035398230088505e-01,1.570680628272251300e-01,3.835390946502057474e-01,1.089887640449438144e-01,1.211778029445073623e-01,1.024096385542168641e-01,1.595744680851063912e-01,1.084905660377358527e-01,1.632653061224489666e-01,1.590705987488829354e-01,2.764976958525345863e-01,0.000000000000000000e+00,1.833333333333333204e-01,3.525423728813559254e-01,1.059027777777777762e-01,3.577464788732394596e-01,2.857142857142856984e-01,0.000000000000000000e+00,3.418803418803418870e-01,1.413043478260869457e-01,1.140510948905109484e-01,0.000000000000000000e+00,1.179039301310043641e-01,0.000000000000000000e+00,0.000000000000000000e+00,5.373134328358208922e-01,0.000000000000000000e+00,1.330275229357798239e-01,1.221590909090909116e-01,1.129032258064516098e-01,1.234042553191489339e-01,1.170046801872074854e-01,3.086705202312138852e-01,1.162029459901800371e-01,3.555825242718446688e-01,1.499999999999999944e-01,2.471042471042471100e-01,1.416040100250626488e-01,1.704658077304261610e-01,1.127272727272727315e-01,3.378839590443685759e-01,0.000000000000000000e+00,3.571428571428571230e-02,1.437499999999999889e-01,1.023359288097886594e-01,1.137026239067055328e-01,1.041990668740279957e-01,7.665505226480835710e-02,1.661341853035143701e-01,1.188118811881188064e-01,0.000000000000000000e+00,1.290322580645161255e-01,0.000000000000000000e+00,1.233766233766233761e-01,1.315789473684210453e-01,1.359223300970873738e-01,2.848324514991181777e-01,1.438159156279961715e-01,0.000000000000000000e+00,5.473684210526316152e-01,2.515463917525773141e-01,9.349593495934958864e-02,2.098214285714285754e-01,1.908713692946057972e-01,1.766917293233082609e-01,1.882845188284518745e-01,1.901140684410646264e-01,2.047244094488188948e-01,1.796875000000000000e-01,2.000000000000000111e-01,1.621621621621621712e-01,1.609195402298850552e-01,1.672727272727272674e-01,1.635514018691588689e-01,1.666666666666666574e-01,1.732026143790849626e-01,1.628787878787878729e-01,1.481481481481481399e-01,1.488372093023255793e-01,1.728395061728394966e-01,1.274900398406374480e-01
3.529411764705882582e-01,8.688524590163934080e-01,6.428571428571429047e-01,3.809523809523809312e-01,1.111111111111111049e-01,4.000000000000000222e-01,0.000000000000000000e+00,0.000000000000000000e+00,0.000000000000000000e+00,5.000000000000000000e-01,6.666666666666666297e-01,4.090909090909091161e-01,1.000000000000000000e+00,0.000000000000000000e+00,7.142857142857143016e-01,7.142857142857143016e-01,4.130434782608695676e-01,6.363636363636363535e-01,6.999999999999999556e-01,5.000000000000000000e-01,6.666666666666666297e-01,0.000000000000000000e+00,6.458333333333333703e-01,2.750000000000000222e-01,9.375000000000000000e-01,0.000000000000000000e+00,7.142857142857143016e-01,7.333333333333332815e-01,9.122807017543859143e-01,4.666666666666666741e-01,1.000000000000000000e+00,4.358974358974359031e-01,8.076923076923077094e-01,5.925925925925925597e-01,4.634146341463414864e-01,8.490566037735849392e-01,3.571428571428571508e-01,5.945945945945946276e-01,6.923076923076922906e-01,4.545454545454545303e-01,0.000000000000000000e+00,7.931034482758620996e-01,0.000000000000000000e+00,5.806451612903226200e-01,4.545454545454545303e-01,0.000000000000000000e+00,7.808219178082191902e-01,0.000000000000000000e+00,5.535714285714286031e-01,1.000000000000000000e+00,3.928571428571428492e-01,5.000000000000000000e-01,6.153846153846154188e-01,1.000000000000000000e+00,7.777777777777777901e-01,5.000000000000000000e-01,5.000000000000000000e-01,5.000000000000000000e-01,5.999999999999999778e-01,5.217391304347825942e-01,7.142857142857143016e-01,5.200000000000000178e-01,5.263157894736841813e-01,1.666666666666666574e-01,5.714285714285713969e-01,7.333333333333332815e-01,9.629629629629629095e-01,1.000000000000000000e+00,6.666666666666666297e-01,1.666666666666666574e-01,4.000000000000000222e-01,5.833333333333333703e-01,4.642857142857143016e-01,3.333333333333333148e-01,5.500000000000000444e-01,8.958333333333333703e-01,2.000000000000000111e-01,6.478873239436619969e-01,8.888888888888888395e-01,4.000000000000000222e-01,3.947368421052631637e-01,3.333333333333333148e-01,6.842105263157894912e-01,5.555555555555555802e-01,5.200000000000000178e-01,1.000000000000000000e+00,8.888888888888888395e-01,0.000000000000000000e+00,5.999999999999999778e-01,6.052631578947368363e-01,4.285714285714285476e-01,4.615384615384615641e-01,4.761904761904761640e-01,2.500000000000000000e-01,1.000000000000000000e+00,3.548387096774193727e-01,5.000000000000000000e-01,5.555555555555555802e-01,6.153846153846154188e-01,5.937500000000000000e-01,6.071428571428570953e-01,6.666666666666666297e-01,5.882352941176470784e-01,8.723404255319149314e-01,8.032786885245901676e-01,0.000000000000000000e+00,7.500000000000000000e-01,0.000000000000000000e+00,5.000000000000000000e-01,0.000000000000000000e+00,2.000000000000000111e-01,5.737704918032786594e-01,8.947368421052631637e-01,8.000000000000000444e-01,4.166666666666666852e-01,6.666666666666666297e-01,2.857142857142856984e-01,3.818181818181818343e-01,7.142857142857143016e-01,5.454545454545454142e-01,1.904761904761904656e-01,8.837209302325581550e-01,5.000000000000000000e-01,5.423728813559322015e-01,8.000000000000000444e-01,4.838709677419354982e-01,8.000000000000000444e-01,4.230769230769230727e-01,4.390243902439024404e-01,4.285714285714285476e-01,0.000000000000000000e+00,7.500000000000000000e-01,0.000000000000000000e+00,3.636363636363636465e-01,5.185185185185184897e-01,4.444444444444444198e-01,1.000000000000000000e+00,7.833333333333333259e-01,2.500000000000000000e-01,5.384615384615384359e-01,5.999999999999999778e-01,4.000000000000000222e-01,1.000000000000000000e+00,8.333333333333333703e-01,5.000000000000000000e-01,0.000000000000000000e+00,4.000000000000000222e-01,0.000000000000000000e+00,0.000000000000000000e+00,4.193548387096774355e-01,5.357142857142856984e-01,5.294117647058823595e-01,3.750000000000000000e-01,3.333333333333333148e-01,6.521739130434782705e-01,6.842105263157894912e-01,5.625000000000000000e-01,5.000000000000000000e-01,1.000000000000000000e+00,6.250000000000000000e-01,4.230769230769230727e-01,3.750000000000000000e-01,8.000000000000000444e-01,6.304347826086956763e-01,5.999999999999999778e-01,0.000000000000000000e+00,7.777777777777777901e-01,0.000000000000000000e+00,4.000000000000000222e-01,7.500000000000000000e-01,5.735294117647058432e-01,0.000000000000000000e+00,0.000000000000000000e+00,8.750000000000000000e-01,4.166666666666666852e-01,2.999999999999999889e-01,5.714285714285713969e-01,5.483870967741935054e-01,6.666666666666666297e-01,8.750000000000000000e-01,5.000000000000000000e-01,1.000000000000000000e+00,4.230769230769230727e-01,8.333333333333333703e-01,6.250000000000000000e-01,4.102564102564102422e-01,5.000000000000000000e-01,0.000000000000000000e+00,5.714285714285713969e-01,8.000000000000000444e-01,0.000000000000000000e+00,6.274509803921568540e-01,5.925925925925925597e-01,7.500000000000000000e-01,6.923076923076922906e-01,4.411764705882352811e-01,6.470588235294117974e-01,0.000000000000000000e+00,5.999999999999999778e-01,5.714285714285713969e-01,6.111111111111111605e-01,6.999999999999999556e-01,1.428571428571428492e-01,5.833333333333333703e-01,1.000000000000000000e+00,5.000000000000000000e-01,4.705882352941176405e-01,6.290322580645161255e-01,0.000000000000000000e+00,4.166666666666666852e-01,1.000000000000000000e+00,6.206896551724138122e-01,5.999999999999999778e-01,5.555555555555555802e-01,4.347826086956521618e-01,5.000000000000000000e-01,7.272727272727272929e-01,0.000000000000000000e+00,1.000000000000000000e+00,0.000000000000000000e+00,0.000000000000000000e+00,1.000000000000000000e+00,4.285714285714285476e-01,6.666666666666666297e-01,2.500000000000000000e-01,0.000000000000000000e+00,4.444444444444444198e-01,0.000000000000000000e+00,9.285714285714286031e-01,8.666666666666666963e-01,2.727272727272727071e-01,2.500000000000000000e-01,0.000000000000000000e+00,0.000000000000000000e+00,5.087719298245614308e-01,1.538461538461538547e-01,5.333333333333333259e-01,2.399999999999999911e-01,5.869565217391304879e-01,5.000000000000000000e-01,6.800000000000000488e-01,4.074074074074073848e-01,5.365853658536585691e-01,9.047619047619047672e-01,7.500000000000000000e-01,3.809523809523809312e-01,5.999999999999999778e-01,6.521739130434782705e-01,5.932203389830508211e-01,6.176470588235294379e-01,0.000000000000000000e+00,7.500000000000000000e-01,5.333333333333333259e-01,8.571428571428570953e-01,8.333333333333333703e-01,4.285714285714285476e-01,0.000000000000000000e+00,1.818181818181818232e-01,5.135135135135134865e-01,5.156250000000000000e-01,0.000000000000000000e+00,7.894736842105263275e-01,0.000000000000000000e+00,0.000000000000000000e+00,3.333333333333333148e-01,0.000000000000000000e+00,5.000000000000000000e-01,3.684210526315789269e-01,8.620689655172413257e-01,7.272727272727272929e-01,6.666666666666666297e-01,4.324324324324324564e-01,9.250000000000000444e-01,3.939393939393939226e-01,4.166666666666666852e-01,5.000000000000000000e-01,8.085106382978722861e-01,5.102040816326530726e-01,3.548387096774193727e-01,4.545454545454545303e-01,0.000000000000000000e+00,8.571428571428570953e-01,2.500000000000000000e-01,5.744680851063830307e-01,3.750000000000000000e-01,8.289473684210526550e-01,5.000000000000000000e-01,7.500000000000000000e-01,0.000000000000000000e+00,0.000000000000000000e+00,0.000000000000000000e+00,0.000000000000000000e+00,9.333333333333333481e-01,1.000000000000000000e+00,5.862068965517240882e-01,6.071428571428570953e-01,7.450980392156862919e-01,0.000000000000000000e+00,3.333333333333333148e-01,7.199999999999999734e-01,7.272727272727272929e-01,7.500000000000000000e-01,5.000000000000000000e-01,5.000000000000000000e-01,8.181818181818182323e-01,6.315789473684210176e-01,6.666666666666666297e-01,2.666666666666666630e-01,7.058823529411765163e-01,3.333333333333333148e-01,5.833333333333333703e-01,6.153846153846154188e-01,4.545454545454545303e-01,5.000000000000000000e-01,5.625000000000000000e-01,6.363636363636363535e-01,6.153846153846154188e-01,5.714285714285713969e-01,6.250000000000000000e-01,7.647058823529411242e-01
0.000000000000000000e+00,0.000000000000000000e+00,0.000000000000000000e+00,0.000000000000000000e+00,0.000000000000000000e+00,0.000000000000000000e+00,0.000000000000000000e+00,0.000000000000000000e+00,0.000000000000000000e+00,0.000000000000000000e+00,0.000000000000000000e+00,0.000000000000000000e+00,0.000000000000000000e+00,0.000000000000000000e+00,0.000000000000000000e+00,0.000000000000000000e+00,0.000000000000000000e+00,0.000000000000000000e+00,0.000000000000000000e+00,0.000000000000000000e+00,0.000000000000000000e+00,0.000000000000000000e+00,0.000000000000000000e+00,0.000000000000000000e+00,0.000000000000000000e+00,0.000000000000000000e+00,0.000000000000000000e+00,0.000000000000000000e+00,0.000000000000000000e+00,0.000000000000000000e+00,0.000000000000000000e+00,0.000000000000000000e+00,0.000000000000000000e+00,0.000000000000000000e+00,0.000000000000000000e+00,0.000000000000000000e+00,0.000000000000000000e+00,0.000000000000000000e+00,0.000000000000000000e+00,0.000000000000000000e+00,0.000000000000000000e+00,0.000000000000000000e+00,0.000000000000000000e+00,0.000000000000000000e+00,0.000000000000000000e+00,0.000000000000000000e+00,0.000000000000000000e+00,0.000000000000000000e+00,0.000000000000000000e+00,0.000000000000000000e+00,0.000000000000000000e+00,0.000000000000000000e+00,0.000000000000000000e+00,0.000000000000000000e+00,0.000000000000000000e+00,0.000000000000000000e+00,0.000000000000000000e+00,0.000000000000000000e+00,0.000000000000000000e+00,0.000000000000000000e+00,0.000000000000000000e+00,0.000000000000000000e+00,0.000000000000000000e+00,0.000000000000000000e+00,0.000000000000000000e+00,0.000000000000000000e+00,0.000000000000000000e+00,0.000000000000000000e+00,0.000000000000000000e+00,0.000000000000000000e+00,0.000000000000000000e+00,0.000000000000000000e+00,0.000000000000000000e+00,0.000000000000000000e+00,0.000000000000000000e+00,0.000000000000000000e+00,0.000000000000000000e+00,0.000000000000000000e+00,0.000000000000000000e+00,0.000000000000000000e+00,0.000000000000000000e+00,0.000000000000000000e+00,0.000000000000000000e+00,0.000000000000000000e+00,0.000000000000000000e+00,0.000000000000000000e+00,0.000000000000000000e+00,0.000000000000000000e+00,0.000000000000000000e+00,0.000000000000000000e+00,0.000000000000000000e+00,0.000000000000000000e+00,0.000000000000000000e+00,0.000000000000000000e+00,0.000000000000000000e+00,0.000000000000000000e+00,0.000000000000000000e+00,0.000000000000000000e+00,0.000000000000000000e+00,0.000000000000000000e+00,0.000000000000000000e+00,0.000000000000000000e+00,0.000000000000000000e+00,0.000000000000000000e+00,0.000000000000000000e+00,0.000000000000000000e+00,0.000000000000000000e+00,0.000000000000000000e+00,0.000000000000000000e+00,0.000000000000000000e+00,0.000000000000000000e+00,0.000000000000000000e+00,0.000000000000000000e+00,0.000000000000000000e+00,0.000000000000000000e+00,0.000000000000000000e+00,0.000000000000000000e+00,0.000000000000000000e+00,0.000000000000000000e+00,0.000000000000000000e+00,0.000000000000000000e+00,0.000000000000000000e+00,0.000000000000000000e+00,0.000000000000000000e+00,0.000000000000000000e+00,0.000000000000000000e+00,0.000000000000000000e+00,0.000000000000000000e+00,0.000000000000000000e+00,0.000000000000000000e+00,0.000000000000000000e+00,0.000000000000000000e+00,0.000000000000000000e+00,0.000000000000000000e+00,0.000000000000000000e+00,0.000000000000000000e+00,0.000000000000000000e+00,0.000000000000000000e+00,0.000000000000000000e+00,0.000000000000000000e+00,0.000000000000000000e+00,0.000000000000000000e+00,0.000000000000000000e+00,0.000000000000000000e+00,0.000000000000000000e+00,0.000000000000000000e+00,0.000000000000000000e+00,0.000000000000000000e+00,0.000000000000000000e+00,0.000000000000000000e+00,0.000000000000000000e+00,0.000000000000000000e+00,0.000000000000000000e+00,0.000000000000000000e+00,0.000000000000000000e+00,0.000000000000000000e+00,0.000000000000000000e+00,0.000000000000000000e+00,0.000000000000000000e+00,0.000000000000000000e+00,0.000000000000000000e+00,0.000000000000000000e+00,0.000000000000000000e+00,0.000000000000000000e+00,0.000000000000000000e+00,0.000000000000000000e+00,0.000000000000000000e+00,0.000000000000000000e+00,0.000000000000000000e+00,0.000000000000000000e+00,0.000000000000000000e+00,0.000000000000000000e+00,0.000000000000000000e+00,0.000000000000000000e+00,0.000000000000000000e+00,0.000000000000000000e+00,0.000000000000000000e+00,0.000000000000000000e+00,0.000000000000000000e+00,0.000000000000000000e+00,0.000000000000000000e+00,0.000000000000000000e+00,0.000000000000000000e+00,0.000000000000000000e+00,0.000000000000000000e+00,0.000000000000000000e+00,0.000000000000000000e+00,0.000000000000000000e+00,0.000000000000000000e+00,0.000000000000000000e+00,0.000000000000000000e+00,0.000000000000000000e+00,0.000000000000000000e+00,0.000000000000000000e+00,0.000000000000000000e+00,0.000000000000000000e+00,0.000000000000000000e+00,0.000000000000000000e+00,0.000000000000000000e+00,0.000000000000000000e+00,0.000000000000000000e+00,0.000000000000000000e+00,0.000000000000000000e+00,0.000000000000000000e+00,0.000000000000000000e+00,0.000000000000000000e+00,0.000000000000000000e+00,0.000000000000000000e+00,0.000000000000000000e+00,0.000000000000000000e+00,0.000000000000000000e+00,0.000000000000000000e+00,0.000000000000000000e+00,0.000000000000000000e+00,0.000000000000000000e+00,0.000000000000000000e+00,0.000000000000000000e+00,0.000000000000000000e+00,0.000000000000000000e+00,0.000000000000000000e+00,0.000000000000000000e+00,0.000000000000000000e+00,0.000000000000000000e+00,0.000000000000000000e+00,0.000000000000000000e+00,0.000000000000000000e+00,0.000000000000000000e+00,0.000000000000000000e+00,0.000000000000000000e+00,0.000000000000000000e+00,0.000000000000000000e+00,0.000000000000000000e+00,0.000000000000000000e+00,0.000000000000000000e+00,0.000000000000000000e+00,0.000000000000000000e+00,0.000000000000000000e+00,0.000000000000000000e+00,0.000000000000000000e+00,0.000000000000000000e+00,0.000000000000000000e+00,0.000000000000000000e+00,0.000000000000000000e+00,0.000000000000000000e+00,0.000000000000000000e+00,0.000000000000000000e+00,0.000000000000000000e+00,0.000000000000000000e+00,0.000000000000000000e+00,0.000000000000000000e+00,0.000000000000000000e+00,0.000000000000000000e+00,0.000000000000000000e+00,0.000000000000000000e+00,0.000000000000000000e+00,0.000000000000000000e+00,0.000000000000000000e+00,0.000000000000000000e+00,0.000000000000000000e+00,0.000000000000000000e+00,0.000000000000000000e+00,0.000000000000000000e+00,0.000000000000000000e+00,0.000000000000000000e+00,0.000000000000000000e+00,0.000000000000000000e+00,0.000000000000000000e+00,0.000000000000000000e+00,0.000000000000000000e+00,0.000000000000000000e+00,0.000000000000000000e+00,0.000000000000000000e+00,0.000000000000000000e+00,0.000000000000000000e+00,0.000000000000000000e+00,0.000000000000000000e+00,0.000000000000000000e+00,0.000000000000000000e+00,0.000000000000000000e+00,0.000000000000000000e+00,0.000000000000000000e+00,0.000000000000000000e+00,0.000000000000000000e+00,0.000000000000000000e+00,0.000000000000000000e+00,0.000000000000000000e+00,0.000000000000000000e+00,0.000000000000000000e+00,0.000000000000000000e+00,0.000000000000000000e+00,0.000000000000000000e+00,0.000000000000000000e+00,0.000000000000000000e+00,0.000000000000000000e+00,0.000000000000000000e+00,0.000000000000000000e+00,0.000000000000000000e+00,0.000000000000000000e+00,0.000000000000000000e+00,0.000000000000000000e+00,0.000000000000000000e+00,0.000000000000000000e+00,0.000000000000000000e+00,0.000000000000000000e+00,0.000000000000000000e+00,0.000000000000000000e+00,0.000000000000000000e+00,0.000000000000000000e+00,0.000000000000000000e+00,0.000000000000000000e+00,0.000000000000000000e+00,0.000000000000000000e+00,0.000000000000000000e+00,0.000000000000000000e+00,0.000000000000000000e+00,0.000000000000000000e+00,0.000000000000000000e+00,0.000000000000000000e+00,0.000000000000000000e+00,0.000000000000000000e+00
4.895104895104895187e-02,6.162464985994398070e-02,1.358024691358024616e-01,6.741573033707864981e-02,8.730158730158729674e-02,7.377049180327868716e-02,0.000000000000000000e+00,0.000000000000000000e+00,0.000000000000000000e+00,8.333333333333332871e-02,1.052631578947368363e-01,1.071428571428571369e-01,1.372549019607843257e-01,0.000000000000000000e+00,1.968503937007874127e-01,1.129032258064516098e-01,8.638743455497381596e-02,9.154929577464789026e-02,1.694915254237288130e-02,7.894736842105262720e-02,6.250000000000000000e-02,0.000000000000000000e+00,4.146341463414634360e-02,5.115089514066496063e-02,5.660377358490566169e-02,0.000000000000000000e+00,3.846153846153846367e-01,5.102040816326530726e-02,8.378378378378378843e-02,1.028938906752411564e-01,5.000000000000000278e-02,4.186046511627906919e-02,5.797101449275362389e-02,2.713936430317848147e-01,5.509641873278237068e-02,9.174311926605505096e-02,7.531380753138075534e-02,2.360655737704918100e-01,8.235294117647058709e-02,4.941860465116278828e-02,8.571428571428571508e-02,7.731958762886598224e-02,8.602150537634409289e-02,2.089843750000000000e-01,2.000000000000000111e-01,0.000000000000000000e+00,8.244680851063829197e-02,1.095890410958904049e-01,2.462121212121212155e-01,4.545454545454545581e-02,4.790419161676646997e-02,5.714285714285714107e-02,2.151898734177215278e-01,1.038961038961039030e-01,6.097560975609755962e-02,6.451612903225806273e-02,1.428571428571428492e-01,8.080808080808081495e-02,1.450381679389312894e-01,6.220095693779904150e-02,1.000000000000000056e-01,3.333333333333333287e-02,4.464285714285714385e-02,5.128205128205128027e-02,3.854875283446711903e-02,9.195402298850574585e-02,1.898734177215190000e-01,9.271523178807947185e-02,8.108108108108108558e-02,3.986013986013985932e-01,2.102689486552567211e-01,2.512077294685990392e-01,7.226107226107225667e-02,3.317535545023696936e-02,5.531914893617020934e-02,9.907120743034056320e-02,3.793103448275861878e-01,2.075187969924812137e-01,5.418719211822660420e-02,6.643356643356643221e-02,5.526315789473684043e-02,4.794520547945205213e-02,1.223404255319148898e-01,2.702702702702702853e-02,9.302325581395348708e-02,8.333333333333332871e-02,9.956709956709956788e-02,0.000000000000000000e+00,4.000000000000000083e-02,1.731601731601731531e-01,8.148148148148148806e-02,1.145833333333333287e-01,5.859375000000000000e-02,5.965909090909091161e-02,8.771929824561403022e-02,4.912280701754385970e-02,8.633093525179856564e-02,2.486187845303867439e-01,2.941176470588235392e-01,4.958677685950413361e-02,2.755681818181818232e-01,2.007874015748031538e-01,3.157894736842105088e-01,6.603773584905660299e-02,8.010335917312660925e-02,1.190476190476190410e-01,2.638888888888888951e-01,0.000000000000000000e+00,6.547619047619047949e-02,0.000000000000000000e+00,1.199999999999999956e-01,1.917098445595854794e-01,9.340659340659340781e-02,8.469055374592833474e-02,6.403940886699507895e-02,7.317073170731706877e-02,1.041666666666666713e-01,2.124756335282650954e-01,7.303370786516853730e-02,8.033826638477800652e-02,6.403940886699507895e-02,9.509202453987730674e-02,2.888888888888888618e-01,8.219178082191780366e-02,1.022727272727272790e-01,1.111111111111111049e-01,1.340996168582375414e-01,5.882352941176470507e-02,6.905370843989769303e-02,6.666666666666666574e-02,0.000000000000000000e+00,3.614457831325301046e-02,0.000000000000000000e+00,8.333333333333332871e-02,8.872901678657074687e-02,5.737704918032787010e-02,5.154639175257731687e-02,8.847184986595174605e-02,5.063291139240506250e-02,9.734513274336283051e-02,4.301075268817204644e-02,4.556354916067146404e-02,6.976744186046511531e-02,6.086956521739130682e-02,2.000000000000000111e-01,0.000000000000000000e+00,1.194029850746268634e-01,0.000000000000000000e+00,0.000000000000000000e+00,1.336206896551724033e-01,7.038123167155425908e-02,6.153846153846154188e-02,1.320754716981132060e-01,9.649122807017543324e-02,9.883720930232557655e-02,1.129032258064516098e-01,7.042253521126760896e-02,1.351351351351351426e-02,1.020408163265306145e-01,1.111111111111111049e-01,6.882591093117408632e-02,1.034482758620689641e-01,7.262569832402235304e-02,5.539358600583090680e-02,6.666666666666666574e-02,0.000000000000000000e+00,1.046511627906976799e-01,0.000000000000000000e+00,6.779661016949152519e-02,6.976744186046511531e-02,1.428571428571428492e-01,0.000000000000000000e+00,0.000000000000000000e+00,1.063829787234042562e-01,7.857142857142856984e-02,1.691176470588235392e-01,2.565947242206235157e-01,3.807615230460922179e-02,6.944444444444444753e-02,7.272727272727272374e-02,2.439024390243902524e-02,0.000000000000000000e+00,8.359133126934983893e-02,7.894736842105262720e-02,4.347826086956521618e-02,1.103603603603603572e-01,2.999999999999999889e-01,0.000000000000000000e+00,4.761904761904761640e-02,6.422018348623853568e-02,0.000000000000000000e+00,1.958525345622119940e-01,1.280276816608996449e-01,1.571428571428571397e-01,7.389162561576355370e-02,2.061855670103092744e-02,2.635379061371841414e-01,0.000000000000000000e+00,3.125000000000000000e-02,4.411764705882353227e-02,2.331081081081081141e-01,1.654135338345864570e-01,3.688524590163934358e-02,8.695652173913043237e-02,1.538461538461538547e-02,8.771929824561403022e-02,9.944751381215469199e-02,1.801980198019801915e-01,0.000000000000000000e+00,1.034482758620689641e-01,1.203703703703703637e-01,1.566820276497695730e-01,2.142857142857142738e-01,8.333333333333332871e-02,8.719346049046321212e-02,3.448275862068965469e-02,3.308823529411764747e-02,0.000000000000000000e+00,7.575757575757575968e-02,0.000000000000000000e+00,0.000000000000000000e+00,2.777777777777777624e-02,2.999999999999999889e-01,7.317073170731706877e-02,5.454545454545454281e-02,0.000000000000000000e+00,5.084745762711864736e-02,0.000000000000000000e+00,5.847953216374268681e-02,1.640625000000000000e-01,5.263157894736841813e-02,1.645569620253164445e-01,0.000000000000000000e+00,0.000000000000000000e+00,4.511278195488721554e-02,7.462686567164178442e-02,6.835937500000000000e-02,1.888111888111888015e-01,1.005802707930367468e-01,6.923076923076923461e-02,7.284768211920529535e-02,5.930470347648261753e-02,7.819905213270142430e-02,7.616707616707617257e-02,1.168831168831168804e-01,8.223684210526316374e-02,4.854368932038834877e-02,1.037037037037037007e-01,6.509945750452079960e-02,6.172839506172839164e-02,0.000000000000000000e+00,1.562500000000000000e-01,8.527131782945736316e-02,7.171314741035857143e-02,8.620689655172414367e-02,3.703703703703703498e-02,0.000000000000000000e+00,7.246376811594203160e-02,9.547738693467336391e-02,2.256637168141592820e-01,0.000000000000000000e+00,1.016949152542372947e-01,0.000000000000000000e+00,0.000000000000000000e+00,1.612903225806451568e-02,0.000000000000000000e+00,2.654867256637168382e-01,2.150537634408602183e-01,1.360946745562130189e-01,9.813084112149532412e-02,2.113095238095238082e-01,1.077441077441077394e-01,6.995884773662551515e-02,6.666666666666666574e-02,1.629213483146067509e-01,8.000000000000000167e-02,7.443365695792880654e-02,7.534246575342465335e-02,8.664259927797833549e-02,5.228758169934640682e-02,0.000000000000000000e+00,0.000000000000000000e+00,2.253521126760563431e-01,6.166219839142091097e-02,8.465608465608465139e-02,6.199999999999999956e-02,2.469879518072289060e-01,2.625000000000000111e-01,1.914893617021276584e-01,0.000000000000000000e+00,2.352941176470588203e-01,0.000000000000000000e+00,9.523809523809523281e-02,4.838709677419354704e-02,8.315098468271334142e-02,5.668934240362812071e-02,1.495535714285714246e-01,0.000000000000000000e+00,3.448275862068965469e-02,1.743119266055045968e-01,1.067961165048543631e-01,1.022727272727272790e-01,1.000000000000000056e-01,8.928571428571428770e-02,7.547169811320754429e-02,1.047619047619047644e-01,1.403508771929824483e-01,1.199999999999999956e-01,1.111111111111111049e-01,8.870967741935484319e-02,6.481481481481481122e-02,7.207207207207207145e-02,1.666666666666666574e-01,7.142857142857142461e-02,1.120000000000000023e-01,8.602150537634409289e-02,1.023622047244094474e-01,1.067961165048543631e-01,9.375000000000000000e-02,6.542056074766354479e-02
2.031746031746031744e-01,1.298701298701298579e-01,1.443298969072164817e-01,8.374384236453201458e-02,3.738317757009345516e-02,1.147540983606557402e-01,0.000000000000000000e+00,0.000000000000000000e+00,0.000000000000000000e+00,1.400000000000000133e-01,9.944751381215469199e-02,1.229946524064171182e-01,1.333333333333333315e-01,0.000000000000000000e+00,1.359223300970873738e-01,1.216216216216216284e-01,8.396946564885496289e-02,7.380952380952381098e-02,1.774193548387096864e-01,4.651162790697674354e-02,1.666666666666666574e-01,0.000000000000000000e+00,6.698564593301435666e-02,1.117824773413897271e-01,8.910891089108910479e-02,0.000000000000000000e+00,8.999999999999999667e-02,2.772277227722772519e-01,9.467455621301774926e-02,1.896551724137930939e-01,3.030303030303030387e-01,1.030042918454935619e-01,3.045977011494253039e-01,7.492795389048990951e-02,7.579462102689486780e-02,1.033519553072625718e-01,8.050847457627118009e-02,5.668016194331983865e-02,1.564625850340136126e-01,2.631578947368420907e-01,1.034482758620689641e-01,1.911764705882352811e-01,1.199999999999999956e-01,7.095343680709534362e-02,1.146496815286624227e-01,0.000000000000000000e+00,1.010928961748633892e-01,1.016949152542372947e-01,7.276119402985074813e-02,1.509433962264150886e-01,1.153846153846153910e-01,2.602739726027397116e-01,9.923664122137404453e-02,4.918032786885245811e-02,2.957746478873239382e-01,1.075949367088607639e-01,1.864406779661016977e-01,1.545454545454545414e-01,9.629629629629629650e-02,2.196531791907514464e-01,8.000000000000000167e-02,7.598784194528875047e-02,9.975062344139651316e-02,1.016949152542372947e-01,2.757847533632287185e-01,5.128205128205128027e-02,7.272727272727272374e-02,1.034482758620689641e-01,1.111111111111111049e-01,6.923076923076923461e-02,7.122507122507122646e-02,8.152173913043478382e-02,1.978260869565217350e-01,1.531100478468899462e-01,5.190311418685120831e-02,6.250000000000000000e-02,1.372549019607843257e-01,8.455284552845528101e-02,4.395604395604395948e-02,2.522796352583586699e-01,8.353221957040572743e-02,8.000000000000000167e-02,1.142857142857142821e-01,2.689075630252100724e-01,7.655502392344497309e-02,1.250000000000000000e-01,8.000000000000000167e-02,0.000000000000000000e+00,2.085106382978723361e-01,1.472081218274111647e-01,1.626016260162601590e-01,2.019230769230769273e-01,9.187279151943462951e-02,9.615384615384615918e-02,8.333333333333332871e-02,6.885245901639344690e-02,6.329113924050633333e-02,8.270676691729322849e-02,9.649122807017543324e-02,8.846153846153846645e-02,8.421052631578947179e-02,7.865168539325842478e-02,5.590062111801242378e-02,1.093333333333333379e-01,9.448818897637795144e-02,3.225806451612903136e-02,8.771929824561403022e-02,0.000000000000000000e+00,2.750000000000000222e-01,0.000000000000000000e+00,2.407407407407407274e-01,8.027923211169284146e-02,8.433734939759035543e-02,5.120481927710843206e-02,1.208791208791208799e-01,6.282722513089004923e-02,1.073825503355704675e-01,7.542579075425791257e-02,1.299435028248587531e-01,1.925795053003533652e-01,7.079646017699114946e-02,1.176470588235294101e-01,5.714285714285714107e-02,1.846473029045643255e-01,1.875000000000000000e-01,1.575091575091575047e-01,1.301115241635687758e-01,1.203007518796992414e-01,1.238532110091743188e-01,3.185840707964601726e-01,0.000000000000000000e+00,1.538461538461538547e-01,0.000000000000000000e+00,8.356545961002785627e-02,8.433734939759035543e-02,1.276595744680850963e-01,4.225352112676056260e-02,7.988980716253443748e-02,1.447368421052631637e-01,1.538461538461538547e-01,1.067961165048543631e-01,2.435233160621761705e-01,1.052631578947368363e-01,6.060606060606060774e-02,2.448979591836734637e-01,0.000000000000000000e+00,3.134328358208955390e-01,0.000000000000000000e+00,0.000000000000000000e+00,1.068376068376068327e-01,9.750000000000000333e-02,2.365591397849462485e-01,1.739130434782608647e-01,1.225806451612903164e-01,1.341463414634146423e-01,1.182795698924731242e-01,8.695652173913043237e-02,8.860759493670886111e-02,1.020408163265306145e-01,9.865470852017936554e-02,9.130434782608695676e-02,9.649122807017543324e-02,1.030303030303030276e-01,2.339832869080779865e-01,2.020202020202020374e-02,0.000000000000000000e+00,9.278350515463917869e-02,0.000000000000000000e+00,3.092105263157894912e-01,1.481481481481481399e-01,8.144796380090497945e-02,0.000000000000000000e+00,0.000000000000000000e+00,1.272727272727272596e-01,3.070866141732283561e-01,8.917197452229298771e-02,7.121661721068249518e-02,1.051625239005736095e-01,7.894736842105262720e-02,8.069164265129682989e-02,4.166666666666666435e-02,2.407407407407407274e-01,9.846153846153846145e-02,7.499999999999999722e-02,7.228915662650602092e-02,1.136950904392764888e-01,6.741573033707864981e-02,0.000000000000000000e+00,2.881355932203389925e-01,2.834645669291338543e-01,0.000000000000000000e+00,6.295399515738499263e-02,2.132352941176470507e-01,3.125000000000000000e-02,1.201923076923076955e-01,1.672727272727272674e-01,5.069124423963133896e-02,0.000000000000000000e+00,3.298429319371727897e-01,2.910447761194029925e-01,8.108108108108108558e-02,1.052631578947368363e-01,2.282608695652173780e-01,1.576354679802955683e-01,3.448275862068965469e-02,7.142857142857142461e-02,1.455525606469002808e-01,7.920792079207920888e-02,0.000000000000000000e+00,2.512820512820512775e-01,1.626016260162601590e-01,7.430997876857749207e-02,6.666666666666666574e-02,1.458333333333333426e-01,1.268292682926829285e-01,2.702702702702702853e-02,7.661290322580645296e-02,0.000000000000000000e+00,6.557377049180328210e-02,0.000000000000000000e+00,0.000000000000000000e+00,1.034482758620689641e-01,6.451612903225806273e-02,9.230769230769231282e-02,1.013071895424836610e-01,0.000000000000000000e+00,5.303030303030303177e-02,0.000000000000000000e+00,1.002638522427440615e-01,1.068702290076335853e-01,8.333333333333332871e-02,6.756756756756757132e-02,0.000000000000000000e+00,0.000000000000000000e+00,2.708333333333333148e-01,7.339449541284404077e-02,2.225806451612903358e-01,5.905511811023621965e-02,1.243042671614100203e-01,9.523809523809523281e-02,1.044303797468354444e-01,5.947136563876651710e-02,1.376623376623376527e-01,7.774798927613940647e-02,7.407407407407406996e-02,1.270358306188925090e-01,2.631578947368420907e-01,9.937888198757763303e-02,2.651933701657458453e-01,1.619433198380566818e-01,0.000000000000000000e+00,1.428571428571428492e-01,1.130434782608695649e-01,8.189655172413792816e-02,1.196581196581196632e-01,7.894736842105262720e-02,0.000000000000000000e+00,8.955223880597014408e-02,1.210762331838565048e-01,9.514170040485829538e-02,0.000000000000000000e+00,1.354166666666666574e-01,0.000000000000000000e+00,0.000000000000000000e+00,3.333333333333333287e-02,0.000000000000000000e+00,4.597701149425287293e-02,6.734006734006733885e-02,1.724137931034482873e-01,8.163265306122448328e-02,7.308970099667774778e-02,1.168831168831168804e-01,1.018181818181818216e-01,1.025641025641025605e-01,1.336633663366336711e-01,7.563025210084033112e-02,8.626198083067092293e-02,1.074999999999999983e-01,2.467532467532467522e-01,7.612456747404844348e-02,0.000000000000000000e+00,1.395348837209302306e-01,5.882352941176470507e-02,2.192393736017897166e-01,2.105263157894736725e-01,1.084112149532710234e-01,7.142857142857142461e-02,5.333333333333333676e-02,8.928571428571428770e-02,0.000000000000000000e+00,7.692307692307692735e-02,0.000000000000000000e+00,1.057692307692307682e-01,1.923076923076923184e-01,2.324093816631130072e-01,8.611111111111111049e-02,8.053691275167784713e-02,0.000000000000000000e+00,8.641975308641974829e-02,8.379888268156424069e-02,1.900000000000000022e-01,1.041666666666666713e-01,1.494252873563218509e-01,1.521739130434782705e-01,1.441441441441441429e-01,1.140350877192982393e-01,1.532846715328467224e-01,9.009009009009008584e-02,1.228070175438596423e-01,8.620689655172414367e-02,1.160714285714285754e-01,7.608695652173913526e-02,1.714285714285714302e-01,1.397849462365591267e-01,1.176470588235294101e-01,1.016949152542372947e-01,1.296296296296296224e-01,7.407407407407406996e-02,8.108108108108108558e-02,1.485148514851485080e-01
1.280487804878048808e-01,3.170920340293890138e-01,1.039426523297490995e-01,4.647160068846815928e-02,1.015228426395939076e-01,7.096774193548387177e-02,0.000000000000000000e+00,0.000000000000000000e+00,0.000000000000000000e+00,1.209677419354838745e-01,8.853118712273641555e-02,1.090604026845637536e-01,9.090909090909091161e-02,0.000000000000000000e+00,1.339285714285714246e-01,1.186440677966101725e-01,1.129597197898423860e-01,1.125198098256735280e-01,1.890547263681592038e-01,3.846153846153846367e-02,9.779179810725552313e-02,0.000000000000000000e+00,1.176948051948051993e-01,8.680555555555555247e-02,3.125000000000000000e-01,0.000000000000000000e+00,1.310975609756097615e-01,8.695652173913043237e-02,4.102355808285946259e-01,1.089887640449438144e-01,1.397849462365591267e-01,1.048513302034428801e-01,2.836734693877551172e-01,1.407907425265187973e-01,1.013986013986013929e-01,3.020446096654275103e-01,1.356164383561643816e-01,1.323741007194244590e-01,1.431535269709543479e-01,9.809523809523809645e-02,5.839416058394160391e-02,1.941747572815533951e-01,7.171314741035857143e-02,1.445868945868945821e-01,1.432225063938618870e-01,0.000000000000000000e+00,2.504201680672268893e-01,1.283422459893048262e-01,1.328068916008614542e-01,3.241379310344827402e-01,8.664627930682976265e-02,6.451612903225806273e-02,1.403508771929824483e-01,3.973063973063973298e-01,1.377777777777777768e-01,1.192468619246861983e-01,6.299212598425196763e-02,1.254480286738351158e-01,1.023017902813299213e-01,9.562398703403565681e-02,3.281250000000000000e-01,1.085271317829457349e-01,1.030195381882770822e-01,1.035856573705179334e-01,1.093877551020408095e-01,2.905660377358490476e-01,2.832817337461300267e-01,3.290203327171903891e-01,1.835443037974683611e-01,9.841269841269841001e-02,1.285240464344941935e-01,1.329479768786127059e-01,1.267375306623058084e-01,6.949152542372881436e-02,9.189189189189189699e-02,3.521383075523202844e-01,6.666666666666666574e-02,1.132177681473456182e-01,2.500000000000000000e-01,6.524317912218267901e-02,9.192439862542955975e-02,9.625668449197860577e-02,1.205432937181663833e-01,1.038961038961039030e-01,1.294718909710391719e-01,3.362068965517241437e-01,2.955665024630542148e-01,0.000000000000000000e+00,9.811827956989246924e-02,1.111111111111111049e-01,8.128078817733989936e-02,9.968847352024921837e-02,9.846547314578005250e-02,1.633211678832116875e-01,8.612440191387560340e-02,8.101851851851851749e-02,9.188034188034188698e-02,8.695652173913043237e-02,1.085526315789473728e-01,1.076555023923445042e-01,1.074468085106383003e-01,1.378763866877971422e-01,9.615384615384615918e-02,4.026687598116169275e-01,3.103197674418604612e-01,5.833333333333333703e-01,1.414634146341463283e-01,0.000000000000000000e+00,1.215880893300248095e-01,0.000000000000000000e+00,1.179487179487179460e-01,1.324172392254840680e-01,3.672654690618762374e-01,3.800564440263405341e-01,9.499136442141623005e-02,3.509433962264150719e-01,9.190371991247264782e-02,1.153250773993808043e-01,1.870748299319728025e-01,1.223821989528795784e-01,7.053291536050156074e-02,3.551136363636363535e-01,1.365853658536585469e-01,1.318427139552814098e-01,1.347150259067357581e-01,1.189591078066914442e-01,2.389486260454002364e-01,1.430379746835443167e-01,9.710391822827939279e-02,6.273062730627305961e-02,0.000000000000000000e+00,1.269841269841269771e-01,0.000000000000000000e+00,9.346642468239564627e-02,1.223723723723723761e-01,1.333333333333333315e-01,3.506944444444444198e-01,2.742616033755274074e-01,1.377551020408163129e-01,9.630818619582665052e-02,1.313868613138686192e-01,1.021594684385382090e-01,3.962264150943396457e-01,3.300970873786407966e-01,1.069182389937106958e-01,0.000000000000000000e+00,7.831325301204819511e-02,0.000000000000000000e+00,0.000000000000000000e+00,1.412894375857338958e-01,1.277372262773722733e-01,1.094527363184079616e-01,7.936507936507936067e-02,1.393643031784841113e-01,1.342501637197118514e-01,1.731448763250883482e-01,6.461538461538461620e-02,1.155378486055776838e-01,7.975460122699386256e-02,1.313485113835376472e-01,1.169188445667125181e-01,8.238636363636363258e-02,1.069306930693069285e-01,1.018220793140407338e-01,1.037463976945244976e-01,0.000000000000000000e+00,1.376146788990825764e-01,0.000000000000000000e+00,8.855291576673865461e-02,9.811320754716981729e-02,1.306772908366533870e-01,0.000000000000000000e+00,0.000000000000000000e+00,1.612903225806451568e-01,1.040462427745664775e-01,1.141439205955334935e-01,1.087584215591915343e-01,1.063545150501672282e-01,8.849557522123893682e-02,3.530571992110453916e-01,3.816793893129771104e-02,6.569343065693430961e-02,1.504802561366061775e-01,2.595419847328244156e-01,1.017699115044247843e-01,1.285106382978723483e-01,1.125541125541125592e-01,0.000000000000000000e+00,9.395973154362416424e-02,1.189710610932475932e-01,0.000000000000000000e+00,1.273374888691006235e-01,7.455012853470437129e-02,9.545454545454545858e-02,6.415094339622641473e-02,6.982543640897755088e-02,1.248120300751879713e-01,0.000000000000000000e+00,1.494505494505494470e-01,1.148459383753501345e-01,1.331592689295039156e-01,8.446866485013623804e-02,6.715328467153285075e-02,1.188679245283018882e-01,2.165605095541401348e-01,6.832298136645963138e-02,1.082055906221821434e-01,1.277533039647577029e-01,0.000000000000000000e+00,1.472868217054263684e-01,1.212121212121212155e-01,1.185647425897035923e-01,6.818181818181817677e-02,1.556728232189973637e-01,1.105354058721934318e-01,4.142011834319526964e-02,9.247842170160296138e-02,0.000000000000000000e+00,3.353658536585366057e-01,0.000000000000000000e+00,0.000000000000000000e+00,3.306451612903225645e-01,7.349665924276169160e-02,1.707317073170731836e-01,7.804370447450571791e-02,0.000000000000000000e+00,1.207430340557275605e-01,0.000000000000000000e+00,3.532834580216126508e-01,3.972286374133949249e-01,1.007462686567164173e-01,1.042471042471042469e-01,0.000000000000000000e+00,0.000000000000000000e+00,1.109285127362366480e-01,1.017441860465116282e-01,1.195079086115992950e-01,5.248990578734858553e-02,1.468071099407504965e-01,1.004672897196261655e-01,2.245540398740818455e-01,8.934953538241600934e-02,1.076003415883859948e-01,3.622106049290515495e-01,3.375527426160337408e-01,1.300639658848614100e-01,1.045296167247386776e-01,1.916666666666666796e-01,1.030927835051546337e-01,8.891928864569083324e-02,0.000000000000000000e+00,1.111111111111111049e-01,1.292134831460674260e-01,3.817951959544879648e-01,9.375000000000000000e-02,1.055276381909547728e-01,0.000000000000000000e+00,9.181141439205955934e-02,1.159207630227439417e-01,1.002295332823259361e-01,0.000000000000000000e+00,2.619047619047619180e-01,0.000000000000000000e+00,0.000000000000000000e+00,7.650273224043716014e-02,0.000000000000000000e+00,1.018181818181818216e-01,1.122112211221122091e-01,3.361522198731500821e-01,2.129783693843594061e-01,1.274038461538461453e-01,1.138121546961325947e-01,3.285883748517200442e-01,1.027932960893854775e-01,1.044247787610619455e-01,1.289308176100628922e-01,2.869399428026692123e-01,1.070597362296353827e-01,1.328947368421052599e-01,1.078107810781078063e-01,0.000000000000000000e+00,2.865853658536585136e-01,9.090909090909091161e-02,8.347386172006746041e-02,1.013513513513513570e-01,3.305338932213557346e-01,1.072319201995012433e-01,1.483253588516746380e-01,9.734513274336283051e-02,0.000000000000000000e+00,5.714285714285714107e-02,0.000000000000000000e+00,3.554301833568406233e-01,5.272727272727272263e-01,1.131221719457013580e-01,1.089023336214347409e-01,1.135091926458833000e-01,0.000000000000000000e+00,6.060606060606060774e-02,8.557046979865771952e-02,1.604938271604938183e-01,1.392405063291139167e-01,1.397058823529411797e-01,1.310861423220973654e-01,1.214285714285714274e-01,1.366459627329192628e-01,1.301587301587301682e-01,1.432926829268292568e-01,1.283783783783783716e-01,1.405228758169934644e-01,1.842105263157894635e-01,1.404011461318051546e-01,1.311475409836065642e-01,1.567944250871080025e-01,1.386666666666666603e-01,1.353846153846153810e-01,1.736111111111111049e-01,1.119402985074626905e-01,1.456953642384105907e-01,1.302931596091205235e-01
1.993262212240314302e-01,1.056943875460876758e-01,9.741550695825049178e-02,7.428571428571428825e-02,9.498680738786278999e-02,8.258258258258258100e-02,0.000000000000000000e+00,0.000000000000000000e+00,0.000000000000000000e+00,8.365019011406843452e-02,1.301229508196721230e-01,1.244914564686737252e-01,1.390977443609022479e-01,0.000000000000000000e+00,9.656301145662847529e-02,1.279317697228145034e-01,8.907056798623064209e-02,9.937660432709938263e-02,1.167192429022081979e-01,6.250000000000000000e-02,1.171617161716171640e-01,0.000000000000000000e+00,9.510974201001155814e-02,1.026304441569642067e-01,6.417112299465241310e-02,0.000000000000000000e+00,6.445672191528545314e-02,1.974317817014446252e-01,7.919463087248322652e-02,1.834319526627218866e-01,1.442307692307692180e-01,9.744931327665140586e-02,1.473354231974921547e-01,9.622467771639042766e-02,8.958938199917046430e-02,8.060692271218586336e-02,1.007151370679380264e-01,8.563722184760620693e-02,1.394594594594594505e-01,2.000847816871555718e-01,1.099290780141844032e-01,1.434563758389261756e-01,9.782608695652174335e-02,8.957887223411849231e-02,8.612975391498881028e-02,0.000000000000000000e+00,8.937528499772001700e-02,8.060453400503778121e-02,1.011424731182795633e-01,7.326007326007326348e-02,1.163461538461538491e-01,1.731843575418994530e-01,7.884362680683311420e-02,6.382978723404254817e-02,1.593291404612159345e-01,9.342560553633218190e-02,1.510067114093959773e-01,1.135029354207436336e-01,1.107099879663056563e-01,1.946034341782502120e-01,5.248618784530386522e-02,9.661399548532731418e-02,8.687943262411347567e-02,9.010989010989010894e-02,2.145276627775686840e-01,8.369098712446351729e-02,7.234726688102893766e-02,8.281573498964803215e-02,8.972267536704731095e-02,8.421052631578947179e-02,8.315002199736030997e-02,7.984420642648490385e-02,1.590106007067137728e-01,1.131639722863741343e-01,1.029232643118148660e-01,6.194225721784776817e-02,1.015625000000000000e-01,9.635199108883318875e-02,4.937238493723849347e-02,2.049525816649104271e-01,8.286629303442753780e-02,7.368421052631578261e-02,1.123310810810810856e-01,1.923664122137404564e-01,1.077044025157232743e-01,8.144796380090497945e-02,1.013215859030836968e-01,0.000000000000000000e+00,1.526315789473684237e-01,1.293570875290472599e-01,1.196054254007398315e-01,1.433172302737520110e-01,1.164634146341463478e-01,8.798646362098139218e-02,7.506702412868632157e-02,9.293680297397768908e-02,9.151329243353782672e-02,7.286166842661034870e-02,8.469055374592833474e-02,1.051693404634581053e-01,9.851936218678815360e-02,9.273840769903761438e-02,1.011235955056179747e-01,8.794384805945500150e-02,9.246031746031746490e-02,5.701754385964911964e-02,8.656716417910448325e-02,0.000000000000000000e+00,1.864197530864197538e-01,0.000000000000000000e+00,1.764705882352941291e-01,9.726636999364271507e-02,8.663101604278074241e-02,9.767662399241346105e-02,1.081322609472743501e-01,6.217616580310880714e-02,7.251082251082251184e-02,1.033168128097598226e-01,9.166666666666666019e-02,1.882725832012678291e-01,9.827833572453371913e-02,9.521460286137148343e-02,5.943152454780361443e-02,1.751990898748577996e-01,1.475826972010177984e-01,1.935675997617629651e-01,9.778812572759022770e-02,1.124401913875598125e-01,1.169230769230769212e-01,1.788461538461538491e-01,0.000000000000000000e+00,1.428571428571428492e-01,0.000000000000000000e+00,1.179691388750622183e-01,1.107715813598166565e-01,1.021416803953871522e-01,5.692599620493358353e-02,9.624197983501374398e-02,9.367088607594936667e-02,1.120471777590564405e-01,8.239700374531834515e-02,1.805674978503869210e-01,7.499999999999999722e-02,8.220858895705521197e-02,1.638795986622073597e-01,0.000000000000000000e+00,1.793313069908814561e-01,0.000000000000000000e+00,0.000000000000000000e+00,1.001461988304093581e-01,9.708737864077669755e-02,2.192771084337349352e-01,1.129032258064516098e-01,1.091811414392059587e-01,1.236858379715522621e-01,9.904912836767036655e-02,1.010401188707280851e-01,1.089494163424124529e-01,8.011869436201780881e-02,9.899328859060402275e-02,1.129707112970711330e-01,9.116809116809117264e-02,1.114551083591331232e-01,2.148184982595723602e-01,8.131241084165477528e-02,0.000000000000000000e+00,8.585858585858585634e-02,0.000000000000000000e+00,1.686746987951807109e-01,7.505518763796908965e-02,1.060344827586206934e-01,0.000000000000000000e+00,0.000000000000000000e+00,1.089743589743589758e-01,1.832884097035040460e-01,1.002304147465437750e-01,9.862610402355249939e-02,9.682440846824408309e-02,1.067415730337078622e-01,1.041465766634522699e-01,1.201550387596899278e-01,1.529411764705882470e-01,9.989594172736732114e-02,5.882352941176470507e-02,6.511627906976744096e-02,1.050138176075799401e-01,8.139534883720930813e-02,0.000000000000000000e+00,1.655629139072847811e-01,1.854951185495118671e-01,0.000000000000000000e+00,1.097560975609756101e-01,1.632258064516129148e-01,5.163043478260869595e-02,1.095890410958904049e-01,1.569832402234636881e-01,8.750934928945400260e-02,0.000000000000000000e+00,2.078189300411522611e-01,1.803482587064676734e-01,9.672929714683367597e-02,8.521970705725699646e-02,1.719662556781310914e-01,9.591836734693877375e-02,7.540983606557377650e-02,1.150159744408945639e-01,1.151949798296727917e-01,9.169675090252707439e-02,0.000000000000000000e+00,1.941747572815533951e-01,1.350210970464134907e-01,1.013597033374536438e-01,8.250000000000000389e-02,1.191335740072202165e-01,1.058772687986171135e-01,7.455012853470437129e-02,9.127671865973426002e-02,0.000000000000000000e+00,6.329113924050633333e-02,0.000000000000000000e+00,0.000000000000000000e+00,9.821428571428571230e-02,9.062170706006322796e-02,1.220159151193633967e-01,9.393451422436929765e-02,0.000000000000000000e+00,9.767441860465116144e-02,0.000000000000000000e+00,7.944572748267898776e-02,7.878017789072426502e-02,9.965635738831615797e-02,8.948545861297539650e-02,0.000000000000000000e+00,0.000000000000000000e+00,1.946435307431158002e-01,7.788595271210013715e-02,1.995534468322634758e-01,6.395736175882744956e-02,1.003406627438835491e-01,8.900523560209423757e-02,1.000581733566026782e-01,9.608900876601483843e-02,1.787234042553191571e-01,8.386009270965023854e-02,6.544502617801047084e-02,9.383524277141298831e-02,1.974110032362459410e-01,9.061488673139159178e-02,1.880255634039690593e-01,1.279840848806366171e-01,0.000000000000000000e+00,1.209964412811387890e-01,8.759124087591241281e-02,7.549584133077415216e-02,6.796116504854368690e-02,1.342281879194630878e-01,0.000000000000000000e+00,8.208955223880597118e-02,1.107051516258677343e-01,9.811181044057756817e-02,0.000000000000000000e+00,9.090909090909091161e-02,0.000000000000000000e+00,0.000000000000000000e+00,1.093750000000000000e-01,0.000000000000000000e+00,8.023483365949118928e-02,1.129476584022038599e-01,1.069397042093287870e-01,8.994197292069631977e-02,8.982748364069007008e-02,1.013986013986013929e-01,9.773462783171521506e-02,9.434914228052472540e-02,8.703220191470843747e-02,1.029641185647425933e-01,9.536494405966967902e-02,1.143191572376121706e-01,2.131979695431472088e-01,9.505061867266591247e-02,0.000000000000000000e+00,7.480314960629921850e-02,8.616187989556135796e-02,2.072176949941792745e-01,1.546162402669633007e-01,7.631909547738693900e-02,7.973856209150326224e-02,7.168458781362006815e-02,8.854166666666667129e-02,0.000000000000000000e+00,9.132420091324200406e-02,0.000000000000000000e+00,7.148530579825258802e-02,1.024930747922437740e-01,1.936162749912311576e-01,1.008790288823775694e-01,1.015791720017072131e-01,0.000000000000000000e+00,7.990314769975787046e-02,9.694323144104803613e-02,1.231343283582089498e-01,9.915611814345991204e-02,9.848484848484848064e-02,8.007812500000000000e-02,9.869646182495345199e-02,1.012006861063464852e-01,1.023890784982935120e-01,8.596491228070175794e-02,8.552631578947368640e-02,9.018987341772151389e-02,7.922535211267606181e-02,1.109350237717908055e-01,6.343283582089552508e-02,9.352517985611510931e-02,8.049535603715170240e-02,9.172661870503596993e-02,1.030741410488245913e-01,1.162790697674418589e-01,9.560229445506691903e-02,1.149012567324955159e-01
7.777777777777777901e-01,6.521739130434782705e-01,7.142857142857143016e-01,8.000000000000000444e-01,5.999999999999999778e-01,0.000000000000000000e+00,0.000000000000000000e+00,0.000000000000000000e+00,0.000000000000000000e+00,0.000000000000000000e+00,1.000000000000000000e+00,7.857142857142856984e-01,1.000000000000000000e+00,0.000000000000000000e+00,1.000000000000000000e+00,1.000000000000000000e+00,4.166666666666666852e-01,6.333333333333333037e-01,3.333333333333333148e-01,1.000000000000000000e+00,5.000000000000000000e-01,0.000000000000000000e+00,7.777777777777777901e-01,8.571428571428570953e-01,1.000000000000000000e+00,0.000000000000000000e+00,2.857142857142856984e-01,7.500000000000000000e-01,4.285714285714285476e-01,9.615384615384615641e-01,1.000000000000000000e+00,8.461538461538461453e-01,8.750000000000000000e-01,4.500000000000000111e-01,8.000000000000000444e-01,5.000000000000000000e-01,5.294117647058823595e-01,1.000000000000000056e-01,1.000000000000000000e+00,9.428571428571428381e-01,1.000000000000000000e+00,6.666666666666666297e-01,0.000000000000000000e+00,5.000000000000000000e-01,4.000000000000000222e-01,0.000000000000000000e+00,4.705882352941176405e-01,5.999999999999999778e-01,5.428571428571428159e-01,1.000000000000000000e+00,8.750000000000000000e-01,1.000000000000000000e+00,5.000000000000000000e-01,6.666666666666666297e-01,1.000000000000000000e+00,8.333333333333333703e-01,1.000000000000000000e+00,7.142857142857143016e-01,5.000000000000000000e-01,1.000000000000000000e+00,5.000000000000000000e-01,6.666666666666666297e-01,5.416666666666666297e-01,5.000000000000000000e-01,8.974358974358974672e-01,5.714285714285713969e-01,4.615384615384615641e-01,5.555555555555555802e-01,8.000000000000000444e-01,0.000000000000000000e+00,4.347826086956521618e-01,3.333333333333333148e-01,7.692307692307692735e-01,7.272727272727272929e-01,6.153846153846154188e-01,5.333333333333333259e-01,6.666666666666666297e-01,6.086956521739130821e-01,4.000000000000000222e-01,8.947368421052631637e-01,6.666666666666666297e-01,2.500000000000000000e-01,7.857142857142856984e-01,1.000000000000000000e+00,7.333333333333332815e-01,5.000000000000000000e-01,5.294117647058823595e-01,0.000000000000000000e+00,8.571428571428570953e-01,8.000000000000000444e-01,5.000000000000000000e-01,8.000000000000000444e-01,6.153846153846154188e-01,6.999999999999999556e-01,1.000000000000000000e+00,7.777777777777777901e-01,4.705882352941176405e-01,1.428571428571428492e-01,5.000000000000000000e-01,5.238095238095238360e-01,3.636363636363636465e-01,5.999999999999999778e-01,7.142857142857143016e-01,4.000000000000000222e-01,5.833333333333333703e-01,5.000000000000000000e-01,2.500000000000000000e-01,0.000000000000000000e+00,1.000000000000000000e+00,0.000000000000000000e+00,7.500000000000000000e-01,4.444444444444444198e-01,6.999999999999999556e-01,4.000000000000000222e-01,5.555555555555555802e-01,6.250000000000000000e-01,5.999999999999999778e-01,5.000000000000000000e-01,6.250000000000000000e-01,9.069767441860464574e-01,6.666666666666666297e-01,4.375000000000000000e-01,5.000000000000000000e-01,8.275862068965517127e-01,5.000000000000000000e-01,9.473684210526315264e-01,4.615384615384615641e-01,5.263157894736841813e-01,5.238095238095238360e-01,1.000000000000000000e+00,0.000000000000000000e+00,5.000000000000000000e-01,0.000000000000000000e+00,5.833333333333333703e-01,5.652173913043477826e-01,5.714285714285713969e-01,1.000000000000000000e+00,4.666666666666666741e-01,1.000000000000000000e+00,7.777777777777777901e-01,5.999999999999999778e-01,8.235294117647058432e-01,5.000000000000000000e-01,3.333333333333333148e-01,1.000000000000000000e+00,0.000000000000000000e+00,1.000000000000000000e+00,0.000000000000000000e+00,0.000000000000000000e+00,5.714285714285713969e-01,6.250000000000000000e-01,8.666666666666666963e-01,3.333333333333333148e-01,8.333333333333333703e-01,7.142857142857143016e-01,8.461538461538461453e-01,7.222222222222222099e-01,1.000000000000000000e+00,1.000000000000000000e+00,8.000000000000000444e-01,5.000000000000000000e-01,3.333333333333333148e-01,8.125000000000000000e-01,9.090909090909090606e-01,6.666666666666666297e-01,0.000000000000000000e+00,6.666666666666666297e-01,0.000000000000000000e+00,1.000000000000000000e+00,0.000000000000000000e+00,5.217391304347825942e-01,0.000000000000000000e+00,0.000000000000000000e+00,5.000000000000000000e-01,1.000000000000000000e+00,4.444444444444444198e-01,3.636363636363636465e-01,6.111111111111111605e-01,7.500000000000000000e-01,5.652173913043477826e-01,1.000000000000000000e+00,7.500000000000000000e-01,6.428571428571429047e-01,0.000000000000000000e+00,7.142857142857143016e-01,3.809523809523809312e-01,5.000000000000000000e-01,0.000000000000000000e+00,1.000000000000000000e+00,8.888888888888888395e-01,0.000000000000000000e+00,6.129032258064516236e-01,8.823529411764705621e-01,5.000000000000000000e-01,6.666666666666666297e-01,5.454545454545454142e-01,5.000000000000000000e-01,0.000000000000000000e+00,9.090909090909090606e-01,1.000000000000000000e+00,7.272727272727272929e-01,5.000000000000000000e-01,7.500000000000000000e-01,4.285714285714285476e-01,0.000000000000000000e+00,1.000000000000000000e+00,7.142857142857143016e-01,5.769230769230768718e-01,0.000000000000000000e+00,8.000000000000000444e-01,3.333333333333333148e-01,7.272727272727272929e-01,6.666666666666666297e-01,8.750000000000000000e-01,5.600000000000000533e-01,8.000000000000000444e-01,6.250000000000000000e-01,0.000000000000000000e+00,7.500000000000000000e-01,0.000000000000000000e+00,0.000000000000000000e+00,6.666666666666666297e-01,4.545454545454545303e-01,7.500000000000000000e-01,3.750000000000000000e-01,0.000000000000000000e+00,6.666666666666666297e-01,0.000000000000000000e+00,6.666666666666666297e-01,2.000000000000000111e-01,8.000000000000000444e-01,8.000000000000000444e-01,0.000000000000000000e+00,0.000000000000000000e+00,8.888888888888888395e-01,5.999999999999999778e-01,8.750000000000000000e-01,5.000000000000000000e-01,6.956521739130434590e-01,1.000000000000000000e+00,5.555555555555555802e-01,4.583333333333333148e-01,8.695652173913043237e-01,6.800000000000000488e-01,6.666666666666666297e-01,6.666666666666666297e-01,1.000000000000000000e+00,3.636363636363636465e-01,8.571428571428570953e-01,7.600000000000000089e-01,0.000000000000000000e+00,5.999999999999999778e-01,5.999999999999999778e-01,5.000000000000000000e-01,6.666666666666666297e-01,6.666666666666666297e-01,0.000000000000000000e+00,8.333333333333333703e-01,5.714285714285713969e-01,6.250000000000000000e-01,0.000000000000000000e+00,4.285714285714285476e-01,0.000000000000000000e+00,0.000000000000000000e+00,6.666666666666666297e-01,0.000000000000000000e+00,3.333333333333333148e-01,6.250000000000000000e-01,4.000000000000000222e-01,5.833333333333333703e-01,5.000000000000000000e-01,6.315789473684210176e-01,5.454545454545454142e-01,3.846153846153846367e-01,6.363636363636363535e-01,5.714285714285713969e-01,6.875000000000000000e-01,5.999999999999999778e-01,8.965517241379310498e-01,5.882352941176470784e-01,0.000000000000000000e+00,0.000000000000000000e+00,5.000000000000000000e-01,7.500000000000000000e-01,8.571428571428570953e-01,6.333333333333333037e-01,2.500000000000000000e-01,5.714285714285713969e-01,0.000000000000000000e+00,0.000000000000000000e+00,6.666666666666666297e-01,0.000000000000000000e+00,5.714285714285713969e-01,2.500000000000000000e-01,8.214285714285713969e-01,6.470588235294117974e-01,6.999999999999999556e-01,0.000000000000000000e+00,1.000000000000000000e+00,5.833333333333333703e-01,6.999999999999999556e-01,6.666666666666666297e-01,7.777777777777777901e-01,5.000000000000000000e-01,4.000000000000000222e-01,1.000000000000000000e+00,5.555555555555555802e-01,4.000000000000000222e-01,8.000000000000000444e-01,6.250000000000000000e-01,7.500000000000000000e-01,5.454545454545454142e-01,7.500000000000000000e-01,8.333333333333333703e-01,7.857142857142856984e-01,6.250000000000000000e-01,1.000000000000000000e+00,5.999999999999999778e-01,7.142857142857143016e-01,2.000000000000000111e-01
1.609756097560975652e-01,1.760722347629796736e-01,2.395209580838323360e-01,2.989247311827957221e-01,3.091482649842271502e-01,2.592592592592592449e-01,0.000000000000000000e+00,0.000000000000000000e+00,0.000000000000000000e+00,1.739130434782608647e-01,1.002865329512893922e-01,1.743341404358353386e-01,1.222222222222222182e-01,0.000000000000000000e+00,1.940298507462686617e-01,2.830188679245282946e-01,1.461836998706338986e-01,3.770856507230255783e-01,1.759259259259259300e-01,2.268041237113402053e-01,2.281553398058252524e-01,0.000000000000000000e+00,3.484390735146022378e-01,3.739583333333333370e-01,1.647058823529411742e-01,0.000000000000000000e+00,1.176470588235294101e-01,1.576354679802955683e-01,1.478149100257069304e-01,1.996927803379416333e-01,1.358024691358024616e-01,3.357933579335793395e-01,1.290322580645161255e-01,1.351689612015018749e-01,3.698924731182795522e-01,1.997405966277561729e-01,1.182432432432432429e-01,1.241496598639455773e-01,2.421383647798742156e-01,1.584415584415584388e-01,2.424242424242424310e-01,1.531531531531531432e-01,1.964285714285714246e-01,1.298283261802574973e-01,1.594202898550724501e-01,0.000000000000000000e+00,1.647798742138364692e-01,2.882882882882882858e-01,1.335952848722986308e-01,1.102362204724409434e-01,1.607898448519040902e-01,9.090909090909091161e-02,1.350364963503649651e-01,1.827956989247311870e-01,1.551724137931034531e-01,3.379120879120879328e-01,2.357142857142857095e-01,2.209302325581395388e-01,1.748251748251748172e-01,1.533180778032036673e-01,1.875000000000000000e-01,3.438864628820960667e-01,3.543990086741016232e-01,3.651685393258427004e-01,1.450939457202505278e-01,2.027027027027027140e-01,1.128318584070796410e-01,1.662125340599455159e-01,2.136363636363636243e-01,1.685823754789272100e-01,1.254237288135593154e-01,1.232876712328767055e-01,1.727810650887574018e-01,1.318407960199005080e-01,3.312401883830455307e-01,1.379310344827586188e-01,1.157894736842105254e-01,1.409727947238252344e-01,3.732394366197183122e-01,1.534653465346534629e-01,4.110878661087866148e-01,3.367697594501718461e-01,1.981776765375854177e-01,1.681415929203539938e-01,2.494577006507592287e-01,1.854838709677419373e-01,1.766723842195540295e-01,0.000000000000000000e+00,1.258741258741258862e-01,1.531100478468899462e-01,1.941747572815533951e-01,1.835748792270531504e-01,3.446601941747572950e-01,1.371504660452729785e-01,2.231404958677686012e-01,3.167115902964959817e-01,3.160112359550562022e-01,1.436619718309859184e-01,1.321585903083700442e-01,3.204930662557781140e-01,1.464497041420118328e-01,1.421800947867298548e-01,1.496815286624203767e-01,1.531213191990577205e-01,1.398678414096916345e-01,8.510638297872340219e-02,1.568627450980392135e-01,0.000000000000000000e+00,1.779141104294478526e-01,0.000000000000000000e+00,1.549295774647887203e-01,1.386481802426343113e-01,1.825192802056555264e-01,1.552197802197802234e-01,1.683168316831683275e-01,9.836065573770491621e-02,1.568627450980392135e-01,1.505958829902491747e-01,2.512562814070351536e-01,1.539838854073410923e-01,3.552631578947368363e-01,1.512859304084720191e-01,1.407407407407407496e-01,1.664841182913472106e-01,1.736111111111111049e-01,1.669565217391304479e-01,1.818181818181818232e-01,1.606118546845124173e-01,1.837237977805178668e-01,1.932367149758454083e-01,0.000000000000000000e+00,2.038216560509554243e-01,0.000000000000000000e+00,1.656249999999999944e-01,1.505376344086021556e-01,1.168224299065420552e-01,1.262626262626262708e-01,1.882183908045977072e-01,1.575342465753424570e-01,1.297169811320754707e-01,1.513761467889908341e-01,1.405063291139240500e-01,1.355932203389830504e-01,1.971830985915492829e-01,1.834862385321101019e-01,0.000000000000000000e+00,1.619047619047619124e-01,0.000000000000000000e+00,0.000000000000000000e+00,1.212121212121212155e-01,1.568627450980392135e-01,1.570093457943925186e-01,2.372881355932203451e-01,1.633333333333333304e-01,2.317403065825067721e-01,1.577726218097447730e-01,2.658227848101265556e-01,1.621621621621621712e-01,2.978723404255319007e-01,2.048780487804877926e-01,1.660231660231660245e-01,1.422924901185770863e-01,3.054755043227665445e-01,1.891495601173020513e-01,3.608247422680412320e-01,0.000000000000000000e+00,2.907488986784140805e-01,0.000000000000000000e+00,1.691842900302114872e-01,3.395061728395061817e-01,1.645435244161358723e-01,0.000000000000000000e+00,0.000000000000000000e+00,1.833333333333333204e-01,9.876543209876542662e-02,2.014134275618374437e-01,1.500646830530401044e-01,3.934426229508196649e-01,2.292993630573248454e-01,1.446700507614213094e-01,3.571428571428571508e-01,1.047619047619047644e-01,1.642228739002932481e-01,1.250000000000000000e-01,4.032258064516128782e-01,1.457627118644067854e-01,1.299435028248587531e-01,0.000000000000000000e+00,1.145833333333333287e-01,1.687763713080168704e-01,0.000000000000000000e+00,1.509009009009009139e-01,1.278195488721804440e-01,1.102941176470588203e-01,3.755980861244019309e-01,3.170347003154574406e-01,1.096408317580340325e-01,0.000000000000000000e+00,1.329113924050632778e-01,1.312056737588652433e-01,1.826401446654611349e-01,1.391941391941391992e-01,1.103603603603603572e-01,1.745152354570637110e-01,1.157894736842105254e-01,1.559633027522935866e-01,1.652593486127864886e-01,1.631840796019900508e-01,0.000000000000000000e+00,1.396011396011395955e-01,1.952191235059760888e-01,1.745843230403800461e-01,1.914893617021276584e-01,2.204081632653061285e-01,1.780455153949129787e-01,3.356643356643356779e-01,3.860232945091514045e-01,0.000000000000000000e+00,1.028037383177570069e-01,0.000000000000000000e+00,0.000000000000000000e+00,1.333333333333333315e-01,1.306990881458966469e-01,1.954887218045112673e-01,3.574468085106383142e-01,0.000000000000000000e+00,1.322957198443579785e-01,0.000000000000000000e+00,1.432098765432098797e-01,1.352313167259786564e-01,3.251231527093595974e-01,2.121212121212121271e-01,0.000000000000000000e+00,0.000000000000000000e+00,1.272344900105152610e-01,2.705479452054794787e-01,1.596169193934557085e-01,2.580645161290322509e-01,2.347031963470319615e-01,3.659942363112391739e-01,1.606299212598425175e-01,3.456577815993120972e-01,1.382007822685788756e-01,1.252723311546840856e-01,1.532846715328467224e-01,1.629297458893871342e-01,1.494252873563218509e-01,1.317204301075268758e-01,1.703406813627254546e-01,2.549371633752244293e-01,0.000000000000000000e+00,2.162162162162162282e-01,3.161764705882352811e-01,1.336898395721925203e-01,3.461538461538461453e-01,2.402234636871508344e-01,0.000000000000000000e+00,3.269961977186311985e-01,1.372351160443995854e-01,1.664932362122788778e-01,0.000000000000000000e+00,2.051282051282051211e-01,0.000000000000000000e+00,0.000000000000000000e+00,3.673469387755102233e-01,0.000000000000000000e+00,1.204819277108433728e-01,1.471048513302034566e-01,1.461988304093567170e-01,1.237113402061855716e-01,9.934853420195439988e-02,3.318181818181818454e-01,1.713780918727915159e-01,3.518796992481202923e-01,1.398601398601398704e-01,2.274881516587677621e-01,1.502976190476190410e-01,1.682577565632458194e-01,1.463022508038585301e-01,3.173970783532536477e-01,0.000000000000000000e+00,8.823529411764706454e-02,1.729323308270676596e-01,1.349397590361445798e-01,1.141868512110726652e-01,1.374795417348608773e-01,1.091445427728613554e-01,1.267123287671232945e-01,1.343283582089552231e-01,0.000000000000000000e+00,1.456310679611650394e-01,0.000000000000000000e+00,1.734475374732334096e-01,1.190476190476190410e-01,1.829999999999999960e-01,3.420195439739413534e-01,1.588235294117646967e-01,0.000000000000000000e+00,3.481012658227848333e-01,2.470023980815347631e-01,1.317829457364341206e-01,1.701030927835051609e-01,1.942857142857142838e-01,1.925133689839572115e-01,1.704035874439461806e-01,2.099447513812154609e-01,1.885964912280701788e-01,2.035398230088495686e-01,1.793478260869565133e-01,1.787234042553191571e-01,1.394230769230769273e-01,1.560693641618497163e-01,1.837837837837837940e-01,1.428571428571428492e-01,1.888888888888888840e-01,1.904761904761904656e-01,1.326530612244898044e-01,1.658031088082901616e-01,1.302083333333333426e-01,1.616161616161616299e-01
2.200488997555012094e-01,2.816188870151770662e-01,1.896551724137930939e-01,8.695652173913043237e-02,1.006289308176100683e-01,6.993006993006993521e-02,0.000000000000000000e+00,0.000000000000000000e+00,0.000000000000000000e+00,1.641791044776119424e-01,1.047619047619047644e-01,1.324503311258278249e-01,6.666666666666666574e-02,0.000000000000000000e+00,1.970802919708029288e-01,1.521739130434782705e-01,1.044247787610619455e-01,1.324200913242009059e-01,1.818181818181818232e-01,1.012658227848101250e-01,7.142857142857142461e-02,0.000000000000000000e+00,1.205882352941176489e-01,1.384615384615384692e-01,2.323943661971830943e-01,0.000000000000000000e+00,8.333333333333332871e-02,2.753623188405797118e-01,2.832167832167832300e-01,1.698924731182795689e-01,2.200000000000000011e-01,9.254498714652956148e-02,5.135135135135134865e-01,9.864603481624757697e-02,9.768211920529801251e-02,2.122448979591836649e-01,1.206496519721577676e-01,8.571428571428571508e-02,1.501976284584980170e-01,2.170138888888888951e-01,5.000000000000000278e-02,3.758389261744966570e-01,8.256880733944954587e-02,1.050080775444264952e-01,1.026785714285714246e-01,0.000000000000000000e+00,2.318611987381703488e-01,1.866666666666666752e-01,1.003086419753086433e-01,3.846153846153846367e-01,9.879032258064515681e-02,3.157894736842105088e-01,1.082802547770700674e-01,2.894736842105263275e-01,2.879999999999999782e-01,1.142857142857142821e-01,1.862745098039215730e-01,1.587301587301587213e-01,1.264367816091954144e-01,2.622377622377622397e-01,2.258064516129032195e-01,1.102514506769825958e-01,8.798646362098139218e-02,1.044776119402985037e-01,2.598967297762478368e-01,1.929824561403508665e-01,1.718750000000000000e-01,2.564102564102563875e-01,1.690140845070422504e-01,1.065989847715736044e-01,1.069418386491557266e-01,1.135371179039301320e-01,2.035256410256410242e-01,1.331360946745562268e-01,9.203980099502487300e-02,2.620000000000000107e-01,1.833333333333333204e-01,1.133896260554885377e-01,1.621621621621621712e-01,1.818181818181818232e-01,1.211072664359861550e-01,9.473684210526316096e-02,1.766784452296819852e-01,2.335766423357664157e-01,1.779935275080906099e-01,2.732558139534883579e-01,2.340425531914893664e-01,0.000000000000000000e+00,1.621621621621621712e-01,1.758957654723126984e-01,1.513513513513513598e-01,1.987179487179487059e-01,9.307875894988067167e-02,1.196428571428571480e-01,1.666666666666666574e-01,1.043083900226757371e-01,7.346938775510204744e-02,9.433962264150944077e-02,1.184210526315789408e-01,1.261682242990654068e-01,1.202672605790645888e-01,9.057971014492753603e-02,1.076233183856502296e-01,2.815533980582524132e-01,2.407407407407407274e-01,3.818181818181818343e-01,6.593406593406593574e-02,0.000000000000000000e+00,2.790697674418604612e-01,0.000000000000000000e+00,2.739726027397260122e-01,1.404358353510895829e-01,2.241379310344827624e-01,2.650176678445229639e-01,8.536585365853659180e-02,1.957446808510638347e-01,1.078431372549019662e-01,1.197916666666666713e-01,1.840277777777777901e-01,1.977611940298507343e-01,9.907120743034056320e-02,2.235528942115768414e-01,4.761904761904761640e-02,2.255520504731861331e-01,1.354166666666666574e-01,2.326869806094182813e-01,2.569974554707379344e-01,1.236842105263157854e-01,1.176470588235294101e-01,2.148760330578512456e-01,0.000000000000000000e+00,1.799999999999999933e-01,0.000000000000000000e+00,1.187739463601532597e-01,1.250000000000000000e-01,1.275167785234899431e-01,2.424242424242424310e-01,2.210144927536231985e-01,9.848484848484848064e-02,1.396825396825396859e-01,7.575757575757575968e-02,2.345454545454545570e-01,3.225806451612903136e-01,2.642487046632124303e-01,2.615384615384615530e-01,0.000000000000000000e+00,1.818181818181818232e-01,0.000000000000000000e+00,0.000000000000000000e+00,1.303116147308781836e-01,8.299595141700405465e-02,2.486772486772486634e-01,1.749999999999999889e-01,1.032608695652173919e-01,1.436241610738255015e-01,1.508196721311475530e-01,9.814323607427055673e-02,1.101694915254237267e-01,3.703703703703703498e-02,1.602787456445992909e-01,1.137724550898203540e-01,8.064516129032257841e-02,1.691729323308270583e-01,2.075055187637969145e-01,1.103896103896103847e-01,0.000000000000000000e+00,1.721311475409836034e-01,0.000000000000000000e+00,1.829787234042553057e-01,1.271186440677966045e-01,1.070866141732283450e-01,0.000000000000000000e+00,0.000000000000000000e+00,2.580645161290322509e-01,2.485549132947976747e-01,1.442786069651741387e-01,1.177474402730375458e-01,1.161290322580645212e-01,1.030927835051546337e-01,2.307692307692307820e-01,1.315789473684210453e-01,2.602739726027397116e-01,1.362683438155136151e-01,1.228070175438596423e-01,5.319148936170212810e-02,1.322314049586776896e-01,4.761904761904761640e-02,0.000000000000000000e+00,3.088235294117647189e-01,2.483660130718954306e-01,0.000000000000000000e+00,1.003861003861003798e-01,1.957186544342507661e-01,1.132075471698113234e-01,6.538461538461538824e-02,1.378378378378378455e-01,1.159874608150470165e-01,0.000000000000000000e+00,3.033175355450237198e-01,2.197802197802197766e-01,1.392757660167130984e-01,1.194029850746268634e-01,1.151685393258427004e-01,1.471698113207547121e-01,1.090909090909090856e-01,1.756756756756756854e-01,1.193181818181818232e-01,9.696092619392185363e-02,0.000000000000000000e+00,2.170818505338078241e-01,1.509433962264150886e-01,1.428571428571428492e-01,9.782608695652174335e-02,1.360946745562130189e-01,1.303074670571010285e-01,1.028037383177570069e-01,1.172069825436408974e-01,0.000000000000000000e+00,1.954022988505747238e-01,0.000000000000000000e+00,0.000000000000000000e+00,1.904761904761904656e-01,8.467741935483870386e-02,1.473684210526315652e-01,1.122047244094488139e-01,0.000000000000000000e+00,1.016042780748663138e-01,0.000000000000000000e+00,2.578397212543553918e-01,3.170731707317073211e-01,8.510638297872340219e-02,1.587301587301587213e-01,0.000000000000000000e+00,0.000000000000000000e+00,2.599049128367670325e-01,7.428571428571428825e-02,2.218430034129692807e-01,1.058201058201058142e-01,1.565452091767881304e-01,7.142857142857142461e-02,1.710843373493975972e-01,1.058673469387755167e-01,1.774461028192371448e-01,2.408637873754152781e-01,2.815533980582524132e-01,8.189655172413792816e-02,2.565789473684210731e-01,1.800947867298578198e-01,2.014388489208633060e-01,1.312335958005249326e-01,0.000000000000000000e+00,1.285714285714285587e-01,1.333333333333333315e-01,2.601431980906921404e-01,9.859154929577464144e-02,1.328125000000000000e-01,0.000000000000000000e+00,1.121951219512195147e-01,1.043338683788122001e-01,1.012658227848101250e-01,0.000000000000000000e+00,2.544378698224852298e-01,0.000000000000000000e+00,0.000000000000000000e+00,7.352941176470588480e-02,0.000000000000000000e+00,1.297709923664122078e-01,1.019417475728155303e-01,3.217821782178217904e-01,1.582491582491582505e-01,8.009153318077803785e-02,1.533180778032036673e-01,2.430555555555555525e-01,1.342925659472422040e-01,7.692307692307692735e-02,1.448275862068965636e-01,2.331406551059730381e-01,1.147286821705426341e-01,2.632743362831858613e-01,1.206496519721577676e-01,0.000000000000000000e+00,3.617021276595744905e-01,9.302325581395348708e-02,1.677852348993288667e-01,2.030456852791878153e-01,2.889963724304716042e-01,8.196721311475409222e-02,1.124260355029585851e-01,1.481481481481481399e-01,0.000000000000000000e+00,9.302325581395348708e-02,0.000000000000000000e+00,2.561728395061728669e-01,3.369565217391304324e-01,2.140921409214092130e-01,1.063122923588039892e-01,1.320422535211267512e-01,0.000000000000000000e+00,5.376344086021505458e-02,1.103202846975089024e-01,1.607142857142857262e-01,1.013513513513513570e-01,1.190476190476190410e-01,1.768292682926829174e-01,1.417322834645669272e-01,2.061068702290076438e-01,1.466666666666666674e-01,1.139240506329113889e-01,1.089743589743589758e-01,1.011904761904761918e-01,1.241379310344827569e-01,1.714285714285714302e-01,1.304347826086956486e-01,1.678321678321678390e-01,1.350000000000000089e-01,7.534246575342465335e-02,2.061068702290076438e-01,1.417910447761193959e-01,1.013513513513513570e-01,1.287878787878787845e-01
9.175377468060394448e-02,9.370424597364568342e-02,7.612456747404844348e-02,4.881656804733727761e-02,1.196388261851015766e-01,7.821229050279329686e-02,0.000000000000000000e+00,0.000000000000000000e+00,0.000000000000000000e+00,8.666666666666666963e-02,7.677543186180421642e-02,8.504801097393689668e-02,1.024096385542168641e-01,0.000000000000000000e+00,1.396648044692737345e-01,9.663865546218487756e-02,1.035923141186299024e-01,7.898351648351648047e-02,7.936507936507936067e-02,1.153846153846153910e-01,1.404958677685950452e-01,0.000000000000000000e+00,8.573487031700288696e-02,8.237232289950575936e-02,1.268436578171091567e-01,0.000000000000000000e+00,3.532763532763532610e-01,8.307692307692307598e-02,1.201382886776145159e-01,1.065989847715736044e-01,4.950495049504950729e-02,1.084043848964677259e-01,8.743169398907103818e-02,3.404743687834735910e-01,8.960270498732036959e-02,1.235857267188859854e-01,1.072664359861591754e-01,4.064171122994652552e-01,1.235955056179775247e-01,8.227311280746395228e-02,2.739726027397260122e-02,1.105845181674565553e-01,8.445945945945945721e-02,3.465160075329566935e-01,3.600746268656716542e-01,0.000000000000000000e+00,8.286852589641434397e-02,1.310679611650485410e-01,2.814407814407814401e-01,1.158536585365853716e-01,7.473982970671712300e-02,1.117318435754189876e-01,3.919191919191919449e-01,9.900990099009901457e-02,9.629629629629629650e-02,7.982261640798225810e-02,1.104972375690607689e-01,1.313868613138686192e-01,1.052631578947368363e-01,9.803921568627450844e-02,1.219512195121951192e-01,8.767361111111110494e-02,8.393866020984665222e-02,8.527131782945736316e-02,8.903605592347314801e-02,8.502024291497975450e-02,2.774108322324966847e-01,1.153846153846153910e-01,1.477987421383647748e-01,2.519480519480519209e-01,3.345697329376854379e-01,3.227848101265822778e-01,8.433734939759035543e-02,1.046195652173913110e-01,9.578107183580387984e-02,1.349862258953168082e-01,2.645161290322580738e-01,2.852776362710137681e-01,4.826546003016591452e-02,7.903402854006585931e-02,9.742790335151987891e-02,1.104033970276008525e-01,1.076923076923076983e-01,4.970760233918128379e-02,1.219512195121951192e-01,1.197771587743732546e-01,1.465416178194607344e-01,0.000000000000000000e+00,1.040462427745664775e-01,2.116182572614107860e-01,8.277404921700223794e-02,1.087533156498673714e-01,9.688195991091314019e-02,1.082598235765837996e-01,1.320754716981132060e-01,6.949806949806949796e-02,8.455882352941176960e-02,3.622641509433962015e-01,2.948717948717948789e-01,1.063829787234042562e-01,3.100097181729835061e-01,3.023872679045092604e-01,3.024475524475524479e-01,9.097918272937548234e-02,1.125730994152046721e-01,1.349206349206349131e-01,4.018264840182648179e-01,0.000000000000000000e+00,9.980039920159680666e-02,0.000000000000000000e+00,7.936507936507936067e-02,2.588996763754045083e-01,8.762886597938143729e-02,1.345811051693404647e-01,9.030100334448160071e-02,8.576998050682260732e-02,9.504950495049505066e-02,2.600834492350486693e-01,1.003344481605351196e-01,9.355246523388116575e-02,9.517601043024771779e-02,1.044912923923006359e-01,2.821576763485477146e-01,8.619430241051863339e-02,7.981220657276995312e-02,9.790209790209790375e-02,1.378923766816143592e-01,7.476635514018691031e-02,8.885542168674698260e-02,9.854014598540146441e-02,0.000000000000000000e+00,1.480144404332129904e-01,0.000000000000000000e+00,1.055505004549590481e-01,1.064120054570259211e-01,1.006289308176100683e-01,1.358885017421602726e-01,1.096455070074196236e-01,1.061946902654867242e-01,8.702531645569620833e-02,8.860759493670886111e-02,9.026687598116168998e-02,8.996539792387543699e-02,1.066098081023454103e-01,8.333333333333332871e-02,0.000000000000000000e+00,1.142857142857142821e-01,0.000000000000000000e+00,0.000000000000000000e+00,1.017369727047146427e-01,1.199351701782820079e-01,9.299363057324840087e-02,5.759162303664921295e-02,6.818181818181817677e-02,1.390605686032138355e-01,1.131805157593123168e-01,1.167512690355329980e-01,7.251908396946564472e-02,1.428571428571428492e-01,1.480406386066763502e-01,9.358288770053475869e-02,1.039603960396039556e-01,9.343936381709741501e-02,8.288482238966630999e-02,1.025641025641025605e-01,0.000000000000000000e+00,1.003236245954692574e-01,0.000000000000000000e+00,1.012396694214875992e-01,8.988764044943819975e-02,2.070151306740027619e-01,0.000000000000000000e+00,0.000000000000000000e+00,4.697986577181208212e-02,8.436724565756824334e-02,1.059999999999999970e-01,2.651273885350318715e-01,9.261363636363637020e-02,8.085106382978723971e-02,1.400343642611683870e-01,5.442176870748299117e-02,8.536585365853659180e-02,9.266055045871560147e-02,2.530864197530864335e-01,6.751054852320674537e-02,1.120000000000000023e-01,3.322147651006711611e-01,0.000000000000000000e+00,6.250000000000000000e-02,9.139784946236559349e-02,0.000000000000000000e+00,2.580403889304412890e-01,2.477064220183486376e-01,3.381294964028777050e-01,7.890743550834597442e-02,7.218934911242604058e-02,3.638418079096045199e-01,0.000000000000000000e+00,7.760532150776053295e-02,8.215962441314554610e-02,2.664941785252263884e-01,2.374429223744292106e-01,4.282115869017632387e-02,1.105919003115264782e-01,1.164383561643835552e-01,8.241758241758241621e-02,9.175738724727838802e-02,2.935174069627851101e-01,0.000000000000000000e+00,1.346534653465346620e-01,1.078717201166180806e-01,1.859114015976761070e-01,2.784313725490196179e-01,1.893203883495145623e-01,8.695652173913043237e-02,6.060606060606060774e-02,6.892523364485980686e-02,0.000000000000000000e+00,2.695035460992907805e-01,0.000000000000000000e+00,0.000000000000000000e+00,1.639344262295081844e-01,2.189141856392294305e-01,1.127450980392156882e-01,6.884057971014492794e-02,0.000000000000000000e+00,1.335149863760217992e-01,0.000000000000000000e+00,1.096774193548387122e-01,1.235431235431235369e-01,8.035714285714286309e-02,1.086142322097378293e-01,0.000000000000000000e+00,0.000000000000000000e+00,1.127080181543116538e-01,8.290155440414508081e-02,9.688385269121813081e-02,2.759381898454746351e-01,1.289954337899543446e-01,9.826589595375723185e-02,1.183800623052959494e-01,8.823529411764706454e-02,8.320726172465960080e-02,1.497860199714693419e-01,9.905660377358491142e-02,1.058823529411764691e-01,8.741258741258740861e-02,9.560229445506691903e-02,8.843537414965986498e-02,8.854166666666667129e-02,0.000000000000000000e+00,1.170212765957446832e-01,9.186351706036745279e-02,1.025056947608200403e-01,8.593750000000000000e-02,1.377777777777777768e-01,0.000000000000000000e+00,6.537530266343825891e-02,1.044368600682593906e-01,2.465663832570307301e-01,0.000000000000000000e+00,1.197411003236245886e-01,0.000000000000000000e+00,0.000000000000000000e+00,7.386363636363636742e-02,0.000000000000000000e+00,3.140243902439024404e-01,3.206831119544591990e-01,1.234817813765182182e-01,2.402402402402402382e-01,3.137065637065636903e-01,1.035986913849509250e-01,1.008230452674897110e-01,9.290709290709291135e-02,2.062314540059347057e-01,1.266846361185983705e-01,8.651162790697673743e-02,8.801775147928994625e-02,1.186650185414091507e-01,9.108159392789373643e-02,0.000000000000000000e+00,2.480620155038759655e-01,8.000000000000000167e-02,8.484848484848485362e-02,9.890109890109889668e-02,9.816676522767593671e-02,3.624733475479743894e-01,3.200000000000000067e-01,2.999999999999999889e-01,0.000000000000000000e+00,2.949640287769784153e-01,0.000000000000000000e+00,1.441558441558441483e-01,8.074534161490683204e-02,9.600560616678345538e-02,8.300704776820673481e-02,2.228530872959545717e-01,0.000000000000000000e+00,8.032128514056224855e-02,1.898928024502297141e-01,1.447368421052631637e-01,1.253918495297805524e-01,1.455696202531645556e-01,1.060171919770773602e-01,1.273291925465838414e-01,1.281249999999999889e-01,1.359773371104815998e-01,1.743119266055045968e-01,1.020408163265306145e-01,1.381215469613259750e-01,9.770114942528736190e-02,1.150895140664961597e-01,1.321321321321321240e-01,1.371237458193979852e-01,1.393034825870646809e-01,8.648648648648649129e-02,1.268011527377521652e-01,1.194968553459119509e-01,1.070336391437308882e-01,1.017964071856287400e-01
1.058514135437212400e-01,1.169007702763932982e-01,1.280788177339901579e-01,2.047244094488188948e-01,2.123385939741750383e-01,1.391999999999999904e-01,0.000000000000000000e+00,0.000000000000000000e+00,0.000000000000000000e+00,1.441441441441441429e-01,9.637188208616780105e-02,1.179624664879356521e-01,5.982905982905983161e-02,0.000000000000000000e+00,1.168582375478927210e-01,1.694444444444444531e-01,1.032320308731307229e-01,2.817631806395851091e-01,1.107491856677524367e-01,1.875000000000000000e-01,1.628865979381443341e-01,0.000000000000000000e+00,2.450442851117671794e-01,2.508098102730217382e-01,1.041666666666666713e-01,0.000000000000000000e+00,7.361963190184049599e-02,9.645669291338582196e-02,9.375000000000000000e-02,1.333758774728781016e-01,1.675977653631284814e-01,2.702095808383233599e-01,6.892067620286085328e-02,9.135938359933956643e-02,2.914923291492328983e-01,1.184364060676779407e-01,1.002844950213371278e-01,7.467532467532467244e-02,1.450777202072538741e-01,1.123903508771929849e-01,1.967213114754098324e-01,9.064885496183205937e-02,1.768867924528301772e-01,9.600997506234414114e-02,9.783845278725825101e-02,0.000000000000000000e+00,1.280737704918032682e-01,1.615853658536585413e-01,9.686274509803921573e-02,6.923076923076923461e-02,1.008676789587852479e-01,5.844155844155844021e-02,7.722513089005235420e-02,9.263157894736842590e-02,6.937799043062201076e-02,2.386934673366834236e-01,1.460674157303370746e-01,1.364653243847874786e-01,1.595900439238653046e-01,8.542713567839195499e-02,1.156250000000000056e-01,2.610421836228287717e-01,2.863309352517985351e-01,2.219626168224299034e-01,9.582417582417582236e-02,1.396508728179551018e-01,7.227722772277227203e-02,1.178529754959159875e-01,1.081081081081081141e-01,1.038062283737024166e-01,7.249159865578493067e-02,9.186906019007391733e-02,1.399904443382704311e-01,8.278688524590163689e-02,2.516339869281045694e-01,1.061320754716981174e-01,6.572769953051643688e-02,9.670116429495471955e-02,2.506989748369058968e-01,9.700520833333332871e-02,2.978453738910012416e-01,2.296587926509186250e-01,1.708967851099830737e-01,1.201478743068391808e-01,1.842560553633217912e-01,1.063063063063063030e-01,1.386061080657791655e-01,0.000000000000000000e+00,8.284518828451882533e-02,1.104707012487992357e-01,1.364902506963788231e-01,1.247863247863247871e-01,2.613488975356679789e-01,9.625668449197860577e-02,1.111111111111111049e-01,2.346570397111913397e-01,2.302444570778851562e-01,7.911001236093942457e-02,8.510638297872340219e-02,2.070422535211267623e-01,8.343949044585986796e-02,9.023255813953488802e-02,9.198113207547169157e-02,9.173871277617674791e-02,1.058823529411764691e-01,5.670103092783505133e-02,8.734939759036144946e-02,0.000000000000000000e+00,1.026957637997432671e-01,0.000000000000000000e+00,1.039755351681957152e-01,1.031455742501828782e-01,1.486325802615933445e-01,1.082698585418933601e-01,1.042944785276073566e-01,6.185567010309278579e-02,1.013597033374536438e-01,1.141352063213345036e-01,1.850220264317180563e-01,1.080572289156626481e-01,2.333333333333333370e-01,1.092052601486563773e-01,8.311688311688311681e-02,1.212669683257918546e-01,1.205882352941176489e-01,1.214605067064083443e-01,1.114348142753095461e-01,9.863945578231292366e-02,1.376879699248120259e-01,1.092436974789915971e-01,0.000000000000000000e+00,1.567164179104477695e-01,0.000000000000000000e+00,1.295871559633027525e-01,1.176987263943785750e-01,1.053571428571428575e-01,9.053497942386831698e-02,1.483253588516746380e-01,9.090909090909091161e-02,9.874326750448833567e-02,9.876543209876542662e-02,1.174480425326244609e-01,1.169451073985680184e-01,1.295546558704453455e-01,7.943925233644859307e-02,0.000000000000000000e+00,1.242038216560509556e-01,0.000000000000000000e+00,0.000000000000000000e+00,1.235955056179775247e-01,1.043203371970495286e-01,1.038251366120218622e-01,1.483870967741935387e-01,1.103047895500725711e-01,1.595858621920742682e-01,1.299603174603174705e-01,1.811965811965811912e-01,9.569377990430621983e-02,2.282608695652173780e-01,1.488952929875120013e-01,1.140418929402637754e-01,9.411764705882352811e-02,2.112211221122112237e-01,1.344282238442822408e-01,2.151675485008818223e-01,0.000000000000000000e+00,1.596330275229357887e-01,0.000000000000000000e+00,9.987669543773119996e-02,2.257336343115124155e-01,1.211317418213969932e-01,0.000000000000000000e+00,0.000000000000000000e+00,2.103174603174603197e-01,9.312977099236641187e-02,9.493670886075949999e-02,1.095890410958904049e-01,2.751358695652174058e-01,2.094972067039106156e-01,1.179487179487179460e-01,2.903225806451613100e-01,7.916666666666666297e-02,1.083193746510329458e-01,5.909090909090908977e-02,2.671755725190839703e-01,1.023725834797891004e-01,6.297229219143576917e-02,0.000000000000000000e+00,1.084337349397590383e-01,8.652246256239601307e-02,0.000000000000000000e+00,1.112219451371571077e-01,9.045936395759716919e-02,7.430340557275541546e-02,2.870662460567823260e-01,1.984785615491009569e-01,8.674698795180722788e-02,0.000000000000000000e+00,7.878017789072426502e-02,1.081481481481481460e-01,9.612403100775193665e-02,9.144542772861356805e-02,6.926751592356687748e-02,1.309130913091309245e-01,1.007194244604316530e-01,6.691449814126393392e-02,1.204557786218122678e-01,9.355765285186705416e-02,0.000000000000000000e+00,9.771309771309771852e-02,1.359374999999999889e-01,1.402002861230328967e-01,1.101449275362318819e-01,1.596091205211726261e-01,1.255517410495340935e-01,2.067988668555240661e-01,2.890778286461739843e-01,0.000000000000000000e+00,1.126279863481228632e-01,0.000000000000000000e+00,0.000000000000000000e+00,1.242937853107344698e-01,8.257918552036198900e-02,9.826589595375723185e-02,2.509982886480319197e-01,0.000000000000000000e+00,8.819133034379671165e-02,0.000000000000000000e+00,1.066235864297253588e-01,7.875185735512629792e-02,2.441613588110403410e-01,1.305309734513274422e-01,0.000000000000000000e+00,0.000000000000000000e+00,9.231448763250883760e-02,2.610556348074179467e-01,1.050608584240871196e-01,1.658536585365853744e-01,1.484593837535014005e-01,2.502951593860684998e-01,1.287726358148893469e-01,2.570235383447228572e-01,1.097620203982515724e-01,9.805873568939771356e-02,9.523809523809523281e-02,9.793510324483775675e-02,1.064301552106430154e-01,1.069012178619756365e-01,1.091617933723196820e-01,1.744712990936555796e-01,0.000000000000000000e+00,1.161971830985915471e-01,2.190332326283987996e-01,1.175132676269901449e-01,2.765624999999999889e-01,1.451612903225806550e-01,0.000000000000000000e+00,2.279129321382842577e-01,9.821073558648110713e-02,1.062550120288692918e-01,0.000000000000000000e+00,1.053677932405566592e-01,0.000000000000000000e+00,0.000000000000000000e+00,2.791519434628975116e-01,0.000000000000000000e+00,1.184466019417475674e-01,9.994086339444116507e-02,1.033591731266149810e-01,9.651741293532338506e-02,9.299279633267845679e-02,2.276315789473684348e-01,1.402714932126696845e-01,2.643198090692124302e-01,1.047331319234642566e-01,1.377459749552772672e-01,1.236559139784946248e-01,1.402814423922603415e-01,1.104294478527607370e-01,2.785800240673886874e-01,0.000000000000000000e+00,5.940594059405940319e-02,1.084010840108401152e-01,1.106906338694418207e-01,9.090909090909091161e-02,1.129603399433427718e-01,7.916666666666666297e-02,8.590604026845637120e-02,4.545454545454545581e-02,0.000000000000000000e+00,9.316770186335403270e-02,0.000000000000000000e+00,1.097895699908508632e-01,7.763975155279502494e-02,1.196863392488650424e-01,2.418089524688509517e-01,1.321109543958627064e-01,0.000000000000000000e+00,2.544987146529563149e-01,1.569892473118279508e-01,1.213389121338912108e-01,1.028446389496717739e-01,9.450549450549450281e-02,1.300000000000000044e-01,1.181102362204724393e-01,1.533613445378151363e-01,1.045045045045045057e-01,1.212121212121212155e-01,1.250000000000000000e-01,1.221374045801526670e-01,1.491228070175438514e-01,1.051693404634581053e-01,1.062499999999999972e-01,8.894230769230769551e-02,1.216216216216216284e-01,1.449275362318840632e-01,1.046025104602510414e-01,9.471365638766519879e-02,1.018099547511312208e-01,1.259842519685039353e-01
9.845201238390093035e-02,1.982553528945281418e-01,8.641975308641974829e-02,6.146926536731633917e-02,9.080325960419091680e-02,8.000000000000000167e-02,0.000000000000000000e+00,0.000000000000000000e+00,0.000000000000000000e+00,5.241935483870967943e-02,6.903765690376569009e-02,7.513988808952837273e-02,7.357859531772575901e-02,0.000000000000000000e+00,1.103202846975089024e-01,8.977035490605428381e-02,8.940972222222222376e-02,9.732454439705312543e-02,1.411042944785275977e-01,6.551724137931035086e-02,1.009463722397476310e-01,0.000000000000000000e+00,8.263254113345520901e-02,7.038930397168698117e-02,1.443661971830985935e-01,0.000000000000000000e+00,9.106830122591944021e-02,8.803986710963454532e-02,2.085088458298230696e-01,9.741657696447793280e-02,6.629834254143646133e-02,9.556313993174062049e-02,1.855670103092783574e-01,9.184149184149184575e-02,8.767676767676767235e-02,2.421638018200202302e-01,7.946210268948655786e-02,7.063197026022305369e-02,9.375000000000000000e-02,9.254498714652956148e-02,5.970149253731343170e-02,1.271477663230240474e-01,5.708245243128964169e-02,9.772472957851548181e-02,1.180327868852459050e-01,0.000000000000000000e+00,1.838440111420612810e-01,7.692307692307692735e-02,9.665828242903341805e-02,1.712707182320442056e-01,7.264957264957265515e-02,7.185628742514969802e-02,8.510638297872340219e-02,1.982300884955752185e-01,9.130434782608695676e-02,5.738476011288805301e-02,1.098591549295774711e-01,1.162361623616236100e-01,8.114558472553699831e-02,1.127679403541472503e-01,1.596638655462184753e-01,9.225413402959094233e-02,8.073022312373225040e-02,6.185567010309278579e-02,1.004315417810906219e-01,2.388392857142857262e-01,1.900561347233360177e-01,2.009950248756219027e-01,1.442786069651741387e-01,6.615384615384616029e-02,7.927087749046206333e-02,7.579908675799086615e-02,9.154351395730705998e-02,6.493506493506492894e-02,7.610619469026548567e-02,1.717761557177615583e-01,9.964412811387900193e-02,1.016459717008374175e-01,1.774071266110689993e-01,6.509539842873175719e-02,7.710464201416207530e-02,6.987951807228916234e-02,1.012861736334405155e-01,5.601317957166392081e-02,1.176029962546816521e-01,2.106060606060606022e-01,2.163461538461538547e-01,0.000000000000000000e+00,6.372934697088906975e-02,8.482871125611746166e-02,9.059633027522935589e-02,1.020408163265306145e-01,8.756038647342995196e-02,8.497590889180901830e-02,8.542713567839195499e-02,8.222676200204290242e-02,8.325266214908035034e-02,9.001097694840834440e-02,9.317803660565723844e-02,1.110475100171722934e-01,8.729281767955801574e-02,1.085209003215434065e-01,8.452250274423710186e-02,2.219626168224299034e-01,2.174254317111460055e-01,1.604938271604938183e-01,1.043689320388349467e-01,0.000000000000000000e+00,6.408706166868198550e-02,0.000000000000000000e+00,7.440476190476190410e-02,1.013897662665824428e-01,1.866404715127701341e-01,2.257503262287951229e-01,6.209453197405004343e-02,1.748466257668711554e-01,6.636155606407322105e-02,9.090909090909091161e-02,1.419860627177700341e-01,9.361302442078897612e-02,7.093663911845729531e-02,2.015466408893185069e-01,1.070496083550913774e-01,1.024096385542168641e-01,1.060606060606060635e-01,1.102941176470588203e-01,1.996370235934664117e-01,1.055718475073313817e-01,7.919049714034315235e-02,5.294117647058823456e-02,0.000000000000000000e+00,1.151631477927063385e-01,0.000000000000000000e+00,8.971109984794728431e-02,9.197194076383476136e-02,5.625000000000000139e-02,1.970534069981583758e-01,2.032040472175379309e-01,8.695652173913043237e-02,8.558211256746338369e-02,6.818181818181817677e-02,6.520768200089326061e-02,2.378277153558052415e-01,1.825307950727883544e-01,8.469055374592833474e-02,0.000000000000000000e+00,9.065155807365439522e-02,0.000000000000000000e+00,0.000000000000000000e+00,9.951956074124913842e-02,5.560836501901140344e-02,9.415584415584415945e-02,1.075949367088607639e-01,9.867629362214200284e-02,9.936955869108375639e-02,1.030303030303030276e-01,7.015130674002750810e-02,7.322175732217572897e-02,7.094594594594594295e-02,8.149405772495756095e-02,9.727891156462585565e-02,5.663189269746646964e-02,9.311348205625606667e-02,9.133367929423974463e-02,7.428571428571428825e-02,0.000000000000000000e+00,9.936908517350158399e-02,0.000000000000000000e+00,6.813186813186812574e-02,7.827788649706457491e-02,1.059376334899615607e-01,0.000000000000000000e+00,0.000000000000000000e+00,1.331168831168831057e-01,8.039492242595204508e-02,8.168028004667444997e-02,8.650190114068441460e-02,8.065476190476190965e-02,1.172248803827751207e-01,2.288533834586466142e-01,9.561752988047808599e-02,8.846153846153846645e-02,1.047619047619047644e-01,1.428571428571428492e-01,6.066945606694560539e-02,7.145661562622693253e-02,8.041237113402062431e-02,0.000000000000000000e+00,8.620689655172414367e-02,6.212121212121211877e-02,0.000000000000000000e+00,9.729493891797556804e-02,7.402760351317440313e-02,8.268733850129199314e-02,7.931570762052876644e-02,6.602641056422568766e-02,7.557732680195941577e-02,0.000000000000000000e+00,7.929515418502203206e-02,7.647058823529412352e-02,1.168191414496833197e-01,1.074589127686472884e-01,4.888268156424580707e-02,1.079766536964980594e-01,4.887218045112781684e-02,3.472222222222222376e-02,8.375286041189931863e-02,1.085714285714285687e-01,0.000000000000000000e+00,9.319664492078284790e-02,8.683473389355741978e-02,1.015100671140939659e-01,4.927536231884058204e-02,9.429280397022332671e-02,8.819823603527929268e-02,5.238095238095238221e-02,1.059718969555035195e-01,0.000000000000000000e+00,2.309859154929577441e-01,0.000000000000000000e+00,0.000000000000000000e+00,1.651785714285714246e-01,7.240293809024134219e-02,1.120000000000000023e-01,7.496325330720235436e-02,0.000000000000000000e+00,5.629629629629629567e-02,0.000000000000000000e+00,1.863736263736263665e-01,1.932989690721649556e-01,7.042253521126760896e-02,8.154506437768239968e-02,0.000000000000000000e+00,0.000000000000000000e+00,9.021406727828745753e-02,7.060518731988472962e-02,7.940228537943158638e-02,6.692406692406692448e-02,8.531684698608964224e-02,6.473214285714286309e-02,1.703577512776831282e-01,7.730426164519325904e-02,9.794696321642429315e-02,2.168087697929354518e-01,1.638141809290953599e-01,6.889242183359831073e-02,9.245283018867923863e-02,1.452810180275715679e-01,7.994486560992418445e-02,7.391910739191073776e-02,0.000000000000000000e+00,8.766233766233766378e-02,7.317073170731706877e-02,2.178217821782178210e-01,6.694560669456066371e-02,7.816711590296496204e-02,0.000000000000000000e+00,8.657465495608532291e-02,6.730428622033297892e-02,8.745813174544100899e-02,0.000000000000000000e+00,1.839080459770114917e-01,0.000000000000000000e+00,0.000000000000000000e+00,7.236842105263158187e-02,0.000000000000000000e+00,6.525911708253358257e-02,8.722919042189281047e-02,2.133620689655172376e-01,1.435684647302904460e-01,9.959931310818545547e-02,9.080717488789237513e-02,2.206427688504326301e-01,9.762532981530343268e-02,6.266318537859007221e-02,9.615384615384615918e-02,1.912512716174974703e-01,8.173445894090559938e-02,7.949526813880125609e-02,9.857670005271480795e-02,0.000000000000000000e+00,1.153846153846153910e-01,6.651376146788991195e-02,8.298755186721991361e-02,7.256235827664399285e-02,2.144329896907216371e-01,9.370988446726571941e-02,6.045949214026602458e-02,2.955665024630541732e-02,0.000000000000000000e+00,6.060606060606060774e-02,0.000000000000000000e+00,1.957478005865102566e-01,1.836734693877551117e-01,9.974424552429667079e-02,9.143566404633843292e-02,9.074811863656484512e-02,0.000000000000000000e+00,4.455445544554455239e-02,8.553791887125219984e-02,6.680161943319838647e-02,9.465020576131687180e-02,8.644400785854616798e-02,9.413854351687389599e-02,8.014571948998178152e-02,1.135972461273666162e-01,5.467372134038800402e-02,1.042735042735042778e-01,8.876811594202899114e-02,6.873977086743043863e-02,8.078994614003590091e-02,7.534246575342465335e-02,8.156028368794326910e-02,9.980806142034548412e-02,8.379888268156424069e-02,6.219312602291325598e-02,7.569721115537848821e-02,1.080074487895716917e-01,9.107142857142856707e-02,8.600337268128162294e-02
9.672386895475819368e-02,9.441624365482233217e-02,1.509433962264150886e-01,1.548507462686567193e-01,1.119133574007220161e-01,1.747572815533980639e-01,0.000000000000000000e+00,0.000000000000000000e+00,0.000000000000000000e+00,1.810344827586206906e-01,2.242152466367713093e-01,1.609657947686116697e-01,1.809523809523809479e-01,0.000000000000000000e+00,1.107266435986159203e-01,1.326530612244898044e-01,3.138832997987927587e-01,6.427221172022684614e-02,1.059602649006622516e-01,6.140350877192982115e-02,6.589147286821706029e-02,0.000000000000000000e+00,8.134920634920635163e-02,6.874328678839956852e-02,1.133004926108374388e-01,0.000000000000000000e+00,1.018518518518518462e-01,5.508474576271186335e-02,1.271878646441073624e-01,8.020698576972833116e-02,1.097560975609756101e-01,6.187290969899665594e-02,6.128133704735375803e-02,9.489051094890510463e-02,6.322957198443579507e-02,1.079478054567022532e-01,3.435225618631732036e-01,1.073345259391770973e-01,1.162162162162162227e-01,1.363636363636363535e-01,1.122448979591836732e-01,8.450704225352112520e-02,2.036199095022624417e-01,7.871720116618076413e-02,1.064425770308123215e-01,0.000000000000000000e+00,1.125683060109289590e-01,1.188811188811188801e-01,8.115419296663660409e-02,5.940594059405940319e-02,2.899896800825593202e-01,1.005586592178770999e-01,6.542056074766354479e-02,9.223300970873786475e-02,8.500000000000000611e-02,8.010335917312660925e-02,1.056910569105691117e-01,1.357466063348416185e-01,1.509433962264150886e-01,8.216432865731462809e-02,1.223021582733812979e-01,7.647058823529412352e-02,6.718924972004479412e-02,8.368200836820083310e-02,9.445585215605749319e-02,7.253886010362693704e-02,3.991596638655461882e-02,6.100795755968169837e-02,6.565656565656566301e-02,1.359223300970873738e-01,7.769145394006658767e-02,6.419753086419753563e-02,9.245283018867923863e-02,2.882562277580071330e-01,7.312925170068027003e-02,1.330749354005167917e-01,8.080808080808081495e-02,6.901725431357839946e-02,4.357298474945534017e-02,1.510989010989010894e-01,7.454739084132055993e-02,6.567164179104477417e-02,1.563786008230452773e-01,8.144796380090497945e-02,1.529411764705882470e-01,6.859205776173285529e-02,1.357388316151202645e-01,0.000000000000000000e+00,1.846435100548446118e-01,6.849315068493150305e-02,1.170886075949367083e-01,6.640625000000000000e-02,8.581436077057792711e-02,3.316733067729083495e-01,1.111111111111111049e-01,8.402203856749311528e-02,8.182912154031288243e-02,5.912596401028277771e-02,7.456140350877192569e-02,9.428571428571429214e-02,7.560627674750357297e-02,6.928406466512701534e-02,4.273504273504273587e-02,1.480730223123732370e-01,1.418918918918918859e-01,1.326530612244898044e-01,6.493506493506492894e-02,0.000000000000000000e+00,8.108108108108108558e-02,0.000000000000000000e+00,6.508875739644970349e-02,8.853754940711462684e-02,8.500000000000000611e-02,1.090670170827858082e-01,2.535787321063394661e-01,2.933333333333333348e-01,2.766990291262135804e-01,8.655804480651731192e-02,8.495145631067961556e-02,1.292048929663608681e-01,7.339449541284404077e-02,1.178756476683937848e-01,8.227848101265822223e-02,1.101694915254237267e-01,1.515151515151515194e-01,9.312320916905443557e-02,1.105845181674565553e-01,2.759084791386272051e-01,1.848983543078412395e-01,7.826086956521739746e-02,0.000000000000000000e+00,1.165048543689320426e-01,0.000000000000000000e+00,2.144373673036093497e-01,1.934693877551020291e-01,3.346774193548386900e-01,1.020408163265306145e-01,9.582863585118377159e-02,2.617801047120418834e-01,2.280701754385964786e-01,2.698412698412698263e-01,1.103238866396761136e-01,1.302325581395348819e-01,9.174311926605505096e-02,1.157894736842105254e-01,0.000000000000000000e+00,1.117647058823529466e-01,0.000000000000000000e+00,0.000000000000000000e+00,2.644483362521891645e-01,2.995121951219512080e-01,8.362369337979094763e-02,9.420289855072463969e-02,3.027522935779816682e-01,9.270998415213946298e-02,1.659574468085106280e-01,1.323763955342902587e-01,3.301886792452830011e-01,8.403361344537815802e-02,9.224318658280922234e-02,2.965403624382207393e-01,3.076923076923077094e-01,1.023809523809523780e-01,9.032258064516128504e-02,7.971014492753622505e-02,0.000000000000000000e+00,8.407079646017699692e-02,0.000000000000000000e+00,1.157894736842105254e-01,4.347826086956521618e-02,8.478038815117466820e-02,0.000000000000000000e+00,0.000000000000000000e+00,1.785714285714285615e-02,1.456310679611650394e-01,2.314285714285714279e-01,1.037851037851037911e-01,6.303972366148531681e-02,1.197604790419161680e-01,9.015421115065243296e-02,8.641975308641974829e-02,1.478260869565217461e-01,2.858769931662870079e-01,1.654135338345864570e-01,5.202312138728323876e-02,2.814423922603342398e-01,5.789473684210526272e-02,0.000000000000000000e+00,9.401709401709401615e-02,1.018867924528301938e-01,0.000000000000000000e+00,8.794466403162055912e-02,5.238095238095238221e-02,5.952380952380952051e-02,5.410821643286573002e-02,5.563689604685212453e-02,7.344632768361582242e-02,0.000000000000000000e+00,9.748427672955975454e-02,1.134020618556701027e-01,6.340579710144927938e-02,9.608540925266903510e-02,1.629502572898799406e-01,1.047227926078028726e-01,3.106796116504854099e-01,2.558139534883721034e-01,2.101727447216890643e-01,7.282051282051281438e-02,0.000000000000000000e+00,8.076009501187648987e-02,9.523809523809523281e-02,8.039747064137307830e-02,8.000000000000000167e-02,8.873720136518771506e-02,2.243270189431704753e-01,5.925925925925926152e-02,4.347826086956521618e-02,0.000000000000000000e+00,4.464285714285714385e-02,0.000000000000000000e+00,0.000000000000000000e+00,1.509433962264150886e-01,1.650246305418719139e-01,1.610738255033556943e-01,8.849557522123893682e-02,0.000000000000000000e+00,3.255033557046979609e-01,0.000000000000000000e+00,1.217798594847775140e-01,1.216216216216216284e-01,3.500000000000000333e-02,1.506276150627615107e-01,0.000000000000000000e+00,0.000000000000000000e+00,7.490272373540855788e-02,6.440677966101694685e-02,1.103703703703703687e-01,5.873015873015872967e-02,1.456000000000000072e-01,8.616187989556135796e-02,1.104060913705583735e-01,6.974637681159420732e-02,1.090188305252725448e-01,1.049783549783549763e-01,1.182795698924731242e-01,3.055214723926380493e-01,1.077586206896551657e-01,1.968503937007874127e-01,1.020733652312599687e-01,9.279999999999999361e-02,0.000000000000000000e+00,2.063492063492063378e-01,5.338078291814946780e-02,1.313485113835376472e-01,7.508532423208191808e-02,1.176470588235294101e-01,0.000000000000000000e+00,4.901960784313725422e-02,2.866836301950805854e-01,9.972041006523765794e-02,0.000000000000000000e+00,6.967213114754097769e-02,0.000000000000000000e+00,0.000000000000000000e+00,8.333333333333332871e-02,0.000000000000000000e+00,9.174311926605505096e-02,8.396946564885496289e-02,7.766990291262135249e-02,1.145833333333333287e-01,7.766990291262135249e-02,7.816711590296496204e-02,9.016393442622951115e-02,6.627393225331369708e-02,1.475409836065573743e-01,1.221374045801526670e-01,1.523255813953488247e-01,2.375586854460093877e-01,8.032786885245901676e-02,8.695652173913043237e-02,0.000000000000000000e+00,4.504504504504504292e-02,3.401015228426396142e-01,1.059811122770199371e-01,1.353383458646616466e-01,1.240875912408759135e-01,8.620689655172414367e-02,7.629427792915531581e-02,8.988764044943819975e-02,0.000000000000000000e+00,9.333333333333333759e-02,0.000000000000000000e+00,8.986615678776291305e-02,1.194968553459119509e-01,1.160714285714285754e-01,6.530214424951266694e-02,7.432432432432432845e-02,0.000000000000000000e+00,4.761904761904761640e-02,6.873614190687361847e-02,1.050228310502283047e-01,1.129707112970711330e-01,1.210762331838565048e-01,9.790209790209790375e-02,1.440329218106995990e-01,1.033057851239669450e-01,8.070175438596491335e-02,9.540636042402826644e-02,1.048387096774193589e-01,1.322957198443579785e-01,9.420289855072463969e-02,1.686274509803921684e-01,1.052631578947368363e-01,1.136363636363636326e-01,1.103202846975089024e-01,1.161048689138576839e-01,1.286307053941908585e-01,1.428571428571428492e-01,1.167315175097276281e-01,1.137254901960784298e-01
5.357142857142856845e-02,7.956777996070726888e-02,7.042253521126760896e-02,3.886925795053003396e-02,9.714285714285714191e-02,9.119496855345911313e-02,0.000000000000000000e+00,0.000000000000000000e+00,0.000000000000000000e+00,8.547008547008547175e-02,8.101851851851851749e-02,7.034220532319392094e-02,6.870229007633588125e-02,0.000000000000000000e+00,7.902735562310030104e-02,5.263157894736841813e-02,1.127895266868076535e-01,6.818181818181817677e-02,1.077844311377245540e-01,9.848484848484848064e-02,1.024734982332155542e-01,0.000000000000000000e+00,7.507218479307026238e-02,6.106106106106105880e-02,7.346938775510204744e-02,0.000000000000000000e+00,2.404181184668989502e-01,6.800000000000000488e-02,9.041980624327233818e-02,8.529048207663782188e-02,1.071428571428571369e-01,7.022900763358778942e-02,6.356968215158924351e-02,3.078375826251180114e-01,6.876790830945558874e-02,8.292079207920792505e-02,7.614942528735632599e-02,3.551769331585845624e-01,7.263922518159805775e-02,5.299539170506912394e-02,9.259259259259258745e-03,9.369024856596558370e-02,6.355932203389830226e-02,2.807917888563049580e-01,2.489451476793249074e-01,0.000000000000000000e+00,7.046632124352331106e-02,8.805031446540879936e-02,2.369038311180609868e-01,6.493506493506492894e-02,5.178365937859608775e-02,8.000000000000000167e-02,3.391959798994975128e-01,6.167400881057268774e-02,4.761904761904761640e-02,5.740181268882175308e-02,4.093567251461988077e-02,8.675799086757990386e-02,9.393939393939393367e-02,4.655870445344129777e-02,7.333333333333333370e-02,6.270996640537514211e-02,6.930693069306931298e-02,5.405405405405405705e-02,5.916585838991270802e-02,6.635071090047393871e-02,2.605752961082910546e-01,7.614213197969543767e-02,1.330645161290322509e-01,2.560975609756097615e-01,3.223284100781928507e-01,3.122171945701357476e-01,5.887681159420289634e-02,7.233273056057866468e-02,8.659217877094972649e-02,9.265536723163841915e-02,2.089552238805970075e-01,2.461809635722679301e-01,2.306079664570230559e-02,4.005722460658082962e-02,6.382978723404254817e-02,7.541899441340782495e-02,9.689922480620155598e-02,7.599999999999999811e-02,1.084112149532710234e-01,1.018867924528301938e-01,9.370424597364568342e-02,0.000000000000000000e+00,8.166666666666666519e-02,1.198428290766208187e-01,7.567567567567567988e-02,7.835820895522388474e-02,8.613138686131387167e-02,8.978328173374612586e-02,9.195402298850574585e-02,6.508135168961201589e-02,6.769596199524940960e-02,3.120728929384966044e-01,3.238993710691823735e-01,7.228915662650602092e-02,2.672209026128266052e-01,2.260536398467432873e-01,1.936842105263157920e-01,6.876227897838900482e-02,6.708975521305531042e-02,8.571428571428571508e-02,2.606382978723404409e-01,0.000000000000000000e+00,7.481296758104738487e-02,0.000000000000000000e+00,2.873563218390804558e-02,1.896103896103896180e-01,6.935123042505593471e-02,9.518477043673012616e-02,6.941431670281995869e-02,5.813953488372092943e-02,1.117166212534059927e-01,2.101806239737274151e-01,9.034907597535934975e-02,6.509803921568627083e-02,8.744038155802862089e-02,8.588235294117646523e-02,3.254716981132075304e-01,5.844155844155844021e-02,6.790123456790123080e-02,5.029585798816568060e-02,7.555555555555555636e-02,6.666666666666666574e-02,6.280193236714975979e-02,5.581395348837209225e-02,0.000000000000000000e+00,6.557377049180328210e-02,0.000000000000000000e+00,8.403361344537815802e-02,8.153078202995008017e-02,1.221374045801526670e-01,1.120331950207468924e-01,7.327141382868937458e-02,1.329787234042553168e-01,6.557377049180328210e-02,8.896797153024911531e-02,6.713426853707414599e-02,6.250000000000000000e-02,8.357348703170028315e-02,2.608695652173912902e-02,0.000000000000000000e+00,4.430379746835443056e-02,0.000000000000000000e+00,0.000000000000000000e+00,7.350689127105666798e-02,1.045751633986928136e-01,5.537459283387621833e-02,8.823529411764706454e-02,4.947916666666666435e-02,1.176923076923076933e-01,9.292929292929293095e-02,9.800664451827242885e-02,7.547169811320754429e-02,1.333333333333333315e-01,8.447937131630647856e-02,8.121827411167512056e-02,7.185628742514969802e-02,5.494505494505494414e-02,4.617253948967193350e-02,7.894736842105262720e-02,0.000000000000000000e+00,6.818181818181817677e-02,0.000000000000000000e+00,6.878306878306877925e-02,5.357142857142856845e-02,1.759180187873612411e-01,0.000000000000000000e+00,0.000000000000000000e+00,2.521008403361344602e-02,5.863192182410423281e-02,1.117021276595744628e-01,2.484848484848484751e-01,7.776162790697674354e-02,7.216494845360824084e-02,9.933035714285713691e-02,5.645161290322580488e-02,4.310344827586207184e-02,9.036860879904874688e-02,2.137404580152671707e-01,6.829268292682927344e-02,9.847036328871892896e-02,2.962962962962962798e-01,0.000000000000000000e+00,4.255319148936170109e-02,7.773851590106006793e-02,0.000000000000000000e+00,2.282229965156794549e-01,1.856115107913668960e-01,2.878048780487804659e-01,6.077348066298342288e-02,6.393861892583120599e-02,3.231999999999999873e-01,0.000000000000000000e+00,3.703703703703703498e-02,6.440677966101694685e-02,2.186495176848874677e-01,2.017045454545454419e-01,4.545454545454545581e-02,7.862903225806451568e-02,5.882352941176470507e-02,2.797202797202797200e-02,6.515301085883513921e-02,2.500000000000000000e-01,0.000000000000000000e+00,6.396588486140725172e-02,7.023411371237457679e-02,1.630067567567567433e-01,2.611111111111111271e-01,9.677419354838709409e-02,6.916996047430830352e-02,5.464480874316939712e-02,4.713804713804713858e-02,0.000000000000000000e+00,9.219858156028368223e-02,0.000000000000000000e+00,0.000000000000000000e+00,4.597701149425287293e-02,1.756756756756756854e-01,6.250000000000000000e-02,5.269607843137254916e-02,0.000000000000000000e+00,9.433962264150944077e-02,0.000000000000000000e+00,1.000000000000000056e-01,1.111111111111111049e-01,1.000000000000000056e-01,1.542056074766355034e-01,0.000000000000000000e+00,0.000000000000000000e+00,7.972440944881889480e-02,8.598726114649681007e-02,6.382978723404254817e-02,2.539682539682539542e-01,1.062730627306273101e-01,1.068493150684931559e-01,9.090909090909091161e-02,8.333333333333332871e-02,6.779661016949152519e-02,1.189083820662767965e-01,8.839779005524861510e-02,9.741060419235511580e-02,8.764940239043825243e-02,8.333333333333332871e-02,8.168120539254559997e-02,5.608974358974359170e-02,0.000000000000000000e+00,6.707317073170732113e-02,5.263157894736841813e-02,9.214501510574017729e-02,6.666666666666666574e-02,9.467455621301774926e-02,0.000000000000000000e+00,8.086253369272236591e-02,8.823529411764706454e-02,1.930977814297452633e-01,0.000000000000000000e+00,8.606557377049180169e-02,0.000000000000000000e+00,0.000000000000000000e+00,9.333333333333333759e-02,0.000000000000000000e+00,2.916666666666666852e-01,2.689075630252100724e-01,5.747126436781609116e-02,1.569767441860465129e-01,2.760233918128655040e-01,8.827238335435057259e-02,8.982035928143712600e-02,6.812652068126520688e-02,1.338742393509127770e-01,1.289198606271776959e-01,8.934707903780068905e-02,6.266318537859007221e-02,6.725146198830408983e-02,5.687830687830687515e-02,0.000000000000000000e+00,1.553398058252427050e-01,7.894736842105262720e-02,6.949806949806949796e-02,7.901234567901234407e-02,6.414825374198146468e-02,3.659673659673659540e-01,2.823218997361477411e-01,2.803030303030302761e-01,0.000000000000000000e+00,2.685185185185185452e-01,0.000000000000000000e+00,1.275167785234899431e-01,1.073825503355704675e-01,7.029288702928870869e-02,6.637168141592920956e-02,1.743341404358353386e-01,0.000000000000000000e+00,6.161137440758293615e-02,1.497326203208556028e-01,1.176470588235294101e-01,8.487084870848708718e-02,8.247422680412370977e-02,1.245551601423487559e-01,1.024734982332155542e-01,1.216216216216216284e-01,9.523809523809523281e-02,1.204379562043795676e-01,1.406250000000000000e-01,9.152542372881355970e-02,1.010452961672473893e-01,9.440559440559440074e-02,8.965517241379310220e-02,8.127208480565370485e-02,1.184210526315789408e-01,1.106870229007633627e-01,9.689922480620155598e-02,9.836065573770491621e-02,1.081081081081081141e-01,9.963099630996309630e-02
2.874999999999999778e-01,2.645739910313901211e-01,2.592592592592592449e-01,3.785714285714285587e-01,3.214285714285714524e-01,3.943661971830985657e-01,0.000000000000000000e+00,0.000000000000000000e+00,0.000000000000000000e+00,3.823529411764705621e-01,2.796610169491525189e-01,3.636363636363636465e-01,1.276595744680850963e-01,0.000000000000000000e+00,2.051282051282051211e-01,2.978723404255319007e-01,2.652173913043478493e-01,3.527397260273972823e-01,2.407407407407407274e-01,2.666666666666666630e-01,4.626865671641791078e-01,0.000000000000000000e+00,3.373015873015873245e-01,3.813229571984435573e-01,2.539682539682539542e-01,0.000000000000000000e+00,1.807228915662650592e-01,2.500000000000000000e-01,2.567049808429118785e-01,3.597883597883597684e-01,1.250000000000000000e-01,3.805970149253731227e-01,3.052631578947368474e-01,2.451361867704280051e-01,3.437500000000000000e-01,2.146118721461187095e-01,2.250000000000000056e-01,2.222222222222222099e-01,3.960396039603960583e-01,2.780269058295964379e-01,5.000000000000000000e-01,3.106060606060606077e-01,4.062500000000000000e-01,2.200000000000000011e-01,3.280000000000000138e-01,0.000000000000000000e+00,2.324561403508771940e-01,4.516129032258064391e-01,2.142857142857142738e-01,3.333333333333333148e-01,2.727272727272727071e-01,2.954545454545454697e-01,2.871287128712871062e-01,2.142857142857142738e-01,2.812500000000000000e-01,3.296703296703296648e-01,3.783783783783783994e-01,3.538461538461538658e-01,3.624999999999999889e-01,3.229166666666666852e-01,2.500000000000000000e-01,2.556053811659192987e-01,3.448275862068965747e-01,3.333333333333333148e-01,3.504273504273504036e-01,2.439024390243902385e-01,1.940298507462686617e-01,2.580645161290322509e-01,4.081632653061224580e-01,1.710526315789473728e-01,2.443609022556390842e-01,2.523364485981308136e-01,3.155893536121672782e-01,2.614379084967320410e-01,3.085106382978723416e-01,2.608695652173912971e-01,2.500000000000000000e-01,2.325000000000000122e-01,3.643410852713178105e-01,3.315217391304347561e-01,3.664122137404580148e-01,3.111111111111111160e-01,3.384615384615384803e-01,3.035714285714285476e-01,2.695035460992907805e-01,3.037974683544303889e-01,2.154696132596685132e-01,0.000000000000000000e+00,2.901234567901234684e-01,3.714285714285714413e-01,3.661971830985915610e-01,2.727272727272727071e-01,4.340659340659340781e-01,2.170212765957446888e-01,3.265306122448979331e-01,4.027149321266968451e-01,2.828282828282828176e-01,1.509433962264150886e-01,2.289156626506023973e-01,3.099415204678362401e-01,2.254335260115606920e-01,2.834645669291338543e-01,3.888888888888888951e-01,2.521008403361344463e-01,2.241379310344827624e-01,3.157894736842105088e-01,1.794871794871794879e-01,0.000000000000000000e+00,2.933333333333333348e-01,0.000000000000000000e+00,1.578947368421052544e-01,2.833787465940054706e-01,2.857142857142856984e-01,2.107623318385650202e-01,2.307692307692307820e-01,2.042253521126760618e-01,3.362068965517241437e-01,2.813688212927756838e-01,2.828282828282828176e-01,2.796052631578947456e-01,3.740458015267175695e-01,2.233009708737864196e-01,2.647058823529411797e-01,2.684824902723735307e-01,4.864864864864865135e-01,3.142857142857142794e-01,3.021978021978021789e-01,2.954545454545454697e-01,3.094339622641509302e-01,2.894736842105263275e-01,0.000000000000000000e+00,2.999999999999999889e-01,0.000000000000000000e+00,3.711790393013100209e-01,2.375886524822695134e-01,2.586206896551724310e-01,2.295081967213114804e-01,2.118644067796610075e-01,3.488372093023255904e-01,2.053571428571428492e-01,3.225806451612903136e-01,2.631578947368420907e-01,3.214285714285714524e-01,2.717391304347825942e-01,4.166666666666666852e-01,0.000000000000000000e+00,1.904761904761904656e-01,0.000000000000000000e+00,0.000000000000000000e+00,2.452830188679245293e-01,3.067226890756302726e-01,3.212121212121212266e-01,3.461538461538461453e-01,3.026315789473684181e-01,3.401759530791788610e-01,2.619047619047619180e-01,3.823529411764705621e-01,2.826086956521738913e-01,2.058823529411764608e-01,3.026315789473684181e-01,2.500000000000000000e-01,2.272727272727272652e-01,3.793103448275861878e-01,3.099415204678362401e-01,2.428571428571428548e-01,0.000000000000000000e+00,3.076923076923077094e-01,0.000000000000000000e+00,3.103448275862069061e-01,3.636363636363636465e-01,2.789855072463768293e-01,0.000000000000000000e+00,0.000000000000000000e+00,3.333333333333333148e-01,3.015873015873015706e-01,3.690476190476190688e-01,1.945525291828793801e-01,2.986111111111111049e-01,4.468085106382978511e-01,2.650000000000000133e-01,3.888888888888888951e-01,4.722222222222222099e-01,2.849999999999999756e-01,2.413793103448275967e-01,2.708333333333333148e-01,2.546816479400749178e-01,3.272727272727272707e-01,0.000000000000000000e+00,3.636363636363636465e-01,2.461538461538461675e-01,0.000000000000000000e+00,2.599277978339349926e-01,2.950819672131147486e-01,2.750000000000000222e-01,3.442622950819672067e-01,3.431952662721893255e-01,2.500000000000000000e-01,0.000000000000000000e+00,3.012048192771084598e-01,3.253012048192771011e-01,2.846715328467153139e-01,2.162162162162162282e-01,3.333333333333333148e-01,2.419354838709677491e-01,2.333333333333333370e-01,3.823529411764705621e-01,2.923728813559322015e-01,2.269503546099290725e-01,0.000000000000000000e+00,3.304347826086956319e-01,3.698630136986301165e-01,3.271375464684014855e-01,2.250000000000000056e-01,3.116883116883116811e-01,3.080168776371308148e-01,3.513513513513513709e-01,2.866242038216560428e-01,0.000000000000000000e+00,1.785714285714285754e-01,0.000000000000000000e+00,0.000000000000000000e+00,2.800000000000000266e-01,2.095238095238095288e-01,3.541666666666666852e-01,3.526570048309178862e-01,0.000000000000000000e+00,3.043478260869565410e-01,0.000000000000000000e+00,2.500000000000000000e-01,1.617647058823529493e-01,3.015873015873015706e-01,3.859649122807017330e-01,0.000000000000000000e+00,0.000000000000000000e+00,3.401639344262294973e-01,4.634146341463414864e-01,3.254437869822485174e-01,2.751677852348993203e-01,3.125000000000000000e-01,3.738317757009345654e-01,2.342857142857142916e-01,3.282208588957055140e-01,3.347107438016528880e-01,2.592592592592592449e-01,2.195121951219512202e-01,2.525252525252525415e-01,2.903225806451613100e-01,2.222222222222222099e-01,3.281733746130031104e-01,3.212121212121212266e-01,0.000000000000000000e+00,4.848484848484848619e-01,3.593750000000000000e-01,2.441860465116278966e-01,4.285714285714285476e-01,3.404255319148936088e-01,0.000000000000000000e+00,4.146341463414633943e-01,3.189368770764119398e-01,2.440677966101695018e-01,0.000000000000000000e+00,2.580645161290322509e-01,0.000000000000000000e+00,0.000000000000000000e+00,5.405405405405405705e-01,0.000000000000000000e+00,2.758620689655172376e-01,2.289719626168224276e-01,2.872340425531915153e-01,2.255639097744360777e-01,2.146596858638743499e-01,3.186813186813186594e-01,2.251655629139072967e-01,3.172043010752688130e-01,2.831858407079645978e-01,3.913043478260869734e-01,2.378640776699029180e-01,3.250000000000000111e-01,2.256097560975609817e-01,3.353658536585366057e-01,0.000000000000000000e+00,3.461538461538461453e-01,3.191489361702127825e-01,3.318181818181818454e-01,2.371134020618556604e-01,2.857142857142856984e-01,1.956521739130434867e-01,2.625000000000000111e-01,1.578947368421052544e-01,0.000000000000000000e+00,3.333333333333333148e-01,0.000000000000000000e+00,2.307692307692307820e-01,1.794871794871794879e-01,3.195876288659793563e-01,2.878787878787879007e-01,2.490421455938697237e-01,0.000000000000000000e+00,2.444444444444444364e-01,2.155172413793103314e-01,3.818181818181818343e-01,3.636363636363636465e-01,2.711864406779661008e-01,2.835820895522387919e-01,3.387096774193548154e-01,2.702702702702702853e-01,2.794117647058823595e-01,1.971830985915492829e-01,3.529411764705882582e-01,3.116883116883116811e-01,2.641509433962264120e-01,2.405063291139240556e-01,2.105263157894736725e-01,2.647058823529411797e-01,2.608695652173912971e-01,2.500000000000000000e-01,3.529411764705882582e-01,2.909090909090908950e-01,3.888888888888888951e-01,3.064516129032258118e-01
2.670623145400593534e-01,1.345895020188425384e-01,1.635802469135802517e-01,7.230559345156889473e-02,7.676767676767676241e-02,8.173076923076923184e-02,0.000000000000000000e+00,0.000000000000000000e+00,0.000000000000000000e+00,1.474358974358974395e-01,1.907051282051281937e-01,1.980074719800747063e-01,1.160220994475138073e-01,0.000000000000000000e+00,1.326259946949602253e-01,1.386861313868613110e-01,1.468224981738495138e-01,9.334163036714374084e-02,9.633027522935780351e-02,7.843137254901960675e-02,1.171875000000000000e-01,0.000000000000000000e+00,9.309895833333332871e-02,9.914407988587731202e-02,1.083591331269349867e-01,0.000000000000000000e+00,5.234159779614325214e-02,2.811671087533156310e-01,8.078602620087335651e-02,2.465870307167235542e-01,2.919708029197080057e-01,9.977827050997782610e-02,2.323943661971830943e-01,8.169677926158680492e-02,1.075581395348837177e-01,9.935379644588045178e-02,1.518046709129511618e-01,7.563025210084033112e-02,1.516245487364620836e-01,3.338301043219076281e-01,1.979166666666666574e-01,1.803499327052489887e-01,1.462585034013605401e-01,7.863849765258215663e-02,9.848484848484848064e-02,0.000000000000000000e+00,1.129860601614086635e-01,1.039603960396039556e-01,9.751773049645390268e-02,1.268292682926829285e-01,1.927512355848434999e-01,2.785388127853881124e-01,5.421686746987951916e-02,7.506702412868632157e-02,2.857142857142856984e-01,1.059730250481695502e-01,1.483253588516746380e-01,1.477987421383647748e-01,1.630218687872763417e-01,3.165075034106412111e-01,6.392694063926940284e-02,1.092564491654021280e-01,1.076487252124645883e-01,5.594405594405594401e-02,3.151825752722613450e-01,1.178861788617886208e-01,6.210392902408111426e-02,8.630393996247655297e-02,1.178343949044586003e-01,5.483028720626632185e-02,7.924781732706515092e-02,7.887323943661972425e-02,2.180402336145360054e-01,1.989319092122830424e-01,8.982035928143712600e-02,8.031774051191527264e-02,9.395973154362416424e-02,8.755324183625178003e-02,4.367469879518072473e-02,3.920208152645273114e-01,9.255533199195170591e-02,1.093750000000000000e-01,1.766304347826087029e-01,2.811735941320293586e-01,1.356852103120759767e-01,8.730158730158729674e-02,9.261300992282249511e-02,0.000000000000000000e+00,2.139364303178483973e-01,1.382842509603073033e-01,2.235294117647058931e-01,1.929411764705882271e-01,1.091091091091091064e-01,1.538461538461538547e-01,9.318996415770609831e-02,8.968177434908389256e-02,8.475957620211899135e-02,8.093525179856114748e-02,5.163043478260869595e-02,1.080808080808080829e-01,9.590316573556796620e-02,7.378129117259552006e-02,7.664233576642336121e-02,1.259842519685039353e-01,1.135097493036211630e-01,4.285714285714285754e-02,7.894736842105262720e-02,0.000000000000000000e+00,2.804232804232804077e-01,0.000000000000000000e+00,2.653061224489796088e-01,9.223790322580645296e-02,1.011235955056179747e-01,1.000788022064617866e-01,1.595006934812760180e-01,6.514084507042253169e-02,1.258389261744966570e-01,9.673444239063462569e-02,9.472259810554803372e-02,2.592783505154639401e-01,9.562211981566820507e-02,9.966216216216215729e-02,6.719367588932806390e-02,2.156250000000000111e-01,1.551724137931034531e-01,2.553407934893184295e-01,1.122345803842264983e-01,1.360824742268041121e-01,1.641991924629878918e-01,2.456140350877192846e-01,0.000000000000000000e+00,1.298701298701298579e-01,0.000000000000000000e+00,1.399530883502736467e-01,1.337030191004313084e-01,1.401098901098901117e-01,9.826589595375723185e-02,1.175097276264591428e-01,1.102661596958174894e-01,1.668806161745828021e-01,1.104477611940298531e-01,2.880685563612392919e-01,1.192982456140350839e-01,8.498023715415019275e-02,2.931937172774868872e-01,0.000000000000000000e+00,2.194092827004219537e-01,0.000000000000000000e+00,0.000000000000000000e+00,1.348039215686274439e-01,1.716247139588100712e-01,3.046033300685602185e-01,1.121495327102803724e-01,1.566265060240963902e-01,1.278156102671555716e-01,1.610644257703081339e-01,1.047058823529411764e-01,1.569965870307167277e-01,8.629441624365481733e-02,1.261261261261261146e-01,1.539365452408930635e-01,1.455399061032863761e-01,1.241496598639455773e-01,2.467320261437908613e-01,8.352668213457076218e-02,0.000000000000000000e+00,1.227154046997389059e-01,0.000000000000000000e+00,2.571912013536378772e-01,6.752411575562701496e-02,1.156905278380332552e-01,0.000000000000000000e+00,0.000000000000000000e+00,1.791907514450866989e-01,3.462962962962962687e-01,1.316306483300589414e-01,7.262996941896024405e-02,9.437963944856839205e-02,1.153846153846153910e-01,1.021241830065359457e-01,1.084337349397590383e-01,2.736842105263158076e-01,1.561371841155234641e-01,3.378378378378378566e-02,8.695652173913043237e-02,1.165980795610425252e-01,8.223684210526316374e-02,0.000000000000000000e+00,2.788461538461538547e-01,2.620087336244541487e-01,0.000000000000000000e+00,9.142857142857142849e-02,1.821903787103377748e-01,4.399999999999999745e-02,1.134564643799472333e-01,2.307692307692307820e-01,8.813559322033898136e-02,0.000000000000000000e+00,2.654028436018957549e-01,2.615062761506276034e-01,8.260869565217390798e-02,1.052631578947368363e-01,3.397231096911608184e-01,1.139817629179331326e-01,8.333333333333332871e-02,2.191780821917808098e-01,1.636225266362252573e-01,8.981657179000632207e-02,0.000000000000000000e+00,2.663690476190476164e-01,1.382716049382715917e-01,1.076923076923076983e-01,9.813084112149532412e-02,1.591928251121076110e-01,1.354609929078014197e-01,6.097560975609755962e-02,8.903365906623235404e-02,0.000000000000000000e+00,7.920792079207920888e-02,0.000000000000000000e+00,0.000000000000000000e+00,1.231884057971014551e-01,8.219178082191780366e-02,1.464646464646464641e-01,1.129452649869678582e-01,0.000000000000000000e+00,1.871921182266009787e-01,0.000000000000000000e+00,1.050980392156862786e-01,1.002044989775051076e-01,9.705882352941176683e-02,1.447811447811447882e-01,0.000000000000000000e+00,0.000000000000000000e+00,3.022249690976513969e-01,6.112469437652811449e-02,3.231323132313231317e-01,6.550218340611353718e-02,1.374005305039787683e-01,9.523809523809523281e-02,1.059360730593607303e-01,9.819413092550789701e-02,2.413793103448275967e-01,1.111111111111111049e-01,1.021897810218978103e-01,1.428571428571428492e-01,2.180851063829787329e-01,1.114922813036020588e-01,2.964087000505816749e-01,1.523255813953488247e-01,0.000000000000000000e+00,1.213592233009708754e-01,1.096605744125326437e-01,1.116022099447513821e-01,8.016877637130802314e-02,1.490909090909090795e-01,0.000000000000000000e+00,1.066666666666666735e-01,1.689814814814814825e-01,7.068223724646588435e-02,0.000000000000000000e+00,5.390835579514825088e-02,0.000000000000000000e+00,0.000000000000000000e+00,9.663865546218487756e-02,0.000000000000000000e+00,1.130434782608695649e-01,7.757885763000851864e-02,1.047619047619047644e-01,1.081081081081081141e-01,1.035175879396984938e-01,1.024305555555555525e-01,1.140065146579804511e-01,1.048657718120805382e-01,1.013215859030836968e-01,1.159029649595687272e-01,1.083481349911190050e-01,1.344947735191637517e-01,3.067846607669616477e-01,8.751139471285324101e-02,0.000000000000000000e+00,1.688311688311688319e-01,1.372549019607843257e-01,3.164313222079589427e-01,2.907563025210084251e-01,9.974293059125964589e-02,7.992202729044833864e-02,5.861456483126110256e-02,1.102362204724409434e-01,0.000000000000000000e+00,4.347826086956521618e-02,0.000000000000000000e+00,9.934640522875816393e-02,8.376963350785340823e-02,2.351906158357771337e-01,9.603760913364674245e-02,1.062581486310299889e-01,0.000000000000000000e+00,9.541984732824428106e-02,9.187749667110518825e-02,1.514195583596214534e-01,1.802325581395348708e-01,1.321839080459770166e-01,1.374663072776280415e-01,1.051051051051051094e-01,9.439528023598819928e-02,1.116751269035533012e-01,9.870129870129870642e-02,1.326530612244898044e-01,1.397058823529411797e-01,1.363636363636363535e-01,1.519607843137254777e-01,1.264367816091954144e-01,1.253822629969418845e-01,1.174999999999999933e-01,1.043478260869565161e-01,1.183431952662721831e-01,1.229508196721311453e-01,1.058823529411764691e-01,1.559888579387186669e-01
5.925925925925925597e-01,3.333333333333333148e-01,5.000000000000000000e-01,5.999999999999999778e-01,1.764705882352941291e-01,5.000000000000000000e-01,0.000000000000000000e+00,0.000000000000000000e+00,0.000000000000000000e+00,6.666666666666666297e-01,5.714285714285713969e-01,6.428571428571429047e-01,7.500000000000000000e-01,0.000000000000000000e+00,5.999999999999999778e-01,5.999999999999999778e-01,6.153846153846154188e-01,6.444444444444444864e-01,4.615384615384615641e-01,0.000000000000000000e+00,7.142857142857143016e-01,0.000000000000000000e+00,7.631578947368421462e-01,5.869565217391304879e-01,5.000000000000000000e-01,0.000000000000000000e+00,0.000000000000000000e+00,6.250000000000000000e-01,3.103448275862069061e-01,4.814814814814814548e-01,2.000000000000000111e-01,5.999999999999999778e-01,3.333333333333333148e-01,3.870967741935483764e-01,5.166666666666667185e-01,3.243243243243243423e-01,5.357142857142856984e-01,3.636363636363636465e-01,6.923076923076922906e-01,5.000000000000000000e-01,1.000000000000000000e+00,4.814814814814814548e-01,0.000000000000000000e+00,3.658536585365853577e-01,4.615384615384615641e-01,0.000000000000000000e+00,4.137931034482758563e-01,1.000000000000000000e+00,4.468085106382978511e-01,3.750000000000000000e-01,6.923076923076922906e-01,2.500000000000000000e-01,3.333333333333333148e-01,2.000000000000000111e-01,3.636363636363636465e-01,5.333333333333333259e-01,2.000000000000000111e-01,5.714285714285713969e-01,3.750000000000000000e-01,2.727272727272727071e-01,2.500000000000000000e-01,5.897435897435897578e-01,6.969696969696970168e-01,5.000000000000000000e-01,5.957446808510638014e-01,6.666666666666666297e-01,4.117647058823529216e-01,2.500000000000000000e-01,4.000000000000000222e-01,5.000000000000000000e-01,3.421052631578947456e-01,1.818181818181818232e-01,7.222222222222222099e-01,4.705882352941176405e-01,6.666666666666666297e-01,2.380952380952380820e-01,5.999999999999999778e-01,4.716981132075471761e-01,4.000000000000000222e-01,5.757575757575758013e-01,5.312500000000000000e-01,1.000000000000000000e+00,4.166666666666666852e-01,6.250000000000000000e-01,5.333333333333333259e-01,4.444444444444444198e-01,3.809523809523809312e-01,0.000000000000000000e+00,7.083333333333333703e-01,3.750000000000000000e-01,4.615384615384615641e-01,5.714285714285713969e-01,4.583333333333333148e-01,6.521739130434782705e-01,1.000000000000000000e+00,6.400000000000000133e-01,4.000000000000000222e-01,2.631578947368420907e-01,2.500000000000000000e-01,4.722222222222222099e-01,3.181818181818181768e-01,8.000000000000000444e-01,6.666666666666666297e-01,2.413793103448275967e-01,3.750000000000000000e-01,3.333333333333333148e-01,3.333333333333333148e-01,0.000000000000000000e+00,2.857142857142856984e-01,0.000000000000000000e+00,7.500000000000000000e-01,3.571428571428571508e-01,2.307692307692307820e-01,3.333333333333333148e-01,7.500000000000000000e-01,6.999999999999999556e-01,7.692307692307692735e-01,5.277777777777777901e-01,5.000000000000000000e-01,6.071428571428570953e-01,6.428571428571429047e-01,4.722222222222222099e-01,7.500000000000000000e-01,5.250000000000000222e-01,8.000000000000000444e-01,5.882352941176470784e-01,4.347826086956521618e-01,6.153846153846154188e-01,7.045454545454545858e-01,4.285714285714285476e-01,0.000000000000000000e+00,5.555555555555555802e-01,0.000000000000000000e+00,6.500000000000000222e-01,5.245901639344262568e-01,6.666666666666666297e-01,4.285714285714285476e-01,3.333333333333333148e-01,5.000000000000000000e-01,6.250000000000000000e-01,8.571428571428570953e-01,5.000000000000000000e-01,0.000000000000000000e+00,2.727272727272727071e-01,1.000000000000000000e+00,0.000000000000000000e+00,1.000000000000000000e+00,0.000000000000000000e+00,0.000000000000000000e+00,5.416666666666666297e-01,6.250000000000000000e-01,5.200000000000000178e-01,0.000000000000000000e+00,4.444444444444444198e-01,6.037735849056603543e-01,5.833333333333333703e-01,5.757575757575758013e-01,8.333333333333333703e-01,4.000000000000000222e-01,5.999999999999999778e-01,7.272727272727272929e-01,3.750000000000000000e-01,4.285714285714285476e-01,7.058823529411765163e-01,5.555555555555555802e-01,0.000000000000000000e+00,8.333333333333333703e-01,0.000000000000000000e+00,4.615384615384615641e-01,6.666666666666666297e-01,4.230769230769230727e-01,0.000000000000000000e+00,0.000000000000000000e+00,8.571428571428570953e-01,5.000000000000000000e-01,6.842105263157894912e-01,3.333333333333333148e-01,6.290322580645161255e-01,6.666666666666666297e-01,2.800000000000000266e-01,5.000000000000000000e-01,1.000000000000000000e+00,4.571428571428571286e-01,1.000000000000000000e+00,7.500000000000000000e-01,4.782608695652174058e-01,4.444444444444444198e-01,0.000000000000000000e+00,5.000000000000000000e-01,5.454545454545454142e-01,0.000000000000000000e+00,3.142857142857142794e-01,5.625000000000000000e-01,1.000000000000000000e+00,1.000000000000000000e+00,7.692307692307692735e-01,7.692307692307692735e-02,0.000000000000000000e+00,5.000000000000000000e-01,5.999999999999999778e-01,4.705882352941176405e-01,7.500000000000000000e-01,9.285714285714286031e-01,4.166666666666666852e-01,5.999999999999999778e-01,4.000000000000000222e-01,6.250000000000000000e-01,5.999999999999999778e-01,0.000000000000000000e+00,5.714285714285713969e-01,6.666666666666666297e-01,5.217391304347825942e-01,1.000000000000000000e+00,5.000000000000000000e-01,5.945945945945946276e-01,0.000000000000000000e+00,6.500000000000000222e-01,0.000000000000000000e+00,3.333333333333333148e-01,0.000000000000000000e+00,0.000000000000000000e+00,5.000000000000000000e-01,4.375000000000000000e-01,7.142857142857143016e-01,6.956521739130434590e-01,0.000000000000000000e+00,6.363636363636363535e-01,0.000000000000000000e+00,4.230769230769230727e-01,5.000000000000000000e-01,6.666666666666666297e-01,6.666666666666666297e-01,0.000000000000000000e+00,0.000000000000000000e+00,6.170212765957446832e-01,7.500000000000000000e-01,5.192307692307692735e-01,4.545454545454545303e-01,7.931034482758620996e-01,6.666666666666666297e-01,4.799999999999999822e-01,6.315789473684210176e-01,4.722222222222222099e-01,3.200000000000000067e-01,2.500000000000000000e-01,6.071428571428570953e-01,3.076923076923077094e-01,3.636363636363636465e-01,5.744680851063830307e-01,7.692307692307692735e-01,0.000000000000000000e+00,5.000000000000000000e-01,2.857142857142856984e-01,4.400000000000000022e-01,4.000000000000000222e-01,3.333333333333333148e-01,0.000000000000000000e+00,5.999999999999999778e-01,6.470588235294117974e-01,4.500000000000000111e-01,0.000000000000000000e+00,2.000000000000000111e-01,0.000000000000000000e+00,0.000000000000000000e+00,5.000000000000000000e-01,0.000000000000000000e+00,4.000000000000000222e-01,4.444444444444444198e-01,2.857142857142856984e-01,4.761904761904761640e-01,4.166666666666666852e-01,6.250000000000000000e-01,3.529411764705882582e-01,5.333333333333333259e-01,4.444444444444444198e-01,4.285714285714285476e-01,2.666666666666666630e-01,4.749999999999999778e-01,5.128205128205127750e-01,5.999999999999999778e-01,0.000000000000000000e+00,0.000000000000000000e+00,6.250000000000000000e-01,6.578947368421053099e-01,8.000000000000000444e-01,2.500000000000000000e-01,3.333333333333333148e-01,3.076923076923077094e-01,0.000000000000000000e+00,0.000000000000000000e+00,0.000000000000000000e+00,0.000000000000000000e+00,4.705882352941176405e-01,3.333333333333333148e-01,5.294117647058823595e-01,5.471698113207547065e-01,6.153846153846154188e-01,0.000000000000000000e+00,6.250000000000000000e-01,5.999999999999999778e-01,6.666666666666666297e-01,4.444444444444444198e-01,5.555555555555555802e-01,6.999999999999999556e-01,5.000000000000000000e-01,5.555555555555555802e-01,7.142857142857143016e-01,5.000000000000000000e-01,4.666666666666666741e-01,6.666666666666666297e-01,5.333333333333333259e-01,6.666666666666666297e-01,7.272727272727272929e-01,3.750000000000000000e-01,4.444444444444444198e-01,4.615384615384615641e-01,5.999999999999999778e-01,5.000000000000000000e-01,2.000000000000000111e-01,5.000000000000000000e-01
1.479057591623036683e-01,1.885167464114832492e-01,3.960396039603960444e-02,7.779886148007590652e-02,8.215297450424929870e-02,8.045977011494252762e-02,0.000000000000000000e+00,0.000000000000000000e+00,0.000000000000000000e+00,9.259259259259258745e-02,7.407407407407406996e-02,7.129094412331406228e-02,8.759124087591241281e-02,0.000000000000000000e+00,1.221719457013574622e-01,1.010101010101010083e-01,6.471816283924843038e-02,9.432146294513955864e-02,1.266666666666666774e-01,7.092198581560284210e-02,7.857142857142856984e-02,0.000000000000000000e+00,7.583774250440916687e-02,8.796764408493427945e-02,1.955555555555555658e-01,0.000000000000000000e+00,6.976744186046511531e-02,1.561181434599156204e-01,1.685625646328852145e-01,1.373025516403402202e-01,1.369863013698630061e-01,8.139534883720930813e-02,2.953367875647668339e-01,9.549356223175965719e-02,7.570977917981072669e-02,1.467991169977924948e-01,8.085808580858085126e-02,1.154499151103565296e-01,1.473922902494330944e-01,1.375266524520255829e-01,5.660377358490566169e-02,2.250000000000000056e-01,5.479452054794520244e-02,9.731543624161073658e-02,8.372093023255813837e-02,0.000000000000000000e+00,1.481481481481481399e-01,1.242236024844720482e-01,8.771929824561403022e-02,1.968503937007874127e-01,7.230392156862745778e-02,1.655172413793103425e-01,7.954545454545454419e-02,1.778846153846153910e-01,1.516853932584269760e-01,6.982543640897755088e-02,8.000000000000000167e-02,8.695652173913043237e-02,9.384164222873900285e-02,1.407867494824016630e-01,1.523178807947019875e-01,8.488372093023255349e-02,8.559046587215601853e-02,7.216494845360824084e-02,1.873226111636707714e-01,1.386138613861386260e-01,1.441947565543071075e-01,2.031662269129287657e-01,1.556420233463035041e-01,3.985507246376811252e-02,1.144278606965174194e-01,1.155660377358490587e-01,1.325178389398573020e-01,6.357388316151202368e-02,7.293127629733520134e-02,1.681304893350062668e-01,4.761904761904761640e-02,1.079429735234215953e-01,1.186046511627907030e-01,1.265141318977119900e-01,9.738955823293173053e-02,5.633802816901408578e-02,1.197718631178707194e-01,1.837606837606837740e-01,1.015325670498084254e-01,1.943462897526501698e-01,1.471571906354515180e-01,0.000000000000000000e+00,1.365546218487394825e-01,1.884328358208955112e-01,1.125654450261780043e-01,8.627450980392156743e-02,9.104477611940298143e-02,8.333333333333332871e-02,1.489361702127659504e-01,8.808933002481389440e-02,7.441253263707571508e-02,9.582309582309582463e-02,8.934707903780068905e-02,7.587253414264036322e-02,9.660574412532636768e-02,1.210855949895615902e-01,9.326424870466321071e-02,2.010362694300518172e-01,1.601895734597156284e-01,1.809523809523809479e-01,4.347826086956521618e-02,0.000000000000000000e+00,2.120418848167539283e-01,0.000000000000000000e+00,1.358024691358024616e-01,1.007633587786259527e-01,1.590909090909090884e-01,1.990846681922196770e-01,6.944444444444444753e-02,1.453201970443349644e-01,6.287425149700598404e-02,9.145129224652087663e-02,1.592920353982300863e-01,1.378254211332312351e-01,7.692307692307692735e-02,1.619433198380566818e-01,8.275862068965517127e-02,1.416510318949343317e-01,1.294964028776978415e-01,1.334488734835355406e-01,1.464174454828660321e-01,7.082152974504249410e-02,9.249183895538629074e-02,1.161825726141078874e-01,0.000000000000000000e+00,1.000000000000000056e-01,0.000000000000000000e+00,6.947890818858561135e-02,7.396733909702209175e-02,6.550218340611353718e-02,1.184834123222748836e-01,1.390728476821191939e-01,3.743315508021390070e-02,9.800000000000000377e-02,6.046511627906976660e-02,1.303462321792260570e-01,1.513761467889908341e-01,1.642651296829971130e-01,1.120000000000000023e-01,0.000000000000000000e+00,7.926829268292683028e-02,0.000000000000000000e+00,0.000000000000000000e+00,6.271777003484320379e-02,7.736720554272517869e-02,1.594634873323397817e-01,9.333333333333333759e-02,8.737864077669903196e-02,1.384266263237518835e-01,1.106639839034205264e-01,1.250000000000000000e-01,9.859154929577464144e-02,5.600000000000000117e-02,9.071729957805907407e-02,6.799336650082918321e-02,7.868852459016394130e-02,9.905660377358491142e-02,1.688159437280187525e-01,8.074534161490683204e-02,0.000000000000000000e+00,7.755102040816326536e-02,0.000000000000000000e+00,1.505681818181818232e-01,8.658008658008657654e-02,1.030494216614090408e-01,0.000000000000000000e+00,0.000000000000000000e+00,3.760683760683760646e-01,1.447811447811447882e-01,6.111111111111110911e-02,6.994535519125683054e-02,8.211143695014662403e-02,1.042944785276073566e-01,1.387940841865756558e-01,4.301075268817204644e-02,8.421052631578947179e-02,8.560311284046692726e-02,1.041666666666666713e-01,6.315789473684210731e-02,8.908045977011494476e-02,1.159420289855072478e-01,0.000000000000000000e+00,1.600000000000000033e-01,1.266233766233766100e-01,0.000000000000000000e+00,9.768907563025210072e-02,1.285714285714285587e-01,8.284023668639053928e-02,6.410256410256409687e-02,1.225071225071225067e-01,9.392265193370165355e-02,0.000000000000000000e+00,1.770833333333333426e-01,1.510574018126888129e-01,1.173380035026269641e-01,9.148264984227129359e-02,1.131782945736434093e-01,7.472527472527472348e-02,7.499999999999999722e-02,7.633587786259542207e-02,8.017334777898157960e-02,9.739714525608732243e-02,0.000000000000000000e+00,1.846153846153846256e-01,7.667731629392970927e-02,1.164581328200192528e-01,8.045977011494252762e-02,1.428571428571428492e-01,6.612410986775177357e-02,6.097560975609755962e-02,8.898305084745762594e-02,0.000000000000000000e+00,1.379310344827586188e-01,0.000000000000000000e+00,0.000000000000000000e+00,1.326530612244898044e-01,7.751937984496123923e-02,1.315789473684210453e-01,8.550185873605947728e-02,0.000000000000000000e+00,4.918032786885245811e-02,0.000000000000000000e+00,1.604095563139931735e-01,1.592356687898089096e-01,6.692913385826772255e-02,8.866995073891625889e-02,0.000000000000000000e+00,0.000000000000000000e+00,1.671258034894398392e-01,8.459214501510574358e-02,1.672285906945381040e-01,7.355242566510172830e-02,1.234662576687116514e-01,7.231920199501247482e-02,1.277777777777777679e-01,7.823129251700680631e-02,1.221532091097308481e-01,1.746680286006128680e-01,1.180555555555555525e-01,7.840440165061898781e-02,1.801801801801801717e-01,1.927374301675977564e-01,1.545166402535657624e-01,1.578947368421052544e-01,0.000000000000000000e+00,8.024691358024690913e-02,1.055900621118012472e-01,1.787974683544303889e-01,6.291390728476821403e-02,1.017964071856287400e-01,0.000000000000000000e+00,1.176470588235294101e-01,6.954887218045112396e-02,7.601809954751130582e-02,0.000000000000000000e+00,1.106719367588932801e-01,0.000000000000000000e+00,0.000000000000000000e+00,4.411764705882353227e-02,0.000000000000000000e+00,1.032863849765258274e-01,8.662420382165604560e-02,2.202072538860103679e-01,1.844863731656184447e-01,9.065155807365439522e-02,7.198952879581152486e-02,1.686930091185410430e-01,8.633093525179856564e-02,1.120331950207468924e-01,7.490636704119850442e-02,1.508452535760728130e-01,7.374631268436578069e-02,1.381215469613259750e-01,8.969210174029451643e-02,0.000000000000000000e+00,3.263157894736842257e-01,8.641975308641974829e-02,1.446917808219178037e-01,1.384180790960451990e-01,1.755438859714928690e-01,6.953642384105959695e-02,8.055555555555556080e-02,1.224489795918367319e-01,0.000000000000000000e+00,2.597402597402597574e-02,0.000000000000000000e+00,1.492805755395683331e-01,1.631205673758865382e-01,1.556145004420866618e-01,8.500000000000000611e-02,7.454017424975799277e-02,0.000000000000000000e+00,7.185628742514969802e-02,1.284584980237154228e-01,1.072961373390557971e-01,1.238532110091743188e-01,9.659090909090908839e-02,1.016949152542372947e-01,8.717948717948717507e-02,7.906976744186046402e-02,7.916666666666666297e-02,8.482142857142857539e-02,1.207729468599033767e-01,7.531380753138075534e-02,1.283422459893048262e-01,1.015037593984962350e-01,6.278026905829596493e-02,6.074766355140186896e-02,1.046511627906976799e-01,9.090909090909091161e-02,1.210526315789473700e-01,9.442060085836910532e-02,9.900990099009901457e-02,1.243243243243243312e-01
5.000000000000000000e-01,4.411764705882352811e-01,6.250000000000000000e-01,7.727272727272727071e-01,6.666666666666666297e-01,7.500000000000000000e-01,0.000000000000000000e+00,0.000000000000000000e+00,0.000000000000000000e+00,7.500000000000000000e-01,5.714285714285713969e-01,7.692307692307692735e-01,8.000000000000000444e-01,0.000000000000000000e+00,5.294117647058823595e-01,6.428571428571429047e-01,8.043478260869565410e-01,5.777777777777777235e-01,5.000000000000000000e-01,7.500000000000000000e-01,4.000000000000000222e-01,0.000000000000000000e+00,7.111111111111111382e-01,4.000000000000000222e-01,2.000000000000000111e-01,0.000000000000000000e+00,1.250000000000000000e-01,7.777777777777777901e-01,4.411764705882352811e-01,4.848484848484848619e-01,1.000000000000000000e+00,4.074074074074073848e-01,3.636363636363636465e-01,2.333333333333333370e-01,4.444444444444444198e-01,3.846153846153846367e-01,6.896551724137931494e-01,4.000000000000000222e-01,7.272727272727272929e-01,5.000000000000000000e-01,8.000000000000000444e-01,2.857142857142856984e-01,7.777777777777777901e-01,3.863636363636363535e-01,2.500000000000000000e-01,0.000000000000000000e+00,4.871794871794871695e-01,7.142857142857143016e-01,5.000000000000000000e-01,5.000000000000000000e-01,7.674418604651163101e-01,5.000000000000000000e-01,3.636363636363636465e-01,3.333333333333333148e-01,0.000000000000000000e+00,5.000000000000000000e-01,7.500000000000000000e-01,2.000000000000000111e-01,5.999999999999999778e-01,4.074074074074073848e-01,5.000000000000000000e-01,3.709677419354838745e-01,4.102564102564102422e-01,4.000000000000000222e-01,5.555555555555555802e-01,5.000000000000000000e-01,5.000000000000000000e-01,3.181818181818181768e-01,7.142857142857143016e-01,5.000000000000000000e-01,2.368421052631578816e-01,2.000000000000000111e-01,4.923076923076923350e-01,6.428571428571429047e-01,4.782608695652174058e-01,5.000000000000000000e-01,2.500000000000000000e-01,3.658536585365853577e-01,4.666666666666666741e-01,6.060606060606060774e-01,5.000000000000000000e-01,6.666666666666666297e-01,5.909090909090909394e-01,2.000000000000000111e-01,7.058823529411765163e-01,2.857142857142856984e-01,4.782608695652174058e-01,0.000000000000000000e+00,5.862068965517240882e-01,4.444444444444444198e-01,8.333333333333333703e-01,5.263157894736841813e-01,2.812500000000000000e-01,7.567567567567567988e-01,7.500000000000000000e-01,5.714285714285713969e-01,5.116279069767442067e-01,3.571428571428571508e-01,5.555555555555555802e-01,4.047619047619047672e-01,3.666666666666666408e-01,4.545454545454545303e-01,4.285714285714285476e-01,3.478260869565217295e-01,4.166666666666666852e-01,2.500000000000000000e-01,0.000000000000000000e+00,0.000000000000000000e+00,5.000000000000000000e-01,0.000000000000000000e+00,5.714285714285713969e-01,5.094339622641509413e-01,3.333333333333333148e-01,5.999999999999999778e-01,6.842105263157894912e-01,8.571428571428570953e-01,7.142857142857143016e-01,4.199999999999999845e-01,3.333333333333333148e-01,5.932203389830508211e-01,4.400000000000000022e-01,6.756756756756756577e-01,3.333333333333333148e-01,5.384615384615384359e-01,6.250000000000000000e-01,6.875000000000000000e-01,3.823529411764705621e-01,6.875000000000000000e-01,6.511627906976744651e-01,2.500000000000000000e-01,0.000000000000000000e+00,9.090909090909090606e-01,0.000000000000000000e+00,6.585365853658536883e-01,6.562500000000000000e-01,7.333333333333332815e-01,5.714285714285713969e-01,5.882352941176470784e-01,1.000000000000000000e+00,6.896551724137931494e-01,6.250000000000000000e-01,5.294117647058823595e-01,3.750000000000000000e-01,5.000000000000000000e-01,6.666666666666666297e-01,0.000000000000000000e+00,7.500000000000000000e-01,0.000000000000000000e+00,0.000000000000000000e+00,7.272727272727272929e-01,7.105263157894736725e-01,5.925925925925925597e-01,3.333333333333333148e-01,8.461538461538461453e-01,5.593220338983050377e-01,5.000000000000000000e-01,5.405405405405405705e-01,8.000000000000000444e-01,5.000000000000000000e-01,3.333333333333333148e-01,7.368421052631578538e-01,6.666666666666666297e-01,6.470588235294117974e-01,5.581395348837209225e-01,4.000000000000000222e-01,0.000000000000000000e+00,5.000000000000000000e-01,0.000000000000000000e+00,5.454545454545454142e-01,2.857142857142856984e-01,4.285714285714285476e-01,0.000000000000000000e+00,0.000000000000000000e+00,0.000000000000000000e+00,6.923076923076922906e-01,4.666666666666666741e-01,4.210526315789473450e-01,3.703703703703703498e-01,6.250000000000000000e-01,4.827586206896551935e-01,1.000000000000000000e+00,5.714285714285713969e-01,6.562500000000000000e-01,7.500000000000000000e-01,7.500000000000000000e-01,7.169811320754716499e-01,2.500000000000000000e-01,0.000000000000000000e+00,4.285714285714285476e-01,4.444444444444444198e-01,0.000000000000000000e+00,3.793103448275861878e-01,4.137931034482758563e-01,1.000000000000000000e+00,7.142857142857143016e-01,5.600000000000000533e-01,5.000000000000000000e-01,0.000000000000000000e+00,5.454545454545454142e-01,5.555555555555555802e-01,6.111111111111111605e-01,2.727272727272727071e-01,8.181818181818182323e-01,4.400000000000000022e-01,7.500000000000000000e-01,0.000000000000000000e+00,7.959183673469387710e-01,4.705882352941176405e-01,0.000000000000000000e+00,3.750000000000000000e-01,5.714285714285713969e-01,5.531914893617021489e-01,0.000000000000000000e+00,5.384615384615384359e-01,7.272727272727272929e-01,6.363636363636363535e-01,4.615384615384615641e-01,0.000000000000000000e+00,5.999999999999999778e-01,0.000000000000000000e+00,0.000000000000000000e+00,1.000000000000000000e+00,6.999999999999999556e-01,5.555555555555555802e-01,5.000000000000000000e-01,0.000000000000000000e+00,8.571428571428570953e-01,0.000000000000000000e+00,5.000000000000000000e-01,3.846153846153846367e-01,3.750000000000000000e-01,7.500000000000000000e-01,0.000000000000000000e+00,0.000000000000000000e+00,5.576923076923077094e-01,3.750000000000000000e-01,6.603773584905660021e-01,2.500000000000000000e-01,4.318181818181818232e-01,5.238095238095238360e-01,6.363636363636363535e-01,6.444444444444444864e-01,4.761904761904761640e-01,3.548387096774193727e-01,8.000000000000000444e-01,7.608695652173913526e-01,7.777777777777777901e-01,6.538461538461538547e-01,5.652173913043477826e-01,5.999999999999999778e-01,0.000000000000000000e+00,1.000000000000000000e+00,5.000000000000000000e-01,5.000000000000000000e-01,6.250000000000000000e-01,7.777777777777777901e-01,0.000000000000000000e+00,5.999999999999999778e-01,6.739130434782608647e-01,4.871794871794871695e-01,0.000000000000000000e+00,5.714285714285713969e-01,0.000000000000000000e+00,0.000000000000000000e+00,2.000000000000000111e-01,0.000000000000000000e+00,5.000000000000000000e-01,3.809523809523809312e-01,3.333333333333333148e-01,4.090909090909091161e-01,4.117647058823529216e-01,5.217391304347825942e-01,4.333333333333333481e-01,5.000000000000000000e-01,5.000000000000000000e-01,3.571428571428571508e-01,3.611111111111111049e-01,7.868852459016393297e-01,6.071428571428570953e-01,6.250000000000000000e-01,0.000000000000000000e+00,3.333333333333333148e-01,8.000000000000000444e-01,5.200000000000000178e-01,7.272727272727272929e-01,4.901960784313725283e-01,7.500000000000000000e-01,3.333333333333333148e-01,6.666666666666666297e-01,0.000000000000000000e+00,0.000000000000000000e+00,0.000000000000000000e+00,4.545454545454545303e-01,0.000000000000000000e+00,5.869565217391304879e-01,4.285714285714285476e-01,3.571428571428571508e-01,0.000000000000000000e+00,8.000000000000000444e-01,3.750000000000000000e-01,5.000000000000000000e-01,5.384615384615384359e-01,6.470588235294117974e-01,4.615384615384615641e-01,7.272727272727272929e-01,5.000000000000000000e-01,5.714285714285713969e-01,4.210526315789473450e-01,8.333333333333333703e-01,5.714285714285713969e-01,6.666666666666666297e-01,7.647058823529411242e-01,3.076923076923077094e-01,5.000000000000000000e-01,4.000000000000000222e-01,3.333333333333333148e-01,6.111111111111111605e-01,3.333333333333333148e-01,5.294117647058823595e-01,1.428571428571428492e-01
1.189743589743589708e-01,1.142443962400578467e-01,1.221122112211221189e-01,7.898658718330849038e-02,1.666666666666666574e-01,1.259445843828715383e-01,0.000000000000000000e+00,0.000000000000000000e+00,0.000000000000000000e+00,1.374045801526717625e-01,1.382978723404255372e-01,1.192930780559646603e-01,1.234567901234567833e-01,0.000000000000000000e+00,1.594202898550724501e-01,1.356589147286821617e-01,1.329211746522411253e-01,1.170068027210884321e-01,1.930693069306930743e-01,2.179487179487179516e-01,1.447721179624665011e-01,0.000000000000000000e+00,1.011816838995568679e-01,1.056160938809723449e-01,1.343283582089552231e-01,0.000000000000000000e+00,3.915343915343915127e-01,9.385113268608413772e-02,1.786786786786786763e-01,1.479736098020735247e-01,1.111111111111111049e-01,1.002444987775061164e-01,1.017241379310344779e-01,4.078341013824884898e-01,1.275811209439527971e-01,1.518876207199297557e-01,1.119909502262443485e-01,4.163934426229508046e-01,1.656686626746506907e-01,1.072298943948009758e-01,5.839416058394160391e-02,1.175595238095238082e-01,7.665505226480835710e-02,3.748577929465301550e-01,4.232081911262798868e-01,0.000000000000000000e+00,1.454683929931454567e-01,1.170731707317073239e-01,3.711398090960134621e-01,1.225806451612903164e-01,1.083827265029635861e-01,8.947368421052631637e-02,4.677103718199608351e-01,1.428571428571428492e-01,1.019607843137254888e-01,1.064257028112449849e-01,1.269841269841269771e-01,2.111553784860557836e-01,1.351351351351351426e-01,9.893455098934550440e-02,1.717171717171717127e-01,1.446384039900249496e-01,1.241585639491398635e-01,9.890109890109889668e-02,1.074218750000000000e-01,1.082089552238805902e-01,3.743961352657004804e-01,1.393129770992366512e-01,2.211538461538461453e-01,3.518072289156626287e-01,4.532423208191126429e-01,4.025559105431310014e-01,1.123674911660777348e-01,1.039136302294196984e-01,1.537558685446009377e-01,1.662468513853904151e-01,3.831168831168831335e-01,3.763082778306374721e-01,7.754442649434571677e-02,9.480122324159021008e-02,1.418181818181818155e-01,1.408163265306122403e-01,1.316931982633864073e-01,9.164420485175202302e-02,1.619613670133729644e-01,1.696969696969697072e-01,1.810841983852364556e-01,0.000000000000000000e+00,1.088607594936708833e-01,2.217514124293785416e-01,1.214128035320088256e-01,1.388101983002832940e-01,1.580161476355247951e-01,1.306646525679758253e-01,1.458333333333333426e-01,1.100196463654223994e-01,1.309635173058933677e-01,4.213938411669367889e-01,3.771712158808933069e-01,1.232583065380492976e-01,4.231119199272065368e-01,4.150141643059490071e-01,3.650254668930390523e-01,1.148176881303335922e-01,1.501730103806228345e-01,1.532846715328467224e-01,4.496402877697841527e-01,0.000000000000000000e+00,1.447876447876447759e-01,0.000000000000000000e+00,1.029411764705882304e-01,3.380429094714809124e-01,1.094527363184079616e-01,1.608212147134302772e-01,1.116138763197586786e-01,1.141199226305609216e-01,1.546184738955823368e-01,3.092063492063492069e-01,1.347753743760399248e-01,1.165501165501165448e-01,1.461126005361930158e-01,1.480836236933797956e-01,3.821138211382114069e-01,1.257367387033398731e-01,7.522123893805310324e-02,1.070686070686070746e-01,1.799544419134396223e-01,1.245714285714285691e-01,1.260973663208300177e-01,1.163522012578616371e-01,0.000000000000000000e+00,1.399317406143344711e-01,0.000000000000000000e+00,1.411255411255411263e-01,1.283309957924263778e-01,1.464088397790055118e-01,1.508196721311475530e-01,1.566929133858267764e-01,1.476014760147601468e-01,1.101813110181310978e-01,1.176470588235294101e-01,1.115942028985507234e-01,1.169811320754716999e-01,1.334745762711864459e-01,1.306532663316583021e-01,0.000000000000000000e+00,9.090909090909091161e-02,0.000000000000000000e+00,0.000000000000000000e+00,1.183879093198992455e-01,1.252955082742316650e-01,1.196283391405342650e-01,1.497326203208556028e-01,1.318681318681318715e-01,2.012687427912341342e-01,1.318518518518518590e-01,1.320754716981132060e-01,8.627450980392156743e-02,2.329545454545454419e-01,1.823708206686930067e-01,1.142506142506142519e-01,1.192660550458715663e-01,1.371428571428571497e-01,9.705372616984402068e-02,1.119047619047619097e-01,0.000000000000000000e+00,1.462686567164179219e-01,0.000000000000000000e+00,1.330935251798561203e-01,1.035714285714285782e-01,3.107460643394934774e-01,0.000000000000000000e+00,0.000000000000000000e+00,1.286549707602339110e-01,1.115789473684210553e-01,1.361788617886178776e-01,3.096568236233040450e-01,1.397786837507280222e-01,1.136363636363636326e-01,1.676698194325021429e-01,1.212121212121212155e-01,1.091954022988505801e-01,1.322314049586776896e-01,3.049645390070921946e-01,9.829059829059828834e-02,1.515975526852481325e-01,3.527397260273972823e-01,0.000000000000000000e+00,1.046511627906976799e-01,1.326259946949602253e-01,0.000000000000000000e+00,3.164893617021276584e-01,3.125000000000000000e-01,4.387351778656126688e-01,1.278890600924499354e-01,1.098265895953757232e-01,4.546498277841561353e-01,0.000000000000000000e+00,9.774436090225563367e-02,1.183294663573085798e-01,3.292383292383292415e-01,3.457076566125290018e-01,7.343124165554072713e-02,1.592356687898089096e-01,1.215469613259668458e-01,1.036269430051813406e-01,1.096774193548387122e-01,3.581818181818181568e-01,0.000000000000000000e+00,1.247920133111480867e-01,1.555555555555555580e-01,2.557354925775978671e-01,4.153846153846154077e-01,1.816239316239316171e-01,1.164383561643835552e-01,6.944444444444444753e-02,1.056818181818181823e-01,0.000000000000000000e+00,3.200000000000000067e-01,0.000000000000000000e+00,0.000000000000000000e+00,2.213740458015267254e-01,2.800718132854578268e-01,2.372881355932203451e-01,1.150608044901777344e-01,0.000000000000000000e+00,1.085714285714285687e-01,0.000000000000000000e+00,1.442385173247381080e-01,1.779859484777517598e-01,1.250000000000000000e-01,1.784511784511784438e-01,0.000000000000000000e+00,0.000000000000000000e+00,1.471893491124260378e-01,1.086956521739130405e-01,1.121351766513056791e-01,3.219567690557451622e-01,1.486486486486486569e-01,1.092896174863387942e-01,1.519756838905775009e-01,1.333333333333333315e-01,1.199421965317919031e-01,1.785714285714285754e-01,1.415929203539822989e-01,1.245136186770428033e-01,1.104100946372239683e-01,1.522556390977443663e-01,1.273364485981308414e-01,9.964412811387900193e-02,0.000000000000000000e+00,1.675977653631284814e-01,1.048780487804878009e-01,1.321637426900584833e-01,9.695290858725762184e-02,1.396396396396396289e-01,0.000000000000000000e+00,1.127819548872180389e-01,1.512005191434133700e-01,3.303886925795053164e-01,0.000000000000000000e+00,1.666666666666666574e-01,0.000000000000000000e+00,0.000000000000000000e+00,1.173184357541899453e-01,0.000000000000000000e+00,3.343653250773993557e-01,4.084507042253521236e-01,1.479289940828402428e-01,2.461103253182461148e-01,3.915050784856878852e-01,1.344621513944223024e-01,1.501079913606911398e-01,1.352345906163753553e-01,2.558823529411764497e-01,1.983240223463687280e-01,1.270386266094420680e-01,1.021428571428571463e-01,1.392111368909512703e-01,1.267190569744597317e-01,0.000000000000000000e+00,2.285714285714285643e-01,1.155555555555555503e-01,1.047008547008547036e-01,1.310861423220973654e-01,1.367797522886375905e-01,4.141876430205949644e-01,3.900573613766730174e-01,3.461538461538461453e-01,0.000000000000000000e+00,4.444444444444444198e-01,0.000000000000000000e+00,1.947368421052631526e-01,1.192660550458715663e-01,1.122071516646115930e-01,1.279411764705882248e-01,2.591850367401469790e-01,0.000000000000000000e+00,1.186440677966101725e-01,2.588597842835130836e-01,1.558441558441558406e-01,1.433121019108280214e-01,1.432748538011695827e-01,1.795665634674922517e-01,2.037617554858934255e-01,1.724137931034482873e-01,2.044198895027624363e-01,1.893491124260354985e-01,1.546666666666666745e-01,1.670702179176755398e-01,1.662198391420911525e-01,1.297935103244837740e-01,1.930379746835443056e-01,1.603498542274052474e-01,1.931216931216931110e-01,1.527377521613832723e-01,1.774744027303754301e-01,1.876832844574780057e-01,1.327433628318584191e-01,1.445427728613569440e-01
1.025641025641025605e-01,1.105691056910569070e-01,1.048387096774193589e-01,6.713780918727915714e-02,1.463414634146341375e-01,8.227848101265822223e-02,0.000000000000000000e+00,0.000000000000000000e+00,0.000000000000000000e+00,1.000000000000000056e-01,1.131221719457013580e-01,1.063122923588039892e-01,1.081081081081081141e-01,0.000000000000000000e+00,1.298701298701298579e-01,1.313131313131313260e-01,9.337860780984720555e-02,7.155322862129144534e-02,1.447368421052631637e-01,1.016949152542372947e-01,1.587301587301587213e-01,0.000000000000000000e+00,6.976744186046511531e-02,5.316973415132924402e-02,1.199999999999999956e-01,0.000000000000000000e+00,4.000000000000000222e-01,1.007751937984496110e-01,1.149193548387096725e-01,9.502262443438913575e-02,3.571428571428571230e-02,1.160949868073878621e-01,9.268292682926829174e-02,3.193612774451097813e-01,9.163346613545816921e-02,1.431718061674008835e-01,8.021390374331550943e-02,2.766439909297052080e-01,1.023255813953488358e-01,8.349146110056926418e-02,6.557377049180328210e-02,8.024691358024690913e-02,9.821428571428571230e-02,3.696319018404907730e-01,3.469387755102040782e-01,0.000000000000000000e+00,1.156716417910447769e-01,1.666666666666666574e-01,2.722143864598025598e-01,6.557377049180328210e-02,7.070707070707070441e-02,6.756756756756757132e-02,3.261802575107295987e-01,1.000000000000000056e-01,9.433962264150944077e-02,5.076142131979695382e-02,1.343283582089552231e-01,1.779661016949152519e-01,1.340782122905027907e-01,8.333333333333332871e-02,8.536585365853659180e-02,7.756813417190776272e-02,6.692160611854684749e-02,6.451612903225806273e-02,7.105719237435008384e-02,1.714285714285714302e-01,2.816455696202531667e-01,8.571428571428571508e-02,1.666666666666666574e-01,3.599999999999999867e-01,3.100511073253833239e-01,3.054545454545454786e-01,9.856630824372759891e-02,9.708737864077669755e-02,7.242339832869081062e-02,1.056179775280898930e-01,2.580645161290322509e-01,2.872215709261430328e-01,4.000000000000000083e-02,6.490384615384615918e-02,8.000000000000000167e-02,4.812834224598930288e-02,1.106557377049180307e-01,6.369426751592356661e-02,1.272727272727272596e-01,9.302325581395348708e-02,1.190476190476190410e-01,0.000000000000000000e+00,6.333333333333333870e-02,1.672727272727272674e-01,1.216216216216216284e-01,1.392405063291139167e-01,8.571428571428571508e-02,6.800000000000000488e-02,9.638554216867470381e-02,8.207343412526997561e-02,8.470588235294117252e-02,3.696498054474708361e-01,2.774193548387096642e-01,1.077694235588972371e-01,2.745995423340961139e-01,3.025830258302583120e-01,3.705179282868525936e-01,1.109271523178807922e-01,1.112804878048780505e-01,1.272727272727272596e-01,4.074074074074073848e-01,0.000000000000000000e+00,7.804878048780487798e-02,0.000000000000000000e+00,1.052631578947368363e-01,2.352168199737187937e-01,1.191489361702127714e-01,1.314741035856573648e-01,9.157509157509156894e-02,7.960199004975124226e-02,9.051724137931034531e-02,2.314814814814814825e-01,9.920634920634920084e-02,9.523809523809523281e-02,8.256880733944954587e-02,1.199095022624434431e-01,3.838383838383838120e-01,9.833333333333332815e-02,1.940298507462686617e-01,7.238605898123325055e-02,1.531791907514450934e-01,9.340659340659340781e-02,9.294320137693631856e-02,9.909909909909909997e-02,0.000000000000000000e+00,1.370967741935483764e-01,0.000000000000000000e+00,1.014799154334038028e-01,9.768211920529801251e-02,6.521739130434782428e-02,1.889763779527559029e-01,1.026615969581749083e-01,9.615384615384615918e-02,1.298701298701298579e-01,1.168831168831168804e-01,7.572815533980582769e-02,1.250000000000000000e-01,9.793814432989690622e-02,1.617647058823529493e-01,0.000000000000000000e+00,8.235294117647058709e-02,0.000000000000000000e+00,0.000000000000000000e+00,8.430232558139534593e-02,9.859154929577464144e-02,5.617977528089887485e-02,1.756756756756756854e-01,9.708737864077669755e-02,1.543810848400556379e-01,9.893992932862190337e-02,1.041095890410958930e-01,6.896551724137930939e-02,1.538461538461538547e-01,1.282051282051281937e-01,7.185628742514969802e-02,7.096774193548387177e-02,1.052631578947368363e-01,7.619047619047619735e-02,1.122994652406417160e-01,0.000000000000000000e+00,9.154929577464789026e-02,0.000000000000000000e+00,1.184834123222748836e-01,8.849557522123893682e-02,2.574626865671642006e-01,0.000000000000000000e+00,0.000000000000000000e+00,1.388888888888888812e-02,7.909604519774011966e-02,1.428571428571428492e-01,2.765957446808510745e-01,8.015768725361366309e-02,1.162790697674418589e-01,1.250000000000000000e-01,1.320754716981132060e-01,1.044776119402985037e-01,1.196388261851015766e-01,2.638888888888888951e-01,9.375000000000000000e-02,1.039426523297490995e-01,3.173076923076922906e-01,0.000000000000000000e+00,1.126760563380281716e-01,8.196721311475409222e-02,0.000000000000000000e+00,2.369838420107719945e-01,2.205513784461152760e-01,3.370786516853932491e-01,1.018181818181818216e-01,7.751937984496123923e-02,3.128205128205128194e-01,0.000000000000000000e+00,9.345794392523364136e-02,7.317073170731706877e-02,2.953846153846154121e-01,3.238636363636363535e-01,5.539358600583090680e-02,1.225296442687747039e-01,6.779661016949152519e-02,1.170212765957446832e-01,9.774436090225563367e-02,3.418530351437699677e-01,0.000000000000000000e+00,1.327800829875518673e-01,1.736111111111111049e-01,1.933333333333333293e-01,3.020833333333333148e-01,1.534090909090909116e-01,1.087786259541984740e-01,1.219512195121951262e-02,6.166219839142091097e-02,0.000000000000000000e+00,3.043478260869565410e-01,0.000000000000000000e+00,0.000000000000000000e+00,1.698113207547169712e-01,2.936170212765957244e-01,2.523364485981308136e-01,8.144796380090497945e-02,0.000000000000000000e+00,1.081081081081081141e-01,0.000000000000000000e+00,9.906542056074765790e-02,1.190476190476190410e-01,8.695652173913043237e-02,1.592920353982300863e-01,0.000000000000000000e+00,0.000000000000000000e+00,8.823529411764706454e-02,9.815950920245399003e-02,9.595959595959595301e-02,1.698630136986301331e-01,1.121134020618556743e-01,1.111111111111111049e-01,1.119221411192214133e-01,9.171597633136094330e-02,8.761904761904762418e-02,1.315789473684210453e-01,1.123595505617977497e-01,7.126436781609195303e-02,1.185185185185185230e-01,1.339712918660287133e-01,8.154506437768239968e-02,8.083832335329341201e-02,0.000000000000000000e+00,1.285714285714285587e-01,1.071428571428571369e-01,1.036414565826330597e-01,1.012658227848101250e-01,1.307692307692307765e-01,0.000000000000000000e+00,9.032258064516128504e-02,8.753709198813056092e-02,2.389078498293515374e-01,0.000000000000000000e+00,1.127819548872180389e-01,0.000000000000000000e+00,0.000000000000000000e+00,8.695652173913043237e-02,0.000000000000000000e+00,2.442748091603053340e-01,3.267326732673267453e-01,1.377551020408163129e-01,2.072368421052631637e-01,3.162790697674418561e-01,7.710280373831775169e-02,1.229508196721311453e-01,8.215962441314554610e-02,2.078431372549019718e-01,1.228070175438596423e-01,1.168539325842696680e-01,8.655332302936630251e-02,1.172069825436408974e-01,8.653846153846153633e-02,0.000000000000000000e+00,1.917808219178082085e-01,7.777777777777777901e-02,8.679245283018867385e-02,9.178743961352657521e-02,1.003963011889035667e-01,3.282828282828282873e-01,3.285714285714285698e-01,3.620689655172413812e-01,0.000000000000000000e+00,4.705882352941176405e-01,0.000000000000000000e+00,1.341463414634146423e-01,1.351351351351351426e-01,9.485530546623793802e-02,7.972270363951472483e-02,2.014925373134328346e-01,0.000000000000000000e+00,8.333333333333332871e-02,1.843137254901960898e-01,1.120000000000000023e-01,1.621621621621621712e-01,9.285714285714286031e-02,1.056910569105691117e-01,1.278195488721804440e-01,1.196581196581196632e-01,1.791044776119402882e-01,1.342281879194630878e-01,1.134751773049645363e-01,1.468531468531468487e-01,2.237762237762237760e-01,1.319444444444444475e-01,1.447368421052631637e-01,1.095890410958904049e-01,1.321839080459770166e-01,9.876543209876542662e-02,9.629629629629629650e-02,1.199999999999999956e-01,1.021897810218978103e-01,5.600000000000000117e-02
0.000000000000000000e+00,0.000000000000000000e+00,0.000000000000000000e+00,0.000000000000000000e+00,0.000000000000000000e+00,0.000000000000000000e+00,0.000000000000000000e+00,0.000000000000000000e+00,0.000000000000000000e+00,0.000000000000000000e+00,0.000000000000000000e+00,0.000000000000000000e+00,0.000000000000000000e+00,0.000000000000000000e+00,0.000000000000000000e+00,0.000000000000000000e+00,0.000000000000000000e+00,0.000000000000000000e+00,0.000000000000000000e+00,0.000000000000000000e+00,0.000000000000000000e+00,0.000000000000000000e+00,0.000000000000000000e+00,0.000000000000000000e+00,0.000000000000000000e+00,0.000000000000000000e+00,0.000000000000000000e+00,0.000000000000000000e+00,0.000000000000000000e+00,0.000000000000000000e+00,0.000000000000000000e+00,0.000000000000000000e+00,0.000000000000000000e+00,0.000000000000000000e+00,0.000000000000000000e+00,0.000000000000000000e+00,0.000000000000000000e+00,0.000000000000000000e+00,0.000000000000000000e+00,0.000000000000000000e+00,0.000000000000000000e+00,0.000000000000000000e+00,0.000000000000000000e+00,0.000000000000000000e+00,0.000000000000000000e+00,0.000000000000000000e+00,0.000000000000000000e+00,0.000000000000000000e+00,0.000000000000000000e+00,0.000000000000000000e+00,0.000000000000000000e+00,0.000000000000000000e+00,0.000000000000000000e+00,0.000000000000000000e+00,0.000000000000000000e+00,0.000000000000000000e+00,0.000000000000000000e+00,0.000000000000000000e+00,0.000000000000000000e+00,0.000000000000000000e+00,0.000000000000000000e+00,0.000000000000000000e+00,0.000000000000000000e+00,0.000000000000000000e+00,0.000000000000000000e+00,0.000000000000000000e+00,0.000000000000000000e+00,0.000000000000000000e+00,0.000000000000000000e+00,0.000000000000000000e+00,0.000000000000000000e+00,0.000000000000000000e+00,0.000000000000000000e+00,0.000000000000000000e+00,0.000000000000000000e+00,0.000000000000000000e+00,0.000000000000000000e+00,0.000000000000000000e+00,0.000000000000000000e+00,0.000000000000000000e+00,0.000000000000000000e+00,0.000000000000000000e+00,0.000000000000000000e+00,0.000000000000000000e+00,0.000000000000000000e+00,0.000000000000000000e+00,0.000000000000000000e+00,0.000000000000000000e+00,0.000000000000000000e+00,0.000000000000000000e+00,0.000000000000000000e+00,0.000000000000000000e+00,0.000000000000000000e+00,0.000000000000000000e+00,0.000000000000000000e+00,0.000000000000000000e+00,0.000000000000000000e+00,0.000000000000000000e+00,0.000000000000000000e+00,0.000000000000000000e+00,0.000000000000000000e+00,0.000000000000000000e+00,0.000000000000000000e+00,0.000000000000000000e+00,0.000000000000000000e+00,0.000000000000000000e+00,0.000000000000000000e+00,0.000000000000000000e+00,0.000000000000000000e+00,0.000000000000000000e+00,0.000000000000000000e+00,0.000000000000000000e+00,0.000000000000000000e+00,0.000000000000000000e+00,0.000000000000000000e+00,0.000000000000000000e+00,0.000000000000000000e+00,0.000000000000000000e+00,0.000000000000000000e+00,0.000000000000000000e+00,0.000000000000000000e+00,0.000000000000000000e+00,0.000000000000000000e+00,0.000000000000000000e+00,0.000000000000000000e+00,0.000000000000000000e+00,0.000000000000000000e+00,0.000000000000000000e+00,0.000000000000000000e+00,0.000000000000000000e+00,0.000000000000000000e+00,0.000000000000000000e+00,0.000000000000000000e+00,0.000000000000000000e+00,0.000000000000000000e+00,0.000000000000000000e+00,0.000000000000000000e+00,0.000000000000000000e+00,0.000000000000000000e+00,0.000000000000000000e+00,0.000000000000000000e+00,0.000000000000000000e+00,0.000000000000000000e+00,0.000000000000000000e+00,0.000000000000000000e+00,0.000000000000000000e+00,0.000000000000000000e+00,0.000000000000000000e+00,0.000000000000000000e+00,0.000000000000000000e+00,0.000000000000000000e+00,0.000000000000000000e+00,0.000000000000000000e+00,0.000000000000000000e+00,0.000000000000000000e+00,0.000000000000000000e+00,0.000000000000000000e+00,0.000000000000000000e+00,0.000000000000000000e+00,0.000000000000000000e+00,0.000000000000000000e+00,0.000000000000000000e+00,0.000000000000000000e+00,0.000000000000000000e+00,0.000000000000000000e+00,0.000000000000000000e+00,0.000000000000000000e+00,0.000000000000000000e+00,0.000000000000000000e+00,0.000000000000000000e+00,0.000000000000000000e+00,0.000000000000000000e+00,0.000000000000000000e+00,0.000000000000000000e+00,0.000000000000000000e+00,0.000000000000000000e+00,0.000000000000000000e+00,0.000000000000000000e+00,0.000000000000000000e+00,0.000000000000000000e+00,0.000000000000000000e+00,0.000000000000000000e+00,0.000000000000000000e+00,0.000000000000000000e+00,0.000000000000000000e+00,0.000000000000000000e+00,0.000000000000000000e+00,0.000000000000000000e+00,0.000000000000000000e+00,0.000000000000000000e+00,0.000000000000000000e+00,0.000000000000000000e+00,0.000000000000000000e+00,0.000000000000000000e+00,0.000000000000000000e+00,0.000000000000000000e+00,0.000000000000000000e+00,0.000000000000000000e+00,0.000000000000000000e+00,0.000000000000000000e+00,0.000000000000000000e+00,0.000000000000000000e+00,0.000000000000000000e+00,0.000000000000000000e+00,0.000000000000000000e+00,0.000000000000000000e+00,0.000000000000000000e+00,0.000000000000000000e+00,0.000000000000000000e+00,0.000000000000000000e+00,0.000000000000000000e+00,0.000000000000000000e+00,0.000000000000000000e+00,0.000000000000000000e+00,0.000000000000000000e+00,0.000000000000000000e+00,0.000000000000000000e+00,0.000000000000000000e+00,0.000000000000000000e+00,0.000000000000000000e+00,0.000000000000000000e+00,0.000000000000000000e+00,0.000000000000000000e+00,0.000000000000000000e+00,0.000000000000000000e+00,0.000000000000000000e+00,0.000000000000000000e+00,0.000000000000000000e+00,0.000000000000000000e+00,0.000000000000000000e+00,0.000000000000000000e+00,0.000000000000000000e+00,0.000000000000000000e+00,0.000000000000000000e+00,0.000000000000000000e+00,0.000000000000000000e+00,0.000000000000000000e+00,0.000000000000000000e+00,0.000000000000000000e+00,0.000000000000000000e+00,0.000000000000000000e+00,0.000000000000000000e+00,0.000000000000000000e+00,0.000000000000000000e+00,0.000000000000000000e+00,0.000000000000000000e+00,0.000000000000000000e+00,0.000000000000000000e+00,0.000000000000000000e+00,0.000000000000000000e+00,0.000000000000000000e+00,0.000000000000000000e+00,0.000000000000000000e+00,0.000000000000000000e+00,0.000000000000000000e+00,0.000000000000000000e+00,0.000000000000000000e+00,0.000000000000000000e+00,0.000000000000000000e+00,0.000000000000000000e+00,0.000000000000000000e+00,0.000000000000000000e+00,0.000000000000000000e+00,0.000000000000000000e+00,0.000000000000000000e+00,0.000000000000000000e+00,0.000000000000000000e+00,0.000000000000000000e+00,0.000000000000000000e+00,0.000000000000000000e+00,0.000000000000000000e+00,0.000000000000000000e+00,0.000000000000000000e+00,0.000000000000000000e+00,0.000000000000000000e+00,0.000000000000000000e+00,0.000000000000000000e+00,0.000000000000000000e+00,0.000000000000000000e+00,0.000000000000000000e+00,0.000000000000000000e+00,0.000000000000000000e+00,0.000000000000000000e+00,0.000000000000000000e+00,0.000000000000000000e+00,0.000000000000000000e+00,0.000000000000000000e+00,0.000000000000000000e+00,0.000000000000000000e+00,0.000000000000000000e+00,0.000000000000000000e+00,0.000000000000000000e+00,0.000000000000000000e+00,0.000000000000000000e+00,0.000000000000000000e+00,0.000000000000000000e+00,0.000000000000000000e+00,0.000000000000000000e+00,0.000000000000000000e+00,0.000000000000000000e+00,0.000000000000000000e+00,0.000000000000000000e+00,0.000000000000000000e+00,0.000000000000000000e+00,0.000000000000000000e+00,0.000000000000000000e+00,0.000000000000000000e+00,0.000000000000000000e+00,0.000000000000000000e+00,0.000000000000000000e+00,0.000000000000000000e+00,0.000000000000000000e+00,0.000000000000000000e+00,0.000000000000000000e+00,0.000000000000000000e+00,0.000000000000000000e+00,0.000000000000000000e+00,0.000000000000000000e+00,0.000000000000000000e+00,0.000000000000000000e+00
1.012332990750256928e-01,2.349650349650349579e-01,1.203703703703703637e-01,6.746310611384398470e-02,1.026422764227642309e-01,8.650065530799476432e-02,0.000000000000000000e+00,0.000000000000000000e+00,0.000000000000000000e+00,8.627450980392156743e-02,8.524289642529789268e-02,1.144662921348314627e-01,8.303249097472924223e-02,0.000000000000000000e+00,1.303744798890429935e-01,1.270491803278688547e-01,9.583333333333333981e-02,1.119146005509641939e-01,1.287671232876712313e-01,9.375000000000000000e-02,6.957928802588997375e-02,0.000000000000000000e+00,1.060382916053019126e-01,9.090909090909091161e-02,1.691297208538587726e-01,0.000000000000000000e+00,8.615384615384615030e-02,1.070866141732283450e-01,2.178257394084732179e-01,9.701492537313433084e-02,7.960199004975124226e-02,1.135531135531135521e-01,1.865942028985507206e-01,9.665871121718376535e-02,1.230376049653158083e-01,2.144714038128249511e-01,1.182320441988950338e-01,8.623643632210165055e-02,1.319381255686988275e-01,1.034217608612072320e-01,5.351170568561872815e-02,1.543071161048689133e-01,7.952286282306163245e-02,9.848484848484848064e-02,9.394760614272809618e-02,0.000000000000000000e+00,1.967806841046277622e-01,1.167512690355329980e-01,9.821707851110415832e-02,1.889250814332247563e-01,9.549180327868853069e-02,8.616187989556135796e-02,8.269018743109150804e-02,1.638795986622073597e-01,8.796296296296296502e-02,9.048507462686566916e-02,1.411483253588516618e-01,1.230769230769230838e-01,1.008676789587852479e-01,1.197604790419161680e-01,1.556122448979591899e-01,1.102553708958248918e-01,1.058823529411764691e-01,1.038135593220338992e-01,1.011042097998619688e-01,2.417355371900826444e-01,1.542219120725750181e-01,2.097235462345090617e-01,1.305007587253414203e-01,8.020698576972833116e-02,8.124298015724447375e-02,8.714043993231811169e-02,1.169504071058475175e-01,8.934480476505625435e-02,8.792372881355932368e-02,1.819970486965076240e-01,7.482993197278911546e-02,1.037575757575757568e-01,2.260162601626016232e-01,8.190091001011122473e-02,9.444844989185291473e-02,9.611451942740285859e-02,9.368029739776952136e-02,8.419497784342688806e-02,1.375358166189111775e-01,1.770682148040638726e-01,2.231051344743276155e-01,0.000000000000000000e+00,1.009174311926605561e-01,1.093865484109386582e-01,9.344790547798066671e-02,1.231393775372124494e-01,1.106911447084233252e-01,1.054086063955783636e-01,1.185682326621923938e-01,8.739189804278561791e-02,1.181102362204724393e-01,1.001838235294117696e-01,8.034433285509325062e-02,1.160616061606160598e-01,8.613861386138613185e-02,1.079245283018867990e-01,1.062670299727520445e-01,2.425127830533236051e-01,2.253470986116055674e-01,2.297872340425531901e-01,1.056910569105691117e-01,0.000000000000000000e+00,9.562211981566820507e-02,0.000000000000000000e+00,7.082152974504249410e-02,1.135637525413883270e-01,2.164383561643835607e-01,2.337180544105523505e-01,8.485856905158069285e-02,1.802325581395348708e-01,8.523908523908524382e-02,1.121273712737127365e-01,1.517183570829840622e-01,1.117189749496112910e-01,8.577127659574468321e-02,2.213493530499075768e-01,5.437352245862884376e-02,1.220825852782764787e-01,1.425287356321839061e-01,1.191256830601092886e-01,1.996717724288840368e-01,1.363400725764644938e-01,1.051454138702460905e-01,7.792207792207792028e-02,0.000000000000000000e+00,1.329690346083788610e-01,0.000000000000000000e+00,1.247739602169981865e-01,1.159669649002064706e-01,8.127721335268504876e-02,1.868131868131868156e-01,2.312717770034843079e-01,7.769423558897242676e-02,1.166666666666666685e-01,7.952622673434855960e-02,8.220858895705521197e-02,2.078651685393258508e-01,2.027649769585253559e-01,1.230769230769230838e-01,0.000000000000000000e+00,7.526881720430107781e-02,0.000000000000000000e+00,0.000000000000000000e+00,1.220746363061353534e-01,9.604759881002974953e-02,1.149624494511842926e-01,1.195652173913043514e-01,1.217391304347826136e-01,1.147448548068790569e-01,1.165048543689320426e-01,8.915971776779986480e-02,9.179687500000000000e-02,8.484848484848485362e-02,1.020408163265306145e-01,1.199502796768179003e-01,1.006289308176100683e-01,1.110074626865671654e-01,1.113744075829383867e-01,9.031413612565444837e-02,0.000000000000000000e+00,1.040268456375838951e-01,0.000000000000000000e+00,9.181636726546905936e-02,6.557377049180328210e-02,1.162968630451415436e-01,0.000000000000000000e+00,0.000000000000000000e+00,1.012269938650306733e-01,1.049840933191940606e-01,8.438818565400843519e-02,1.182519280205655554e-01,1.042003231017770565e-01,1.131639722863741343e-01,2.320175438596491224e-01,8.695652173913043237e-02,7.692307692307692735e-02,1.171296296296296252e-01,1.048951048951048959e-01,8.193277310924369783e-02,8.805261234928754566e-02,6.981519507186857709e-02,0.000000000000000000e+00,8.403361344537815802e-02,7.432432432432432845e-02,0.000000000000000000e+00,1.130929791271347296e-01,7.756068679692125489e-02,8.219178082191780366e-02,9.721229449606862139e-02,7.528641571194762128e-02,8.685015290519877695e-02,0.000000000000000000e+00,9.827760891590678338e-02,1.024734982332155542e-01,1.180637544273907963e-01,9.590643274853800915e-02,7.151664611590628773e-02,1.262626262626262708e-01,1.006944444444444475e-01,6.906906906906906674e-02,1.211180124223602550e-01,1.068467915259441181e-01,0.000000000000000000e+00,1.053105310531053107e-01,1.103810775295663571e-01,1.220692221808708650e-01,8.067940552016984734e-02,1.227477477477477430e-01,1.177794448612153044e-01,7.932692307692307265e-02,9.875203472599022869e-02,0.000000000000000000e+00,1.882716049382716084e-01,0.000000000000000000e+00,0.000000000000000000e+00,1.571428571428571397e-01,9.606587374199451745e-02,1.082949308755760398e-01,9.643983776475889558e-02,0.000000000000000000e+00,9.226594301221166528e-02,0.000000000000000000e+00,1.906170752324598539e-01,1.874272409778812709e-01,9.728867623604466053e-02,9.255533199195170591e-02,0.000000000000000000e+00,0.000000000000000000e+00,8.941669577366398447e-02,8.114856429463171428e-02,8.655126498002663205e-02,7.115278543849971882e-02,9.633155978717446166e-02,8.998144712430426739e-02,1.785329018338727147e-01,9.688581314878892681e-02,1.172337278106508895e-01,2.083491461100569209e-01,1.813842482100238573e-01,8.599033816425120935e-02,1.121212121212121215e-01,1.680911680911680861e-01,9.330440173589583941e-02,8.322981366459626662e-02,0.000000000000000000e+00,1.037974683544303778e-01,1.228710462287104649e-01,2.542468856172140357e-01,7.832898172323760067e-02,6.526315789473684237e-02,0.000000000000000000e+00,9.126984126984126477e-02,9.149072296865003173e-02,1.112967914438502681e-01,0.000000000000000000e+00,2.242524916943521573e-01,0.000000000000000000e+00,0.000000000000000000e+00,5.730659025787965960e-02,0.000000000000000000e+00,7.518796992481202590e-02,9.796121332670312820e-02,2.286002014098690860e-01,1.522542498152254231e-01,1.166328600405679566e-01,1.037882719252724434e-01,2.360876897133220853e-01,1.055253623188405765e-01,9.651257096512570743e-02,1.228615863141524073e-01,2.239747634069400584e-01,1.084637268847795100e-01,1.026659103800340311e-01,1.374650512581546968e-01,0.000000000000000000e+00,1.246105919003115264e-01,6.695464362850972462e-02,8.650765396938411844e-02,6.511175898931001460e-02,2.232441471571906255e-01,8.773903262092239141e-02,8.361581920903954357e-02,8.620689655172414367e-02,0.000000000000000000e+00,6.976744186046511531e-02,0.000000000000000000e+00,1.860785665058580229e-01,2.352941176470588203e-01,1.173485569299080183e-01,1.139194139194139171e-01,1.017130620985010753e-01,0.000000000000000000e+00,5.760368663594470084e-02,9.062742060418280121e-02,1.161178509532062447e-01,1.005484460694698323e-01,8.793103448275861600e-02,8.920187793427229728e-02,1.048109965635738855e-01,1.060358890701468132e-01,8.744038155802862089e-02,1.085271317829457349e-01,1.014040561622464864e-01,8.734939759036144946e-02,1.005025125628140753e-01,1.092043681747269929e-01,9.540034071550256012e-02,1.161971830985915471e-01,1.088235294117647078e-01,8.201892744479495623e-02,9.030100334448160071e-02,9.800362976406533366e-02,9.471766848816029483e-02,1.127012522361359598e-01
1.678832116788321061e-01,2.048780487804877926e-01,2.368421052631578816e-01,2.589285714285714524e-01,2.461538461538461675e-01,2.500000000000000000e-01,0.000000000000000000e+00,0.000000000000000000e+00,0.000000000000000000e+00,4.285714285714285476e-01,2.235294117647058931e-01,2.209302325581395388e-01,2.727272727272727071e-01,0.000000000000000000e+00,3.111111111111111160e-01,2.647058823529411797e-01,1.895734597156397971e-01,2.383177570093457931e-01,2.307692307692307820e-01,2.000000000000000111e-01,1.911764705882352811e-01,0.000000000000000000e+00,1.724137931034482873e-01,1.875000000000000000e-01,1.666666666666666574e-01,0.000000000000000000e+00,2.647058823529411797e-01,1.590909090909090884e-01,1.646341463414634221e-01,1.360000000000000098e-01,3.333333333333333148e-01,2.051282051282051211e-01,2.500000000000000000e-01,2.064516129032258063e-01,1.856287425149700521e-01,1.644736842105263275e-01,1.718750000000000000e-01,1.833333333333333204e-01,2.205882352941176405e-01,2.206896551724137900e-01,2.142857142857142738e-01,1.868131868131868156e-01,2.592592592592592449e-01,2.139037433155080159e-01,2.602739726027397116e-01,0.000000000000000000e+00,1.823204419889502825e-01,4.210526315789473450e-01,1.822916666666666574e-01,1.176470588235294101e-01,1.615384615384615474e-01,2.608695652173912971e-01,1.904761904761904656e-01,1.562500000000000000e-01,1.875000000000000000e-01,2.816901408450704358e-01,1.499999999999999944e-01,2.750000000000000222e-01,2.337662337662337608e-01,2.142857142857142738e-01,1.724137931034482873e-01,1.842105263157894635e-01,2.228260869565217295e-01,1.777777777777777846e-01,2.089552238805970075e-01,1.489361702127659504e-01,1.896551724137930939e-01,2.031250000000000000e-01,5.555555555555555247e-02,2.083333333333333426e-01,2.214285714285714191e-01,1.199999999999999956e-01,2.077922077922078059e-01,3.090909090909090828e-01,2.136752136752136655e-01,2.378048780487804770e-01,1.875000000000000000e-01,1.760299625468164930e-01,1.979166666666666574e-01,1.702127659574468044e-01,2.300000000000000100e-01,1.311475409836065642e-01,1.499999999999999944e-01,1.818181818181818232e-01,3.012048192771084598e-01,1.694915254237288060e-01,1.913043478260869623e-01,0.000000000000000000e+00,2.399999999999999911e-01,2.209302325581395388e-01,2.187500000000000000e-01,2.857142857142856984e-01,2.333333333333333370e-01,1.741573033707865259e-01,1.176470588235294101e-01,2.307692307692307820e-01,2.253521126760563431e-01,2.923076923076923239e-01,1.111111111111111049e-01,2.252252252252252285e-01,2.169811320754717054e-01,2.124999999999999944e-01,2.459016393442622905e-01,1.881188118811881194e-01,1.726190476190476164e-01,4.285714285714285476e-01,1.785714285714285754e-01,0.000000000000000000e+00,2.786885245901639108e-01,0.000000000000000000e+00,1.562500000000000000e-01,2.259615384615384637e-01,2.463768115942029102e-01,1.701030927835051609e-01,1.392405063291139167e-01,2.452830188679245293e-01,2.093023255813953598e-01,2.173913043478260809e-01,1.958762886597938124e-01,2.295081967213114804e-01,2.234042553191489255e-01,1.508379888268156499e-01,2.999999999999999889e-01,2.037037037037036924e-01,1.935483870967741882e-01,1.937984496124031120e-01,1.666666666666666574e-01,2.439024390243902385e-01,2.631578947368420907e-01,2.000000000000000111e-01,0.000000000000000000e+00,2.758620689655172376e-01,0.000000000000000000e+00,1.875000000000000000e-01,2.550000000000000044e-01,1.351351351351351426e-01,6.250000000000000000e-02,1.843575418994413406e-01,1.481481481481481399e-01,2.625000000000000111e-01,1.346153846153846090e-01,1.632653061224489666e-01,2.244897959183673464e-01,1.600000000000000033e-01,2.399999999999999911e-01,0.000000000000000000e+00,2.500000000000000000e-01,0.000000000000000000e+00,0.000000000000000000e+00,2.268041237113402053e-01,1.927710843373494076e-01,2.710280373831775447e-01,4.782608695652174058e-01,2.280701754385964786e-01,2.107843137254901966e-01,2.365591397849462485e-01,1.562500000000000000e-01,1.860465116279069742e-01,1.000000000000000056e-01,2.500000000000000000e-01,2.181818181818181712e-01,1.276595744680850963e-01,2.698412698412698263e-01,2.000000000000000111e-01,2.399999999999999911e-01,0.000000000000000000e+00,2.619047619047619180e-01,0.000000000000000000e+00,2.380952380952380820e-01,2.121212121212121271e-01,1.578947368421052544e-01,0.000000000000000000e+00,0.000000000000000000e+00,0.000000000000000000e+00,2.600000000000000089e-01,2.631578947368420907e-01,2.708333333333333148e-01,2.470588235294117752e-01,2.258064516129032195e-01,1.871657754010695174e-01,3.125000000000000000e-01,3.214285714285714524e-01,2.102564102564102588e-01,2.142857142857142738e-01,3.103448275862069061e-01,1.792452830188679125e-01,1.190476190476190410e-01,0.000000000000000000e+00,3.076923076923077094e-01,3.023255813953488191e-01,0.000000000000000000e+00,2.297297297297297425e-01,2.666666666666666630e-01,2.222222222222222099e-01,1.555555555555555580e-01,2.086330935251798635e-01,2.110091743119266172e-01,0.000000000000000000e+00,1.842105263157894635e-01,2.830188679245282946e-01,2.254901960784313764e-01,2.380952380952380820e-01,1.782178217821782096e-01,2.564102564102563875e-01,3.703703703703703498e-01,3.448275862068965747e-01,1.698113207547169712e-01,2.065727699530516548e-01,0.000000000000000000e+00,1.944444444444444475e-01,2.000000000000000111e-01,1.806451612903225701e-01,2.812500000000000000e-01,1.428571428571428492e-01,3.011363636363636465e-01,3.333333333333333148e-01,1.925925925925925930e-01,0.000000000000000000e+00,7.142857142857142461e-02,0.000000000000000000e+00,0.000000000000000000e+00,2.000000000000000111e-01,1.772151898734177222e-01,4.074074074074073848e-01,2.080536912751677903e-01,0.000000000000000000e+00,2.045454545454545581e-01,0.000000000000000000e+00,1.446540880503144610e-01,2.222222222222222099e-01,1.764705882352941291e-01,2.307692307692307820e-01,0.000000000000000000e+00,0.000000000000000000e+00,2.138728323699422007e-01,1.639344262295081844e-01,1.799163179916317967e-01,3.142857142857142794e-01,1.924528301886792581e-01,1.269841269841269771e-01,1.942446043165467762e-01,1.761904761904762029e-01,1.896551724137930939e-01,1.534391534391534306e-01,7.692307692307692735e-02,1.395348837209302306e-01,2.765957446808510745e-01,1.406250000000000000e-01,1.519607843137254777e-01,1.809523809523809479e-01,0.000000000000000000e+00,3.200000000000000067e-01,2.702702702702702853e-01,2.177419354838709686e-01,2.241379310344827624e-01,2.500000000000000000e-01,0.000000000000000000e+00,2.950819672131147486e-01,1.898734177215190000e-01,2.251655629139072967e-01,0.000000000000000000e+00,2.000000000000000111e-01,0.000000000000000000e+00,0.000000000000000000e+00,3.636363636363636465e-01,0.000000000000000000e+00,2.352941176470588203e-01,1.769230769230769329e-01,8.928571428571428770e-02,1.860465116279069742e-01,1.416666666666666630e-01,2.250000000000000056e-01,1.875000000000000000e-01,2.222222222222222099e-01,1.954022988505747238e-01,2.619047619047619180e-01,1.448275862068965636e-01,2.197802197802197766e-01,1.714285714285714302e-01,1.824324324324324287e-01,0.000000000000000000e+00,2.142857142857142738e-01,1.818181818181818232e-01,2.215909090909090884e-01,1.791044776119402882e-01,2.015209125475285190e-01,1.836734693877551117e-01,1.276595744680850963e-01,0.000000000000000000e+00,0.000000000000000000e+00,1.666666666666666574e-01,0.000000000000000000e+00,1.485148514851485080e-01,1.000000000000000056e-01,1.970443349753694673e-01,1.927083333333333426e-01,2.279411764705882304e-01,0.000000000000000000e+00,2.000000000000000111e-01,2.467532467532467522e-01,1.944444444444444475e-01,2.916666666666666852e-01,1.875000000000000000e-01,2.000000000000000111e-01,5.882352941176470507e-02,9.803921568627450844e-02,1.777777777777777846e-01,1.086956521739130405e-01,1.470588235294117696e-01,1.555555555555555580e-01,3.272727272727272707e-01,2.195121951219512202e-01,2.250000000000000056e-01,1.666666666666666574e-01,2.857142857142856984e-01,1.272727272727272596e-01,3.030303030303030387e-01,1.224489795918367319e-01,1.875000000000000000e-01,1.702127659574468044e-01
1.083467094703049749e-01,1.145000000000000046e-01,1.196172248803827748e-01,7.266435986159169858e-02,1.280701754385965008e-01,1.154562383612662974e-01,0.000000000000000000e+00,0.000000000000000000e+00,0.000000000000000000e+00,8.542713567839195499e-02,1.072796934865900415e-01,1.066398390342052360e-01,1.422222222222222221e-01,0.000000000000000000e+00,1.443089430894309022e-01,1.397849462365591267e-01,1.151315789473684181e-01,1.202034211742949582e-01,1.428571428571428492e-01,2.030456852791878153e-01,1.531322505800463973e-01,0.000000000000000000e+00,1.123653155464340719e-01,1.049483414899401862e-01,1.480582524271844558e-01,0.000000000000000000e+00,3.485148514851484913e-01,8.474576271186440302e-02,1.380065717415115134e-01,1.371514694800301526e-01,8.391608391608391948e-02,1.121822962313759886e-01,1.032608695652173919e-01,3.609839816933638201e-01,1.144090663788451118e-01,1.250000000000000000e-01,9.603658536585366057e-02,3.516308671439936084e-01,1.312584573748308558e-01,9.639266706091070835e-02,4.040404040404040747e-02,1.045104510451045077e-01,8.695652173913043237e-02,3.582554517133956229e-01,3.302263648468708457e-01,0.000000000000000000e+00,1.196480938416422252e-01,1.830508474576271194e-01,3.464892152363469591e-01,9.482758620689654694e-02,9.270704573547589034e-02,1.056603773584905703e-01,3.636363636363636465e-01,1.300448430493273411e-01,8.169014084507042472e-02,1.085383502170766956e-01,1.239669421487603340e-01,1.496062992125984370e-01,1.445182724252491724e-01,1.056729699666295874e-01,1.155115511551155077e-01,1.078260869565217384e-01,1.072538860103626895e-01,7.356948228882834173e-02,1.096681096681096645e-01,1.150000000000000050e-01,2.648183556405353523e-01,1.464646464646464641e-01,2.189781021897810320e-01,3.327272727272727049e-01,3.651452282157676144e-01,3.385167464114832714e-01,1.084881968859869456e-01,9.047160731472569939e-02,1.283018867924528295e-01,1.179520414776409620e-01,2.263374485596707786e-01,3.362068965517241437e-01,5.725971370143149303e-02,7.484567901234567833e-02,1.201802704056084137e-01,1.139240506329113889e-01,1.396303901437371542e-01,8.865979381443299390e-02,1.151885830784913356e-01,1.462962962962962854e-01,1.499999999999999944e-01,0.000000000000000000e+00,1.093901258470474369e-01,2.295430393198724661e-01,8.661417322834645549e-02,1.129032258064516098e-01,1.308858739026336759e-01,1.152396338179859925e-01,1.363636363636363535e-01,1.083612040133779264e-01,1.253333333333333244e-01,3.342175066312997322e-01,3.727454909819639117e-01,1.238461538461538419e-01,3.282442748091602969e-01,3.430000000000000271e-01,3.235294117647058987e-01,1.032693305656460780e-01,1.256997455470738045e-01,1.403508771929824483e-01,3.061224489795918435e-01,0.000000000000000000e+00,1.362359550561797750e-01,0.000000000000000000e+00,1.102661596958174894e-01,3.082647865256560871e-01,1.012956419316843326e-01,1.390605686032138355e-01,1.137931034482758674e-01,7.702182284980745031e-02,1.114023591087811293e-01,2.890855457227138881e-01,1.048387096774193589e-01,1.128962223187147257e-01,1.095636025998143054e-01,1.123448726322664876e-01,3.221884498480243053e-01,1.172309247094492218e-01,1.168831168831168804e-01,1.144527986633249728e-01,1.511075949367088611e-01,1.044176706827309176e-01,1.030270844397238456e-01,1.316455696202531722e-01,0.000000000000000000e+00,1.303191489361702204e-01,0.000000000000000000e+00,1.297124600638977499e-01,1.338095238095238226e-01,1.034482758620689641e-01,1.312335958005249326e-01,1.244186046511627924e-01,8.163265306122448328e-02,1.116700201207243420e-01,1.323877068557919590e-01,9.747706422018348471e-02,9.397590361445783136e-02,1.184767277856135365e-01,1.106557377049180307e-01,0.000000000000000000e+00,9.646302250803857892e-02,0.000000000000000000e+00,0.000000000000000000e+00,1.103074141048824564e-01,1.175468483816013571e-01,1.127493495229835163e-01,1.849315068493150582e-01,9.555189456342669252e-02,1.796381994110222979e-01,1.520342612419700312e-01,1.147086031452358990e-01,8.707124010554090354e-02,1.291666666666666796e-01,1.603288797533401755e-01,1.155866900175131357e-01,8.783783783783784271e-02,1.303763440860215006e-01,1.113387978142076490e-01,1.381818181818181834e-01,0.000000000000000000e+00,1.488469601677148979e-01,0.000000000000000000e+00,1.224764468371467019e-01,9.732360097323601578e-02,2.342295760082730161e-01,0.000000000000000000e+00,0.000000000000000000e+00,9.649122807017543324e-02,8.623853211009174791e-02,1.686390532544378706e-01,3.333333333333333148e-01,1.290836653386454314e-01,1.199999999999999956e-01,1.492443324937027804e-01,1.256281407035175768e-01,1.000000000000000056e-01,1.094710947109471116e-01,2.171428571428571375e-01,1.024258760107816663e-01,1.261904761904761862e-01,3.681318681318681563e-01,0.000000000000000000e+00,1.211072664359861550e-01,9.306569343065693167e-02,0.000000000000000000e+00,2.806925498426023347e-01,2.880562060889929610e-01,3.556338028169014343e-01,1.353711790393013203e-01,9.552238805970149349e-02,3.564356435643564192e-01,0.000000000000000000e+00,1.042944785276073566e-01,1.241134751773049633e-01,3.058720420683611052e-01,2.927580893682588670e-01,5.736981465136804792e-02,1.373283395755305891e-01,1.297071129707113024e-01,9.352517985611510931e-02,9.934949733885274636e-02,3.123393316195372527e-01,0.000000000000000000e+00,1.284768211920529757e-01,1.310782241014799288e-01,2.354755784061696722e-01,3.187919463087248162e-01,1.407528641571194894e-01,1.137692716640085061e-01,8.653846153846153633e-02,7.482462977396726889e-02,0.000000000000000000e+00,2.231075697211155340e-01,0.000000000000000000e+00,0.000000000000000000e+00,8.280254777070063243e-02,2.529801324503311299e-01,2.006472491909385147e-01,9.339559706470980383e-02,0.000000000000000000e+00,1.250000000000000000e-01,0.000000000000000000e+00,1.263456090651557950e-01,1.140819964349376048e-01,1.126126126126126142e-01,1.380208333333333426e-01,0.000000000000000000e+00,0.000000000000000000e+00,1.191206543967280179e-01,9.883720930232557655e-02,1.082075818917924148e-01,2.775947281713344039e-01,1.342062193126022929e-01,1.145552560646900253e-01,1.625266146202980766e-01,1.327782646801051736e-01,1.040554962646744880e-01,1.523660946437857544e-01,1.322033898305084720e-01,1.260396673064619333e-01,1.156186612576064893e-01,1.103351955307262516e-01,1.242424242424242375e-01,1.120607787274453954e-01,0.000000000000000000e+00,1.271929824561403577e-01,1.379310344827586188e-01,1.286201022146507555e-01,1.052631578947368363e-01,1.751592356687897978e-01,0.000000000000000000e+00,1.087344028520499106e-01,1.134249003101462094e-01,2.974595842956120340e-01,0.000000000000000000e+00,1.298405466970387334e-01,0.000000000000000000e+00,0.000000000000000000e+00,7.296137339055794313e-02,0.000000000000000000e+00,3.240740740740740700e-01,3.181509177430319468e-01,1.009463722397476310e-01,2.212389380530973559e-01,3.441091954022988397e-01,1.176917236142748652e-01,1.266233766233766100e-01,1.330213903743315551e-01,2.337209302325581328e-01,1.651583710407239780e-01,1.114842175957018178e-01,1.040041601664066506e-01,1.040650406504065040e-01,9.814687714481812320e-02,0.000000000000000000e+00,2.546296296296296502e-01,1.206896551724137984e-01,9.468354430379746778e-02,1.193415637860082285e-01,1.256262042389210132e-01,3.219076005961251652e-01,3.436185133239831879e-01,3.624161073825503121e-01,0.000000000000000000e+00,2.616279069767442067e-01,0.000000000000000000e+00,1.435594886922320623e-01,9.964412811387900193e-02,1.040299906279287673e-01,1.177072671443193386e-01,2.267561983471074460e-01,0.000000000000000000e+00,1.031249999999999944e-01,1.991001124859392568e-01,1.126760563380281716e-01,1.502347417840375621e-01,1.454138702460850141e-01,1.575630252100840289e-01,1.202830188679245293e-01,1.802575107296137402e-01,1.206543967280163665e-01,1.605995717344753659e-01,1.306306306306306286e-01,1.422680412371133962e-01,1.401425178147268358e-01,1.143451143451143515e-01,1.425120772946859848e-01,1.255924170616113666e-01,1.563706563706563635e-01,1.563169164882226847e-01,1.469194312796208435e-01,1.573033707865168496e-01,1.337719298245614030e-01,1.431980906921241081e-01
1.147540983606557402e-01,4.112903225806451846e-01,2.500000000000000000e-01,1.351351351351351426e-01,2.962962962962962798e-01,1.481481481481481399e-01,0.000000000000000000e+00,0.000000000000000000e+00,0.000000000000000000e+00,1.250000000000000000e-01,1.515151515151515194e-01,1.636363636363636354e-01,0.000000000000000000e+00,0.000000000000000000e+00,2.187500000000000000e-01,3.333333333333333148e-01,1.639344262295081844e-01,9.090909090909091161e-02,3.125000000000000000e-01,0.000000000000000000e+00,1.666666666666666574e-01,0.000000000000000000e+00,1.910112359550561745e-01,1.527777777777777901e-01,3.599999999999999867e-01,0.000000000000000000e+00,2.173913043478260809e-01,1.600000000000000033e-01,4.693877551020408379e-01,1.780821917808219079e-01,2.000000000000000111e-01,2.363636363636363591e-01,3.777777777777777679e-01,1.046511627906976799e-01,8.411214953271027583e-02,4.056603773584905870e-01,2.045454545454545581e-01,1.578947368421052544e-01,9.375000000000000000e-02,1.744186046511627952e-01,6.666666666666666574e-02,3.050847457627118842e-01,0.000000000000000000e+00,2.000000000000000111e-01,2.500000000000000000e-01,0.000000000000000000e+00,3.831775700934579310e-01,4.000000000000000222e-01,2.277227722772277307e-01,5.000000000000000000e-01,1.153846153846153910e-01,6.250000000000000000e-02,2.857142857142856984e-01,4.666666666666666741e-01,3.076923076923077094e-01,2.068965517241379282e-01,2.500000000000000000e-01,2.000000000000000111e-01,1.315789473684210453e-01,2.200000000000000011e-01,4.444444444444444198e-01,5.882352941176470507e-02,1.447368421052631637e-01,2.352941176470588203e-01,1.294117647058823650e-01,3.499999999999999778e-01,4.545454545454545303e-01,4.285714285714285476e-01,2.307692307692307820e-01,2.000000000000000111e-01,1.625000000000000056e-01,2.162162162162162282e-01,1.909090909090909172e-01,1.025641025641025605e-01,2.291666666666666574e-01,5.522388059701492935e-01,1.764705882352941291e-01,2.713178294573643234e-01,4.500000000000000111e-01,8.333333333333332871e-02,1.839080459770114917e-01,1.951219512195122019e-01,2.307692307692307820e-01,1.818181818181818232e-01,1.428571428571428492e-01,3.846153846153846367e-01,4.634146341463414864e-01,0.000000000000000000e+00,2.031250000000000000e-01,2.500000000000000000e-01,4.347826086956521618e-02,1.666666666666666574e-01,1.492537313432835688e-01,1.940298507462686617e-01,9.090909090909091161e-02,1.333333333333333315e-01,1.518987341772151944e-01,2.903225806451613100e-01,3.636363636363636465e-01,2.567567567567567433e-01,1.093750000000000000e-01,1.363636363636363535e-01,8.333333333333332871e-02,4.198473282442747867e-01,3.728813559322033955e-01,4.166666666666666852e-01,1.428571428571428492e-01,0.000000000000000000e+00,2.333333333333333370e-01,0.000000000000000000e+00,2.000000000000000111e-01,1.735537190082644676e-01,5.000000000000000000e-01,4.257425742574257321e-01,2.500000000000000000e-01,3.513513513513513709e-01,1.250000000000000000e-01,2.429906542056074759e-01,2.826086956521738913e-01,1.592920353982300863e-01,9.615384615384615918e-02,4.444444444444444198e-01,3.846153846153846367e-01,1.981132075471698228e-01,2.500000000000000000e-01,1.911764705882352811e-01,3.896103896103896291e-01,2.033898305084745894e-01,9.677419354838709409e-02,1.333333333333333315e-01,0.000000000000000000e+00,3.846153846153846367e-01,0.000000000000000000e+00,2.111111111111111105e-01,2.121212121212121271e-01,1.176470588235294101e-01,4.705882352941176405e-01,2.844036697247706580e-01,0.000000000000000000e+00,1.428571428571428492e-01,1.666666666666666574e-01,1.486486486486486569e-01,4.500000000000000111e-01,3.478260869565217295e-01,3.571428571428571508e-01,0.000000000000000000e+00,1.333333333333333315e-01,0.000000000000000000e+00,0.000000000000000000e+00,9.677419354838709409e-02,1.645569620253164445e-01,1.964285714285714246e-01,4.166666666666666852e-01,1.481481481481481399e-01,1.348314606741572996e-01,3.191489361702127825e-01,1.527777777777777901e-01,1.250000000000000000e-01,1.250000000000000000e-01,7.547169811320754429e-02,1.304347826086956486e-01,1.944444444444444475e-01,2.083333333333333426e-01,1.666666666666666574e-01,2.222222222222222099e-01,0.000000000000000000e+00,3.888888888888888951e-01,0.000000000000000000e+00,2.368421052631578816e-01,7.692307692307692735e-02,1.467889908256880815e-01,0.000000000000000000e+00,0.000000000000000000e+00,2.222222222222222099e-01,1.304347826086956486e-01,1.428571428571428492e-01,2.000000000000000111e-01,1.607142857142857262e-01,1.000000000000000056e-01,3.900000000000000133e-01,1.666666666666666574e-01,4.545454545454545303e-01,1.428571428571428492e-01,5.000000000000000000e-01,1.363636363636363535e-01,1.466666666666666674e-01,3.571428571428571508e-01,0.000000000000000000e+00,2.500000000000000000e-01,2.142857142857142738e-01,0.000000000000000000e+00,2.142857142857142738e-01,1.081081081081081141e-01,4.444444444444444198e-01,1.739130434782608647e-01,1.333333333333333315e-01,1.111111111111111049e-01,0.000000000000000000e+00,1.612903225806451568e-01,2.000000000000000111e-01,1.632653061224489666e-01,3.142857142857142794e-01,5.263157894736841813e-02,2.500000000000000000e-01,4.166666666666666852e-01,0.000000000000000000e+00,1.100000000000000006e-01,2.252252252252252285e-01,0.000000000000000000e+00,2.000000000000000111e-01,2.399999999999999911e-01,1.592920353982300863e-01,2.857142857142856984e-01,3.448275862068965747e-01,1.354166666666666574e-01,4.444444444444444198e-01,1.578947368421052544e-01,0.000000000000000000e+00,5.384615384615384359e-01,0.000000000000000000e+00,0.000000000000000000e+00,7.142857142857143016e-01,8.333333333333332871e-02,2.307692307692307820e-01,1.774193548387096864e-01,0.000000000000000000e+00,7.142857142857142461e-02,0.000000000000000000e+00,3.777777777777777679e-01,4.687500000000000000e-01,1.538461538461538547e-01,7.692307692307692735e-02,0.000000000000000000e+00,0.000000000000000000e+00,1.318681318681318715e-01,1.470588235294117696e-01,1.360000000000000098e-01,1.702127659574468044e-01,2.181818181818181712e-01,2.307692307692307820e-01,2.839506172839506015e-01,1.473684210526315652e-01,1.481481481481481399e-01,4.337349397590361533e-01,4.090909090909091161e-01,1.447368421052631637e-01,3.333333333333333148e-01,3.714285714285714413e-01,1.477272727272727348e-01,7.407407407407406996e-02,0.000000000000000000e+00,1.111111111111111049e-01,1.818181818181818232e-01,3.766233766233766378e-01,2.105263157894736725e-01,2.000000000000000111e-01,0.000000000000000000e+00,2.222222222222222099e-01,1.562500000000000000e-01,1.714285714285714302e-01,0.000000000000000000e+00,3.928571428571428492e-01,0.000000000000000000e+00,0.000000000000000000e+00,7.692307692307692735e-02,0.000000000000000000e+00,1.428571428571428492e-01,1.694915254237288060e-01,2.333333333333333370e-01,4.523809523809523836e-01,2.068965517241379282e-01,1.388888888888888951e-01,3.906250000000000000e-01,2.000000000000000111e-01,1.052631578947368363e-01,2.307692307692307820e-01,3.518518518518518601e-01,1.030927835051546337e-01,1.052631578947368363e-01,2.615384615384615530e-01,0.000000000000000000e+00,3.333333333333333148e-01,2.000000000000000111e-01,1.222222222222222182e-01,1.250000000000000000e-01,3.986013986013985932e-01,2.307692307692307820e-01,1.818181818181818232e-01,0.000000000000000000e+00,0.000000000000000000e+00,2.500000000000000000e-01,0.000000000000000000e+00,4.375000000000000000e-01,6.111111111111111605e-01,1.981981981981981999e-01,1.632653061224489666e-01,1.627906976744186163e-01,0.000000000000000000e+00,2.222222222222222099e-01,1.538461538461538547e-01,2.083333333333333426e-01,1.379310344827586188e-01,1.923076923076923184e-01,3.333333333333333148e-01,1.724137931034482873e-01,1.851851851851851749e-01,1.666666666666666574e-01,1.666666666666666574e-01,1.891891891891891997e-01,2.500000000000000000e-01,7.142857142857142461e-02,1.666666666666666574e-01,1.199999999999999956e-01,2.666666666666666630e-01,2.352941176470588203e-01,2.000000000000000111e-01,3.750000000000000000e-01,1.764705882352941291e-01,2.083333333333333426e-01,8.695652173913043237e-02
1.427247451343836848e-01,8.327868852459016646e-02,2.403846153846153910e-01,2.212041884816753901e-01,1.151515151515151575e-01,2.552693208430913407e-01,0.000000000000000000e+00,0.000000000000000000e+00,0.000000000000000000e+00,2.080536912751677903e-01,3.530303030303030276e-01,2.650130548302871980e-01,2.954545454545454697e-01,0.000000000000000000e+00,1.162227602905569063e-01,1.182432432432432429e-01,2.937780628608082090e-01,9.514563106796115888e-02,1.244019138755980830e-01,1.309523809523809590e-01,1.037234042553191460e-01,0.000000000000000000e+00,1.052631578947368363e-01,1.071176885130373513e-01,7.945205479452055464e-02,0.000000000000000000e+00,8.571428571428571508e-02,1.239669421487603340e-01,9.907997169143666072e-02,1.324041811846689842e-01,1.074380165289256228e-01,1.105826397146254525e-01,4.363001745200698056e-02,6.600153491941672390e-02,1.015339663988312630e-01,8.590492076730608939e-02,2.918181818181818099e-01,7.625272331154683836e-02,1.227436823104693098e-01,1.830065359477124065e-01,1.927083333333333426e-01,7.638888888888889506e-02,2.236842105263157909e-01,7.643312101910827716e-02,9.351145038167939239e-02,0.000000000000000000e+00,1.118618618618618665e-01,1.833333333333333204e-01,8.352941176470587981e-02,7.407407407407406996e-02,3.565153733528550473e-01,1.037344398340249024e-01,8.033826638477800652e-02,5.698005698005698116e-02,1.018181818181818216e-01,8.757961783439489889e-02,1.513513513513513598e-01,1.217105263157894773e-01,1.630901287553647994e-01,1.092896174863387942e-01,7.327586206896551102e-02,9.768829231916480171e-02,8.665269042627532503e-02,9.427609427609427717e-02,1.316455696202531722e-01,8.518518518518518323e-02,4.491413474240422976e-02,5.470085470085470081e-02,8.761329305135952261e-02,1.362586605080831348e-01,6.864161849710982699e-02,7.224958949096879635e-02,1.383265856950067485e-01,3.263888888888888951e-01,9.404990403071017413e-02,9.849086576648133362e-02,8.024691358024690913e-02,8.129720124389160085e-02,7.702702702702703130e-02,2.622950819672131284e-01,9.244791666666667129e-02,6.954887218045112396e-02,1.581081081081081030e-01,1.189873417721518944e-01,1.443167305236270626e-01,8.672086720867208665e-02,8.047210300429184782e-02,0.000000000000000000e+00,1.753031973539140032e-01,9.530201342281879873e-02,2.215909090909090884e-01,1.449631449631449687e-01,9.607843137254902521e-02,3.056300268096514561e-01,1.626984126984127033e-01,1.288288288288288175e-01,1.141060197663971293e-01,7.246376811594203160e-02,6.870229007633588125e-02,8.674928503336511165e-02,8.380952380952380598e-02,7.843137254901960675e-02,8.626760563380281299e-02,1.184834123222748836e-01,1.059850374064837952e-01,5.882352941176470507e-02,4.867256637168141525e-02,0.000000000000000000e+00,1.090573012939001912e-01,0.000000000000000000e+00,1.115241635687732324e-01,9.774820880245649324e-02,6.853582554517133330e-02,8.789514263685427320e-02,2.793522267206478005e-01,2.271293375394321801e-01,2.547008547008546842e-01,9.143968871595330172e-02,7.704402515723270117e-02,1.370143149284253625e-01,9.429280397022332671e-02,1.086780210867802077e-01,6.511627906976744096e-02,1.176833025261860705e-01,1.415929203539822989e-01,1.351063829787234050e-01,9.731876861966236303e-02,2.732502396931927313e-01,2.605210420841683194e-01,8.918918918918919414e-02,0.000000000000000000e+00,1.305732484076433109e-01,0.000000000000000000e+00,2.524271844660194164e-01,2.168246445497630237e-01,2.342995169082125739e-01,7.166123778501629071e-02,8.916728076639646172e-02,2.746913580246913567e-01,2.789539227895392326e-01,2.891891891891891775e-01,1.301652892561983577e-01,6.349206349206348854e-02,8.614232209737827939e-02,1.190476190476190410e-01,0.000000000000000000e+00,1.449999999999999900e-01,0.000000000000000000e+00,0.000000000000000000e+00,2.717271727172717033e-01,2.669270833333333148e-01,1.175869120654396693e-01,1.243523316062176143e-01,3.013182674199623157e-01,1.280258203335126466e-01,1.800518134715025920e-01,1.566707466340269139e-01,2.685185185185185452e-01,7.534246575342465335e-02,1.261261261261261146e-01,2.827282728272827450e-01,2.475633528265107075e-01,1.226890756302520952e-01,1.188284518828451874e-01,1.014851485148514920e-01,0.000000000000000000e+00,6.722689075630251809e-02,0.000000000000000000e+00,9.807355516637478177e-02,8.841463414634145868e-02,9.539052496798976211e-02,0.000000000000000000e+00,0.000000000000000000e+00,3.333333333333333287e-02,1.684665226781857372e-01,2.874015748031495954e-01,1.086261980830670881e-01,9.192944949225013984e-02,1.370967741935483764e-01,8.934169278996864638e-02,1.250000000000000000e-01,1.142857142857142821e-01,2.629543696829079735e-01,1.621621621621621712e-01,7.968127490039840499e-02,2.972292191435768061e-01,6.666666666666666574e-02,0.000000000000000000e+00,9.359605911330048933e-02,1.200923787528868358e-01,0.000000000000000000e+00,8.809020436927413045e-02,8.189655172413792816e-02,6.425702811244979329e-02,9.544787077826726029e-02,7.472959685349066239e-02,8.000000000000000167e-02,0.000000000000000000e+00,1.178396072013093293e-01,1.291759465478841962e-01,8.837209302325581273e-02,8.704883227176220262e-02,3.271334792122538304e-01,1.142857142857142821e-01,2.906976744186046679e-01,3.028846153846153633e-01,2.468965517241379359e-01,8.354271356783919689e-02,0.000000000000000000e+00,1.042944785276073566e-01,1.609498680738786214e-01,1.134215500945179589e-01,8.333333333333332871e-02,1.120507399577167079e-01,2.717007762879322663e-01,7.818930041152263866e-02,8.171206225680933966e-02,0.000000000000000000e+00,2.970297029702970160e-02,0.000000000000000000e+00,0.000000000000000000e+00,5.109489051094890516e-02,2.019704433497536977e-01,1.488372093023255793e-01,1.047700170357751259e-01,0.000000000000000000e+00,2.892938496583143393e-01,0.000000000000000000e+00,7.521489971346705106e-02,8.085106382978723971e-02,7.563025210084033112e-02,1.433224755700325814e-01,0.000000000000000000e+00,0.000000000000000000e+00,1.252383979656706836e-01,1.075514874141876437e-01,1.382222222222222185e-01,6.086044071353620410e-02,1.678321678321678390e-01,8.261617900172117668e-02,1.037383177570093407e-01,1.113662456946039048e-01,1.650211565585331386e-01,7.713310580204778277e-02,8.965517241379310220e-02,2.775974025974026205e-01,1.420765027322404284e-01,1.452859350850077280e-01,1.156979902227050494e-01,1.115973741794310664e-01,0.000000000000000000e+00,1.609756097560975652e-01,1.079812206572769995e-01,1.044176706827309176e-01,1.031175059952038342e-01,8.846153846153846645e-02,0.000000000000000000e+00,7.361963190184049599e-02,2.770193401592718763e-01,1.046658259773013827e-01,0.000000000000000000e+00,7.255520504731861886e-02,0.000000000000000000e+00,0.000000000000000000e+00,1.078431372549019662e-01,0.000000000000000000e+00,6.340057636887608261e-02,8.371246587807097683e-02,5.749128919860627129e-02,7.681365576102418269e-02,9.387755102040816479e-02,1.025641025641025605e-01,8.481675392670157132e-02,8.477508650519030575e-02,1.699604743083003855e-01,1.316455696202531722e-01,1.106418918918918859e-01,2.427930813581037905e-01,1.380065717415115134e-01,9.140767824497257610e-02,0.000000000000000000e+00,5.228758169934640682e-02,2.642276422764227584e-01,1.891891891891891997e-01,1.302170283806343976e-01,1.040118870728083261e-01,1.111111111111111049e-01,9.001956947162426115e-02,8.982035928143712600e-02,0.000000000000000000e+00,3.875968992248061962e-02,0.000000000000000000e+00,8.423586040914560202e-02,9.547738693467336391e-02,1.166077738515901019e-01,1.103400416377515597e-01,9.021113243761996747e-02,0.000000000000000000e+00,1.038461538461538519e-01,8.039492242595204508e-02,1.367781155015197481e-01,1.162790697674418589e-01,1.194444444444444503e-01,1.625344352617079935e-01,1.333333333333333315e-01,1.256983240223463749e-01,1.441647597254004654e-01,8.806818181818182323e-02,1.012987012987013047e-01,1.294416243654822329e-01,1.179487179487179460e-01,9.701492537313433084e-02,1.148459383753501345e-01,1.501210653753026758e-01,1.032745591939546598e-01,1.246819338422391898e-01,1.416893732970027353e-01,1.211267605633802869e-01,1.031518624641833831e-01,1.171662125340599409e-01
4.782608695652174058e-01,2.500000000000000000e-01,4.000000000000000222e-01,2.580645161290322509e-01,3.571428571428571508e-01,1.666666666666666574e-01,0.000000000000000000e+00,0.000000000000000000e+00,0.000000000000000000e+00,5.555555555555555802e-01,3.888888888888888951e-01,3.888888888888888951e-01,2.000000000000000111e-01,0.000000000000000000e+00,3.333333333333333148e-01,2.857142857142856984e-01,2.222222222222222099e-01,3.137254901960784270e-01,5.000000000000000000e-01,0.000000000000000000e+00,3.636363636363636465e-01,0.000000000000000000e+00,2.307692307692307820e-01,2.037037037037036924e-01,2.307692307692307820e-01,0.000000000000000000e+00,1.666666666666666574e-01,7.083333333333333703e-01,2.068965517241379282e-01,5.102040816326530726e-01,2.000000000000000111e-01,2.142857142857142738e-01,6.086956521739130821e-01,2.142857142857142738e-01,3.111111111111111160e-01,3.076923076923077094e-01,1.724137931034482873e-01,2.307692307692307820e-01,2.631578947368420907e-01,5.737704918032786594e-01,3.333333333333333148e-01,5.384615384615384359e-01,2.307692307692307820e-01,1.818181818181818232e-01,9.090909090909091161e-02,0.000000000000000000e+00,3.400000000000000244e-01,1.111111111111111049e-01,1.587301587301587213e-01,2.000000000000000111e-01,3.636363636363636465e-01,7.692307692307692735e-01,1.666666666666666574e-01,2.999999999999999889e-01,4.615384615384615641e-01,4.666666666666666741e-01,2.500000000000000000e-01,5.000000000000000000e-01,4.375000000000000000e-01,8.076923076923077094e-01,3.333333333333333148e-01,2.352941176470588203e-01,2.200000000000000011e-01,6.250000000000000000e-01,5.322580645161290036e-01,8.333333333333332871e-02,1.818181818181818232e-01,3.529411764705882582e-01,1.111111111111111049e-01,0.000000000000000000e+00,2.666666666666666630e-01,2.692307692307692180e-01,5.119047619047618625e-01,3.225806451612903136e-01,2.727272727272727071e-01,2.413793103448275967e-01,2.500000000000000000e-01,2.000000000000000111e-01,7.692307692307692735e-02,5.227272727272727071e-01,2.857142857142856984e-01,2.000000000000000111e-01,2.999999999999999889e-01,7.692307692307692735e-01,3.333333333333333148e-01,2.500000000000000000e-01,1.521739130434782705e-01,0.000000000000000000e+00,4.242424242424242542e-01,3.928571428571428492e-01,3.043478260869565410e-01,7.692307692307692735e-02,2.894736842105263275e-01,3.125000000000000000e-01,2.727272727272727071e-01,2.500000000000000000e-01,1.551724137931034531e-01,5.000000000000000000e-01,1.666666666666666574e-01,2.564102564102563875e-01,3.142857142857142794e-01,1.612903225806451568e-01,9.523809523809523281e-02,2.800000000000000266e-01,2.419354838709677491e-01,0.000000000000000000e+00,0.000000000000000000e+00,0.000000000000000000e+00,5.384615384615384359e-01,0.000000000000000000e+00,6.666666666666666297e-01,2.650602409638554424e-01,2.380952380952380820e-01,2.075471698113207641e-01,2.857142857142856984e-01,3.333333333333333148e-01,3.076923076923077094e-01,2.769230769230769384e-01,3.076923076923077094e-01,5.802469135802469369e-01,3.448275862068965747e-01,3.181818181818181768e-01,2.999999999999999889e-01,5.058823529411764497e-01,4.615384615384615641e-01,5.555555555555555802e-01,2.777777777777777901e-01,2.758620689655172376e-01,2.291666666666666574e-01,7.142857142857143016e-01,0.000000000000000000e+00,3.333333333333333148e-01,0.000000000000000000e+00,3.148148148148148251e-01,2.999999999999999889e-01,6.666666666666666297e-01,1.666666666666666574e-01,2.459016393442622905e-01,2.500000000000000000e-01,2.800000000000000266e-01,2.222222222222222099e-01,6.140350877192982670e-01,3.125000000000000000e-01,1.818181818181818232e-01,6.666666666666666297e-01,0.000000000000000000e+00,8.333333333333333703e-01,0.000000000000000000e+00,0.000000000000000000e+00,2.777777777777777901e-01,3.658536585365853577e-01,5.666666666666666519e-01,5.384615384615384359e-01,4.000000000000000222e-01,2.622950819672131284e-01,3.333333333333333148e-01,3.666666666666666408e-01,5.000000000000000000e-01,2.222222222222222099e-01,4.482758620689655249e-01,3.225806451612903136e-01,2.857142857142856984e-01,2.999999999999999889e-01,5.357142857142856984e-01,0.000000000000000000e+00,0.000000000000000000e+00,6.363636363636363535e-01,0.000000000000000000e+00,5.999999999999999778e-01,5.000000000000000000e-01,3.098591549295774406e-01,0.000000000000000000e+00,0.000000000000000000e+00,6.250000000000000000e-01,5.999999999999999778e-01,5.454545454545454142e-01,2.291666666666666574e-01,2.982456140350877027e-01,4.000000000000000222e-01,1.956521739130434867e-01,2.000000000000000111e-01,7.500000000000000000e-01,1.333333333333333315e-01,0.000000000000000000e+00,0.000000000000000000e+00,2.000000000000000111e-01,4.000000000000000222e-01,0.000000000000000000e+00,4.285714285714285476e-01,7.500000000000000000e-01,0.000000000000000000e+00,1.754385964912280604e-01,3.437500000000000000e-01,1.818181818181818232e-01,2.500000000000000000e-01,4.444444444444444198e-01,1.428571428571428492e-01,0.000000000000000000e+00,7.142857142857143016e-01,6.363636363636363535e-01,2.894736842105263275e-01,1.428571428571428492e-01,5.714285714285713969e-01,5.142857142857142350e-01,4.000000000000000222e-01,1.428571428571428492e-01,4.642857142857143016e-01,1.147540983606557402e-01,0.000000000000000000e+00,5.357142857142856984e-01,2.727272727272727071e-01,1.206896551724137984e-01,1.000000000000000056e-01,4.666666666666666741e-01,4.000000000000000222e-01,1.666666666666666574e-01,2.916666666666666852e-01,0.000000000000000000e+00,0.000000000000000000e+00,0.000000000000000000e+00,0.000000000000000000e+00,4.000000000000000222e-01,5.882352941176470507e-02,2.500000000000000000e-01,2.333333333333333370e-01,0.000000000000000000e+00,3.333333333333333148e-01,0.000000000000000000e+00,2.702702702702702853e-01,6.666666666666666574e-02,4.000000000000000222e-01,3.076923076923077094e-01,0.000000000000000000e+00,0.000000000000000000e+00,7.951807228915662717e-01,2.142857142857142738e-01,6.216216216216216006e-01,2.962962962962962798e-01,2.999999999999999889e-01,2.857142857142856984e-01,2.765957446808510745e-01,2.191780821917808098e-01,4.096385542168674565e-01,1.176470588235294101e-01,2.500000000000000000e-01,3.448275862068965747e-01,5.263157894736841813e-01,7.692307692307692735e-02,6.181818181818181657e-01,3.720930232558139483e-01,0.000000000000000000e+00,2.500000000000000000e-01,2.857142857142856984e-01,3.461538461538461453e-01,6.250000000000000000e-01,1.666666666666666574e-01,0.000000000000000000e+00,6.250000000000000000e-02,3.750000000000000000e-01,2.307692307692307820e-01,0.000000000000000000e+00,2.000000000000000111e-01,0.000000000000000000e+00,0.000000000000000000e+00,0.000000000000000000e+00,0.000000000000000000e+00,0.000000000000000000e+00,2.222222222222222099e-01,2.666666666666666630e-01,4.000000000000000222e-01,3.225806451612903136e-01,2.702702702702702853e-01,2.000000000000000111e-01,3.529411764705882582e-01,1.499999999999999944e-01,2.857142857142856984e-01,2.500000000000000000e-01,2.807017543859648967e-01,5.897435897435897578e-01,2.558139534883721034e-01,0.000000000000000000e+00,7.500000000000000000e-01,3.333333333333333148e-01,5.333333333333333259e-01,4.400000000000000022e-01,1.355932203389830504e-01,2.142857142857142738e-01,1.333333333333333315e-01,3.333333333333333148e-01,0.000000000000000000e+00,0.000000000000000000e+00,0.000000000000000000e+00,1.428571428571428492e-01,0.000000000000000000e+00,5.999999999999999778e-01,2.950819672131147486e-01,2.343750000000000000e-01,0.000000000000000000e+00,1.111111111111111049e-01,1.739130434782608647e-01,3.636363636363636465e-01,3.913043478260869734e-01,3.888888888888888951e-01,6.428571428571429047e-01,5.000000000000000000e-01,1.428571428571428492e-01,2.857142857142856984e-01,3.157894736842105088e-01,3.157894736842105088e-01,2.500000000000000000e-01,4.444444444444444198e-01,3.333333333333333148e-01,4.210526315789473450e-01,9.090909090909091161e-02,3.599999999999999867e-01,2.142857142857142738e-01,2.727272727272727071e-01,5.333333333333333259e-01,3.333333333333333148e-01,2.500000000000000000e-01
1.071428571428571369e-01,1.333333333333333315e-01,1.000000000000000056e-01,6.338028169014084390e-02,1.344537815126050362e-01,9.459459459459459985e-02,0.000000000000000000e+00,0.000000000000000000e+00,0.000000000000000000e+00,1.333333333333333315e-01,1.023622047244094474e-01,1.124260355029585851e-01,2.000000000000000111e-01,0.000000000000000000e+00,1.682242990654205517e-01,1.129032258064516098e-01,1.000000000000000056e-01,9.166666666666666019e-02,1.111111111111111049e-01,1.666666666666666574e-01,1.358024691358024616e-01,0.000000000000000000e+00,8.923076923076922462e-02,9.589041095890410427e-02,1.282051282051281937e-01,0.000000000000000000e+00,4.375000000000000000e-01,9.333333333333333759e-02,1.424242424242424254e-01,1.338289962825278678e-01,8.695652173913043237e-02,1.148325358851674666e-01,1.044776119402985037e-01,4.397394136807817322e-01,1.250000000000000000e-01,1.677631578947368363e-01,6.666666666666666574e-02,4.724770642201834847e-01,1.311475409836065642e-01,9.931506849315067942e-02,1.000000000000000056e-01,1.264367816091954144e-01,1.388888888888888951e-01,4.223918575063613234e-01,3.740458015267175695e-01,0.000000000000000000e+00,1.624203821656050872e-01,1.499999999999999944e-01,3.433583959899749183e-01,1.052631578947368363e-01,1.011673151750972777e-01,6.976744186046511531e-02,4.098360655737705027e-01,1.758241758241758379e-01,2.000000000000000111e-01,1.092436974789915971e-01,2.083333333333333426e-01,2.258064516129032195e-01,1.565217391304347949e-01,1.343283582089552231e-01,2.033898305084745894e-01,9.708737864077669755e-02,8.250825082508250752e-02,4.761904761904761640e-02,1.076923076923076983e-01,1.935483870967741882e-01,3.333333333333333148e-01,2.000000000000000111e-01,2.285714285714285643e-01,3.827160493827160281e-01,3.742331288343558326e-01,4.495412844036697497e-01,1.210374639769452448e-01,8.441558441558441594e-02,1.620370370370370350e-01,1.212121212121212155e-01,3.571428571428571508e-01,3.736730360934182316e-01,7.865168539325842478e-02,7.053941908713692865e-02,1.040268456375838951e-01,1.282051282051281937e-01,1.717791411042944860e-01,7.865168539325842478e-02,1.158536585365853716e-01,1.558441558441558406e-01,2.009132420091324089e-01,0.000000000000000000e+00,1.318681318681318715e-01,2.391304347826087029e-01,1.322314049586776896e-01,1.136363636363636326e-01,7.594936708860759722e-02,9.677419354838709409e-02,1.914893617021276584e-01,6.854838709677418818e-02,1.245136186770428033e-01,4.812030075187969658e-01,5.164835164835165360e-01,1.169354838709677352e-01,3.230769230769230949e-01,3.492063492063491870e-01,4.087591240875912413e-01,1.114864864864864857e-01,1.329479768786127059e-01,1.612903225806451568e-01,3.103448275862069061e-01,0.000000000000000000e+00,1.779661016949152519e-01,0.000000000000000000e+00,1.707317073170731836e-01,3.134328358208955390e-01,1.153846153846153910e-01,1.282051282051281937e-01,1.220930232558139483e-01,9.701492537313433084e-02,1.259842519685039353e-01,2.972292191435768061e-01,1.218274111675126947e-01,9.701492537313433084e-02,1.116751269035533012e-01,1.438848920863309289e-01,4.509803921568627527e-01,1.051136363636363674e-01,9.433962264150944077e-02,1.111111111111111049e-01,1.826923076923076816e-01,1.124031007751938038e-01,1.140939597315436260e-01,9.589041095890410427e-02,0.000000000000000000e+00,1.694915254237288060e-01,0.000000000000000000e+00,1.137931034482758674e-01,1.444759206798866824e-01,1.052631578947368363e-01,1.111111111111111049e-01,1.304347826086956486e-01,1.587301587301587213e-01,1.062499999999999972e-01,1.199999999999999956e-01,1.349480968858131624e-01,1.617647058823529493e-01,1.759999999999999898e-01,1.052631578947368363e-01,0.000000000000000000e+00,9.523809523809523281e-02,0.000000000000000000e+00,0.000000000000000000e+00,8.205128205128205121e-02,1.094890510948905160e-01,1.182266009852216693e-01,1.372549019607843257e-01,1.348314606741572996e-01,1.683168316831683275e-01,1.688311688311688319e-01,8.771929824561403022e-02,9.259259259259258745e-02,2.285714285714285643e-01,2.327044025157232743e-01,9.693877551020407823e-02,1.909090909090909172e-01,1.339285714285714246e-01,9.920634920634920084e-02,1.122448979591836732e-01,0.000000000000000000e+00,1.265822784810126667e-01,0.000000000000000000e+00,1.452991452991453103e-01,8.955223880597014408e-02,2.180451127819548751e-01,0.000000000000000000e+00,0.000000000000000000e+00,9.756097560975610095e-02,7.058823529411764608e-02,1.406250000000000000e-01,3.879003558718860933e-01,1.061320754716981174e-01,1.525423728813559421e-01,1.864406779661016977e-01,1.250000000000000000e-01,9.302325581395348708e-02,9.420289855072463969e-02,2.750000000000000222e-01,1.384615384615384692e-01,1.297468354430379722e-01,5.070422535211267512e-01,0.000000000000000000e+00,8.510638297872340219e-02,1.666666666666666574e-01,0.000000000000000000e+00,3.649025069637882868e-01,3.185840707964601726e-01,5.555555555555555802e-01,1.223404255319148898e-01,8.755760368663594029e-02,4.607843137254901689e-01,0.000000000000000000e+00,1.308411214953270896e-01,1.375000000000000111e-01,3.209302325581395166e-01,2.359550561797752743e-01,4.812834224598930288e-02,1.733333333333333393e-01,2.187500000000000000e-01,1.186440677966101725e-01,1.067961165048543631e-01,3.352272727272727071e-01,0.000000000000000000e+00,1.188811188811188801e-01,1.797752808988763995e-01,2.303664921465968518e-01,4.307692307692307931e-01,1.666666666666666574e-01,1.369426751592356661e-01,5.454545454545454281e-02,1.261682242990654068e-01,0.000000000000000000e+00,3.170731707317073211e-01,0.000000000000000000e+00,0.000000000000000000e+00,2.972972972972973138e-01,3.305084745762711940e-01,2.692307692307692180e-01,8.695652173913043237e-02,0.000000000000000000e+00,1.566265060240963902e-01,0.000000000000000000e+00,1.299638989169674963e-01,1.388888888888888951e-01,8.450704225352112520e-02,1.111111111111111049e-01,0.000000000000000000e+00,0.000000000000000000e+00,1.474926253687315614e-01,1.643835616438356073e-01,1.129807692307692318e-01,2.711111111111111360e-01,1.342105263157894746e-01,1.496598639455782309e-01,1.365461847389558281e-01,1.143617021276595730e-01,1.118644067796610159e-01,1.627218934911242587e-01,1.754385964912280604e-01,1.254752851711026518e-01,1.475409836065573743e-01,1.259259259259259134e-01,1.378378378378378455e-01,9.132420091324200406e-02,0.000000000000000000e+00,7.142857142857142461e-02,1.351351351351351426e-01,1.400966183574879342e-01,1.566265060240963902e-01,2.758620689655172376e-01,0.000000000000000000e+00,1.092436974789915971e-01,1.280653950953678510e-01,3.324396782841823050e-01,0.000000000000000000e+00,1.449275362318840632e-01,0.000000000000000000e+00,0.000000000000000000e+00,0.000000000000000000e+00,0.000000000000000000e+00,4.054054054054054279e-01,3.913043478260869734e-01,1.847826086956521618e-01,2.787878787878788067e-01,3.867187500000000000e-01,1.132812500000000000e-01,9.813084112149532412e-02,8.794788273615634921e-02,2.733333333333333171e-01,1.505376344086021556e-01,1.195219123505976144e-01,1.087613293051359481e-01,1.160220994475138073e-01,1.068376068376068327e-01,0.000000000000000000e+00,2.068965517241379282e-01,9.090909090909091161e-02,7.871720116618076413e-02,1.085271317829457349e-01,1.296296296296296224e-01,4.600000000000000200e-01,3.636363636363636465e-01,4.358974358974359031e-01,0.000000000000000000e+00,4.516129032258064391e-01,0.000000000000000000e+00,2.248520710059171701e-01,1.176470588235294101e-01,6.703910614525139533e-02,9.814323607427055673e-02,2.289473684210526216e-01,0.000000000000000000e+00,1.607142857142857262e-01,2.352941176470588203e-01,1.739130434782608647e-01,2.173913043478260809e-01,1.132075471698113234e-01,1.195652173913043514e-01,1.780821917808219079e-01,2.258064516129032195e-01,1.882352941176470562e-01,1.604938271604938183e-01,2.374999999999999889e-01,1.875000000000000000e-01,1.235955056179775247e-01,1.022727272727272790e-01,2.272727272727272652e-01,1.518987341772151944e-01,2.476190476190476275e-01,1.927710843373494076e-01,2.250000000000000056e-01,2.142857142857142738e-01,1.395348837209302306e-01,1.931818181818181768e-01
5.000000000000000000e-01,8.709677419354838745e-01,6.250000000000000000e-01,5.238095238095238360e-01,3.529411764705882582e-01,4.615384615384615641e-01,0.000000000000000000e+00,0.000000000000000000e+00,0.000000000000000000e+00,1.428571428571428492e-01,4.000000000000000222e-01,6.190476190476190688e-01,5.999999999999999778e-01,0.000000000000000000e+00,5.769230769230768718e-01,7.142857142857143016e-01,4.500000000000000111e-01,3.833333333333333592e-01,7.500000000000000000e-01,7.500000000000000000e-01,5.555555555555555802e-01,0.000000000000000000e+00,3.658536585365853577e-01,4.680851063829787329e-01,9.333333333333333481e-01,0.000000000000000000e+00,5.555555555555555802e-01,6.250000000000000000e-01,9.411764705882352811e-01,5.102040816326530726e-01,5.999999999999999778e-01,4.358974358974359031e-01,8.461538461538461453e-01,5.217391304347825942e-01,3.725490196078431460e-01,8.421052631578946901e-01,4.814814814814814548e-01,5.416666666666666297e-01,5.000000000000000000e-01,4.705882352941176405e-01,3.333333333333333148e-01,6.764705882352941568e-01,3.846153846153846367e-01,3.571428571428571508e-01,4.000000000000000222e-01,0.000000000000000000e+00,9.019607843137255054e-01,6.250000000000000000e-01,4.363636363636363424e-01,1.000000000000000000e+00,3.888888888888888951e-01,5.000000000000000000e-01,5.000000000000000000e-01,1.000000000000000000e+00,5.714285714285713969e-01,5.384615384615384359e-01,5.000000000000000000e-01,3.846153846153846367e-01,5.384615384615384359e-01,4.642857142857143016e-01,1.000000000000000000e+00,4.772727272727272929e-01,5.208333333333333703e-01,4.615384615384615641e-01,5.652173913043477826e-01,1.000000000000000000e+00,8.399999999999999689e-01,9.259259259259259300e-01,7.058823529411765163e-01,5.000000000000000000e-01,5.777777777777777235e-01,7.142857142857143016e-01,4.600000000000000200e-01,2.903225806451613100e-01,4.545454545454545303e-01,9.459459459459459429e-01,2.500000000000000000e-01,6.101694915254237683e-01,8.125000000000000000e-01,3.809523809523809312e-01,4.117647058823529216e-01,6.842105263157894912e-01,4.545454545454545303e-01,5.454545454545454142e-01,5.454545454545454142e-01,8.888888888888888395e-01,8.333333333333333703e-01,0.000000000000000000e+00,3.043478260869565410e-01,4.000000000000000222e-01,2.500000000000000000e-01,8.333333333333333703e-01,5.121951219512195230e-01,5.116279069767442067e-01,1.000000000000000000e+00,5.128205128205127750e-01,5.294117647058823595e-01,7.333333333333332815e-01,4.444444444444444198e-01,4.324324324324324564e-01,3.783783783783783994e-01,7.500000000000000000e-01,6.250000000000000000e-01,9.599999999999999645e-01,7.894736842105263275e-01,1.000000000000000000e+00,0.000000000000000000e+00,0.000000000000000000e+00,5.999999999999999778e-01,0.000000000000000000e+00,6.250000000000000000e-01,3.442622950819672067e-01,9.583333333333333703e-01,8.979591836734693855e-01,4.736842105263157632e-01,8.214285714285713969e-01,4.285714285714285476e-01,5.254237288135593653e-01,6.363636363636363535e-01,4.578313253012047945e-01,4.642857142857143016e-01,9.655172413793103869e-01,7.500000000000000000e-01,4.000000000000000222e-01,6.666666666666666297e-01,5.000000000000000000e-01,9.111111111111110938e-01,3.750000000000000000e-01,4.523809523809523836e-01,4.000000000000000222e-01,0.000000000000000000e+00,6.666666666666666297e-01,0.000000000000000000e+00,5.227272727272727071e-01,4.909090909090909061e-01,6.666666666666666297e-01,9.375000000000000000e-01,9.000000000000000222e-01,0.000000000000000000e+00,5.384615384615384359e-01,5.000000000000000000e-01,6.388888888888888395e-01,9.285714285714286031e-01,9.411764705882352811e-01,4.000000000000000222e-01,0.000000000000000000e+00,1.666666666666666574e-01,0.000000000000000000e+00,0.000000000000000000e+00,3.333333333333333148e-01,5.675675675675675436e-01,5.434782608695651884e-01,5.999999999999999778e-01,6.250000000000000000e-01,5.645161290322581182e-01,5.625000000000000000e-01,4.642857142857143016e-01,6.666666666666666297e-01,2.500000000000000000e-01,5.652173913043477826e-01,2.592592592592592449e-01,5.833333333333333703e-01,5.714285714285713969e-01,3.947368421052631637e-01,6.923076923076922906e-01,0.000000000000000000e+00,7.857142857142856984e-01,0.000000000000000000e+00,5.789473684210526550e-01,5.555555555555555802e-01,5.581395348837209225e-01,0.000000000000000000e+00,0.000000000000000000e+00,6.666666666666666297e-01,4.000000000000000222e-01,5.000000000000000000e-01,5.192307692307692735e-01,5.396825396825396526e-01,1.666666666666666574e-01,9.444444444444444198e-01,3.333333333333333148e-01,1.000000000000000000e+00,5.937500000000000000e-01,1.000000000000000000e+00,4.000000000000000222e-01,3.478260869565217295e-01,5.999999999999999778e-01,0.000000000000000000e+00,2.857142857142856984e-01,5.555555555555555802e-01,0.000000000000000000e+00,5.555555555555555802e-01,5.416666666666666297e-01,2.000000000000000111e-01,5.600000000000000533e-01,2.926829268292682751e-01,4.347826086956521618e-01,0.000000000000000000e+00,6.153846153846154188e-01,4.545454545454545303e-01,6.296296296296296502e-01,6.666666666666666297e-01,4.500000000000000111e-01,5.000000000000000000e-01,5.000000000000000000e-01,3.333333333333333148e-01,4.375000000000000000e-01,6.034482758620689502e-01,0.000000000000000000e+00,6.296296296296296502e-01,5.384615384615384359e-01,6.250000000000000000e-01,4.000000000000000222e-01,6.666666666666666297e-01,4.680851063829787329e-01,5.000000000000000000e-01,4.615384615384615641e-01,0.000000000000000000e+00,7.777777777777777901e-01,0.000000000000000000e+00,0.000000000000000000e+00,1.000000000000000000e+00,3.125000000000000000e-01,3.333333333333333148e-01,3.636363636363636465e-01,0.000000000000000000e+00,2.999999999999999889e-01,0.000000000000000000e+00,9.459459459459459429e-01,9.230769230769231282e-01,2.500000000000000000e-01,3.333333333333333148e-01,0.000000000000000000e+00,0.000000000000000000e+00,5.909090909090909394e-01,3.636363636363636465e-01,5.423728813559322015e-01,2.727272727272727071e-01,6.349206349206348854e-01,5.714285714285713969e-01,6.818181818181817677e-01,3.833333333333333592e-01,4.000000000000000222e-01,9.183673469387755306e-01,1.000000000000000000e+00,4.166666666666666852e-01,3.846153846153846367e-01,7.083333333333333703e-01,5.400000000000000355e-01,5.757575757575758013e-01,0.000000000000000000e+00,6.250000000000000000e-01,5.000000000000000000e-01,9.534883720930232842e-01,3.636363636363636465e-01,6.923076923076922906e-01,0.000000000000000000e+00,5.555555555555555802e-01,4.285714285714285476e-01,5.272727272727272263e-01,0.000000000000000000e+00,8.571428571428570953e-01,0.000000000000000000e+00,0.000000000000000000e+00,5.714285714285713969e-01,0.000000000000000000e+00,4.444444444444444198e-01,4.375000000000000000e-01,9.499999999999999556e-01,6.551724137931034253e-01,5.312500000000000000e-01,4.791666666666666852e-01,8.888888888888888395e-01,5.869565217391304879e-01,4.761904761904761640e-01,5.333333333333333259e-01,8.431372549019607865e-01,5.319148936170212671e-01,5.999999999999999778e-01,3.666666666666666408e-01,0.000000000000000000e+00,1.000000000000000000e+00,2.000000000000000111e-01,4.166666666666666852e-01,5.333333333333333259e-01,8.823529411764705621e-01,5.833333333333333703e-01,6.111111111111111605e-01,5.000000000000000000e-01,0.000000000000000000e+00,4.000000000000000222e-01,0.000000000000000000e+00,9.714285714285714191e-01,7.500000000000000000e-01,4.084507042253521236e-01,4.262295081967212851e-01,5.333333333333333259e-01,0.000000000000000000e+00,4.000000000000000222e-01,5.217391304347825942e-01,4.285714285714285476e-01,6.111111111111111605e-01,4.285714285714285476e-01,3.750000000000000000e-01,4.545454545454545303e-01,7.647058823529411242e-01,3.684210526315789269e-01,6.363636363636363535e-01,6.153846153846154188e-01,4.666666666666666741e-01,7.500000000000000000e-01,7.857142857142856984e-01,8.125000000000000000e-01,7.222222222222222099e-01,7.500000000000000000e-01,2.666666666666666630e-01,6.875000000000000000e-01,4.615384615384615641e-01,5.000000000000000000e-01,7.619047619047618625e-01
9.565217391304348116e-01,5.999999999999999778e-01,6.666666666666666297e-01,5.500000000000000444e-01,4.000000000000000222e-01,1.666666666666666574e-01,0.000000000000000000e+00,0.000000000000000000e+00,0.000000000000000000e+00,5.000000000000000000e-01,8.571428571428570953e-01,6.153846153846154188e-01,1.000000000000000000e+00,0.000000000000000000e+00,6.428571428571429047e-01,5.555555555555555802e-01,4.375000000000000000e-01,5.600000000000000533e-01,6.666666666666666297e-01,0.000000000000000000e+00,6.999999999999999556e-01,0.000000000000000000e+00,2.800000000000000266e-01,4.249999999999999889e-01,4.285714285714285476e-01,0.000000000000000000e+00,1.428571428571428492e-01,1.000000000000000000e+00,3.191489361702127825e-01,7.708333333333333703e-01,1.000000000000000000e+00,6.086956521739130821e-01,8.333333333333333703e-01,4.375000000000000000e-01,3.846153846153846367e-01,5.849056603773584717e-01,3.478260869565217295e-01,3.333333333333333148e-01,5.000000000000000000e-01,8.596491228070175517e-01,7.500000000000000000e-01,7.142857142857143016e-01,5.999999999999999778e-01,2.363636363636363591e-01,3.043478260869565410e-01,0.000000000000000000e+00,5.471698113207547065e-01,6.666666666666666297e-01,3.658536585365853577e-01,5.714285714285713969e-01,6.111111111111111605e-01,7.500000000000000000e-01,1.250000000000000000e-01,7.142857142857143016e-01,8.571428571428570953e-01,5.454545454545454142e-01,7.857142857142856984e-01,5.000000000000000000e-01,8.076923076923077094e-01,8.387096774193548709e-01,7.500000000000000000e-01,4.400000000000000022e-01,4.210526315789473450e-01,4.000000000000000222e-01,8.727272727272726849e-01,5.294117647058823595e-01,2.000000000000000111e-01,5.500000000000000444e-01,7.142857142857143016e-01,2.857142857142856984e-01,2.857142857142856984e-01,3.888888888888888951e-01,7.424242424242424310e-01,7.333333333333332815e-01,6.956521739130434590e-01,5.128205128205127750e-01,3.333333333333333148e-01,5.263157894736841813e-01,2.307692307692307820e-01,9.090909090909090606e-01,4.687500000000000000e-01,6.923076923076922906e-01,5.263157894736841813e-01,7.777777777777777901e-01,6.400000000000000133e-01,7.692307692307692735e-01,4.117647058823529216e-01,0.000000000000000000e+00,7.826086956521739468e-01,6.923076923076922906e-01,6.428571428571429047e-01,7.272727272727272929e-01,5.000000000000000000e-01,5.161290322580645018e-01,4.285714285714285476e-01,4.062500000000000000e-01,5.500000000000000444e-01,5.000000000000000000e-01,3.750000000000000000e-01,4.324324324324324564e-01,5.000000000000000000e-01,4.285714285714285476e-01,2.666666666666666630e-01,5.348837209302325091e-01,4.444444444444444198e-01,8.000000000000000444e-01,3.333333333333333148e-01,0.000000000000000000e+00,9.411764705882352811e-01,0.000000000000000000e+00,6.666666666666666297e-01,3.846153846153846367e-01,4.545454545454545303e-01,5.227272727272727071e-01,5.500000000000000444e-01,5.000000000000000000e-01,4.545454545454545303e-01,5.490196078431373028e-01,5.600000000000000533e-01,8.125000000000000000e-01,5.172413793103448620e-01,5.227272727272727071e-01,4.000000000000000222e-01,7.681159420289854767e-01,7.692307692307692735e-01,8.529411764705882026e-01,4.736842105263157632e-01,5.526315789473684736e-01,5.294117647058823595e-01,8.750000000000000000e-01,0.000000000000000000e+00,5.454545454545454142e-01,0.000000000000000000e+00,4.871794871794871695e-01,4.705882352941176405e-01,5.454545454545454142e-01,2.857142857142856984e-01,4.081632653061224580e-01,6.250000000000000000e-01,5.000000000000000000e-01,6.666666666666666297e-01,8.780487804878048808e-01,3.333333333333333148e-01,5.333333333333333259e-01,8.571428571428570953e-01,0.000000000000000000e+00,7.777777777777777901e-01,0.000000000000000000e+00,0.000000000000000000e+00,6.086956521739130821e-01,6.153846153846154188e-01,8.214285714285713969e-01,3.750000000000000000e-01,5.999999999999999778e-01,5.500000000000000444e-01,6.111111111111111605e-01,4.736842105263157632e-01,5.000000000000000000e-01,4.000000000000000222e-01,4.375000000000000000e-01,7.307692307692307265e-01,6.666666666666666297e-01,6.190476190476190688e-01,9.000000000000000222e-01,3.333333333333333148e-01,0.000000000000000000e+00,6.666666666666666297e-01,0.000000000000000000e+00,9.090909090909090606e-01,4.166666666666666852e-01,4.137931034482758563e-01,0.000000000000000000e+00,0.000000000000000000e+00,1.000000000000000000e+00,1.000000000000000000e+00,6.250000000000000000e-01,4.857142857142857095e-01,4.696969696969697239e-01,2.500000000000000000e-01,4.705882352941176405e-01,0.000000000000000000e+00,6.666666666666666297e-01,5.937500000000000000e-01,3.333333333333333148e-01,2.500000000000000000e-01,6.052631578947368363e-01,4.000000000000000222e-01,0.000000000000000000e+00,1.000000000000000000e+00,8.888888888888888395e-01,0.000000000000000000e+00,4.166666666666666852e-01,6.470588235294117974e-01,3.333333333333333148e-01,4.814814814814814548e-01,6.756756756756756577e-01,3.200000000000000067e-01,0.000000000000000000e+00,8.333333333333333703e-01,8.333333333333333703e-01,4.571428571428571286e-01,4.782608695652174058e-01,8.571428571428570953e-01,3.888888888888888951e-01,1.000000000000000000e+00,5.999999999999999778e-01,5.000000000000000000e-01,3.877551020408163129e-01,0.000000000000000000e+00,7.222222222222222099e-01,7.500000000000000000e-01,3.829787234042553168e-01,2.727272727272727071e-01,6.153846153846154188e-01,5.769230769230768718e-01,5.714285714285713969e-01,5.000000000000000000e-01,0.000000000000000000e+00,6.666666666666666297e-01,0.000000000000000000e+00,0.000000000000000000e+00,1.000000000000000000e+00,2.777777777777777901e-01,6.666666666666666297e-01,4.545454545454545303e-01,0.000000000000000000e+00,6.666666666666666297e-01,0.000000000000000000e+00,4.062500000000000000e-01,5.714285714285713969e-01,3.750000000000000000e-01,3.750000000000000000e-01,0.000000000000000000e+00,0.000000000000000000e+00,9.545454545454545858e-01,2.500000000000000000e-01,9.027777777777777901e-01,2.916666666666666852e-01,5.079365079365079083e-01,4.000000000000000222e-01,4.166666666666666852e-01,4.528301886792452935e-01,7.272727272727272929e-01,4.090909090909091161e-01,4.000000000000000222e-01,7.500000000000000000e-01,7.500000000000000000e-01,3.750000000000000000e-01,9.347826086956522174e-01,7.916666666666666297e-01,0.000000000000000000e+00,6.666666666666666297e-01,3.846153846153846367e-01,5.483870967741935054e-01,4.000000000000000222e-01,8.750000000000000000e-01,0.000000000000000000e+00,4.285714285714285476e-01,5.744680851063830307e-01,4.406779661016949068e-01,0.000000000000000000e+00,5.625000000000000000e-01,0.000000000000000000e+00,0.000000000000000000e+00,5.999999999999999778e-01,0.000000000000000000e+00,5.000000000000000000e-01,3.548387096774193727e-01,4.782608695652174058e-01,5.217391304347825942e-01,4.722222222222222099e-01,4.473684210526315819e-01,5.161290322580645018e-01,5.294117647058823595e-01,5.000000000000000000e-01,7.272727272727272929e-01,4.285714285714285476e-01,4.285714285714285476e-01,8.723404255319149314e-01,5.238095238095238360e-01,0.000000000000000000e+00,1.000000000000000000e+00,2.500000000000000000e-01,8.571428571428570953e-01,9.565217391304348116e-01,3.409090909090908839e-01,4.285714285714285476e-01,5.555555555555555802e-01,0.000000000000000000e+00,0.000000000000000000e+00,3.333333333333333148e-01,0.000000000000000000e+00,2.941176470588235392e-01,5.000000000000000000e-01,7.868852459016393297e-01,4.827586206896551935e-01,4.038461538461538547e-01,0.000000000000000000e+00,7.142857142857143016e-01,5.200000000000000178e-01,8.333333333333333703e-01,6.111111111111111605e-01,4.285714285714285476e-01,3.571428571428571508e-01,5.833333333333333703e-01,8.000000000000000444e-01,5.333333333333333259e-01,5.833333333333333703e-01,5.999999999999999778e-01,5.789473684210526550e-01,3.499999999999999778e-01,6.842105263157894912e-01,5.555555555555555802e-01,5.000000000000000000e-01,6.153846153846154188e-01,7.142857142857143016e-01,6.470588235294117974e-01,6.999999999999999556e-01,7.500000000000000000e-01,5.625000000000000000e-01
2.369942196531791834e-01,1.502347417840375621e-01,1.428571428571428492e-01,3.796296296296296502e-01,6.323529411764705621e-01,3.846153846153846367e-01,0.000000000000000000e+00,0.000000000000000000e+00,0.000000000000000000e+00,2.631578947368420907e-01,1.749999999999999889e-01,1.603773584905660299e-01,1.923076923076923184e-01,0.000000000000000000e+00,2.166666666666666741e-01,2.765957446808510745e-01,2.067039106145251437e-01,4.156862745098039436e-01,1.250000000000000000e-01,3.599999999999999867e-01,3.599999999999999867e-01,0.000000000000000000e+00,5.719999999999999529e-01,5.767634854771783726e-01,2.500000000000000000e-01,0.000000000000000000e+00,1.458333333333333426e-01,2.083333333333333426e-01,1.809045226130653328e-01,2.622950819672131284e-01,3.846153846153846367e-01,5.063291139240506666e-01,1.444444444444444309e-01,1.734693877551020391e-01,4.726562500000000000e-01,1.770334928229665150e-01,1.379310344827586188e-01,1.111111111111111049e-01,3.200000000000000067e-01,1.322751322751322678e-01,3.448275862068965747e-01,2.190476190476190466e-01,3.953488372093023062e-01,1.416309012875536510e-01,1.475409836065573743e-01,0.000000000000000000e+00,2.060085836909871237e-01,2.187500000000000000e-01,1.551020408163265307e-01,1.538461538461538547e-01,1.341463414634146423e-01,2.307692307692307820e-01,2.352941176470588203e-01,2.325581395348837177e-01,2.647058823529411797e-01,7.684210526315788936e-01,2.000000000000000111e-01,1.956521739130434867e-01,2.307692307692307820e-01,1.818181818181818232e-01,2.647058823529411797e-01,5.581395348837209225e-01,4.653061224489795644e-01,5.714285714285713969e-01,1.680000000000000104e-01,2.647058823529411797e-01,1.216216216216216284e-01,1.304347826086956486e-01,3.250000000000000111e-01,4.918032786885245811e-02,2.102272727272727348e-01,1.956521739130434867e-01,2.365591397849462485e-01,2.474226804123711432e-01,4.906832298136645787e-01,2.169811320754717054e-01,2.000000000000000111e-01,2.040133779264214076e-01,3.628318584070796549e-01,1.564625850340136126e-01,5.508474576271186196e-01,6.373626373626373187e-01,2.123893805309734484e-01,2.448979591836734637e-01,3.963963963963963999e-01,2.333333333333333370e-01,1.666666666666666574e-01,0.000000000000000000e+00,2.097902097902097918e-01,1.487603305785124008e-01,2.222222222222222099e-01,1.363636363636363535e-01,4.929577464788732488e-01,1.676646706586826241e-01,3.939393939393939226e-01,5.299539170506912811e-01,4.089068825910930904e-01,1.875000000000000000e-01,7.499999999999999722e-02,4.574468085106382920e-01,1.470588235294117696e-01,6.542056074766354479e-02,1.298701298701298579e-01,1.216216216216216284e-01,1.593625498007968100e-01,5.263157894736841813e-02,1.562500000000000000e-01,0.000000000000000000e+00,2.065217391304347838e-01,0.000000000000000000e+00,3.170731707317073211e-01,1.596385542168674565e-01,2.463768115942029102e-01,1.443850267379679086e-01,2.268041237113402053e-01,1.408450704225352179e-01,1.923076923076923184e-01,2.098214285714285754e-01,3.274336283185840801e-01,1.827586206896551768e-01,5.531914893617021489e-01,1.627906976744186163e-01,2.800000000000000266e-01,2.332015810276679979e-01,2.258064516129032195e-01,1.851851851851851749e-01,1.437499999999999889e-01,1.317365269461077959e-01,2.079999999999999905e-01,2.238805970149253810e-01,0.000000000000000000e+00,2.545454545454545192e-01,0.000000000000000000e+00,2.150537634408602183e-01,2.022058823529411797e-01,2.181818181818181712e-01,9.090909090909091161e-02,1.414141414141414088e-01,2.608695652173912971e-01,1.875000000000000000e-01,1.799999999999999933e-01,2.594142259414226048e-01,3.333333333333333148e-01,2.121212121212121271e-01,1.111111111111111049e-01,0.000000000000000000e+00,2.195121951219512202e-01,0.000000000000000000e+00,0.000000000000000000e+00,2.661870503597122406e-01,1.730769230769230727e-01,2.363636363636363591e-01,2.903225806451613100e-01,1.025641025641025605e-01,2.847457627118644141e-01,1.721311475409836034e-01,3.766233766233766378e-01,2.325581395348837177e-01,5.217391304347825942e-01,2.719298245614035214e-01,2.260273972602739601e-01,1.929824561403508665e-01,2.844036697247706580e-01,2.487562189054726425e-01,4.142857142857143127e-01,0.000000000000000000e+00,3.875000000000000111e-01,0.000000000000000000e+00,2.643678160919540332e-01,4.500000000000000111e-01,1.764705882352941291e-01,0.000000000000000000e+00,0.000000000000000000e+00,4.871794871794871695e-01,1.692307692307692402e-01,2.207792207792207695e-01,2.578947368421052877e-01,5.343283582089551897e-01,3.421052631578947456e-01,1.944444444444444475e-01,3.333333333333333148e-01,1.034482758620689641e-01,2.000000000000000111e-01,4.761904761904761640e-02,5.952380952380952328e-01,1.840796019900497460e-01,1.219512195121951192e-01,0.000000000000000000e+00,1.612903225806451568e-01,2.941176470588235392e-01,0.000000000000000000e+00,1.830985915492957805e-01,1.437499999999999889e-01,1.190476190476190410e-01,4.057971014492753881e-01,4.687500000000000000e-01,1.562500000000000000e-01,0.000000000000000000e+00,2.058823529411764608e-01,1.714285714285714302e-01,1.652892561983471120e-01,1.621621621621621712e-01,1.229508196721311453e-01,2.796610169491525189e-01,1.111111111111111049e-01,1.764705882352941291e-01,1.759259259259259300e-01,1.719999999999999862e-01,0.000000000000000000e+00,2.500000000000000000e-01,2.898550724637681264e-01,2.078853046594981990e-01,2.352941176470588203e-01,2.923076923076923239e-01,2.145922746781115942e-01,6.666666666666666297e-01,4.879518072289156794e-01,0.000000000000000000e+00,1.612903225806451568e-01,0.000000000000000000e+00,0.000000000000000000e+00,1.764705882352941291e-01,1.714285714285714302e-01,1.951219512195122019e-01,5.975103734439833891e-01,0.000000000000000000e+00,2.291666666666666574e-01,0.000000000000000000e+00,1.857923497267759683e-01,9.803921568627450844e-02,4.375000000000000000e-01,3.499999999999999778e-01,0.000000000000000000e+00,0.000000000000000000e+00,1.875000000000000000e-01,6.021505376344086224e-01,2.491803278688524692e-01,5.277777777777777901e-01,3.243243243243243423e-01,5.408163265306122902e-01,2.023121387283237094e-01,4.344569288389513173e-01,1.402714932126696845e-01,1.884816753926701616e-01,3.260869565217391353e-01,2.654320987654321118e-01,1.509433962264150886e-01,1.553398058252427050e-01,2.905982905982906206e-01,3.788819875776397450e-01,0.000000000000000000e+00,2.727272727272727071e-01,5.753424657534246256e-01,1.484375000000000000e-01,5.512820512820513219e-01,3.478260869565217295e-01,0.000000000000000000e+00,6.231884057971014412e-01,2.139917695473251003e-01,2.313432835820895539e-01,0.000000000000000000e+00,2.058823529411764608e-01,0.000000000000000000e+00,0.000000000000000000e+00,4.749999999999999778e-01,0.000000000000000000e+00,2.045454545454545581e-01,2.302158273381295084e-01,1.194029850746268634e-01,2.178217821782178210e-01,1.635220125786163436e-01,4.278074866310160318e-01,1.928571428571428659e-01,5.204081632653061451e-01,1.714285714285714302e-01,3.239436619718309984e-01,1.372549019607843257e-01,2.509960159362549792e-01,1.708860759493670833e-01,4.086538461538461453e-01,0.000000000000000000e+00,4.166666666666666435e-02,2.500000000000000000e-01,1.712062256809338545e-01,1.250000000000000000e-01,1.513157894736842091e-01,1.090909090909090856e-01,2.428571428571428548e-01,2.941176470588235392e-01,0.000000000000000000e+00,9.090909090909091161e-02,0.000000000000000000e+00,1.834862385321101019e-01,1.111111111111111049e-01,2.068965517241379282e-01,4.570312500000000000e-01,2.261904761904761918e-01,0.000000000000000000e+00,5.217391304347825942e-01,3.166666666666666519e-01,2.745098039215686514e-01,1.944444444444444475e-01,2.456140350877192846e-01,2.266666666666666552e-01,2.571428571428571175e-01,2.622950819672131284e-01,3.728813559322033955e-01,2.999999999999999889e-01,3.188405797101449002e-01,2.173913043478260809e-01,3.043478260869565410e-01,2.343750000000000000e-01,2.500000000000000000e-01,1.754385964912280604e-01,1.818181818181818232e-01,3.230769230769230949e-01,2.539682539682539542e-01,3.137254901960784270e-01,3.055555555555555802e-01,1.607142857142857262e-01
1.637010676156583633e-01,6.434316353887399587e-02,2.399999999999999911e-01,7.182320441988949977e-02,1.809523809523809479e-01,1.304347826086956486e-01,0.000000000000000000e+00,0.000000000000000000e+00,0.000000000000000000e+00,1.428571428571428492e-01,1.153846153846153910e-01,1.941747572815533951e-01,1.590909090909090884e-01,0.000000000000000000e+00,1.075268817204301092e-01,9.459459459459459985e-02,8.895705521472392630e-02,9.181141439205955934e-02,1.000000000000000056e-01,1.081081081081081141e-01,8.450704225352112520e-02,0.000000000000000000e+00,5.641025641025641107e-02,8.539944903581267455e-02,6.493506493506492894e-02,0.000000000000000000e+00,2.178217821782178210e-01,2.680412371134020533e-01,7.865168539325842478e-02,1.236749116607773896e-01,1.562500000000000000e-01,8.713692946058090860e-02,1.588235294117646967e-01,7.272727272727272374e-02,1.005154639175257769e-01,1.532846715328467224e-01,1.327433628318584191e-01,7.048458149779736337e-02,1.418918918918918859e-01,1.574344023323615283e-01,1.509433962264150886e-01,1.538461538461538547e-01,8.749999999999999445e-02,5.839416058394160391e-02,1.169590643274853736e-01,0.000000000000000000e+00,8.595988538681947899e-02,1.587301587301587213e-01,8.009153318077803785e-02,1.304347826086956486e-01,1.164772727272727210e-01,1.860465116279069742e-01,1.120000000000000023e-01,7.692307692307692735e-02,2.549019607843137081e-01,5.228758169934640682e-02,3.571428571428571508e-01,2.027027027027027140e-01,1.339285714285714246e-01,1.532846715328467224e-01,9.523809523809523281e-02,1.026392961876832904e-01,1.089918256130790186e-01,4.000000000000000083e-02,1.413612565445026281e-01,1.486486486486486569e-01,3.389830508474576259e-02,9.523809523809523281e-02,6.329113924050633333e-02,8.490566037735848559e-02,6.010928961748633614e-02,1.898734177215189931e-02,1.335227272727272652e-01,1.101694915254237267e-01,1.162790697674418589e-01,8.333333333333332871e-02,1.176470588235294101e-01,8.858267716535432601e-02,1.000000000000000056e-01,1.317829457364341206e-01,8.169014084507042472e-02,5.309734513274336209e-02,1.369047619047619180e-01,1.090909090909090856e-01,1.060606060606060635e-01,1.304347826086956486e-01,6.034482758620689918e-02,0.000000000000000000e+00,1.256038647342995196e-01,1.242937853107344698e-01,1.147540983606557402e-01,1.428571428571428492e-01,1.232876712328767055e-01,9.384164222873900285e-02,1.627906976744186163e-01,9.003215434083601532e-02,9.897610921501706627e-02,7.812500000000000000e-02,1.359223300970873738e-01,1.578947368421052544e-01,8.965517241379310220e-02,8.383233532934131205e-02,1.363636363636363535e-01,1.193633952254641861e-01,9.162303664921465918e-02,2.857142857142857054e-02,3.703703703703703498e-02,0.000000000000000000e+00,1.448275862068965636e-01,0.000000000000000000e+00,2.068965517241379282e-01,8.651911468812877037e-02,1.156462585034013640e-01,7.612456747404844348e-02,7.947019867549669214e-02,8.461538461538462008e-02,1.059602649006622516e-01,9.915014164305949174e-02,8.333333333333332871e-02,1.165254237288135541e-01,9.502262443438913575e-02,8.710801393728223596e-02,6.896551724137930939e-02,1.273209549071618041e-01,1.886792452830188815e-01,1.396226415094339590e-01,7.555555555555555636e-02,8.071748878923766524e-02,1.235632183908045995e-01,1.547619047619047672e-01,0.000000000000000000e+00,8.749999999999999445e-02,0.000000000000000000e+00,8.517350157728706406e-02,1.124694376528117407e-01,8.695652173913043237e-02,3.614457831325301046e-02,1.284403669724770714e-01,1.549295774647887203e-01,1.277777777777777679e-01,1.262135922330097082e-01,1.160714285714285754e-01,1.333333333333333315e-01,8.163265306122448328e-02,2.954545454545454697e-01,0.000000000000000000e+00,3.888888888888888951e-01,0.000000000000000000e+00,0.000000000000000000e+00,1.168224299065420552e-01,8.724832214765100569e-02,1.834061135371179152e-01,1.627906976744186163e-01,1.666666666666666574e-01,9.255079006772008732e-02,1.038251366120218622e-01,8.994708994708994210e-02,1.250000000000000000e-01,1.111111111111111049e-01,9.090909090909091161e-02,1.106557377049180307e-01,1.056910569105691117e-01,1.375000000000000111e-01,1.520270270270270285e-01,6.796116504854368690e-02,0.000000000000000000e+00,1.855670103092783574e-01,0.000000000000000000e+00,9.219858156028368223e-02,8.108108108108108558e-02,9.174311926605505096e-02,0.000000000000000000e+00,0.000000000000000000e+00,1.842105263157894635e-01,1.896551724137930939e-01,7.843137254901960675e-02,1.232091690544412643e-01,7.028112449799196748e-02,1.481481481481481399e-01,1.143911439114391193e-01,1.463414634146341375e-01,2.000000000000000111e-01,1.022364217252396124e-01,1.333333333333333315e-01,5.882352941176470507e-02,1.197007481296758075e-01,4.081632653061224164e-02,0.000000000000000000e+00,2.352941176470588203e-01,1.111111111111111049e-01,0.000000000000000000e+00,6.914893617021276861e-02,1.111111111111111049e-01,1.176470588235294101e-01,1.167883211678832078e-01,1.529411764705882470e-01,6.808510638297872453e-02,0.000000000000000000e+00,1.654676258992805737e-01,2.250000000000000056e-01,1.073170731707317055e-01,1.250000000000000000e-01,1.569506726457399193e-01,1.153846153846153910e-01,5.714285714285714107e-02,1.000000000000000056e-01,1.264044943820224753e-01,7.126948775055678975e-02,0.000000000000000000e+00,1.637426900584795231e-01,1.403508771929824483e-01,1.023622047244094474e-01,5.357142857142856845e-02,1.338028169014084390e-01,1.083333333333333370e-01,1.489361702127659504e-01,9.633027522935780351e-02,0.000000000000000000e+00,7.843137254901960675e-02,0.000000000000000000e+00,0.000000000000000000e+00,8.333333333333332871e-02,1.079545454545454558e-01,9.433962264150944077e-02,1.032028469750889688e-01,0.000000000000000000e+00,1.188118811881188064e-01,0.000000000000000000e+00,7.987220447284344715e-02,9.929078014184397616e-02,1.052631578947368363e-01,7.246376811594203160e-02,0.000000000000000000e+00,0.000000000000000000e+00,1.460957178841309767e-01,9.523809523809523281e-02,1.047120418848167533e-01,1.036036036036036001e-01,7.920792079207920888e-02,5.673758865248226813e-02,7.224334600760455583e-02,5.622489959839357260e-02,1.142061281337047318e-01,8.310991957104557626e-02,1.016949152542372947e-01,8.363636363636363369e-02,3.066666666666666430e-01,1.268656716417910502e-01,1.334894613583138268e-01,8.108108108108108558e-02,0.000000000000000000e+00,1.568627450980392135e-01,1.521739130434782705e-01,8.163265306122448328e-02,9.615384615384615918e-02,1.549295774647887203e-01,0.000000000000000000e+00,1.680672268907563160e-01,1.082352941176470545e-01,7.789473684210526661e-02,0.000000000000000000e+00,1.702127659574468044e-01,0.000000000000000000e+00,0.000000000000000000e+00,1.250000000000000000e-01,0.000000000000000000e+00,5.952380952380952051e-02,6.071428571428571369e-02,1.342281879194630878e-01,1.183431952662721831e-01,1.066176470588235253e-01,7.003891050583657685e-02,1.523809523809523947e-01,7.553956834532374320e-02,1.045751633986928136e-01,1.379310344827586188e-01,1.011235955056179747e-01,1.091445427728613554e-01,1.546762589928057652e-01,1.347517730496453903e-01,0.000000000000000000e+00,1.333333333333333315e-01,1.372549019607843257e-01,1.194444444444444503e-01,1.398601398601398704e-01,7.760532150776053295e-02,8.799999999999999489e-02,1.093750000000000000e-01,2.500000000000000139e-02,0.000000000000000000e+00,1.428571428571428492e-01,0.000000000000000000e+00,4.712041884816754039e-02,8.695652173913043237e-02,1.498829039812646369e-01,5.626598465473145461e-02,9.177215189873418055e-02,0.000000000000000000e+00,1.489361702127659504e-01,6.936416184971097576e-02,1.025641025641025605e-01,9.411764705882352811e-02,1.142857142857142821e-01,1.046511627906976799e-01,1.333333333333333315e-01,8.571428571428571508e-02,9.677419354838709409e-02,5.263157894736841813e-02,7.843137254901960675e-02,9.638554216867470381e-02,6.315789473684210731e-02,1.176470588235294101e-01,7.042253521126760896e-02,6.493506493506492894e-02,1.494252873563218509e-01,1.224489795918367319e-01,7.792207792207792028e-02,8.641975308641974829e-02,1.071428571428571369e-01,1.139240506329113889e-01
1.437908496732026031e-01,1.167883211678832078e-01,9.756097560975610095e-02,1.434426229508196649e-01,1.229508196721311453e-01,1.269841269841269771e-01,0.000000000000000000e+00,0.000000000000000000e+00,0.000000000000000000e+00,1.162790697674418589e-01,1.180124223602484479e-01,1.658291457286432125e-01,1.219512195121951192e-01,0.000000000000000000e+00,1.718750000000000000e-01,1.692307692307692402e-01,1.127098321342925591e-01,1.315280464216634360e-01,8.955223880597014408e-02,8.333333333333332871e-02,1.041666666666666713e-01,0.000000000000000000e+00,1.323529411764705899e-01,1.261467889908256812e-01,6.410256410256409687e-02,0.000000000000000000e+00,7.619047619047619735e-02,1.544715447154471621e-01,9.414758269720101269e-02,1.209150326797385627e-01,1.052631578947368363e-01,1.255060728744939180e-01,1.351351351351351426e-01,9.782608695652174335e-02,1.059602649006622516e-01,1.138211382113821085e-01,7.961783439490445480e-02,1.007751937984496110e-01,8.917197452229298771e-02,1.327433628318584191e-01,9.523809523809523281e-02,1.573033707865168496e-01,8.974358974358974395e-02,1.072961373390557971e-01,1.325301204819277212e-01,0.000000000000000000e+00,1.286863270777479917e-01,1.315789473684210453e-01,1.300639658848614100e-01,1.851851851851851749e-01,1.046831955922865043e-01,7.142857142857142461e-02,9.482758620689654694e-02,1.358024691358024616e-01,9.836065573770491621e-02,1.185567010309278302e-01,1.923076923076923184e-01,1.309523809523809590e-01,1.604938271604938183e-01,1.318681318681318715e-01,9.836065573770491621e-02,1.543942992874109132e-01,1.137339055793991360e-01,1.304347826086956486e-01,1.408114558472553790e-01,1.129032258064516098e-01,6.666666666666666574e-02,1.496598639455782309e-01,8.910891089108910479e-02,9.401709401709401615e-02,1.000000000000000056e-01,9.039548022598870025e-02,1.373493975903614384e-01,9.411764705882352811e-02,1.276595744680850963e-01,6.153846153846154188e-02,1.219512195121951192e-01,1.082474226804123751e-01,1.179039301310043641e-01,1.246006389776357776e-01,8.791208791208791895e-02,1.265822784810126667e-01,1.310043668122270744e-01,1.147540983606557402e-01,1.376146788990825764e-01,1.610169491525423602e-01,1.169811320754716999e-01,0.000000000000000000e+00,1.491935483870967805e-01,1.099476439790575966e-01,1.103896103896103847e-01,1.322314049586776896e-01,1.523178807947019875e-01,9.772727272727273207e-02,1.428571428571428492e-01,1.694915254237288060e-01,1.392405063291139167e-01,1.260504201680672232e-01,9.183673469387755584e-02,1.578947368421052544e-01,1.277372262773722733e-01,1.235294117647058876e-01,1.376811594202898559e-01,9.693877551020407823e-02,1.051454138702460905e-01,1.290322580645161255e-01,8.536585365853659180e-02,0.000000000000000000e+00,9.848484848484848064e-02,0.000000000000000000e+00,6.382978723404254817e-02,1.108949416342412397e-01,1.011235955056179747e-01,1.157024793388429784e-01,1.363636363636363535e-01,7.734806629834253822e-02,6.172839506172839164e-02,1.051344743276283605e-01,1.871657754010695174e-01,1.322463768115942073e-01,7.664233576642336121e-02,9.941520467836256758e-02,7.017543859649122417e-02,1.304347826086956486e-01,1.267605633802816878e-01,1.182108626198083018e-01,1.186440677966101725e-01,1.401273885350318438e-01,1.449579831932773233e-01,1.204819277108433728e-01,0.000000000000000000e+00,1.911764705882352811e-01,0.000000000000000000e+00,9.635416666666667129e-02,1.027131782945736455e-01,1.444444444444444309e-01,9.859154929577464144e-02,1.350574712643678177e-01,8.333333333333332871e-02,1.434426229508196649e-01,1.521739130434782705e-01,1.181102362204724393e-01,1.553398058252427050e-01,6.329113924050633333e-02,2.000000000000000111e-01,0.000000000000000000e+00,1.216216216216216284e-01,0.000000000000000000e+00,0.000000000000000000e+00,1.071428571428571369e-01,1.086956521739130405e-01,1.074074074074074098e-01,1.509433962264150886e-01,1.184210526315789408e-01,1.211604095563139916e-01,8.292682926829268719e-02,1.141732283464566983e-01,1.604938271604938183e-01,1.219512195121951192e-01,1.422924901185770863e-01,9.216589861751152413e-02,1.043478260869565161e-01,1.409395973154362325e-01,1.033434650455927056e-01,9.322033898305084887e-02,0.000000000000000000e+00,2.017543859649122695e-01,0.000000000000000000e+00,8.536585365853659180e-02,2.000000000000000111e-01,1.168831168831168804e-01,0.000000000000000000e+00,0.000000000000000000e+00,5.882352941176470507e-02,1.282051282051281937e-01,1.860465116279069742e-01,9.444444444444444198e-02,1.204437400950871678e-01,1.842105263157894635e-01,6.984126984126984294e-02,2.941176470588235392e-01,1.428571428571428492e-01,1.420911528150134162e-01,5.714285714285714107e-02,3.614457831325301046e-02,7.975460122699386256e-02,1.206896551724137984e-01,0.000000000000000000e+00,8.108108108108108558e-02,1.293103448275862155e-01,0.000000000000000000e+00,9.798270893371757717e-02,9.398496240601503238e-02,1.379310344827586188e-01,1.446280991735537091e-01,1.217105263157894773e-01,5.284552845528455584e-02,0.000000000000000000e+00,1.257861635220125784e-01,8.064516129032257841e-02,1.064638783269961919e-01,1.450381679389312894e-01,1.157024793388429784e-01,1.691176470588235392e-01,1.111111111111111049e-01,9.803921568627450844e-02,1.413276231263383420e-01,1.189427312775330342e-01,0.000000000000000000e+00,1.208791208791208799e-01,1.250000000000000000e-01,1.265060240963855331e-01,3.030303030303030387e-02,1.278195488721804440e-01,1.409978308026030303e-01,1.315789473684210453e-01,9.090909090909091161e-02,0.000000000000000000e+00,7.142857142857142461e-02,0.000000000000000000e+00,0.000000000000000000e+00,2.000000000000000111e-01,1.088435374149659823e-01,2.580645161290322509e-01,1.489361702127659504e-01,0.000000000000000000e+00,1.839999999999999969e-01,0.000000000000000000e+00,1.084337349397590383e-01,9.333333333333333759e-02,9.708737864077669755e-02,6.944444444444444753e-02,0.000000000000000000e+00,0.000000000000000000e+00,1.113537117903930090e-01,7.142857142857142461e-02,1.482758620689655082e-01,1.041666666666666713e-01,9.965034965034964831e-02,1.161290322580645212e-01,9.027777777777777624e-02,1.196581196581196632e-01,1.113861386138613879e-01,1.019900497512437748e-01,1.250000000000000000e-01,1.159420289855072478e-01,1.235955056179775247e-01,1.240875912408759135e-01,8.918406072106262183e-02,1.176470588235294101e-01,0.000000000000000000e+00,2.000000000000000111e-01,1.574074074074074125e-01,1.163793103448275829e-01,1.118881118881118880e-01,1.643835616438356073e-01,0.000000000000000000e+00,1.126760563380281716e-01,9.475806451612903136e-02,1.369863013698630061e-01,0.000000000000000000e+00,1.372549019607843257e-01,0.000000000000000000e+00,0.000000000000000000e+00,7.936507936507936067e-02,0.000000000000000000e+00,1.098901098901098883e-01,8.090614886731391231e-02,1.901408450704225317e-01,1.415525114155251063e-01,1.346153846153846090e-01,1.510067114093959773e-01,1.033333333333333326e-01,1.553133514986375918e-01,1.165048543689320426e-01,1.694915254237288060e-01,1.312849162011173187e-01,1.271186440677966045e-01,1.234177215189873472e-01,1.026392961876832904e-01,0.000000000000000000e+00,2.439024390243902524e-02,1.206896551724137984e-01,1.140142517814726891e-01,9.701492537313433084e-02,1.317829457364341206e-01,7.586206896551724033e-02,1.119402985074626905e-01,7.692307692307692735e-02,0.000000000000000000e+00,1.176470588235294101e-01,0.000000000000000000e+00,1.218274111675126947e-01,4.166666666666666435e-02,1.389961389961389959e-01,1.205128205128205149e-01,1.497461928934010200e-01,0.000000000000000000e+00,7.142857142857142461e-02,1.345029239766081797e-01,6.666666666666666574e-02,4.819277108433735191e-02,1.216216216216216284e-01,5.940594059405940319e-02,7.142857142857142461e-02,6.976744186046511531e-02,6.410256410256409687e-02,8.888888888888889228e-02,9.259259259259258745e-02,1.047619047619047644e-01,7.608695652173913526e-02,8.421052631578947179e-02,1.134020618556701027e-01,8.000000000000000167e-02,7.142857142857142461e-02,1.428571428571428492e-01,1.250000000000000000e-01,6.024096385542168641e-02,5.376344086021505458e-02,1.022727272727272790e-01
2.573529411764705621e-01,1.264822134387351693e-01,1.000000000000000056e-01,3.089430894308943243e-01,1.888888888888888840e-01,2.686567164179104461e-01,0.000000000000000000e+00,0.000000000000000000e+00,0.000000000000000000e+00,2.941176470588235392e-01,3.099999999999999978e-01,2.651515151515151381e-01,1.739130434782608647e-01,0.000000000000000000e+00,1.571428571428571397e-01,2.857142857142856984e-01,1.643835616438356073e-01,2.710622710622710430e-01,3.076923076923077094e-01,1.481481481481481399e-01,2.033898305084745894e-01,0.000000000000000000e+00,2.289156626506023973e-01,2.282157676348547659e-01,1.632653061224489666e-01,0.000000000000000000e+00,1.162790697674418589e-01,2.200000000000000011e-01,1.256281407035175768e-01,1.751412429378531033e-01,2.999999999999999889e-01,2.230769230769230893e-01,1.774193548387096864e-01,1.481481481481481399e-01,1.900826446280991788e-01,5.813953488372092943e-02,1.944444444444444475e-01,1.194968553459119509e-01,1.382978723404255372e-01,2.436548223350253894e-01,2.083333333333333426e-01,1.339285714285714246e-01,2.321428571428571508e-01,9.543568464730289858e-02,1.954022988505747238e-01,0.000000000000000000e+00,1.476793248945147685e-01,3.783783783783783994e-01,1.365461847389558281e-01,7.894736842105262720e-02,2.369942196531791834e-01,1.666666666666666574e-01,9.589041095890410427e-02,1.384615384615384692e-01,2.500000000000000000e-01,2.250000000000000056e-01,3.214285714285714524e-01,1.090909090909090856e-01,3.636363636363636465e-01,1.751824817518248256e-01,1.034482758620689641e-01,2.680412371134020533e-01,1.826484018264840081e-01,2.600000000000000089e-01,2.290748898678414136e-01,9.523809523809523281e-02,7.874015748031495954e-02,1.827956989247311870e-01,2.857142857142856984e-01,2.758620689655172376e-01,1.398305084745762594e-01,1.300000000000000044e-01,2.067510548523206759e-01,3.125000000000000000e-01,2.025316455696202500e-01,1.180124223602484479e-01,2.812500000000000000e-01,1.617647058823529493e-01,1.875000000000000000e-01,3.353293413173652482e-01,2.038834951456310607e-01,2.948717948717948789e-01,2.525252525252525415e-01,3.333333333333333148e-01,2.796610169491525189e-01,2.068965517241379282e-01,1.257861635220125784e-01,0.000000000000000000e+00,2.647058823529411797e-01,2.129629629629629650e-01,2.941176470588235392e-01,2.266666666666666552e-01,2.139037433155080159e-01,2.238805970149253810e-01,2.187500000000000000e-01,2.638036809815950678e-01,2.076502732240437243e-01,1.382978723404255372e-01,1.733333333333333393e-01,1.835443037974683611e-01,1.582278481012658333e-01,2.037037037037036924e-01,2.169811320754717054e-01,1.494845360824742231e-01,1.157024793388429784e-01,8.695652173913043237e-02,1.749999999999999889e-01,0.000000000000000000e+00,2.727272727272727071e-01,0.000000000000000000e+00,2.439024390243902385e-01,1.464968152866241990e-01,1.630434782608695676e-01,1.592039800995024845e-01,2.830188679245282946e-01,1.546391752577319645e-01,1.914893617021276584e-01,1.778656126482213440e-01,1.636363636363636354e-01,2.548387096774193394e-01,2.764227642276422814e-01,9.714285714285714191e-02,1.666666666666666574e-01,2.240802675585284176e-01,1.612903225806451568e-01,2.588235294117647300e-01,1.729323308270676596e-01,2.348484848484848619e-01,2.222222222222222099e-01,2.745098039215686514e-01,0.000000000000000000e+00,2.678571428571428492e-01,0.000000000000000000e+00,1.844660194174757295e-01,2.209302325581395388e-01,2.711864406779661008e-01,1.607142857142857262e-01,8.653846153846153633e-02,2.083333333333333426e-01,3.252032520325203180e-01,2.708333333333333148e-01,2.237442922374429100e-01,1.111111111111111049e-01,1.749999999999999889e-01,2.857142857142856984e-01,0.000000000000000000e+00,3.611111111111111049e-01,0.000000000000000000e+00,0.000000000000000000e+00,1.679389312977099258e-01,2.000000000000000111e-01,1.969696969696969613e-01,2.413793103448275967e-01,2.051282051282051211e-01,1.863799283154121966e-01,1.612903225806451568e-01,2.058823529411764608e-01,3.200000000000000067e-01,1.250000000000000000e-01,1.886792452830188815e-01,1.893939393939393923e-01,2.903225806451613100e-01,2.234042553191489255e-01,2.385786802030456788e-01,2.133333333333333470e-01,0.000000000000000000e+00,2.394366197183098455e-01,0.000000000000000000e+00,1.900000000000000022e-01,2.000000000000000111e-01,1.575091575091575047e-01,0.000000000000000000e+00,0.000000000000000000e+00,2.142857142857142738e-01,2.698412698412698263e-01,1.298701298701298579e-01,1.603773584905660299e-01,1.861861861861861811e-01,1.136363636363636326e-01,1.428571428571428492e-01,3.103448275862069061e-01,1.428571428571428492e-01,1.600000000000000033e-01,8.000000000000000167e-02,2.037037037037036924e-01,1.891891891891891997e-01,8.620689655172414367e-02,0.000000000000000000e+00,1.764705882352941291e-01,1.568627450980392135e-01,0.000000000000000000e+00,1.497975708502024272e-01,1.833333333333333204e-01,1.428571428571428492e-01,2.596153846153846367e-01,1.812499999999999944e-01,9.558823529411764053e-02,0.000000000000000000e+00,2.771084337349397630e-01,2.878787878787879007e-01,1.085271317829457349e-01,2.500000000000000000e-01,3.923076923076923017e-01,1.439999999999999891e-01,1.851851851851851749e-01,3.939393939393939226e-01,2.278481012658227778e-01,9.465020576131687180e-02,0.000000000000000000e+00,1.111111111111111049e-01,2.280701754385964786e-01,1.865079365079365115e-01,1.538461538461538547e-01,2.295081967213114804e-01,2.296650717703349331e-01,3.953488372093023062e-01,1.409395973154362325e-01,0.000000000000000000e+00,1.600000000000000033e-01,0.000000000000000000e+00,0.000000000000000000e+00,1.176470588235294101e-01,1.348314606741572996e-01,2.647058823529411797e-01,2.921348314606741492e-01,0.000000000000000000e+00,2.131147540983606425e-01,0.000000000000000000e+00,1.015228426395939076e-01,1.454545454545454475e-01,2.619047619047619180e-01,2.244897959183673464e-01,0.000000000000000000e+00,0.000000000000000000e+00,2.972972972972973138e-01,3.902439024390244038e-01,2.315112540192925950e-01,1.777777777777777846e-01,2.439862542955326397e-01,1.923076923076923184e-01,1.534090909090909116e-01,2.534246575342465890e-01,2.175925925925925875e-01,1.391752577319587680e-01,1.162790697674418589e-01,2.228915662650602370e-01,3.392857142857143016e-01,1.379310344827586188e-01,2.056737588652482185e-01,2.598870056497175063e-01,0.000000000000000000e+00,2.666666666666666630e-01,3.181818181818181768e-01,1.118881118881118880e-01,2.121212121212121271e-01,2.413793103448275967e-01,0.000000000000000000e+00,1.666666666666666574e-01,2.124999999999999944e-01,1.707317073170731836e-01,0.000000000000000000e+00,2.121212121212121271e-01,0.000000000000000000e+00,0.000000000000000000e+00,3.750000000000000000e-01,0.000000000000000000e+00,1.190476190476190410e-01,1.093750000000000000e-01,1.358024691358024616e-01,9.803921568627450844e-02,1.314285714285714224e-01,2.315270935960591081e-01,1.250000000000000000e-01,2.193877551020408101e-01,2.500000000000000000e-01,2.142857142857142738e-01,1.325966850828729227e-01,2.985074626865671377e-01,2.115384615384615363e-01,2.893401015228426187e-01,0.000000000000000000e+00,1.176470588235294101e-01,2.444444444444444364e-01,3.049999999999999933e-01,3.333333333333333148e-01,1.423220973782771404e-01,1.323529411764705899e-01,1.315789473684210453e-01,1.600000000000000033e-01,0.000000000000000000e+00,1.666666666666666574e-01,0.000000000000000000e+00,1.578947368421052544e-01,1.794871794871794879e-01,2.079999999999999905e-01,1.929133858267716439e-01,1.567944250871080025e-01,0.000000000000000000e+00,1.372549019607843257e-01,1.565217391304347949e-01,2.333333333333333370e-01,2.857142857142856984e-01,1.228070175438596423e-01,1.451612903225806550e-01,1.206896551724137984e-01,1.518987341772151944e-01,1.864406779661016977e-01,1.714285714285714302e-01,1.746031746031745935e-01,2.027027027027027140e-01,1.948051948051948146e-01,2.121212121212121271e-01,2.714285714285714080e-01,1.929824561403508665e-01,2.096774193548387177e-01,2.702702702702702853e-01,2.222222222222222099e-01,2.413793103448275967e-01,2.909090909090908950e-01,2.467532467532467522e-01
2.780269058295964379e-01,1.881804043545878824e-01,1.328125000000000000e-01,1.067415730337078622e-01,9.473684210526316096e-02,9.239130434782608092e-02,0.000000000000000000e+00,0.000000000000000000e+00,0.000000000000000000e+00,1.000000000000000056e-01,2.195945945945945998e-01,1.595441595441595417e-01,1.012658227848101250e-01,0.000000000000000000e+00,1.666666666666666574e-01,1.605839416058394142e-01,1.362916006339144337e-01,1.051004636785162344e-01,1.153846153846153910e-01,8.860759493670886111e-02,1.290322580645161255e-01,0.000000000000000000e+00,1.011730205278592309e-01,7.266435986159169858e-02,1.012658227848101250e-01,0.000000000000000000e+00,7.547169811320754429e-02,3.554216867469879304e-01,1.049180327868852458e-01,2.629558541266794891e-01,2.727272727272727071e-01,1.316397228637413430e-01,3.027888446215139528e-01,9.734513274336283051e-02,9.359605911330048933e-02,1.245551601423487559e-01,1.681818181818181823e-01,8.872901678657074687e-02,1.322957198443579785e-01,3.001686340640809525e-01,1.807228915662650592e-01,1.445427728613569440e-01,1.260504201680672232e-01,9.335219236209335580e-02,1.397849462365591267e-01,0.000000000000000000e+00,1.129568106312292403e-01,2.659574468085106336e-01,1.042654028436018898e-01,1.764705882352941291e-01,1.826923076923076816e-01,6.219512195121951192e-01,9.813084112149532412e-02,1.304347826086956486e-01,2.428571428571428548e-01,6.276150627615062483e-02,2.083333333333333426e-01,1.509433962264150886e-01,1.767441860465116255e-01,4.590163934426229608e-01,1.037735849056603821e-01,1.114922813036020588e-01,9.284627092846270413e-02,8.888888888888889228e-02,3.296244784422809326e-01,1.746031746031745935e-01,4.848484848484848481e-02,1.422924901185770863e-01,1.250000000000000000e-01,8.837209302325581273e-02,8.837209302325581273e-02,1.114982578397212543e-01,2.496124031007752042e-01,2.260638297872340496e-01,8.585858585858585634e-02,1.235294117647058876e-01,1.199999999999999956e-01,1.043388429752066110e-01,9.177215189873418055e-02,2.656250000000000000e-01,9.228441754916792694e-02,1.047619047619047644e-01,1.861111111111111160e-01,2.981366459627329268e-01,1.560509554140127320e-01,9.142857142857142849e-02,1.459854014598540028e-01,0.000000000000000000e+00,2.351351351351351482e-01,1.651917404129793487e-01,2.164502164502164483e-01,2.345679012345678882e-01,1.039603960396039556e-01,1.630276564774381376e-01,1.212121212121212155e-01,9.701492537313433084e-02,8.490566037735848559e-02,1.152263374485596736e-01,1.290322580645161255e-01,1.224944320712694906e-01,1.121856866537717656e-01,7.301587301587302015e-02,1.616161616161616299e-01,1.671779141104294542e-01,1.228323699421965259e-01,1.000000000000000056e-01,1.022727272727272790e-01,0.000000000000000000e+00,2.970711297071129686e-01,0.000000000000000000e+00,3.684210526315789269e-01,1.081382385730211837e-01,1.582733812949640162e-01,1.472172351885098762e-01,1.270358306188925090e-01,9.929078014184397616e-02,1.336032388663967729e-01,1.202797202797202814e-01,8.960573476702508866e-02,2.580261593341260373e-01,9.693877551020407823e-02,1.265377855887521996e-01,7.339449541284404077e-02,2.634482758620689813e-01,2.043010752688172171e-01,2.587719298245614308e-01,1.273148148148148251e-01,1.438515081206496460e-01,1.343283582089552231e-01,3.194444444444444198e-01,0.000000000000000000e+00,1.712328767123287576e-01,0.000000000000000000e+00,1.494845360824742231e-01,1.573187414500684111e-01,1.751412429378531033e-01,1.119402985074626905e-01,1.633027522935779907e-01,1.759259259259259300e-01,2.103825136612021973e-01,1.091954022988505801e-01,2.708661417322834608e-01,1.626016260162601590e-01,1.394422310756971983e-01,2.650602409638554424e-01,0.000000000000000000e+00,4.313725490196078649e-01,0.000000000000000000e+00,0.000000000000000000e+00,1.448931116389548801e-01,1.521035598705501590e-01,2.987551867219916946e-01,1.941747572815533951e-01,1.210762331838565048e-01,1.182432432432432429e-01,1.598746081504702210e-01,1.087533156498673714e-01,1.271186440677966045e-01,8.333333333333332871e-02,1.284722222222222099e-01,1.709183673469387710e-01,1.831683168316831645e-01,1.218637992831541200e-01,2.937956204379562064e-01,1.036269430051813406e-01,0.000000000000000000e+00,1.390374331550802145e-01,0.000000000000000000e+00,2.793103448275862100e-01,1.297709923664122078e-01,1.066856330014224752e-01,0.000000000000000000e+00,0.000000000000000000e+00,1.558441558441558406e-01,3.521739130434782816e-01,1.593625498007968100e-01,9.981515711645101707e-02,8.385481852315394835e-02,1.326530612244898044e-01,1.609403254972875119e-01,9.210526315789473173e-02,3.552631578947368363e-01,1.875000000000000000e-01,6.250000000000000000e-02,7.031250000000000000e-02,1.716417910447761153e-01,7.575757575757575968e-02,0.000000000000000000e+00,3.499999999999999778e-01,2.978723404255319007e-01,0.000000000000000000e+00,9.577922077922078337e-02,2.027027027027027140e-01,8.849557522123893682e-02,8.510638297872340219e-02,1.763565891472868297e-01,1.034482758620689641e-01,0.000000000000000000e+00,2.869198312236286852e-01,2.803738317757009102e-01,9.701492537313433084e-02,1.374407582938388661e-01,2.821670428893905402e-01,1.898305084745762761e-01,1.184210526315789408e-01,1.727272727272727293e-01,1.348314606741572996e-01,1.234096692111959354e-01,0.000000000000000000e+00,2.903225806451613100e-01,1.404494382022472010e-01,1.145975443383356052e-01,1.100917431192660612e-01,1.534653465346534629e-01,1.706161137440758424e-01,6.796116504854368690e-02,6.422018348623853568e-02,0.000000000000000000e+00,4.819277108433735191e-02,0.000000000000000000e+00,0.000000000000000000e+00,1.272727272727272596e-01,1.111111111111111049e-01,1.621621621621621712e-01,1.014799154334038028e-01,0.000000000000000000e+00,1.314285714285714224e-01,0.000000000000000000e+00,1.323529411764705899e-01,1.019417475728155303e-01,1.240875912408759135e-01,1.136363636363636326e-01,0.000000000000000000e+00,0.000000000000000000e+00,2.968337730870712621e-01,7.926829268292683028e-02,3.056351480420248512e-01,6.954436450839328321e-02,1.279826464208242975e-01,1.077586206896551657e-01,1.131313131313131382e-01,9.370988446726571941e-02,2.425595238095238082e-01,9.597523219814241280e-02,9.278350515463917869e-02,1.735700197238658760e-01,3.043478260869565410e-01,1.273408239700374589e-01,2.706521739130434701e-01,1.715686274509803932e-01,0.000000000000000000e+00,2.000000000000000111e-01,9.580838323353293995e-02,1.275000000000000022e-01,1.025641025641025605e-01,2.179487179487179516e-01,0.000000000000000000e+00,9.523809523809523281e-02,1.641025641025641024e-01,1.190476190476190410e-01,0.000000000000000000e+00,8.823529411764706454e-02,0.000000000000000000e+00,0.000000000000000000e+00,1.444444444444444309e-01,0.000000000000000000e+00,1.124260355029585851e-01,1.263616557734204837e-01,1.489361702127659504e-01,9.764309764309764272e-02,9.951456310679611394e-02,9.563409563409563940e-02,1.295843520782395952e-01,9.657947686116699626e-02,1.288343558282208645e-01,1.542288557213930267e-01,1.458699472759226734e-01,1.338797814207650372e-01,2.803347280334728131e-01,9.210526315789473173e-02,0.000000000000000000e+00,1.686746987951807109e-01,1.724137931034482873e-01,2.665726375176304397e-01,2.404580152671755844e-01,1.380065717415115134e-01,9.452736318407960192e-02,7.766990291262135249e-02,9.859154929577464144e-02,0.000000000000000000e+00,1.320754716981132060e-01,0.000000000000000000e+00,1.143695014662756554e-01,1.294117647058823650e-01,2.681347150259067447e-01,9.720176730486008998e-02,1.066856330014224752e-01,0.000000000000000000e+00,5.357142857142856845e-02,8.681672025723473352e-02,1.209677419354838745e-01,1.666666666666666574e-01,1.481481481481481399e-01,9.677419354838709409e-02,1.382978723404255372e-01,1.075949367088607639e-01,1.377245508982035960e-01,1.976744186046511531e-01,1.206896551724137984e-01,1.265060240963855331e-01,1.588235294117646967e-01,1.333333333333333315e-01,1.419753086419753008e-01,1.357142857142857040e-01,1.420454545454545581e-01,8.441558441558441594e-02,1.111111111111111049e-01,1.506024096385542299e-01,9.146341463414633943e-02,1.319444444444444475e-01
2.820512820512820484e-01,4.473684210526315819e-01,6.250000000000000000e-02,1.923076923076923184e-01,3.333333333333333148e-01,2.500000000000000000e-01,0.000000000000000000e+00,0.000000000000000000e+00,0.000000000000000000e+00,0.000000000000000000e+00,1.176470588235294101e-01,2.068965517241379282e-01,2.000000000000000111e-01,0.000000000000000000e+00,5.000000000000000000e-01,2.000000000000000111e-01,1.914893617021276584e-01,3.030303030303030387e-01,4.444444444444444198e-01,2.000000000000000111e-01,2.222222222222222099e-01,0.000000000000000000e+00,1.929824561403508665e-01,2.200000000000000011e-01,5.833333333333333703e-01,0.000000000000000000e+00,7.500000000000000000e-01,2.999999999999999889e-01,6.724137931034482873e-01,2.173913043478260809e-01,0.000000000000000000e+00,1.250000000000000000e-01,5.263157894736841813e-01,2.307692307692307820e-01,2.622950819672131284e-01,5.600000000000000533e-01,4.000000000000000222e-01,3.846153846153846367e-01,4.500000000000000111e-01,2.162162162162162282e-01,0.000000000000000000e+00,3.589743589743589758e-01,0.000000000000000000e+00,2.777777777777777901e-01,4.000000000000000222e-01,0.000000000000000000e+00,4.714285714285714191e-01,5.000000000000000000e-01,2.413793103448275967e-01,5.999999999999999778e-01,1.555555555555555580e-01,0.000000000000000000e+00,1.052631578947368363e-01,5.555555555555555802e-01,0.000000000000000000e+00,2.105263157894736725e-01,4.666666666666666741e-01,2.142857142857142738e-01,2.857142857142856984e-01,2.857142857142856984e-01,5.999999999999999778e-01,3.333333333333333148e-01,3.076923076923077094e-01,2.999999999999999889e-01,1.632653061224489666e-01,5.000000000000000000e-01,5.882352941176470784e-01,6.190476190476190688e-01,4.000000000000000222e-01,6.666666666666666574e-02,2.448979591836734637e-01,3.157894736842105088e-01,2.124999999999999944e-01,1.199999999999999956e-01,1.372549019607843257e-01,7.435897435897436125e-01,0.000000000000000000e+00,2.500000000000000000e-01,4.516129032258064391e-01,9.302325581395348708e-02,2.173913043478260809e-01,6.250000000000000000e-02,3.181818181818181768e-01,2.222222222222222099e-01,2.105263157894736725e-01,6.666666666666666297e-01,6.976744186046511809e-01,0.000000000000000000e+00,1.724137931034482873e-01,2.121212121212121271e-01,2.800000000000000266e-01,3.076923076923077094e-01,2.812500000000000000e-01,1.621621621621621712e-01,5.555555555555555802e-01,2.000000000000000111e-01,1.636363636363636354e-01,2.142857142857142738e-01,7.142857142857143016e-01,1.884057971014492794e-01,1.951219512195122019e-01,2.307692307692307820e-01,2.999999999999999889e-01,6.976744186046511809e-01,5.000000000000000000e-01,1.000000000000000000e+00,2.000000000000000111e-01,0.000000000000000000e+00,3.499999999999999778e-01,0.000000000000000000e+00,1.666666666666666574e-01,2.428571428571428548e-01,6.400000000000000133e-01,6.470588235294117974e-01,2.000000000000000111e-01,5.652173913043477826e-01,2.631578947368420907e-01,3.125000000000000000e-01,4.000000000000000222e-01,2.558139534883721034e-01,2.777777777777777901e-01,6.557377049180327377e-01,2.500000000000000000e-01,2.972972972972973138e-01,1.818181818181818232e-01,3.030303030303030387e-01,3.902439024390244038e-01,2.285714285714285643e-01,2.285714285714285643e-01,2.727272727272727071e-01,0.000000000000000000e+00,2.857142857142856984e-01,0.000000000000000000e+00,2.727272727272727071e-01,1.506849315068493067e-01,4.285714285714285476e-01,7.142857142857143016e-01,5.256410256410256610e-01,3.571428571428571508e-01,2.580645161290322509e-01,1.666666666666666574e-01,1.749999999999999889e-01,6.666666666666666297e-01,6.842105263157894912e-01,4.444444444444444198e-01,0.000000000000000000e+00,0.000000000000000000e+00,0.000000000000000000e+00,0.000000000000000000e+00,2.857142857142856984e-01,2.142857142857142738e-01,2.962962962962962798e-01,3.333333333333333148e-01,7.142857142857142461e-02,3.164556962025316666e-01,2.592592592592592449e-01,1.578947368421052544e-01,1.428571428571428492e-01,1.000000000000000000e+00,2.413793103448275967e-01,2.580645161290322509e-01,2.307692307692307820e-01,2.187500000000000000e-01,1.578947368421052544e-01,2.500000000000000000e-01,0.000000000000000000e+00,2.500000000000000000e-01,0.000000000000000000e+00,1.250000000000000000e-01,3.333333333333333148e-01,3.285714285714285698e-01,0.000000000000000000e+00,0.000000000000000000e+00,6.250000000000000000e-01,2.666666666666666630e-01,2.105263157894736725e-01,2.500000000000000000e-01,2.923076923076923239e-01,2.222222222222222099e-01,5.849056603773584717e-01,2.857142857142856984e-01,0.000000000000000000e+00,2.000000000000000111e-01,7.500000000000000000e-01,3.333333333333333148e-01,2.083333333333333426e-01,3.333333333333333148e-01,0.000000000000000000e+00,4.285714285714285476e-01,2.000000000000000111e-01,0.000000000000000000e+00,2.295081967213114804e-01,1.428571428571428492e-01,3.750000000000000000e-01,1.666666666666666574e-01,1.714285714285714302e-01,4.736842105263157632e-01,0.000000000000000000e+00,2.000000000000000111e-01,1.666666666666666574e-01,3.611111111111111049e-01,2.857142857142856984e-01,1.904761904761904656e-01,8.000000000000000167e-02,0.000000000000000000e+00,2.500000000000000000e-01,1.754385964912280604e-01,2.857142857142856984e-01,0.000000000000000000e+00,3.478260869565217295e-01,2.727272727272727071e-01,3.499999999999999778e-01,3.750000000000000000e-01,3.888888888888888951e-01,2.173913043478260809e-01,4.285714285714285476e-01,1.764705882352941291e-01,0.000000000000000000e+00,1.000000000000000000e+00,0.000000000000000000e+00,0.000000000000000000e+00,5.999999999999999778e-01,2.222222222222222099e-01,1.818181818181818232e-01,1.250000000000000000e-01,0.000000000000000000e+00,2.142857142857142738e-01,0.000000000000000000e+00,7.735849056603774088e-01,6.999999999999999556e-01,8.333333333333332871e-02,4.285714285714285476e-01,0.000000000000000000e+00,0.000000000000000000e+00,2.363636363636363591e-01,5.882352941176470507e-02,1.111111111111111049e-01,8.333333333333332871e-02,2.207792207792207695e-01,2.105263157894736725e-01,3.793103448275861878e-01,2.839506172839506015e-01,2.000000000000000111e-01,6.999999999999999556e-01,1.000000000000000000e+00,2.564102564102563875e-01,3.333333333333333148e-01,4.210526315789473450e-01,2.424242424242424310e-01,4.166666666666666852e-01,0.000000000000000000e+00,2.500000000000000000e-01,2.000000000000000111e-01,5.833333333333333703e-01,3.333333333333333148e-01,9.090909090909091161e-02,0.000000000000000000e+00,3.750000000000000000e-01,1.458333333333333426e-01,1.969696969696969613e-01,0.000000000000000000e+00,4.375000000000000000e-01,0.000000000000000000e+00,0.000000000000000000e+00,2.000000000000000111e-01,0.000000000000000000e+00,2.307692307692307820e-01,3.333333333333333148e-01,5.000000000000000000e-01,3.809523809523809312e-01,2.142857142857142738e-01,3.508771929824561209e-01,6.216216216216216006e-01,2.941176470588235392e-01,4.375000000000000000e-01,4.545454545454545303e-01,4.629629629629629650e-01,1.428571428571428492e-01,2.432432432432432567e-01,1.666666666666666574e-01,0.000000000000000000e+00,6.666666666666666297e-01,5.714285714285713969e-01,1.153846153846153910e-01,2.500000000000000000e-01,5.978260869565217295e-01,5.999999999999999778e-01,1.666666666666666574e-01,0.000000000000000000e+00,0.000000000000000000e+00,3.333333333333333148e-01,0.000000000000000000e+00,5.000000000000000000e-01,5.000000000000000000e-01,2.343750000000000000e-01,2.999999999999999889e-01,2.692307692307692180e-01,0.000000000000000000e+00,0.000000000000000000e+00,1.111111111111111049e-01,5.000000000000000000e-01,2.941176470588235392e-01,4.666666666666666741e-01,1.666666666666666574e-01,5.000000000000000000e-01,8.000000000000000444e-01,1.666666666666666574e-01,4.000000000000000222e-01,2.222222222222222099e-01,9.523809523809523281e-02,3.529411764705882582e-01,3.571428571428571508e-01,3.913043478260869734e-01,3.157894736842105088e-01,2.857142857142856984e-01,1.818181818181818232e-01,2.666666666666666630e-01,5.882352941176470784e-01,3.333333333333333148e-01,6.250000000000000000e-02
1.178343949044586003e-01,1.070187630298818637e-01,1.428571428571428492e-01,2.204836415362731172e-01,2.698412698412698263e-01,2.005277044854881230e-01,0.000000000000000000e+00,0.000000000000000000e+00,0.000000000000000000e+00,1.717791411042944860e-01,1.035714285714285782e-01,1.015965166908563144e-01,1.459459459459459540e-01,0.000000000000000000e+00,1.133501259445843790e-01,1.654135338345864570e-01,1.358695652173912971e-01,3.244416873449131322e-01,7.906976744186046402e-02,2.848101265822785000e-01,2.017804154302670627e-01,0.000000000000000000e+00,3.422222222222222054e-01,3.292181069958847739e-01,1.076487252124645883e-01,0.000000000000000000e+00,7.042253521126760896e-02,1.043956043956043994e-01,9.863429438543247496e-02,1.217641418983700929e-01,1.454545454545454475e-01,2.459954233409611113e-01,6.212424849699398760e-02,1.010509296685529468e-01,2.727915194346289818e-01,9.991876523151908829e-02,1.075268817204301092e-01,9.171974522292992982e-02,1.472275334608030561e-01,1.032357473035439149e-01,2.352941176470588203e-01,1.100000000000000006e-01,1.575342465753424570e-01,1.033822590938098251e-01,9.424083769633508079e-02,0.000000000000000000e+00,1.080246913580246854e-01,1.907216494845360710e-01,1.094801223241590182e-01,5.555555555555555247e-02,1.073667711598746133e-01,8.629441624365481733e-02,8.865979381443299390e-02,1.011560693641618547e-01,1.114864864864864857e-01,2.819237147595356485e-01,1.318681318681318715e-01,1.192052980132450313e-01,1.649484536082474195e-01,1.125730994152046721e-01,7.860262008733624739e-02,3.562264150943396102e-01,3.025152957171992063e-01,2.798634812286689422e-01,1.155988857938718695e-01,1.365313653136531469e-01,5.710491367861885575e-02,1.058201058201058142e-01,1.270718232044198981e-01,1.080402010050251216e-01,8.877086494688922469e-02,1.091854419410745181e-01,1.466296038915913813e-01,1.069100391134289452e-01,3.518867924528301661e-01,1.128762541806020009e-01,8.571428571428571508e-02,1.051859099804305225e-01,2.945402298850574585e-01,8.501594048884165977e-02,3.257030739045127521e-01,3.798882681564245689e-01,2.024353120243531090e-01,1.284634760705289647e-01,2.035763411279229718e-01,1.062670299727520445e-01,9.615384615384615918e-02,0.000000000000000000e+00,8.628005657708627540e-02,1.154929577464788720e-01,1.263383297644539716e-01,1.233595800524934366e-01,2.614942528735632044e-01,1.172265904217298094e-01,1.839080459770114917e-01,3.117483811285846618e-01,2.545297670405521906e-01,7.976653696498053892e-02,1.051212938005390840e-01,2.610789980732177162e-01,1.043000914913083249e-01,9.635036496350364577e-02,1.184210526315789408e-01,6.680881307746978914e-02,8.344198174706649040e-02,1.401869158878504551e-01,1.223628691983122407e-01,0.000000000000000000e+00,1.245210727969348619e-01,0.000000000000000000e+00,1.449275362318840632e-01,9.066232356134636128e-02,1.579804560260586188e-01,9.365325077399380693e-02,1.270310192023633711e-01,4.584040747028862717e-02,1.229656419529837202e-01,1.008861622358554894e-01,2.021116138763197623e-01,1.186345831001678758e-01,3.226571767497034560e-01,1.034180543382997308e-01,1.390134529147982190e-01,1.192602040816326536e-01,1.032863849765258274e-01,1.190476190476190410e-01,8.805668016194331815e-02,9.452201933404941192e-02,1.172932330827067687e-01,1.352201257861635197e-01,0.000000000000000000e+00,1.331360946745562268e-01,0.000000000000000000e+00,1.301084236864053501e-01,1.345100426049908593e-01,1.230769230769230838e-01,9.538461538461538713e-02,9.598741148701810111e-02,8.860759493670886111e-02,1.141678129298486916e-01,9.939759036144578397e-02,1.277860326894502130e-01,1.217948717948717924e-01,1.307692307692307765e-01,1.419354838709677435e-01,0.000000000000000000e+00,1.221719457013574622e-01,0.000000000000000000e+00,0.000000000000000000e+00,1.342200725513905679e-01,1.391437308868501421e-01,1.029900332225913567e-01,1.391752577319587680e-01,7.799999999999999989e-02,1.947743467933491790e-01,1.492753623188405876e-01,2.014302741358760529e-01,8.417508417508418050e-02,2.864864864864865024e-01,1.845493562231759754e-01,1.183063511830635128e-01,1.101321585903083655e-01,2.555910543130990309e-01,1.202090592334494751e-01,2.873831775700934621e-01,0.000000000000000000e+00,1.725146198830409261e-01,0.000000000000000000e+00,1.363636363636363535e-01,3.183391003460207536e-01,1.191264063534083345e-01,0.000000000000000000e+00,0.000000000000000000e+00,1.887755102040816202e-01,6.550218340611353718e-02,1.354581673306772815e-01,8.665511265164645149e-02,3.001017293997965685e-01,1.434782608695652217e-01,7.685950413223140154e-02,2.715231788079470188e-01,9.580838323353293995e-02,1.151202749140893405e-01,4.761904761904761640e-02,2.928870292887029159e-01,1.054823039555864012e-01,6.440677966101694685e-02,0.000000000000000000e+00,1.457286432160803946e-01,1.556064073226544608e-01,0.000000000000000000e+00,1.212574850299401180e-01,1.072589382448537326e-01,8.298755186721991361e-02,2.890094979647218620e-01,2.672497570456754401e-01,9.720534629404617433e-02,0.000000000000000000e+00,8.918406072106262183e-02,1.176470588235294101e-01,9.903381642512076866e-02,1.135802469135802489e-01,6.892382103990327136e-02,1.575562700964630303e-01,1.801242236024844789e-01,7.981220657276995312e-02,1.210653753026634388e-01,1.216730038022813681e-01,0.000000000000000000e+00,1.198003327787021677e-01,1.438515081206496460e-01,1.339165545087483145e-01,1.193415637860082285e-01,1.605206073752711571e-01,1.169230769230769212e-01,2.812500000000000000e-01,3.197674418604651292e-01,0.000000000000000000e+00,6.179775280898876233e-02,0.000000000000000000e+00,0.000000000000000000e+00,9.649122807017543324e-02,1.049180327868852458e-01,1.115537848605577670e-01,2.873462214411247606e-01,0.000000000000000000e+00,1.284153005464480912e-01,0.000000000000000000e+00,1.343054489639294025e-01,1.147540983606557402e-01,2.383561643835616362e-01,1.516245487364620836e-01,0.000000000000000000e+00,0.000000000000000000e+00,1.150930392832529292e-01,2.710084033613445187e-01,1.220779220779220769e-01,2.359192348565355979e-01,1.728997289972899754e-01,3.138801261829652911e-01,1.395572666025023945e-01,2.999999999999999889e-01,1.258116883116883189e-01,8.530183727034121310e-02,1.194029850746268634e-01,1.241446725317693067e-01,1.263736263736263687e-01,9.632224168126093944e-02,1.151279199110122331e-01,2.216981132075471761e-01,0.000000000000000000e+00,1.182795698924731242e-01,2.511848341232227333e-01,9.966024915062288159e-02,2.942477876106194823e-01,1.653846153846153799e-01,0.000000000000000000e+00,3.311965811965811857e-01,1.143583227445997413e-01,1.224489795918367319e-01,0.000000000000000000e+00,1.114864864864864857e-01,0.000000000000000000e+00,0.000000000000000000e+00,2.907488986784140805e-01,0.000000000000000000e+00,1.076388888888888951e-01,9.341199606686331758e-02,8.536585365853659180e-02,1.180654338549075449e-01,9.285714285714286031e-02,2.511542012927054368e-01,1.313559322033898413e-01,3.476394849785407470e-01,9.186746987951807664e-02,1.315789473684210453e-01,1.136974037600716192e-01,1.456507080242751273e-01,9.965635738831615797e-02,2.837370242214533045e-01,0.000000000000000000e+00,2.702702702702702853e-02,1.148148148148148140e-01,1.153846153846153910e-01,1.054313099041533502e-01,9.462254395036194532e-02,9.690721649484536349e-02,7.400722021660649519e-02,1.241379310344827569e-01,0.000000000000000000e+00,1.415929203539822989e-01,0.000000000000000000e+00,1.086092715231788131e-01,8.173076923076923184e-02,1.270319084888621441e-01,2.534381139489194634e-01,1.372812920592193786e-01,0.000000000000000000e+00,2.730769230769230504e-01,1.756954612005856564e-01,1.501501501501501523e-01,1.075949367088607639e-01,1.222222222222222182e-01,1.403061224489795811e-01,1.559888579387186669e-01,1.323943661971830887e-01,1.540540540540540626e-01,1.457800511508951513e-01,1.584158415841584178e-01,1.449631449631449687e-01,1.404958677685950452e-01,1.513647642679900873e-01,1.767810026385224220e-01,1.072463768115941990e-01,1.346633416458852817e-01,1.498637602179836437e-01,1.074626865671641784e-01,1.191222570532915331e-01,1.239892183288409666e-01,1.239193083573486981e-01
1.001088139281828132e-01,9.864188706218728064e-02,1.038062283737024166e-01,2.242744063324538240e-01,2.423625254582484623e-01,1.763005780346820761e-01,0.000000000000000000e+00,0.000000000000000000e+00,0.000000000000000000e+00,1.164383561643835552e-01,8.679927667269439484e-02,9.850746268656716820e-02,1.149425287356321823e-01,0.000000000000000000e+00,1.178160919540229834e-01,1.814671814671814654e-01,1.127214170692431572e-01,2.944862155388471292e-01,1.106382978723404187e-01,2.727272727272727071e-01,1.903409090909090884e-01,0.000000000000000000e+00,3.383270911360798938e-01,3.349282296650717972e-01,1.728813559322033844e-01,0.000000000000000000e+00,5.780346820809248443e-02,1.329479768786127059e-01,9.710144927536232262e-02,1.051136363636363674e-01,1.212121212121212155e-01,2.662538699690402688e-01,5.194805194805195148e-02,8.685446009389671818e-02,2.845528455284552782e-01,1.116465863453815210e-01,9.666283084004602399e-02,9.603841536614646235e-02,1.805555555555555525e-01,1.093272171253822644e-01,2.331288343558282072e-01,1.372262773722627838e-01,1.959459459459459429e-01,8.871989860583016918e-02,1.122448979591836732e-01,0.000000000000000000e+00,1.264023934181002229e-01,1.532846715328467224e-01,1.181102362204724393e-01,9.230769230769231282e-02,9.138381201044386282e-02,1.159420289855072478e-01,7.565011820330969083e-02,1.130434782608695649e-01,1.049180327868852458e-01,2.945205479452054909e-01,1.213872832369942145e-01,1.205211726384364801e-01,1.633064516129032195e-01,1.134521880064829763e-01,9.615384615384615918e-02,3.390334572490706355e-01,3.185901865929509080e-01,3.161290322580644907e-01,1.089743589743589758e-01,1.111111111111111049e-01,6.128133704735375803e-02,9.140767824497257610e-02,1.592920353982300863e-01,7.179487179487178961e-02,9.428129829984543964e-02,1.296875000000000111e-01,1.147058823529411714e-01,1.123287671232876678e-01,3.526170798898071723e-01,1.378708551483420475e-01,2.666666666666666838e-02,1.158906882591093090e-01,3.094928478543563233e-01,8.830022075055188324e-02,3.482252141982863924e-01,2.992565055762081982e-01,1.727140783744557373e-01,1.375358166189111775e-01,1.765536723163841915e-01,1.554959785522788129e-01,1.107344632768361564e-01,0.000000000000000000e+00,1.152815013404825673e-01,1.142454160789844880e-01,1.498929336188436767e-01,9.595959595959595301e-02,2.641129032258064391e-01,1.045241809672386862e-01,1.528384279475982488e-01,2.895397489539748848e-01,2.460776218001651527e-01,8.333333333333332871e-02,9.763313609467455523e-02,2.443396226415094352e-01,1.108930323846908789e-01,1.042253521126760563e-01,8.703703703703703776e-02,9.173669467787114173e-02,9.710610932475884083e-02,6.976744186046511531e-02,1.025641025641025605e-01,0.000000000000000000e+00,1.379310344827586188e-01,0.000000000000000000e+00,1.170731707317073239e-01,9.776078645548880175e-02,2.100161550888529904e-01,1.035856573705179334e-01,1.294642857142857262e-01,4.701627486437612996e-02,1.355633802816901545e-01,1.006036217303823005e-01,2.223880597014925298e-01,1.203438395415472734e-01,2.823129251700680076e-01,8.688097306689834820e-02,1.417322834645669272e-01,1.062459755312298720e-01,1.179245283018867940e-01,1.020856201975850752e-01,9.466811751904244399e-02,9.706546275395033785e-02,1.128165771297006958e-01,1.401273885350318438e-01,0.000000000000000000e+00,1.475409836065573743e-01,0.000000000000000000e+00,1.087510620220900615e-01,1.186107470511140183e-01,1.051051051051051094e-01,9.970674486803518533e-02,1.102661596958174894e-01,1.026615969581749083e-01,8.740740740740740589e-02,1.268011527377521652e-01,1.336633663366336711e-01,1.031249999999999944e-01,1.305114638447971709e-01,9.523809523809523281e-02,0.000000000000000000e+00,1.666666666666666574e-01,0.000000000000000000e+00,0.000000000000000000e+00,1.099611901681759318e-01,1.155444721529509527e-01,1.218961625282167088e-01,2.122641509433962348e-01,8.297872340425531401e-02,1.657458563535911533e-01,1.295180722891566272e-01,2.145593869731800829e-01,1.250000000000000000e-01,2.906403940886699289e-01,1.913407821229050343e-01,9.068322981366459812e-02,1.076233183856502296e-01,2.264808362369337968e-01,1.342723004694835742e-01,3.265765765765765716e-01,0.000000000000000000e+00,2.043010752688172171e-01,0.000000000000000000e+00,1.369863013698630061e-01,3.491124260355029651e-01,1.033333333333333326e-01,0.000000000000000000e+00,0.000000000000000000e+00,2.413793103448275967e-01,1.018957345971563955e-01,9.745762711864407180e-02,8.248299319727890599e-02,3.216682646212847829e-01,2.096069868995633079e-01,1.014370245139475935e-01,2.374999999999999889e-01,7.471264367816092544e-02,9.285051067780872303e-02,5.633802816901408578e-02,3.886792452830188926e-01,1.112748710390567414e-01,7.835820895522388474e-02,0.000000000000000000e+00,1.071428571428571369e-01,1.597938144329896781e-01,0.000000000000000000e+00,1.201157742402315515e-01,9.770114942528736190e-02,7.569721115537848821e-02,3.522427440633245643e-01,2.864424057084607456e-01,7.626076260762607029e-02,0.000000000000000000e+00,7.014028056112224518e-02,1.228813559322033955e-01,1.160822249093107633e-01,9.302325581395348708e-02,8.860759493670886111e-02,1.309148264984227039e-01,1.216216216216216284e-01,1.047120418848167533e-01,1.272871917263325436e-01,1.270136307311028612e-01,0.000000000000000000e+00,1.078767123287671242e-01,1.695402298850574585e-01,1.480978260869565133e-01,1.397379912663755386e-01,1.718061674008810602e-01,1.021671826625386997e-01,2.850678733031674073e-01,3.639921722113502733e-01,0.000000000000000000e+00,6.030150753768843963e-02,0.000000000000000000e+00,0.000000000000000000e+00,1.212121212121212155e-01,6.600000000000000311e-02,8.878504672897195860e-02,3.107789142407553218e-01,0.000000000000000000e+00,1.026315789473684209e-01,0.000000000000000000e+00,1.219147344801795041e-01,1.118143459915611759e-01,3.521850899742930419e-01,1.140065146579804511e-01,0.000000000000000000e+00,0.000000000000000000e+00,1.224340175953079202e-01,2.790697674418604612e-01,1.054830287206266343e-01,2.336244541484716053e-01,1.950162513542795240e-01,3.132137030995105764e-01,1.502262443438913964e-01,2.923728813559322015e-01,9.429824561403508942e-02,1.068754254594962566e-01,1.302521008403361436e-01,1.170018281535648991e-01,1.111111111111111049e-01,1.184210526315789408e-01,1.202090592334494751e-01,2.127659574468085124e-01,0.000000000000000000e+00,1.329113924050632778e-01,2.590799031476997416e-01,1.250000000000000000e-01,3.284671532846715203e-01,2.000000000000000111e-01,0.000000000000000000e+00,2.912621359223300788e-01,1.146149181322013294e-01,1.092217135382602955e-01,0.000000000000000000e+00,1.157270029673590495e-01,0.000000000000000000e+00,0.000000000000000000e+00,2.780487804878049030e-01,0.000000000000000000e+00,1.042345276872964216e-01,9.626719056974460120e-02,6.998158379373849158e-02,1.001371742112482921e-01,9.230769230769231282e-02,2.517207472959685499e-01,1.322803553800592224e-01,3.180327868852458884e-01,1.079812206572769995e-01,1.493333333333333457e-01,9.901873327386262469e-02,1.160142348754448355e-01,1.018418201516793076e-01,2.895683453237409832e-01,0.000000000000000000e+00,4.347826086956521618e-02,1.209302325581395332e-01,8.843537414965986498e-02,1.106870229007633627e-01,9.961261759822910566e-02,9.221311475409836589e-02,7.797270955165691575e-02,6.451612903225806273e-02,0.000000000000000000e+00,1.441441441441441429e-01,0.000000000000000000e+00,1.257062146892655441e-01,7.305936073059360325e-02,1.147227533460803001e-01,2.873345935727788514e-01,1.357285429141716626e-01,0.000000000000000000e+00,2.679245283018867885e-01,2.173252279635258244e-01,1.067961165048543631e-01,1.298701298701298579e-01,1.568047337278106468e-01,1.554959785522788129e-01,1.461988304093567170e-01,1.436314363143631478e-01,1.745152354570637110e-01,1.520467836257309857e-01,1.588541666666666574e-01,1.163366336633663428e-01,1.482558139534883856e-01,1.246612466124661228e-01,1.014925373134328290e-01,9.117647058823528938e-02,1.326781326781326653e-01,1.346704871060172004e-01,1.091954022988505801e-01,1.518151815181518205e-01,1.567567567567567655e-01,1.205882352941176489e-01
3.030303030303030387e-01,3.148148148148148251e-01,5.000000000000000000e-01,8.518518518518518601e-01,7.727272727272727071e-01,5.714285714285713969e-01,0.000000000000000000e+00,0.000000000000000000e+00,0.000000000000000000e+00,0.000000000000000000e+00,4.000000000000000222e-01,3.846153846153846367e-01,5.000000000000000000e-01,0.000000000000000000e+00,3.529411764705882582e-01,4.285714285714285476e-01,3.921568627450980338e-01,7.333333333333332815e-01,0.000000000000000000e+00,5.999999999999999778e-01,6.666666666666666297e-01,0.000000000000000000e+00,8.703703703703703498e-01,7.435897435897436125e-01,5.000000000000000000e-01,0.000000000000000000e+00,3.809523809523809312e-01,0.000000000000000000e+00,3.200000000000000067e-01,3.888888888888888951e-01,8.000000000000000444e-01,8.181818181818182323e-01,5.833333333333333703e-01,2.399999999999999911e-01,7.592592592592593004e-01,4.259259259259259300e-01,4.000000000000000222e-01,3.125000000000000000e-01,4.705882352941176405e-01,3.513513513513513709e-01,7.500000000000000000e-01,2.592592592592592449e-01,5.000000000000000000e-01,3.529411764705882582e-01,3.846153846153846367e-01,0.000000000000000000e+00,4.166666666666666852e-01,8.750000000000000000e-01,4.285714285714285476e-01,4.444444444444444198e-01,3.333333333333333148e-01,0.000000000000000000e+00,3.157894736842105088e-01,5.000000000000000000e-01,3.333333333333333148e-01,8.421052631578946901e-01,2.727272727272727071e-01,6.363636363636363535e-01,4.545454545454545303e-01,4.210526315789473450e-01,2.857142857142856984e-01,9.200000000000000400e-01,7.936507936507936067e-01,1.000000000000000000e+00,3.902439024390244038e-01,5.294117647058823595e-01,4.444444444444444198e-01,3.684210526315789269e-01,4.444444444444444198e-01,2.608695652173912971e-01,3.606557377049180446e-01,2.352941176470588203e-01,2.549019607843137081e-01,3.599999999999999867e-01,9.000000000000000222e-01,1.891891891891891997e-01,7.500000000000000000e-01,4.166666666666666852e-01,6.785714285714286031e-01,2.692307692307692180e-01,7.936507936507936067e-01,8.750000000000000000e-01,6.842105263157894912e-01,5.555555555555555802e-01,3.636363636363636465e-01,3.636363636363636465e-01,2.162162162162162282e-01,0.000000000000000000e+00,4.000000000000000222e-01,4.838709677419354982e-01,4.285714285714285476e-01,6.666666666666666297e-01,7.678571428571429047e-01,4.255319148936170248e-01,4.285714285714285476e-01,9.285714285714286031e-01,6.521739130434782705e-01,5.151515151515151381e-01,4.210526315789473450e-01,7.317073170731707155e-01,3.137254901960784270e-01,2.222222222222222099e-01,2.307692307692307820e-01,1.851851851851851749e-01,2.647058823529411797e-01,3.333333333333333148e-01,2.857142857142856984e-01,0.000000000000000000e+00,4.761904761904761640e-01,0.000000000000000000e+00,5.000000000000000000e-01,2.911392405063291111e-01,3.529411764705882582e-01,2.399999999999999911e-01,1.666666666666666574e-01,3.181818181818181768e-01,2.352941176470588203e-01,3.599999999999999867e-01,8.709677419354838745e-01,4.264705882352941013e-01,7.741935483870967527e-01,3.043478260869565410e-01,1.250000000000000000e-01,4.444444444444444198e-01,4.000000000000000222e-01,3.437500000000000000e-01,3.250000000000000111e-01,4.375000000000000000e-01,4.769230769230769496e-01,4.615384615384615641e-01,0.000000000000000000e+00,5.000000000000000000e-01,0.000000000000000000e+00,3.877551020408163129e-01,3.552631578947368363e-01,5.333333333333333259e-01,0.000000000000000000e+00,3.518518518518518601e-01,4.285714285714285476e-01,4.615384615384615641e-01,7.142857142857143016e-01,4.722222222222222099e-01,2.500000000000000000e-01,3.684210526315789269e-01,8.333333333333333703e-01,0.000000000000000000e+00,8.000000000000000444e-01,0.000000000000000000e+00,0.000000000000000000e+00,2.666666666666666630e-01,5.192307692307692735e-01,3.181818181818181768e-01,6.666666666666666297e-01,2.105263157894736725e-01,4.923076923076923350e-01,4.375000000000000000e-01,7.647058823529411242e-01,5.000000000000000000e-01,1.000000000000000000e+00,5.714285714285713969e-01,4.324324324324324564e-01,5.833333333333333703e-01,6.818181818181817677e-01,3.529411764705882582e-01,7.692307692307692735e-01,0.000000000000000000e+00,7.058823529411765163e-01,0.000000000000000000e+00,4.666666666666666741e-01,1.000000000000000000e+00,2.702702702702702853e-01,0.000000000000000000e+00,0.000000000000000000e+00,7.142857142857143016e-01,3.333333333333333148e-01,1.818181818181818232e-01,3.508771929824561209e-01,8.811881188118811936e-01,5.714285714285713969e-01,3.653846153846153633e-01,6.666666666666666297e-01,3.333333333333333148e-01,4.181818181818181546e-01,0.000000000000000000e+00,1.000000000000000000e+00,4.222222222222222210e-01,4.000000000000000222e-01,0.000000000000000000e+00,1.000000000000000000e+00,5.000000000000000000e-01,0.000000000000000000e+00,2.833333333333333259e-01,2.592592592592592449e-01,2.500000000000000000e-01,7.500000000000000000e-01,7.368421052631578538e-01,4.571428571428571286e-01,0.000000000000000000e+00,3.333333333333333148e-01,6.153846153846154188e-01,3.750000000000000000e-01,2.727272727272727071e-01,2.399999999999999911e-01,6.428571428571429047e-01,5.000000000000000000e-01,5.000000000000000000e-01,3.166666666666666519e-01,3.513513513513513709e-01,0.000000000000000000e+00,4.210526315789473450e-01,3.846153846153846367e-01,3.428571428571428603e-01,5.999999999999999778e-01,2.727272727272727071e-01,3.888888888888888951e-01,8.000000000000000444e-01,9.523809523809523281e-01,0.000000000000000000e+00,3.333333333333333148e-01,0.000000000000000000e+00,0.000000000000000000e+00,0.000000000000000000e+00,3.888888888888888951e-01,2.222222222222222099e-01,8.478260869565217295e-01,0.000000000000000000e+00,2.500000000000000000e-01,0.000000000000000000e+00,4.117647058823529216e-01,2.857142857142856984e-01,7.500000000000000000e-01,5.000000000000000000e-01,0.000000000000000000e+00,0.000000000000000000e+00,4.761904761904761640e-01,8.571428571428570953e-01,3.800000000000000044e-01,7.857142857142856984e-01,4.561403508771929571e-01,7.368421052631578538e-01,4.210526315789473450e-01,9.154929577464788748e-01,4.285714285714285476e-01,2.127659574468085124e-01,5.000000000000000000e-01,4.324324324324324564e-01,5.000000000000000000e-01,3.913043478260869734e-01,4.500000000000000111e-01,6.333333333333333037e-01,0.000000000000000000e+00,4.285714285714285476e-01,7.647058823529411242e-01,2.903225806451613100e-01,8.125000000000000000e-01,4.166666666666666852e-01,0.000000000000000000e+00,8.888888888888888395e-01,4.027777777777777901e-01,3.529411764705882582e-01,0.000000000000000000e+00,3.636363636363636465e-01,0.000000000000000000e+00,0.000000000000000000e+00,6.666666666666666297e-01,0.000000000000000000e+00,3.076923076923077094e-01,4.385964912280701511e-01,8.695652173913043237e-02,3.030303030303030387e-01,4.423076923076922906e-01,7.727272727272727071e-01,3.142857142857142794e-01,9.399999999999999467e-01,2.692307692307692180e-01,3.076923076923077094e-01,4.000000000000000222e-01,4.285714285714285476e-01,4.444444444444444198e-01,8.181818181818182323e-01,0.000000000000000000e+00,2.500000000000000000e-01,6.250000000000000000e-01,3.214285714285714524e-01,5.454545454545454142e-01,2.769230769230769384e-01,2.777777777777777901e-01,1.875000000000000000e-01,2.000000000000000111e-01,0.000000000000000000e+00,1.000000000000000000e+00,0.000000000000000000e+00,2.500000000000000000e-01,4.000000000000000222e-01,4.126984126984126755e-01,7.826086956521739468e-01,3.770491803278688270e-01,0.000000000000000000e+00,1.000000000000000000e+00,6.666666666666666297e-01,1.875000000000000000e-01,3.125000000000000000e-01,6.666666666666666297e-01,5.000000000000000000e-01,3.809523809523809312e-01,5.000000000000000000e-01,1.739130434782608647e-01,5.000000000000000000e-01,6.153846153846154188e-01,3.571428571428571508e-01,7.142857142857143016e-01,5.714285714285713969e-01,6.111111111111111605e-01,5.333333333333333259e-01,5.000000000000000000e-01,5.384615384615384359e-01,2.142857142857142738e-01,6.428571428571429047e-01,2.307692307692307820e-01,5.882352941176470784e-01
2.882629107981220518e-01,1.636606546426185582e-01,1.392857142857142905e-01,8.743842364532020128e-02,1.036585365853658486e-01,7.534246575342465335e-02,0.000000000000000000e+00,0.000000000000000000e+00,0.000000000000000000e+00,7.878787878787878174e-02,1.677631578947368363e-01,1.662234042553191460e-01,1.436170212765957577e-01,0.000000000000000000e+00,1.350649350649350544e-01,1.221374045801526670e-01,1.475186947654656688e-01,1.040892193308550207e-01,1.348837209302325701e-01,3.125000000000000000e-02,1.573604060913705582e-01,0.000000000000000000e+00,1.018749999999999933e-01,1.153314917127071793e-01,1.478260869565217461e-01,0.000000000000000000e+00,5.107526881720430428e-02,3.711048158640226635e-01,1.301818181818181763e-01,2.789291882556131363e-01,3.039999999999999925e-01,1.091836734693877597e-01,3.192567567567567433e-01,8.850226928895613132e-02,1.266435986159169524e-01,1.267828843106180714e-01,1.468459152016546032e-01,7.288317256162915592e-02,1.507936507936507853e-01,3.281690140845070491e-01,2.155688622754491079e-01,2.167630057803468235e-01,1.501706484641638362e-01,8.819951338199513713e-02,6.745362563237773668e-02,0.000000000000000000e+00,1.358313817330210893e-01,1.152073732718894017e-01,8.246225319396051356e-02,1.912568306010928865e-01,1.528608027327070795e-01,4.469273743016759504e-01,5.800000000000000294e-02,1.441176470588235170e-01,4.140127388535032038e-01,9.951845906902086203e-02,2.746113989637305464e-01,9.240924092409240342e-02,1.925465838509316796e-01,3.188811188811188635e-01,1.023255813953488358e-01,1.133942161339421550e-01,1.231691078561917424e-01,8.306709265175718504e-02,3.739342265529841391e-01,1.071428571428571369e-01,6.100795755968169837e-02,1.426282051282051211e-01,1.119402985074626905e-01,6.398104265402843049e-02,7.300275482093664114e-02,8.253968253968253788e-02,2.580424366872005604e-01,2.074534161490683148e-01,9.195402298850574585e-02,1.236654804270462676e-01,8.235294117647058709e-02,8.566108007448790251e-02,5.584415584415584194e-02,3.285328532853285521e-01,1.094244149272612238e-01,1.000000000000000056e-01,1.808367071524966396e-01,3.562945368171021587e-01,1.518987341772151944e-01,1.243781094527363212e-01,1.215351812366737699e-01,0.000000000000000000e+00,2.179487179487179516e-01,1.980742778541953186e-01,2.093023255813953598e-01,2.606516290726816898e-01,1.219748305905130753e-01,1.507713884992987474e-01,1.208333333333333343e-01,1.076787290379523365e-01,1.103678929765886246e-01,9.185441941074523609e-02,6.705539358600583200e-02,9.600760456273764454e-02,1.021194605009633910e-01,9.228650137741047088e-02,8.702791461412151541e-02,1.557317952415284701e-01,1.224105461393596994e-01,1.129032258064516098e-01,5.199999999999999761e-02,0.000000000000000000e+00,3.485401459854014505e-01,0.000000000000000000e+00,3.237704918032787149e-01,9.095607235142118274e-02,1.246105919003115264e-01,1.207576953433307093e-01,1.336270190895741672e-01,9.171075837742503900e-02,1.118881118881118880e-01,1.146817895400125964e-01,8.450704225352112520e-02,2.771855010660980723e-01,1.135135135135135198e-01,1.132389675270607798e-01,5.150214592274678094e-02,2.495424039048200204e-01,2.018779342723004688e-01,2.884811416921508886e-01,1.251149954001840037e-01,1.488222698072805272e-01,1.459346768589298016e-01,3.455056179775281011e-01,0.000000000000000000e+00,1.390532544378698110e-01,0.000000000000000000e+00,1.544782251437962217e-01,1.302729528535980230e-01,1.424999999999999878e-01,7.714285714285713802e-02,1.160911094783247666e-01,1.010830324909747224e-01,1.515544041450777313e-01,1.127167630057803460e-01,3.339719029374201842e-01,8.391608391608391948e-02,1.109022556390977382e-01,2.897196261682242757e-01,0.000000000000000000e+00,3.694779116465863322e-01,0.000000000000000000e+00,0.000000000000000000e+00,1.299885974914481157e-01,1.222307104660045884e-01,3.597989949748743865e-01,1.338912133891213274e-01,1.367521367521367659e-01,1.714735186156266522e-01,1.616022099447513849e-01,1.297798377752027721e-01,1.397849462365591267e-01,7.386363636363636742e-02,1.646258503401360485e-01,1.628701594533029651e-01,1.692650334075723739e-01,1.490787269681742022e-01,3.009068425391591139e-01,8.374384236453201458e-02,0.000000000000000000e+00,1.260273972602739823e-01,0.000000000000000000e+00,2.978369384359401129e-01,8.955223880597014408e-02,1.085164835164835195e-01,0.000000000000000000e+00,0.000000000000000000e+00,2.029702970297029840e-01,2.953156822810590887e-01,1.155963302752293642e-01,7.669172932330826920e-02,1.060216160576428202e-01,1.524163568773234112e-01,1.382113821138211407e-01,6.338028169014084390e-02,3.842105263157894468e-01,1.478933791917454721e-01,4.729729729729729992e-02,5.737704918032787010e-02,1.574642126789365937e-01,7.384615384615385303e-02,0.000000000000000000e+00,3.285024154589372136e-01,3.742203742203742411e-01,0.000000000000000000e+00,1.016042780748663138e-01,2.377398720682302735e-01,8.064516129032257841e-02,1.071428571428571369e-01,2.328502415458937325e-01,9.692671394799054485e-02,0.000000000000000000e+00,3.904593639575971720e-01,3.656716417910447769e-01,9.815242494226328329e-02,1.075949367088607639e-01,3.085774058577405721e-01,1.578124999999999944e-01,1.333333333333333315e-01,1.538461538461538547e-01,1.644691186675919514e-01,1.056422569027611058e-01,0.000000000000000000e+00,3.307573415765069358e-01,1.478696741854636509e-01,1.119807344972907903e-01,1.092436974789915971e-01,1.533477321814254724e-01,1.325468424705066040e-01,7.659574468085106336e-02,1.117647058823529466e-01,0.000000000000000000e+00,5.780346820809248443e-02,0.000000000000000000e+00,0.000000000000000000e+00,9.243697478991597105e-02,6.782608695652174446e-02,9.426229508196720674e-02,8.894645941278066237e-02,0.000000000000000000e+00,1.980198019801980291e-01,0.000000000000000000e+00,1.448863636363636465e-01,1.319444444444444475e-01,1.168478260869565272e-01,1.060606060606060635e-01,0.000000000000000000e+00,0.000000000000000000e+00,3.630532392559333021e-01,8.836206896551723755e-02,3.472895548699868051e-01,5.081081081081081224e-02,1.613526570048309239e-01,8.838821490467937969e-02,1.121822962313759886e-01,1.309328968903437085e-01,2.531815137307434904e-01,1.028277634961439618e-01,1.152416356877323383e-01,1.364436619718309984e-01,3.047858942065491128e-01,1.241258741258741277e-01,3.336782203828246307e-01,1.976620616365568628e-01,0.000000000000000000e+00,7.653061224489796088e-02,1.079691516709511551e-01,1.338411316648530913e-01,8.803611738148983679e-02,1.521739130434782705e-01,0.000000000000000000e+00,1.244541484716157193e-01,1.705336426914153269e-01,1.059446733372572114e-01,0.000000000000000000e+00,1.367292225201072464e-01,0.000000000000000000e+00,0.000000000000000000e+00,1.100478468899521584e-01,0.000000000000000000e+00,1.030640668523676862e-01,9.560975609756097726e-02,1.545801526717557328e-01,9.396914446002804788e-02,1.044334975369458074e-01,1.187084520417853728e-01,1.134538152610441719e-01,1.084128360797918522e-01,1.311475409836065642e-01,1.502463054187192226e-01,1.323777403035413247e-01,1.358344113842173406e-01,3.706099815157116728e-01,1.053555750658472373e-01,0.000000000000000000e+00,2.296296296296296280e-01,9.282700421940928703e-02,3.156230234029095416e-01,3.199329983249581399e-01,1.238716148445336007e-01,9.898989898989898895e-02,7.920792079207920888e-02,6.944444444444444753e-02,0.000000000000000000e+00,4.098360655737704611e-02,0.000000000000000000e+00,9.547738693467336391e-02,1.595744680851063912e-01,2.540697674418604390e-01,1.199999999999999956e-01,9.786130913804277909e-02,0.000000000000000000e+00,1.322957198443579785e-01,1.100795755968169698e-01,1.499999999999999944e-01,1.402439024390244038e-01,1.543026706231453993e-01,1.257485029940119681e-01,1.630094043887147237e-01,1.411764705882352922e-01,1.448087431693989013e-01,1.694510739856801840e-01,1.588541666666666574e-01,1.134020618556701027e-01,1.385869565217391353e-01,1.323529411764705899e-01,1.460674157303370746e-01,1.620795107033639049e-01,1.218961625282167088e-01,1.333333333333333315e-01,1.305637982195845814e-01,1.340782122905027907e-01,1.276595744680850963e-01,1.237113402061855716e-01
5.947136563876651710e-02,1.626794258373205626e-01,6.626506024096386060e-02,5.570291777188329102e-02,6.072874493927125222e-02,3.208556149732620655e-02,0.000000000000000000e+00,0.000000000000000000e+00,0.000000000000000000e+00,5.208333333333333565e-02,5.351170568561872815e-02,6.756756756756757132e-02,0.000000000000000000e+00,0.000000000000000000e+00,1.075268817204301092e-01,6.870229007633588125e-02,6.743185078909612329e-02,7.614942528735632599e-02,1.217391304347826136e-01,0.000000000000000000e+00,4.838709677419354704e-02,0.000000000000000000e+00,6.060606060606060774e-02,5.962059620596205783e-02,9.154929577464789026e-02,0.000000000000000000e+00,4.519774011299435013e-02,6.557377049180328210e-02,1.477900552486187957e-01,7.020872865275142038e-02,6.451612903225806273e-02,8.219178082191780366e-02,7.942238267148014896e-02,5.015673981191222375e-02,8.403361344537815802e-02,1.403812824956672534e-01,6.299212598425196763e-02,2.919708029197080196e-02,5.970149253731343170e-02,6.991869918699186726e-02,5.128205128205128027e-02,7.647058823529412352e-02,3.378378378378378566e-02,6.130268199233716159e-02,5.118110236220472370e-02,0.000000000000000000e+00,1.404494382022472010e-01,7.619047619047619735e-02,5.119047619047618902e-02,1.020408163265306145e-01,5.862646566164154277e-02,5.208333333333333565e-02,4.313725490196078372e-02,1.228070175438596423e-01,4.800000000000000100e-02,7.666666666666666075e-02,1.414141414141414088e-01,9.523809523809523281e-02,8.108108108108108558e-02,7.183908045977011048e-02,1.181818181818181795e-01,8.849557522123893682e-02,7.624633431085044155e-02,5.147058823529411520e-02,5.387647831800262965e-02,2.185430463576158999e-01,8.986175115207373221e-02,1.388888888888888951e-01,8.938547486033519840e-02,4.022988505747126381e-02,4.475308641975308394e-02,4.892966360856269153e-02,8.127721335268504876e-02,5.962059620596205783e-02,5.000000000000000278e-02,1.054421768707483054e-01,6.896551724137930939e-02,5.967450271247739385e-02,1.661631419939577081e-01,4.968944099378881651e-02,7.650273224043716014e-02,4.832713754646840443e-02,7.282913165266106936e-02,7.894736842105262720e-02,7.567567567567567988e-02,1.573033707865168496e-01,1.118721461187214550e-01,0.000000000000000000e+00,5.609756097560975735e-02,6.250000000000000000e-02,5.000000000000000278e-02,1.235294117647058876e-01,5.555555555555555247e-02,6.277372262773722733e-02,7.142857142857142461e-02,3.799654576856649479e-02,9.464285714285713969e-02,7.053941908713692865e-02,3.571428571428571230e-02,9.090909090909091161e-02,3.646833013435700488e-02,4.273504273504273587e-02,8.239700374531834515e-02,1.567567567567567655e-01,1.386666666666666603e-01,2.380952380952380820e-01,4.065040650406503975e-02,0.000000000000000000e+00,4.273504273504273587e-02,0.000000000000000000e+00,7.407407407407406996e-02,4.761904761904761640e-02,1.740412979351032563e-01,1.424148606811145579e-01,3.468208092485548788e-02,9.627329192546583980e-02,4.528301886792452519e-02,6.359945872801082978e-02,5.882352941176470507e-02,6.981981981981981444e-02,6.234413965087282072e-02,1.297208538587849014e-01,7.339449541284404077e-02,7.095926412614980694e-02,9.401709401709401615e-02,8.749999999999999445e-02,1.055900621118012472e-01,9.274193548387096864e-02,7.851851851851851527e-02,4.166666666666666435e-02,0.000000000000000000e+00,7.042253521126760896e-02,0.000000000000000000e+00,5.843071786310517768e-02,5.793103448275862405e-02,5.464480874316939712e-02,1.212121212121212155e-01,1.774193548387096864e-01,8.653846153846153633e-02,5.468750000000000000e-02,3.076923076923077094e-02,5.392912172573189472e-02,1.276595744680850963e-01,1.307692307692307765e-01,1.237113402061855716e-01,0.000000000000000000e+00,1.142857142857142821e-01,0.000000000000000000e+00,0.000000000000000000e+00,5.925925925925926152e-02,3.658536585365853439e-02,8.351177730192720083e-02,1.250000000000000000e-01,5.333333333333333676e-02,6.971677559912854705e-02,9.792284866468842219e-02,7.506053268765133790e-02,2.758620689655172376e-02,6.976744186046511531e-02,4.719764011799409964e-02,5.943152454780361443e-02,4.433497536945812945e-02,8.455882352941176960e-02,7.235621521335806883e-02,6.250000000000000000e-02,0.000000000000000000e+00,4.117647058823529355e-02,0.000000000000000000e+00,7.480314960629921850e-02,6.622516556291391243e-02,6.839945280437756403e-02,0.000000000000000000e+00,0.000000000000000000e+00,8.433734939759035543e-02,8.510638297872340219e-02,9.420289855072463969e-02,4.195804195804195974e-02,6.888633754305395485e-02,1.372549019607843257e-01,1.622377622377622342e-01,4.687500000000000000e-02,7.216494845360824084e-02,5.982905982905983161e-02,4.477611940298507204e-02,3.960396039603960444e-02,6.873315363881402074e-02,5.147058823529411520e-02,0.000000000000000000e+00,8.421052631578947179e-02,6.103286384976525786e-02,0.000000000000000000e+00,5.094614264919941626e-02,3.030303030303030387e-02,1.550387596899224785e-02,7.396449704142012138e-02,4.651162790697674354e-02,4.587155963302752548e-02,0.000000000000000000e+00,1.050583657587548653e-01,9.452736318407960192e-02,6.823529411764706065e-02,7.894736842105262720e-02,5.121951219512194814e-02,6.344410876132930421e-02,5.940594059405940319e-02,3.529411764705882304e-02,7.817589576547230579e-02,5.361596009975062166e-02,0.000000000000000000e+00,9.407665505226481262e-02,9.223300970873786475e-02,7.641633728590249697e-02,5.607476635514018620e-02,9.389671361502346936e-02,5.970149253731343170e-02,5.999999999999999778e-02,9.501187648456056734e-02,0.000000000000000000e+00,1.195652173913043514e-01,0.000000000000000000e+00,0.000000000000000000e+00,6.451612903225806273e-02,6.418918918918918581e-02,1.401869158878504551e-01,5.442176870748299117e-02,0.000000000000000000e+00,6.185567010309278579e-02,0.000000000000000000e+00,1.442577030812324801e-01,1.230158730158730090e-01,5.468750000000000000e-02,8.571428571428571508e-02,0.000000000000000000e+00,0.000000000000000000e+00,7.217847769028871985e-02,6.363636363636362980e-02,6.327800829875518396e-02,3.769401330376940390e-02,6.395939086294416542e-02,5.166051660516605276e-02,1.281588447653429497e-01,5.710814094775212846e-02,7.132243684992570221e-02,1.477572559366754634e-01,6.956521739130434867e-02,5.147058823529411520e-02,8.379888268156424069e-02,8.239700374531834515e-02,4.943820224719101125e-02,6.293706293706294308e-02,0.000000000000000000e+00,7.070707070707070441e-02,1.039603960396039556e-01,1.524249422632794337e-01,5.676855895196506602e-02,8.208955223880597118e-02,0.000000000000000000e+00,4.608294930875576206e-02,4.901960784313725422e-02,4.562268803945745965e-02,0.000000000000000000e+00,1.481481481481481399e-01,0.000000000000000000e+00,0.000000000000000000e+00,5.797101449275362389e-02,0.000000000000000000e+00,3.773584905660377214e-02,3.992395437262357544e-02,1.863799283154121966e-01,9.883720930232557655e-02,5.860113421550094265e-02,6.483300589390962598e-02,1.419213973799126616e-01,8.406304728546409866e-02,5.000000000000000278e-02,6.077348066298342288e-02,1.264559068219633930e-01,5.797101449275362389e-02,6.410256410256409687e-02,7.885304659498207358e-02,0.000000000000000000e+00,1.199999999999999956e-01,7.377049180327868716e-02,6.949806949806949796e-02,6.854838709677418818e-02,1.390793339862879396e-01,3.255813953488372048e-02,4.938271604938271331e-02,5.084745762711864736e-02,0.000000000000000000e+00,4.545454545454545581e-02,0.000000000000000000e+00,1.353591160220994349e-01,1.320754716981132060e-01,8.031088082901553793e-02,8.108108108108108558e-02,7.094133697135061867e-02,0.000000000000000000e+00,2.608695652173912902e-02,3.459119496855345838e-02,6.293706293706294308e-02,8.387096774193548987e-02,5.988023952095808400e-02,8.121827411167512056e-02,3.649635036496350071e-02,6.666666666666666574e-02,8.133971291866028130e-02,6.321839080459770721e-02,5.517241379310344751e-02,5.820105820105819783e-02,1.117318435754189876e-01,2.051282051282051280e-02,6.250000000000000000e-02,1.013513513513513570e-01,5.797101449275362389e-02,6.896551724137930939e-02,9.392265193370165355e-02,1.118421052631578955e-01,4.268292682926829590e-02,1.098265895953757232e-01
1.486146095717884030e-01,2.109375000000000000e-01,1.526717557251908441e-01,1.129568106312292403e-01,1.688888888888888939e-01,1.880341880341880323e-01,0.000000000000000000e+00,0.000000000000000000e+00,0.000000000000000000e+00,8.510638297872340219e-02,1.226415094339622647e-01,1.654135338345864570e-01,1.428571428571428492e-01,0.000000000000000000e+00,2.013422818791946178e-01,2.118644067796610075e-01,1.406926406926407025e-01,1.206896551724137984e-01,1.931818181818181768e-01,1.320754716981132060e-01,1.854838709677419373e-01,0.000000000000000000e+00,1.119266055045871622e-01,7.385229540918163138e-02,3.294117647058823484e-01,0.000000000000000000e+00,4.074074074074073848e-01,1.065573770491803213e-01,3.132530120481927804e-01,1.323529411764705899e-01,2.051282051282051211e-01,1.021671826625386997e-01,1.754385964912280604e-01,3.032128514056224855e-01,1.183745583038869204e-01,2.818930041152263311e-01,1.005586592178770999e-01,3.670886075949367222e-01,1.866666666666666752e-01,1.063829787234042562e-01,1.190476190476190410e-01,2.536231884057971175e-01,8.823529411764706454e-02,3.436363636363636287e-01,3.574660633484162964e-01,0.000000000000000000e+00,2.236363636363636331e-01,2.124999999999999944e-01,3.243243243243243423e-01,2.972972972972973138e-01,1.214421252371916532e-01,7.812500000000000000e-02,3.958333333333333148e-01,3.181818181818181768e-01,3.061224489795918297e-02,8.988764044943819975e-02,1.956521739130434867e-01,2.592592592592592449e-01,1.548387096774193616e-01,1.337792642140468169e-01,3.037974683544303889e-01,1.095334685598377267e-01,1.132743362831858391e-01,7.476635514018691031e-02,1.190019193857965452e-01,2.376237623762376128e-01,6.556291390728476998e-01,3.410138248847926490e-01,4.536082474226804107e-01,3.680555555555555802e-01,4.111776447105788268e-01,4.009009009009009139e-01,1.480804387568555869e-01,1.027190332326284039e-01,1.266846361185983705e-01,3.155452436194895460e-01,2.666666666666666630e-01,3.578500707213578269e-01,1.570881226053639779e-01,1.275000000000000022e-01,8.840864440078585740e-02,1.215469613259668458e-01,1.921708185053380702e-01,1.307189542483660205e-01,1.590106007067137728e-01,3.208955223880596841e-01,3.137254901960784270e-01,0.000000000000000000e+00,1.397849462365591267e-01,3.095238095238095344e-01,1.374407582938388661e-01,1.898734177215190000e-01,1.144859813084112138e-01,1.381957773512476062e-01,1.499999999999999944e-01,9.571788413098236692e-02,1.388235294117647067e-01,3.649289099526066282e-01,3.798449612403100861e-01,1.384976525821596249e-01,3.448275862068965747e-01,4.878048780487804770e-01,2.941176470588235392e-01,2.552504038772213102e-01,2.819237147595356485e-01,3.541666666666666852e-01,3.294117647058823484e-01,0.000000000000000000e+00,1.436170212765957577e-01,0.000000000000000000e+00,2.031250000000000000e-01,3.002793296089385500e-01,2.344322344322344320e-01,2.955854126679462457e-01,1.371681415929203451e-01,1.589743589743589647e-01,1.269035532994923776e-01,3.106312292358803795e-01,2.008547008547008628e-01,1.412742382271468256e-01,9.863945578231292366e-02,3.125000000000000000e-01,3.975903614457831359e-01,1.535999999999999865e-01,1.931818181818181768e-01,1.239193083573486981e-01,2.931937172774868872e-01,1.065989847715736044e-01,1.394052044609665475e-01,1.192660550458715663e-01,0.000000000000000000e+00,2.389380530973451433e-01,0.000000000000000000e+00,1.548117154811715357e-01,1.328125000000000000e-01,2.153846153846153966e-01,4.273504273504273310e-01,2.812500000000000000e-01,1.122448979591836732e-01,1.522491349480968870e-01,7.874015748031495954e-02,1.408730158730158721e-01,2.870370370370370350e-01,3.113207547169811185e-01,1.515151515151515194e-01,0.000000000000000000e+00,1.325301204819277212e-01,0.000000000000000000e+00,0.000000000000000000e+00,1.136363636363636326e-01,1.520737327188940169e-01,1.297468354430379722e-01,1.369863013698630061e-01,1.309523809523809590e-01,2.289855072463768126e-01,2.161172161172161266e-01,1.416184971098266021e-01,1.016949152542372947e-01,2.000000000000000111e-01,2.000000000000000111e-01,1.222570532915360497e-01,1.243243243243243312e-01,1.929824561403508665e-01,1.293859649122807154e-01,1.818181818181818232e-01,0.000000000000000000e+00,1.481481481481481399e-01,0.000000000000000000e+00,1.448598130841121379e-01,1.538461538461538547e-01,2.760416666666666852e-01,0.000000000000000000e+00,0.000000000000000000e+00,1.333333333333333315e-01,1.360946745562130189e-01,1.435406698564593297e-01,2.694736842105263097e-01,1.337209302325581273e-01,1.758241758241758379e-01,2.862745098039215508e-01,1.153846153846153910e-01,1.698113207547169712e-01,1.212814645308924466e-01,5.254237288135593653e-01,1.153846153846153910e-01,1.368613138686131381e-01,3.684210526315789269e-01,0.000000000000000000e+00,1.379310344827586188e-01,8.860759493670886111e-02,0.000000000000000000e+00,2.879310344827586410e-01,2.554945054945054750e-01,3.666666666666666408e-01,1.423357664233576569e-01,1.214953271028037379e-01,3.450479233226836917e-01,0.000000000000000000e+00,1.538461538461538547e-01,1.392405063291139167e-01,2.999999999999999889e-01,3.109756097560975596e-01,1.076923076923076983e-01,2.205323193916349789e-01,7.547169811320754429e-02,1.666666666666666574e-01,1.277372262773722733e-01,3.518796992481202923e-01,0.000000000000000000e+00,1.921397379912663794e-01,1.458333333333333426e-01,2.504347826086956719e-01,3.736263736263736313e-01,2.484472049689440964e-01,1.314387211367673280e-01,5.813953488372092943e-02,1.208791208791208799e-01,0.000000000000000000e+00,5.256410256410256610e-01,0.000000000000000000e+00,0.000000000000000000e+00,3.617021276595744905e-01,1.895161290322580627e-01,2.151898734177215278e-01,1.204301075268817273e-01,0.000000000000000000e+00,1.459854014598540028e-01,0.000000000000000000e+00,3.165467625899280324e-01,3.428571428571428603e-01,1.250000000000000000e-01,1.755725190839694527e-01,0.000000000000000000e+00,0.000000000000000000e+00,1.384083044982699073e-01,8.064516129032257841e-02,1.125541125541125592e-01,2.084507042253521125e-01,1.769230769230769329e-01,9.004739336492890989e-02,2.235576923076923184e-01,1.213517665130568329e-01,1.282527881040892159e-01,3.437500000000000000e-01,4.423076923076922906e-01,1.499999999999999944e-01,1.395348837209302306e-01,2.093023255813953598e-01,1.486697965571205093e-01,1.553398058252427050e-01,0.000000000000000000e+00,2.238805970149253810e-01,1.208791208791208799e-01,2.752941176470588003e-01,1.328671328671328644e-01,1.929824561403508665e-01,0.000000000000000000e+00,1.488372093023255793e-01,1.136767317939609279e-01,2.901639344262295084e-01,0.000000000000000000e+00,2.647058823529411797e-01,0.000000000000000000e+00,0.000000000000000000e+00,3.797468354430379861e-02,0.000000000000000000e+00,3.524590163934426257e-01,2.976744186046511587e-01,3.193717277486911033e-01,4.526748971193415572e-01,3.244444444444444242e-01,1.795454545454545359e-01,2.611940298507462455e-01,9.276018099547511664e-02,2.472727272727272829e-01,1.465517241379310220e-01,2.128099173553719137e-01,1.151202749140893405e-01,1.758241758241758379e-01,1.250000000000000000e-01,0.000000000000000000e+00,6.666666666666666297e-01,9.195402298850574585e-02,1.426174496644295187e-01,1.345291479820627800e-01,2.493472584856396834e-01,2.874999999999999778e-01,3.695652173913043237e-01,3.333333333333333148e-01,0.000000000000000000e+00,3.076923076923077094e-01,0.000000000000000000e+00,3.621262458471760648e-01,2.244897959183673464e-01,1.396731054977711772e-01,1.256637168141593042e-01,2.184873949579831942e-01,0.000000000000000000e+00,8.333333333333332871e-02,2.015503875968992220e-01,1.582278481012658333e-01,2.000000000000000111e-01,1.349206349206349131e-01,2.377049180327868716e-01,1.621621621621621712e-01,1.916167664670658799e-01,1.594202898550724501e-01,1.544117647058823595e-01,1.791044776119402882e-01,2.026143790849673221e-01,2.077922077922078059e-01,2.681159420289855322e-01,1.774193548387096864e-01,1.519999999999999962e-01,1.666666666666666574e-01,1.835443037974683611e-01,1.186440677966101725e-01,2.408759124087591352e-01,1.700680272108843483e-01,1.181818181818181795e-01
1.842105263157894635e-01,3.182957393483709096e-01,1.685393258426966245e-01,5.952380952380952051e-02,1.442307692307692180e-01,9.090909090909091161e-02,0.000000000000000000e+00,0.000000000000000000e+00,0.000000000000000000e+00,1.578947368421052544e-01,8.695652173913043237e-02,1.083743842364532084e-01,6.976744186046511531e-02,0.000000000000000000e+00,2.023809523809523836e-01,1.791044776119402882e-01,9.343434343434343925e-02,8.905852417302799473e-02,1.940298507462686617e-01,1.749999999999999889e-01,1.250000000000000000e-01,0.000000000000000000e+00,8.955223880597014408e-02,8.831908831908831525e-02,2.612612612612612573e-01,0.000000000000000000e+00,6.493506493506492894e-02,1.230769230769230838e-01,3.598014888337469075e-01,1.527777777777777901e-01,3.333333333333333148e-01,1.271186440677966045e-01,3.599999999999999867e-01,1.299734748010610008e-01,1.443850267379679086e-01,3.011695906432748648e-01,1.225296442687747039e-01,1.495726495726495686e-01,1.446540880503144610e-01,9.259259259259258745e-02,1.052631578947368363e-01,2.513966480446927498e-01,6.097560975609755962e-02,1.406250000000000000e-01,1.764705882352941291e-01,0.000000000000000000e+00,2.544987146529563149e-01,7.547169811320754429e-02,1.255924170616113666e-01,3.703703703703703498e-01,9.939759036144578397e-02,1.886792452830188815e-01,1.705426356589147263e-01,3.564356435643564192e-01,1.311475409836065642e-01,8.461538461538462008e-02,7.843137254901960675e-02,1.358024691358024616e-01,1.102941176470588203e-01,1.242236024844720482e-01,2.452830188679245293e-01,8.794788273615634921e-02,1.114369501466275642e-01,1.126760563380281716e-01,1.378299120234603992e-01,3.200000000000000067e-01,3.695652173913043237e-01,5.466666666666666341e-01,3.956043956043955867e-01,9.574468085106382920e-02,1.338199513381995165e-01,1.250000000000000000e-01,1.246684350132625935e-01,7.954545454545454419e-02,8.627450980392156743e-02,3.573770491803278659e-01,1.190476190476190410e-01,1.615245009074410265e-01,2.980769230769230727e-01,5.416666666666666852e-02,1.008174386920980964e-01,7.051282051282051211e-02,1.707317073170731836e-01,1.397849462365591267e-01,1.016949152542372947e-01,3.653846153846153633e-01,3.689655172413793260e-01,0.000000000000000000e+00,8.415841584158416377e-02,1.140350877192982393e-01,5.357142857142856845e-02,1.327433628318584191e-01,1.269841269841269771e-01,1.215469613259668458e-01,1.132075471698113234e-01,9.427609427609427717e-02,1.300000000000000044e-01,1.418918918918918859e-01,1.499999999999999944e-01,1.363636363636363535e-01,1.740614334470989844e-01,1.510416666666666574e-01,8.333333333333332871e-02,3.624999999999999889e-01,3.123486682808716552e-01,3.958333333333333148e-01,1.710526315789473728e-01,0.000000000000000000e+00,1.709401709401709435e-01,0.000000000000000000e+00,2.048192771084337283e-01,1.569416498993963793e-01,2.831325301204819511e-01,3.242506811989100957e-01,1.058823529411764691e-01,2.530120481927710663e-01,6.993006993006993521e-02,1.261682242990654068e-01,1.726190476190476164e-01,1.122881355932203451e-01,8.016877637130802314e-02,3.353293413173652482e-01,8.333333333333332871e-02,1.489361702127659504e-01,9.523809523809523281e-02,1.572052401746724948e-01,3.663003663003662758e-01,1.008064516129032195e-01,1.246612466124661228e-01,7.291666666666667129e-02,0.000000000000000000e+00,9.638554216867470381e-02,0.000000000000000000e+00,9.202453987730060958e-02,1.265206812652068247e-01,9.859154929577464144e-02,4.684684684684684575e-01,2.885154061624649602e-01,1.111111111111111049e-01,8.252427184466019916e-02,1.538461538461538547e-01,9.749303621169916334e-02,3.809523809523809312e-01,4.166666666666666852e-01,1.111111111111111049e-01,0.000000000000000000e+00,1.132075471698113234e-01,0.000000000000000000e+00,0.000000000000000000e+00,9.661835748792270417e-02,1.023391812865497019e-01,1.805555555555555525e-01,2.923076923076923239e-01,1.171171171171171144e-01,1.629955947136563776e-01,1.366120218579235102e-01,8.823529411764706454e-02,8.860759493670886111e-02,1.568627450980392135e-01,1.674876847290640292e-01,1.050228310502283047e-01,1.590909090909090884e-01,7.482993197278911546e-02,1.705426356589147263e-01,1.293103448275862155e-01,0.000000000000000000e+00,1.304347826086956486e-01,0.000000000000000000e+00,1.333333333333333315e-01,8.333333333333332871e-02,1.787439613526569937e-01,0.000000000000000000e+00,0.000000000000000000e+00,2.195121951219512202e-01,7.547169811320754429e-02,1.666666666666666574e-01,1.114457831325301185e-01,1.141732283464566983e-01,7.575757575757575968e-02,3.498542274052477974e-01,1.562500000000000000e-01,1.627906976744186163e-01,1.061093247588424382e-01,2.352941176470588203e-01,8.433734939759035543e-02,1.122448979591836732e-01,8.974358974358974395e-02,0.000000000000000000e+00,9.756097560975610095e-02,1.122448979591836732e-01,0.000000000000000000e+00,1.048158640226628940e-01,9.130434782608695676e-02,1.803278688524590223e-01,1.133004926108374388e-01,5.932203389830508627e-02,1.336405529953917093e-01,0.000000000000000000e+00,2.388059701492537268e-01,2.000000000000000111e-01,1.555555555555555580e-01,1.355932203389830504e-01,6.818181818181817677e-02,1.485714285714285765e-01,1.111111111111111049e-01,1.060606060606060635e-01,1.078167115902965018e-01,1.308411214953270896e-01,0.000000000000000000e+00,1.208053691275167846e-01,1.145833333333333287e-01,1.266666666666666774e-01,7.792207792207792028e-02,2.372881355932203451e-01,1.186943620178041586e-01,8.474576271186440302e-02,1.208333333333333343e-01,0.000000000000000000e+00,2.352941176470588203e-01,0.000000000000000000e+00,0.000000000000000000e+00,3.571428571428571508e-01,7.194244604316546443e-02,1.604938271604938183e-01,9.863945578231292366e-02,0.000000000000000000e+00,1.047619047619047644e-01,0.000000000000000000e+00,3.537234042553191737e-01,2.919254658385093126e-01,8.641975308641974829e-02,2.000000000000000111e-01,0.000000000000000000e+00,0.000000000000000000e+00,1.483516483516483520e-01,1.018518518518518462e-01,1.333333333333333315e-01,1.067193675889328008e-01,1.354166666666666574e-01,1.214285714285714274e-01,2.428571428571428548e-01,8.266666666666666607e-02,8.381502890173410381e-02,4.095477386934673336e-01,5.820895522388059851e-01,1.313868613138686192e-01,2.368421052631578816e-01,2.215189873417721389e-01,9.111111111111111494e-02,9.663865546218487756e-02,0.000000000000000000e+00,9.523809523809523281e-02,1.570247933884297564e-01,3.245283018867924363e-01,1.562500000000000000e-01,1.194029850746268634e-01,0.000000000000000000e+00,1.538461538461538547e-01,8.564231738035264774e-02,1.478260869565217461e-01,0.000000000000000000e+00,2.637362637362637430e-01,0.000000000000000000e+00,0.000000000000000000e+00,1.020408163265306145e-01,0.000000000000000000e+00,1.894736842105263219e-01,1.400000000000000133e-01,4.202898550724637472e-01,2.372881355932203451e-01,1.142857142857142821e-01,1.269841269841269771e-01,3.248175182481751744e-01,9.523809523809523281e-02,7.567567567567567988e-02,1.898734177215190000e-01,2.988826815642458001e-01,7.671957671957671532e-02,7.373271889400921653e-02,9.195402298850574585e-02,0.000000000000000000e+00,3.877551020408163129e-01,1.076923076923076983e-01,1.133144475920679906e-01,1.678832116788321061e-01,2.759924385633270583e-01,1.796875000000000000e-01,1.447368421052631637e-01,8.823529411764706454e-02,0.000000000000000000e+00,1.739130434782608647e-01,0.000000000000000000e+00,4.474885844748858199e-01,3.880597014925373234e-01,1.265206812652068247e-01,1.222826086956521757e-01,1.352040816326530726e-01,0.000000000000000000e+00,7.843137254901960675e-02,9.090909090909091161e-02,1.250000000000000000e-01,1.063829787234042562e-01,1.219512195121951192e-01,1.489361702127659504e-01,1.222222222222222182e-01,1.666666666666666574e-01,1.538461538461538547e-01,1.122448979591836732e-01,7.692307692307692735e-02,1.862745098039215730e-01,1.057692307692307682e-01,1.048387096774193589e-01,1.636363636363636354e-01,1.538461538461538547e-01,1.475409836065573743e-01,2.604166666666666852e-01,1.634615384615384637e-01,1.309523809523809590e-01,1.684210526315789436e-01,1.199999999999999956e-01
2.482758620689655138e-01,2.173913043478260809e-01,2.037037037037036924e-01,2.631578947368420907e-01,2.258064516129032195e-01,2.758620689655172376e-01,0.000000000000000000e+00,0.000000000000000000e+00,0.000000000000000000e+00,1.250000000000000000e-01,1.555555555555555580e-01,1.067961165048543631e-01,2.105263157894736725e-01,0.000000000000000000e+00,1.923076923076923184e-01,2.500000000000000000e-01,1.470588235294117696e-01,1.801801801801801717e-01,2.857142857142856984e-01,3.913043478260869734e-01,2.244897959183673464e-01,0.000000000000000000e+00,2.049180327868852514e-01,1.315789473684210453e-01,3.157894736842105088e-01,0.000000000000000000e+00,2.222222222222222099e-01,1.304347826086956486e-01,2.571428571428571175e-01,2.051282051282051211e-01,2.222222222222222099e-01,1.699346405228758239e-01,2.380952380952380820e-01,1.980198019801980291e-01,1.402714932126696845e-01,2.250000000000000056e-01,1.136363636363636326e-01,1.830065359477124065e-01,3.333333333333333148e-01,1.343283582089552231e-01,3.478260869565217295e-01,1.946902654867256610e-01,2.619047619047619180e-01,2.037037037037036924e-01,2.560975609756097615e-01,0.000000000000000000e+00,2.051282051282051211e-01,2.727272727272727071e-01,1.791044776119402882e-01,3.142857142857142794e-01,1.333333333333333315e-01,8.000000000000000167e-02,2.638888888888888951e-01,3.620689655172413812e-01,1.666666666666666574e-01,1.489361702127659504e-01,2.812500000000000000e-01,2.826086956521738913e-01,1.343283582089552231e-01,1.217391304347826136e-01,3.250000000000000111e-01,2.136363636363636243e-01,2.128712871287128661e-01,1.063829787234042562e-01,1.818181818181818232e-01,1.562500000000000000e-01,3.781512605042016695e-01,3.913043478260869734e-01,5.000000000000000000e-01,2.105263157894736725e-01,1.946902654867256610e-01,2.314814814814814825e-01,1.573033707865168496e-01,1.280000000000000027e-01,1.323529411764705899e-01,2.051282051282051211e-01,2.608695652173912971e-01,2.118055555555555525e-01,1.926605504587156070e-01,1.538461538461538547e-01,2.061403508771929849e-01,1.571428571428571397e-01,2.086956521739130321e-01,1.891891891891891997e-01,1.700000000000000122e-01,2.040816326530612290e-01,2.158273381294963933e-01,0.000000000000000000e+00,1.724137931034482873e-01,1.603773584905660299e-01,1.311475409836065642e-01,2.678571428571428492e-01,1.764705882352941291e-01,1.617647058823529493e-01,1.590909090909090884e-01,2.012195121951219634e-01,1.612903225806451568e-01,2.098765432098765316e-01,1.914893617021276584e-01,1.883116883116883189e-01,1.898734177215190000e-01,3.369565217391304324e-01,2.771084337349397630e-01,2.260869565217391297e-01,1.884615384615384581e-01,2.105263157894736725e-01,2.857142857142856984e-01,0.000000000000000000e+00,1.724137931034482873e-01,0.000000000000000000e+00,1.538461538461538547e-01,2.025316455696202500e-01,2.441860465116278966e-01,2.395833333333333426e-01,1.679389312977099258e-01,1.486486486486486569e-01,1.428571428571428492e-01,2.522522522522522292e-01,2.831858407079645978e-01,1.696113074204947113e-01,1.679389312977099258e-01,1.687500000000000111e-01,1.578947368421052544e-01,1.785714285714285754e-01,1.666666666666666574e-01,2.054794520547945091e-01,2.287581699346405151e-01,1.428571428571428492e-01,1.581920903954802393e-01,2.045454545454545581e-01,0.000000000000000000e+00,2.553191489361701927e-01,0.000000000000000000e+00,1.658767772511848260e-01,9.727626459143969007e-02,1.929824561403508665e-01,4.444444444444444198e-01,1.818181818181818232e-01,6.666666666666666574e-02,1.810344827586206906e-01,1.666666666666666574e-01,1.584158415841584178e-01,1.129032258064516098e-01,2.073170731707316972e-01,2.608695652173912971e-01,0.000000000000000000e+00,1.515151515151515194e-01,0.000000000000000000e+00,0.000000000000000000e+00,1.130434782608695649e-01,2.009569377990430561e-01,1.726618705035971313e-01,2.666666666666666630e-01,1.481481481481481399e-01,2.872727272727272907e-01,1.869158878504672827e-01,2.426470588235294101e-01,2.702702702702702853e-01,2.424242424242424310e-01,1.442307692307692180e-01,1.159420289855072478e-01,1.111111111111111049e-01,2.602739726027397116e-01,1.602564102564102699e-01,2.467532467532467522e-01,0.000000000000000000e+00,3.783783783783783994e-01,0.000000000000000000e+00,9.302325581395348708e-02,2.222222222222222099e-01,2.163265306122449105e-01,0.000000000000000000e+00,0.000000000000000000e+00,4.000000000000000222e-01,1.290322580645161255e-01,1.666666666666666574e-01,2.128712871287128661e-01,1.845018450184501835e-01,2.000000000000000111e-01,2.142857142857142738e-01,3.809523809523809312e-01,1.176470588235294101e-01,1.607142857142857262e-01,3.157894736842105088e-01,2.068965517241379282e-01,1.264822134387351693e-01,2.244897959183673464e-01,0.000000000000000000e+00,2.058823529411764608e-01,2.191780821917808098e-01,0.000000000000000000e+00,1.481481481481481399e-01,2.222222222222222099e-01,1.351351351351351426e-01,1.195652173913043514e-01,1.690140845070422504e-01,1.297709923664122078e-01,0.000000000000000000e+00,2.111111111111111105e-01,2.222222222222222099e-01,2.300884955752212357e-01,1.666666666666666574e-01,2.333333333333333370e-01,1.759259259259259300e-01,7.407407407407406996e-02,2.000000000000000111e-01,1.913043478260869623e-01,1.806722689075630217e-01,0.000000000000000000e+00,2.121212121212121271e-01,1.612903225806451568e-01,2.099236641221373934e-01,1.944444444444444475e-01,3.508771929824561209e-01,1.300448430493273411e-01,2.439024390243902385e-01,1.870503597122302186e-01,0.000000000000000000e+00,2.758620689655172376e-01,0.000000000000000000e+00,0.000000000000000000e+00,3.333333333333333148e-01,1.171171171171171144e-01,3.225806451612903136e-01,1.499999999999999944e-01,0.000000000000000000e+00,2.222222222222222099e-01,0.000000000000000000e+00,2.029702970297029840e-01,2.435897435897435848e-01,8.163265306122448328e-02,6.896551724137930939e-02,0.000000000000000000e+00,0.000000000000000000e+00,2.000000000000000111e-01,1.594202898550724501e-01,1.565495207667731703e-01,1.632653061224489666e-01,1.818181818181818232e-01,2.233009708737864196e-01,2.160493827160493707e-01,1.450980392156862864e-01,1.882352941176470562e-01,3.504672897196261516e-01,2.666666666666666630e-01,1.458333333333333426e-01,2.452830188679245293e-01,2.441860465116278966e-01,1.848184818481848068e-01,2.500000000000000000e-01,0.000000000000000000e+00,2.941176470588235392e-01,1.428571428571428492e-01,2.012578616352201366e-01,1.842105263157894635e-01,1.250000000000000000e-01,0.000000000000000000e+00,1.917808219178082085e-01,1.692913385826771699e-01,1.799999999999999933e-01,0.000000000000000000e+00,3.333333333333333148e-01,0.000000000000000000e+00,0.000000000000000000e+00,1.714285714285714302e-01,0.000000000000000000e+00,1.707317073170731836e-01,1.698113207547169712e-01,1.506849315068493067e-01,2.285714285714285643e-01,1.739130434782608647e-01,1.062499999999999972e-01,2.325581395348837177e-01,1.727748691099476319e-01,1.415094339622641473e-01,3.148148148148148251e-01,2.666666666666666630e-01,1.795918367346938660e-01,1.972789115646258473e-01,2.285714285714285643e-01,0.000000000000000000e+00,3.499999999999999778e-01,1.499999999999999944e-01,1.611374407582938373e-01,2.195121951219512202e-01,2.230483271375464649e-01,2.352941176470588203e-01,1.971830985915492829e-01,1.818181818181818232e-01,0.000000000000000000e+00,2.777777777777777901e-01,0.000000000000000000e+00,2.750000000000000222e-01,2.162162162162162282e-01,1.764705882352941291e-01,1.693548387096774077e-01,1.967871485943775145e-01,0.000000000000000000e+00,2.058823529411764608e-01,1.900000000000000022e-01,2.000000000000000111e-01,1.764705882352941291e-01,2.500000000000000000e-01,1.527777777777777901e-01,2.444444444444444364e-01,1.718750000000000000e-01,2.187500000000000000e-01,1.250000000000000000e-01,2.399999999999999911e-01,2.000000000000000111e-01,1.447368421052631637e-01,1.724137931034482873e-01,1.777777777777777846e-01,1.492537313432835688e-01,1.230769230769230838e-01,1.730769230769230727e-01,2.083333333333333426e-01,1.052631578947368363e-01,1.428571428571428492e-01,1.836734693877551117e-01
7.674943566591421740e-02,6.161971830985915610e-02,1.176470588235294101e-01,4.513888888888888812e-02,1.320754716981132060e-01,1.401273885350318438e-01,0.000000000000000000e+00,0.000000000000000000e+00,0.000000000000000000e+00,9.433962264150944077e-02,7.476635514018691031e-02,1.346801346801346777e-01,8.928571428571428770e-02,0.000000000000000000e+00,1.125000000000000028e-01,9.345794392523364136e-02,6.540084388185654629e-02,6.451612903225806273e-02,1.443298969072164817e-01,9.090909090909091161e-02,4.615384615384615641e-02,0.000000000000000000e+00,4.737732656514382495e-02,4.744525547445255231e-02,6.493506493506492894e-02,0.000000000000000000e+00,4.108527131782945818e-01,8.661417322834645549e-02,6.156716417910447492e-02,8.333333333333332871e-02,1.250000000000000000e-01,6.051873198847262242e-02,6.341463414634146423e-02,2.254901960784313764e-01,7.792207792207792028e-02,9.274193548387096864e-02,8.498583569405099292e-02,1.972602739726027343e-01,9.405940594059405968e-02,4.743833017077798975e-02,5.555555555555555247e-02,5.019305019305018989e-02,7.058823529411764608e-02,1.900709219858155996e-01,1.898148148148148251e-01,0.000000000000000000e+00,9.218436873747494487e-02,1.150442477876106179e-01,2.228335625859697300e-01,3.125000000000000000e-02,5.405405405405405705e-02,8.139534883720930813e-02,2.121212121212121271e-01,9.836065573770491621e-02,7.258064516129032751e-02,5.235602094240837667e-02,1.052631578947368363e-01,6.422018348623853568e-02,6.432748538011695549e-02,8.230452674897119347e-02,7.499999999999999722e-02,7.142857142857142461e-02,4.129263913824057775e-02,2.343750000000000000e-02,8.305647840531561743e-02,1.228070175438596423e-01,1.415094339622641473e-01,5.284552845528455584e-02,1.224489795918367319e-01,4.293193717277486998e-01,1.766723842195540295e-01,2.187500000000000000e-01,7.413793103448275412e-02,7.473309608540924798e-02,6.217616580310880714e-02,8.817204301075268202e-02,2.236842105263157909e-01,2.046460176991150570e-01,6.529209621993127544e-02,7.286432160804019731e-02,5.272108843537415268e-02,7.766990291262135249e-02,8.880308880308880604e-02,7.042253521126760896e-02,8.999999999999999667e-02,7.317073170731706877e-02,7.038123167155425908e-02,0.000000000000000000e+00,5.988023952095808400e-02,9.310344827586207461e-02,7.428571428571428825e-02,1.428571428571428492e-01,7.605633802816900990e-02,1.039426523297490995e-01,7.608695652173913526e-02,7.083333333333333148e-02,1.026252983293556020e-01,1.893939393939393923e-01,2.721893491124260378e-01,6.635071090047393871e-02,1.693363844393592776e-01,2.625899280575539341e-01,2.708333333333333148e-01,3.846153846153846367e-02,1.009933774834437109e-01,4.000000000000000083e-02,1.827956989247311870e-01,0.000000000000000000e+00,5.714285714285714107e-02,0.000000000000000000e+00,4.255319148936170109e-02,1.662125340599455159e-01,1.042654028436018898e-01,7.722772277227722693e-02,7.984790874524715087e-02,6.392694063926940284e-02,7.964601769911504314e-02,1.813643926788685579e-01,5.791505791505791728e-02,6.740027510316368153e-02,7.419354838709676936e-02,6.938775510204081565e-02,2.666666666666666630e-01,7.920792079207920888e-02,1.219512195121951192e-01,6.944444444444444753e-02,7.731958762886598224e-02,5.915492957746478625e-02,6.706114398422090284e-02,4.761904761904761640e-02,0.000000000000000000e+00,1.666666666666666574e-01,0.000000000000000000e+00,9.190371991247264782e-02,1.278688524590163855e-01,1.351351351351351426e-01,4.477611940298507204e-02,8.007812500000000000e-02,1.089108910891089105e-01,1.174496644295301984e-01,1.196581196581196632e-01,6.617647058823529493e-02,8.571428571428571508e-02,6.349206349206348854e-02,1.204819277108433728e-01,0.000000000000000000e+00,5.747126436781609116e-02,0.000000000000000000e+00,0.000000000000000000e+00,1.233333333333333365e-01,8.799999999999999489e-02,4.142011834319526964e-02,1.325301204819277212e-01,1.206896551724137984e-01,1.220472440944881942e-01,1.035714285714285782e-01,6.752411575562701496e-02,6.140350877192982115e-02,1.341463414634146423e-01,1.438596491228070207e-01,8.333333333333332871e-02,8.024691358024690913e-02,1.208333333333333343e-01,6.021505376344086363e-02,9.142857142857142849e-02,0.000000000000000000e+00,1.032258064516129031e-01,0.000000000000000000e+00,6.161137440758293615e-02,6.521739130434782428e-02,1.435331230283911630e-01,0.000000000000000000e+00,0.000000000000000000e+00,5.714285714285714107e-02,7.142857142857142461e-02,1.758241758241758379e-01,2.989130434782608647e-01,6.149732620320855908e-02,6.422018348623853568e-02,8.471074380165288797e-02,1.142857142857142821e-01,4.411764705882353227e-02,9.978768577494692704e-02,1.551724137931034531e-01,2.352941176470588203e-02,1.105263157894736809e-01,2.293577981651376274e-01,0.000000000000000000e+00,1.379310344827586188e-01,1.075949367088607639e-01,0.000000000000000000e+00,1.512605042016806622e-01,1.304347826086956486e-01,4.105263157894736836e-01,6.772908366533864077e-02,2.387267904509283653e-02,2.127659574468085124e-01,0.000000000000000000e+00,4.629629629629629373e-02,7.182320441988949977e-02,2.275280898876404501e-01,2.287581699346405151e-01,5.161290322580645157e-02,1.139705882352941152e-01,1.527777777777777901e-01,7.058823529411764608e-02,1.034482758620689641e-01,1.775147928994082747e-01,0.000000000000000000e+00,5.164319248826291370e-02,9.395973154362416424e-02,1.617391304347826075e-01,3.269230769230769273e-01,1.084337349397590383e-01,9.848484848484848064e-02,2.469135802469135665e-02,3.782505910165484542e-02,0.000000000000000000e+00,1.071428571428571369e-01,0.000000000000000000e+00,0.000000000000000000e+00,1.000000000000000056e-01,3.092783505154639290e-01,1.728395061728394966e-01,6.223175965665236203e-02,0.000000000000000000e+00,9.929078014184397616e-02,0.000000000000000000e+00,6.410256410256409687e-02,1.058201058201058142e-01,2.941176470588235253e-02,8.264462809917355601e-02,0.000000000000000000e+00,0.000000000000000000e+00,6.741573033707864981e-02,7.035175879396984855e-02,6.593406593406593574e-02,1.639344262295081844e-01,9.776536312849161414e-02,1.361702127659574491e-01,8.571428571428571508e-02,6.536856745479832642e-02,7.933884297520661655e-02,6.540447504302926429e-02,4.761904761904761640e-02,9.219858156028368223e-02,5.042016806722689204e-02,8.095238095238095621e-02,6.725146198830408983e-02,4.985337243401759266e-02,0.000000000000000000e+00,1.891891891891891997e-01,1.093750000000000000e-01,5.898123324396782607e-02,6.395348837209302584e-02,8.045977011494252762e-02,0.000000000000000000e+00,6.382978723404254817e-02,1.076672104404567676e-01,2.537815126050420034e-01,0.000000000000000000e+00,1.088435374149659823e-01,0.000000000000000000e+00,0.000000000000000000e+00,6.060606060606060774e-02,0.000000000000000000e+00,1.654676258992805737e-01,2.075949367088607556e-01,9.389671361502346936e-02,1.331058020477815795e-01,2.056074766355140138e-01,6.194690265486725578e-02,7.000000000000000666e-02,6.359649122807017885e-02,1.956521739130434867e-01,1.000000000000000056e-01,5.580357142857143155e-02,8.450704225352112520e-02,6.596306068601583139e-02,5.555555555555555247e-02,0.000000000000000000e+00,1.168831168831168804e-01,1.010101010101010083e-01,6.569343065693430961e-02,5.907172995780590741e-02,5.698778833107191050e-02,2.041884816753926635e-01,2.073732718894009119e-01,3.061224489795918435e-01,0.000000000000000000e+00,2.653061224489796088e-01,0.000000000000000000e+00,7.371794871794871973e-02,6.024096385542168641e-02,5.674846625766871017e-02,7.768595041322313988e-02,1.607142857142857262e-01,0.000000000000000000e+00,8.000000000000000167e-02,1.071428571428571369e-01,9.016393442622951115e-02,8.695652173913043237e-02,7.575757575757575968e-02,1.048951048951048959e-01,5.714285714285714107e-02,9.352517985611510931e-02,1.151079136690647542e-01,1.066666666666666735e-01,1.168831168831168804e-01,1.045751633986928136e-01,1.607142857142857262e-01,1.045751633986928136e-01,1.094890510948905160e-01,9.016393442622951115e-02,1.310344827586207017e-01,7.499999999999999722e-02,8.527131782945736316e-02,1.449275362318840632e-01,8.943089430894309022e-02,5.925925925925926152e-02
1.347248576850094970e-01,1.491228070175438514e-01,1.295336787564766723e-01,9.660574412532636768e-02,1.883408071748878809e-01,1.173913043478260892e-01,0.000000000000000000e+00,0.000000000000000000e+00,0.000000000000000000e+00,7.058823529411764608e-02,1.409836065573770447e-01,1.363636363636363535e-01,1.538461538461538547e-01,0.000000000000000000e+00,1.415094339622641473e-01,1.058823529411764691e-01,1.604046242774566366e-01,1.261378413524057163e-01,1.678832116788321061e-01,2.999999999999999889e-01,1.836734693877551117e-01,0.000000000000000000e+00,1.221079691516709503e-01,1.226551226551226559e-01,2.291666666666666574e-01,0.000000000000000000e+00,4.803921568627451122e-01,1.025641025641025605e-01,1.736526946107784519e-01,1.395705521472392630e-01,2.698412698412698263e-01,1.021739130434782677e-01,1.311475409836065642e-01,4.946524064171122781e-01,9.987029831387808643e-02,1.432880844645550433e-01,1.045627376425855570e-01,5.806451612903226200e-01,1.119402985074626905e-01,1.259044862518089725e-01,1.594202898550724501e-01,1.188118811881188064e-01,1.226993865030674841e-01,5.043196544276458138e-01,4.194528875379939237e-01,0.000000000000000000e+00,1.728553137003841222e-01,1.780821917808219079e-01,4.174950298210735600e-01,1.686746987951807109e-01,1.136023916292974584e-01,7.207207207207207145e-02,5.395189003436425823e-01,1.834319526627218866e-01,9.285714285714286031e-02,1.267605633802816878e-01,1.603053435114503711e-01,2.252747252747252793e-01,1.673640167364016662e-01,8.648648648648649129e-02,1.698113207547169712e-01,1.289833080424886147e-01,1.331444759206798778e-01,1.509433962264150886e-01,1.314791403286978411e-01,6.369426751592356661e-02,4.434389140271493002e-01,1.520270270270270285e-01,2.261904761904761918e-01,4.734848484848485084e-01,5.243619489559164792e-01,5.732087227414329744e-01,1.109813084112149517e-01,1.701570680628272381e-01,1.621621621621621712e-01,1.729818780889621210e-01,4.123711340206185350e-01,4.671654197838736589e-01,3.932584269662921239e-02,7.865168539325842478e-02,1.123439667128987574e-01,1.417322834645669272e-01,1.693548387096774077e-01,1.116504854368932098e-01,1.412103746397694592e-01,2.089552238805970075e-01,2.097457627118644030e-01,0.000000000000000000e+00,1.207627118644067771e-01,3.045563549160671402e-01,8.076923076923077371e-02,1.780104712041884751e-01,1.694599627560521293e-01,1.292613636363636465e-01,1.984732824427480891e-01,1.187290969899665594e-01,1.403249630723781283e-01,5.065359477124182774e-01,5.089285714285713969e-01,1.568998109640831751e-01,4.703049759229534499e-01,4.602739726027397227e-01,4.457478005865102566e-01,9.598853868194842653e-02,1.398843930635838284e-01,1.764705882352941291e-01,5.606060606060605522e-01,0.000000000000000000e+00,1.647058823529411742e-01,0.000000000000000000e+00,1.140350877192982393e-01,3.795555555555555349e-01,1.176470588235294101e-01,1.803278688524590223e-01,1.916666666666666796e-01,1.125827814569536484e-01,1.814516129032258118e-01,3.855042016806722871e-01,1.476683937823834170e-01,1.243830207305034602e-01,1.692307692307692402e-01,1.745762711864406735e-01,5.793103448275862544e-01,1.187782805429864197e-01,1.357142857142857040e-01,1.012658227848101250e-01,1.717171717171717127e-01,1.050656660412758042e-01,1.392045454545454419e-01,1.666666666666666574e-01,0.000000000000000000e+00,2.160493827160493707e-01,0.000000000000000000e+00,1.260623229461756423e-01,1.440953412784398702e-01,1.141304347826086890e-01,2.622950819672131284e-01,1.319942611190817738e-01,1.298701298701298579e-01,1.262135922330097082e-01,1.538461538461538547e-01,1.455525606469002808e-01,8.749999999999999445e-02,1.320000000000000062e-01,1.308411214953270896e-01,0.000000000000000000e+00,1.092436974789915971e-01,0.000000000000000000e+00,0.000000000000000000e+00,1.614349775784753305e-01,1.590214067278287458e-01,1.169354838709677352e-01,1.680672268907563160e-01,9.765625000000000000e-02,2.092534174553102033e-01,1.351351351351351426e-01,1.562500000000000000e-01,1.621621621621621712e-01,1.458333333333333426e-01,2.259615384615384637e-01,1.057082452431289676e-01,2.040816326530612290e-01,1.379310344827586188e-01,9.687500000000000278e-02,1.333333333333333315e-01,0.000000000000000000e+00,1.523809523809523947e-01,0.000000000000000000e+00,1.288343558282208645e-01,1.472392638036809920e-01,3.409326424870466332e-01,0.000000000000000000e+00,0.000000000000000000e+00,9.638554216867470381e-02,9.543568464730289858e-02,1.678321678321678390e-01,3.748290013679890786e-01,1.431535269709543479e-01,1.307692307692307765e-01,1.818181818181818232e-01,1.097560975609756101e-01,1.067961165048543631e-01,1.304347826086956486e-01,4.086021505376344343e-01,1.239669421487603340e-01,1.804812834224598928e-01,4.888888888888888729e-01,0.000000000000000000e+00,6.451612903225806273e-02,1.403508771929824483e-01,0.000000000000000000e+00,3.926453143534994195e-01,3.278688524590163689e-01,4.357142857142857206e-01,9.356725146198829890e-02,1.059730250481695502e-01,5.882352941176470784e-01,0.000000000000000000e+00,1.123188405797101441e-01,1.052631578947368363e-01,3.900862068965517127e-01,3.474903474903475176e-01,6.954436450839328321e-02,1.658878504672897103e-01,7.526881720430107781e-02,1.102362204724409434e-01,1.229611041405269806e-01,4.307535641547861616e-01,0.000000000000000000e+00,1.065088757396449731e-01,1.761904761904762029e-01,2.895299145299145560e-01,4.722222222222222099e-01,1.659574468085106280e-01,1.114093959731543571e-01,9.302325581395348708e-02,1.157205240174672550e-01,0.000000000000000000e+00,3.366336633663366551e-01,0.000000000000000000e+00,0.000000000000000000e+00,2.063492063492063378e-01,3.132530120481927804e-01,2.279411764705882304e-01,8.798646362098139218e-02,0.000000000000000000e+00,1.238532110091743188e-01,0.000000000000000000e+00,1.848739495798319421e-01,2.236286919831223519e-01,1.736111111111111049e-01,2.283950617283950490e-01,0.000000000000000000e+00,0.000000000000000000e+00,1.443433029908972598e-01,1.187214611872146053e-01,1.275605214152700229e-01,4.355140186915887890e-01,2.018927444794952619e-01,9.677419354838709409e-02,1.581395348837209280e-01,1.493212669683257887e-01,1.362467866323907317e-01,2.302543507362784514e-01,1.515151515151515194e-01,1.660649819494584845e-01,1.720930232558139650e-01,1.821086261980830734e-01,1.546961325966850764e-01,1.096153846153846145e-01,0.000000000000000000e+00,1.122448979591836732e-01,1.446808510638297740e-01,1.358024691358024616e-01,1.173469387755102095e-01,2.430555555555555525e-01,0.000000000000000000e+00,1.018518518518518462e-01,1.583011583011582901e-01,3.825242718446602019e-01,0.000000000000000000e+00,1.326530612244898044e-01,0.000000000000000000e+00,0.000000000000000000e+00,1.111111111111111049e-01,0.000000000000000000e+00,5.051546391752577136e-01,4.517087667161961417e-01,1.647058823529411742e-01,3.300248138957816435e-01,4.733542319749216576e-01,1.480144404332129904e-01,1.353535353535353647e-01,1.381692573402417967e-01,2.772277227722772519e-01,2.315270935960591081e-01,1.462639109697933260e-01,1.099611901681759318e-01,1.497227356746765325e-01,1.155624036979969183e-01,0.000000000000000000e+00,3.578947368421052655e-01,1.276595744680850963e-01,1.254658385093167794e-01,1.341853035143769912e-01,1.239109390125847088e-01,6.111111111111111605e-01,5.518394648829431093e-01,4.615384615384615641e-01,0.000000000000000000e+00,5.352112676056337559e-01,0.000000000000000000e+00,2.325000000000000122e-01,1.603773584905660299e-01,1.115702479338843006e-01,1.275820170109356055e-01,3.164414414414414289e-01,0.000000000000000000e+00,1.735537190082644676e-01,3.203883495145631310e-01,2.287234042553191460e-01,1.782178217821782096e-01,1.930693069306930743e-01,1.928934010152284217e-01,1.587982832618025641e-01,2.403846153846153910e-01,2.374999999999999889e-01,2.401960784313725561e-01,2.657657657657657713e-01,2.103004291845493590e-01,1.974248927038626533e-01,1.975308641975308532e-01,1.841004184100418495e-01,1.724137931034482873e-01,1.709401709401709435e-01,2.047619047619047561e-01,1.530054644808743203e-01,1.400966183574879342e-01,2.280701754385964786e-01,1.690821256038647358e-01
1.600000000000000033e-01,1.694915254237288060e-01,2.093023255813953598e-01,1.250000000000000000e-01,2.105263157894736725e-01,2.372881355932203451e-01,0.000000000000000000e+00,0.000000000000000000e+00,0.000000000000000000e+00,2.000000000000000111e-01,2.857142857142856984e-01,2.692307692307692180e-01,1.290322580645161255e-01,0.000000000000000000e+00,2.285714285714285643e-01,1.956521739130434867e-01,2.129629629629629650e-01,1.625441696113074097e-01,1.836734693877551117e-01,5.294117647058823595e-01,1.774193548387096864e-01,0.000000000000000000e+00,2.023809523809523836e-01,2.000000000000000111e-01,2.686567164179104461e-01,0.000000000000000000e+00,4.285714285714285476e-01,1.694915254237288060e-01,2.511627906976744429e-01,1.843575418994413406e-01,1.428571428571428492e-01,1.404494382022472010e-01,1.300000000000000044e-01,5.555555555555555802e-01,1.785714285714285754e-01,2.466960352422907510e-01,1.761006289308175987e-01,6.555555555555555580e-01,3.870967741935483764e-01,1.204188481675392691e-01,1.538461538461538547e-01,1.605839416058394142e-01,1.538461538461538547e-01,5.951557093425605682e-01,5.357142857142856984e-01,0.000000000000000000e+00,2.307692307692307820e-01,3.250000000000000111e-01,5.000000000000000000e-01,3.421052631578947456e-01,1.673640167364016662e-01,3.225806451612903136e-02,6.333333333333333037e-01,2.857142857142856984e-01,2.000000000000000111e-01,1.744186046511627952e-01,3.095238095238095344e-01,2.647058823529411797e-01,2.500000000000000000e-01,1.317829457364341206e-01,2.727272727272727071e-01,1.888412017167382106e-01,2.350597609561753121e-01,3.392857142857143016e-01,1.160000000000000059e-01,2.500000000000000000e-01,5.714285714285713969e-01,2.649572649572649596e-01,2.388059701492537268e-01,3.947368421052631637e-01,6.072727272727272974e-01,7.216494845360824639e-01,1.516245487364620836e-01,2.066666666666666652e-01,2.698412698412698263e-01,2.500000000000000000e-01,5.000000000000000000e-01,5.443645083932853179e-01,1.034482758620689641e-01,1.466666666666666674e-01,2.033195020746887960e-01,1.827956989247311870e-01,1.956521739130434867e-01,1.875000000000000000e-01,2.180451127819548751e-01,2.903225806451613100e-01,2.126436781609195303e-01,0.000000000000000000e+00,2.356687898089172006e-01,3.407407407407407329e-01,1.176470588235294101e-01,1.714285714285714302e-01,2.456140350877192846e-01,2.194092827004219537e-01,2.800000000000000266e-01,1.111111111111111049e-01,2.556053811659192987e-01,5.874125874125873947e-01,6.176470588235294379e-01,2.234042553191489255e-01,6.134020618556701443e-01,5.866666666666666696e-01,4.070796460176991372e-01,1.098484848484848481e-01,2.222222222222222099e-01,3.529411764705882582e-01,5.227272727272727071e-01,0.000000000000000000e+00,1.578947368421052544e-01,0.000000000000000000e+00,2.187500000000000000e-01,4.534005037783375158e-01,1.590909090909090884e-01,2.156862745098039325e-01,1.621621621621621712e-01,1.558441558441558406e-01,3.139534883720930258e-01,4.638554216867469826e-01,2.439024390243902385e-01,1.706586826347305519e-01,1.788617886178861804e-01,1.902439024390243927e-01,5.686274509803921351e-01,1.826923076923076816e-01,2.222222222222222099e-01,1.590909090909090884e-01,3.021978021978021789e-01,1.643835616438356073e-01,1.635687732342007428e-01,1.568627450980392135e-01,0.000000000000000000e+00,2.461538461538461675e-01,0.000000000000000000e+00,2.378854625550660684e-01,2.006802721088435382e-01,2.500000000000000000e-01,2.804878048780488076e-01,2.446351931330472129e-01,1.250000000000000000e-01,1.555555555555555580e-01,2.096774193548387177e-01,2.169811320754717054e-01,1.707317073170731836e-01,1.888888888888888840e-01,1.290322580645161255e-01,0.000000000000000000e+00,1.162790697674418589e-01,0.000000000000000000e+00,0.000000000000000000e+00,1.688311688311688319e-01,2.217391304347826053e-01,1.610738255033556943e-01,1.875000000000000000e-01,2.025316455696202500e-01,2.747603833865814860e-01,2.698412698412698263e-01,2.820512820512820484e-01,1.818181818181818232e-01,2.758620689655172376e-01,2.977099236641221336e-01,1.605839416058394142e-01,2.238805970149253810e-01,1.443298969072164817e-01,1.735159817351598077e-01,1.527777777777777901e-01,0.000000000000000000e+00,1.774193548387096864e-01,0.000000000000000000e+00,2.352941176470588203e-01,2.444444444444444364e-01,4.006309148264984299e-01,0.000000000000000000e+00,0.000000000000000000e+00,1.000000000000000056e-01,1.578947368421052544e-01,2.500000000000000000e-01,3.913043478260869734e-01,1.933333333333333293e-01,1.746031746031745935e-01,2.277777777777777735e-01,1.785714285714285754e-01,1.428571428571428492e-01,1.792452830188679125e-01,5.172413793103448620e-01,3.043478260869565410e-01,2.424242424242424310e-01,6.984126984126983739e-01,0.000000000000000000e+00,1.199999999999999956e-01,1.666666666666666574e-01,0.000000000000000000e+00,4.393442622950819443e-01,4.201183431952662528e-01,5.892857142857143016e-01,9.917355371900826722e-02,1.476510067114094049e-01,6.206896551724138122e-01,0.000000000000000000e+00,2.682926829268292845e-01,2.187500000000000000e-01,4.970760233918128379e-01,5.735294117647058432e-01,1.093750000000000000e-01,2.500000000000000000e-01,2.727272727272727071e-01,1.818181818181818232e-01,1.974248927038626533e-01,5.416666666666666297e-01,0.000000000000000000e+00,2.156862745098039325e-01,2.222222222222222099e-01,3.527508090614886460e-01,6.046511627906976383e-01,2.763157894736842368e-01,2.030651340996168508e-01,2.439024390243902524e-02,2.054794520547945091e-01,0.000000000000000000e+00,5.000000000000000000e-01,0.000000000000000000e+00,0.000000000000000000e+00,2.173913043478260809e-01,4.600000000000000200e-01,2.916666666666666852e-01,1.666666666666666574e-01,0.000000000000000000e+00,2.739726027397260122e-01,0.000000000000000000e+00,3.009708737864077444e-01,2.692307692307692180e-01,2.000000000000000111e-01,3.859649122807017330e-01,0.000000000000000000e+00,0.000000000000000000e+00,2.283464566929133965e-01,1.746031746031745935e-01,1.596638655462184753e-01,5.319148936170212671e-01,3.111888111888111985e-01,1.212121212121212155e-01,2.526315789473684292e-01,1.866666666666666752e-01,1.757812500000000000e-01,2.290076335877862523e-01,2.121212121212121271e-01,2.096774193548387177e-01,1.562500000000000000e-01,1.509433962264150886e-01,1.423220973782771404e-01,1.592356687898089096e-01,0.000000000000000000e+00,2.222222222222222099e-01,9.876543209876542662e-02,2.275862068965517349e-01,1.666666666666666574e-01,3.142857142857142794e-01,0.000000000000000000e+00,2.121212121212121271e-01,2.367491166077738407e-01,4.103343465045592442e-01,0.000000000000000000e+00,1.833333333333333204e-01,0.000000000000000000e+00,0.000000000000000000e+00,1.515151515151515194e-01,0.000000000000000000e+00,5.737704918032786594e-01,5.477386934673367236e-01,2.168674698795180766e-01,3.548387096774193727e-01,4.840182648401826215e-01,2.275132275132275006e-01,2.228915662650602370e-01,1.062801932367149760e-01,3.906250000000000000e-01,2.253521126760563431e-01,1.554404145077720178e-01,1.616161616161616299e-01,1.595092024539877251e-01,2.095238095238095288e-01,0.000000000000000000e+00,3.846153846153846367e-01,2.222222222222222099e-01,1.250000000000000000e-01,1.842105263157894635e-01,1.924290220820189246e-01,6.444444444444444864e-01,5.567010309278350721e-01,6.470588235294117974e-01,0.000000000000000000e+00,5.555555555555555802e-01,0.000000000000000000e+00,2.978723404255319007e-01,8.571428571428571508e-02,1.065292096219931234e-01,1.899641577060931785e-01,4.309764309764309576e-01,0.000000000000000000e+00,1.891891891891891997e-01,4.437086092715231689e-01,3.035714285714285476e-01,2.121212121212121271e-01,3.148148148148148251e-01,3.114754098360655865e-01,2.753623188405797118e-01,3.380281690140845008e-01,2.222222222222222099e-01,4.415584415584415390e-01,2.162162162162162282e-01,2.560975609756097615e-01,2.374999999999999889e-01,2.658227848101265556e-01,2.424242424242424310e-01,1.948051948051948146e-01,2.222222222222222099e-01,2.602739726027397116e-01,3.333333333333333148e-01,2.571428571428571175e-01,2.643678160919540332e-01,2.253521126760563431e-01
2.402173913043478271e-01,1.281759575274933616e-01,1.449541284403669805e-01,9.558823529411764053e-02,1.337078651685393305e-01,8.551724137931034087e-02,0.000000000000000000e+00,0.000000000000000000e+00,0.000000000000000000e+00,9.407665505226481262e-02,1.401617250673854453e-01,1.548492257538712225e-01,1.054687500000000000e-01,0.000000000000000000e+00,1.339915373765867557e-01,1.614906832298136641e-01,1.046285492026448882e-01,1.362989323843416256e-01,1.260997067448680342e-01,6.666666666666666574e-02,1.203852327447833132e-01,0.000000000000000000e+00,9.478505990133896664e-02,1.024734982332155542e-01,1.033868092691622165e-01,0.000000000000000000e+00,7.654723127035831243e-02,2.113095238095238082e-01,9.384288747346072879e-02,2.150906418422341981e-01,1.979695431472081324e-01,1.250755287009063521e-01,1.846001974333662254e-01,9.451476793248944630e-02,1.370845921450151161e-01,1.292613636363636465e-01,1.019718309859154876e-01,5.922270203578038072e-02,1.119544592030360525e-01,2.252465483234714072e-01,1.442307692307692180e-01,1.703999999999999959e-01,1.183206106870229035e-01,8.879281676089124942e-02,8.904109589041095396e-02,0.000000000000000000e+00,1.227436823104693098e-01,1.532033426183843916e-01,9.968354430379747222e-02,1.130434782608695649e-01,1.538461538461538547e-01,2.334293948126801022e-01,6.437291897891231351e-02,6.603773584905660299e-02,2.047930283224400905e-01,1.059535822401614508e-01,2.122905027932960875e-01,1.407563025210084029e-01,1.182266009852216693e-01,2.271034996276991846e-01,8.767123287671232945e-02,1.207808052053680331e-01,1.321882001493651926e-01,7.157464212678936455e-02,2.319096364278150357e-01,1.323210412147505510e-01,7.238805970149253532e-02,1.174838112858464373e-01,1.168437025796661560e-01,7.713125845737482666e-02,8.377358490566037819e-02,7.587382779198635629e-02,2.173746651358591520e-01,1.396148555708390526e-01,1.095183486238532067e-01,8.644973288003884870e-02,7.042253521126760896e-02,9.113924050632911389e-02,6.962576153176674998e-02,2.244897959183673464e-01,1.121527777777777818e-01,9.523809523809523281e-02,1.388253241800152527e-01,2.253129346314325376e-01,1.344011142061281305e-01,9.861325115562404042e-02,1.110410094637224038e-01,0.000000000000000000e+00,1.820040899795501155e-01,1.501886792452830077e-01,1.477139507620164049e-01,1.603053435114503711e-01,1.143646408839778944e-01,1.084097249900358717e-01,1.146067415730337019e-01,1.101449275362318819e-01,1.245774987928536942e-01,9.783728115345005638e-02,1.008174386920980964e-01,1.143973214285714246e-01,9.393638170974155654e-02,9.090909090909091161e-02,7.707509881422924813e-02,1.170542635658914782e-01,1.156934306569343124e-01,9.777777777777778290e-02,9.695290858725762184e-02,0.000000000000000000e+00,1.885057471264367790e-01,0.000000000000000000e+00,1.871921182266009787e-01,1.030689056166763234e-01,1.055456171735241477e-01,1.007318123116659470e-01,1.272084805653710127e-01,7.208872458410350847e-02,9.412955465587044546e-02,1.140845070422535218e-01,9.902597402597403120e-02,2.214369846878680714e-01,9.206989247311828106e-02,1.195905072126570434e-01,8.715596330275229842e-02,1.953096372297545014e-01,1.952380952380952384e-01,2.112436115843270845e-01,1.353686635944700567e-01,1.212121212121212155e-01,1.358121330724070541e-01,1.687612208258527924e-01,0.000000000000000000e+00,1.126482213438735197e-01,0.000000000000000000e+00,1.309963099630996330e-01,1.288343558282208645e-01,1.007874015748031482e-01,7.765151515151515194e-02,1.173184357541899453e-01,7.710843373493976582e-02,1.351556567957479249e-01,9.703947368421052266e-02,2.031502423263328028e-01,9.426987060998151535e-02,8.700564971751412191e-02,2.302405498281786811e-01,0.000000000000000000e+00,2.346666666666666623e-01,0.000000000000000000e+00,0.000000000000000000e+00,1.104761904761904778e-01,1.118644067796610159e-01,2.548794489092996440e-01,1.469072164948453663e-01,1.291079812206572808e-01,1.545064377682403567e-01,1.360594795539033508e-01,1.163708086785009838e-01,1.017612524461839474e-01,1.280487804878048808e-01,1.142618849040867440e-01,1.465798045602605959e-01,8.669833729216151752e-02,1.655239960822722789e-01,2.592421441774491742e-01,8.847184986595174605e-02,0.000000000000000000e+00,1.310975609756097615e-01,0.000000000000000000e+00,2.027695351137487612e-01,1.113320079522862882e-01,1.184603886397608413e-01,0.000000000000000000e+00,0.000000000000000000e+00,1.804281345565749151e-01,2.134146341463414587e-01,1.256231306081754817e-01,1.094674556213017791e-01,1.189601582367900562e-01,1.534883720930232676e-01,1.090581342947273547e-01,1.048387096774193589e-01,1.974522292993630690e-01,1.145354185832566651e-01,3.412969283276450633e-02,9.367681498829040498e-02,1.075712143928035935e-01,7.296137339055794313e-02,0.000000000000000000e+00,2.196531791907514464e-01,1.953352769679300160e-01,0.000000000000000000e+00,1.090121999212908255e-01,1.349024110218139949e-01,9.668508287292817971e-02,1.247199402539208302e-01,1.819628647214854011e-01,9.213917525773196449e-02,0.000000000000000000e+00,2.375745526838966282e-01,2.064220183486238647e-01,1.132203389830508528e-01,9.963985594237695365e-02,2.061403508771929849e-01,1.258992805755395628e-01,8.802816901408450079e-02,1.587837837837837718e-01,1.651376146788990917e-01,1.016205266711681238e-01,0.000000000000000000e+00,2.114285714285714379e-01,1.349431818181818232e-01,1.250936329588014928e-01,8.483290488431877163e-02,1.287605294825511504e-01,1.288782816229117056e-01,9.290953545232273625e-02,9.951845906902086203e-02,0.000000000000000000e+00,7.182320441988949977e-02,0.000000000000000000e+00,0.000000000000000000e+00,9.090909090909091161e-02,8.544600938967136794e-02,1.256157635467980427e-01,1.237163814180929078e-01,0.000000000000000000e+00,1.177248677248677183e-01,0.000000000000000000e+00,1.062717770034843218e-01,9.642857142857143293e-02,8.169934640522875935e-02,9.923664122137404453e-02,0.000000000000000000e+00,0.000000000000000000e+00,2.201347040056717552e-01,9.207161125319693329e-02,2.055730809674027326e-01,6.878306878306877925e-02,1.315789473684210453e-01,1.057142857142857190e-01,1.208791208791208799e-01,1.020214782059380987e-01,2.229174814235432012e-01,8.277404921700223794e-02,8.749999999999999445e-02,9.326683291770573869e-02,2.225755166931637496e-01,9.826589595375723185e-02,1.957575757575757691e-01,1.656957928802589020e-01,0.000000000000000000e+00,1.114058355437665820e-01,1.063553826199740565e-01,1.012360211889346689e-01,1.136363636363636326e-01,1.103752759381898402e-01,0.000000000000000000e+00,1.021126760563380309e-01,1.134800550206327419e-01,1.017943409247757114e-01,0.000000000000000000e+00,9.644670050761421087e-02,0.000000000000000000e+00,0.000000000000000000e+00,9.523809523809523281e-02,0.000000000000000000e+00,6.941838649155722407e-02,8.390141583639224021e-02,1.259500542888165042e-01,9.061748195669606931e-02,9.783783783783783772e-02,1.245742092457420985e-01,1.239766081871345044e-01,1.113898645258404457e-01,1.178895300906842580e-01,1.060171919770773602e-01,1.153470185728250191e-01,1.289120715350223489e-01,2.349726775956284264e-01,1.148851148851148807e-01,0.000000000000000000e+00,1.704545454545454419e-01,1.146341463414634193e-01,2.364273204903677705e-01,1.652816251154201332e-01,1.276408450704225317e-01,8.530805687203792120e-02,7.345739471106757512e-02,7.456140350877192569e-02,0.000000000000000000e+00,7.142857142857142461e-02,0.000000000000000000e+00,8.470764617691153853e-02,1.071428571428571369e-01,2.186417186417186354e-01,1.187813343617431516e-01,9.830377794911333844e-02,0.000000000000000000e+00,9.026128266033253689e-02,1.097461097461097518e-01,9.888059701492536713e-02,1.240875912408759135e-01,9.191176470588235947e-02,1.001697792869269965e-01,1.005692599620493372e-01,7.666666666666666075e-02,1.241610738255033569e-01,9.931506849315067942e-02,1.277310924369747802e-01,1.172214182344428340e-01,1.010558069381598811e-01,1.075949367088607639e-01,1.083743842364532084e-01,1.208406304728546349e-01,1.091954022988505801e-01,1.107438016528925623e-01,1.027027027027027084e-01,1.075630252100840401e-01,1.159196290571870153e-01,1.021069692058346884e-01
1.330343796711509763e-01,5.405405405405405705e-02,9.049773755656108365e-02,1.161048689138576839e-01,7.829181494661921481e-02,1.552346570397112047e-01,0.000000000000000000e+00,0.000000000000000000e+00,0.000000000000000000e+00,2.142857142857142738e-01,2.783964365256124673e-01,1.905594405594405460e-01,1.229508196721311453e-01,0.000000000000000000e+00,8.235294117647058709e-02,1.366459627329192628e-01,2.497451580020387252e-01,7.364341085271318421e-02,1.436781609195402210e-01,1.111111111111111049e-01,1.209677419354838745e-01,0.000000000000000000e+00,9.216101694915254661e-02,8.040770101925254210e-02,3.349282296650717833e-02,0.000000000000000000e+00,4.471544715447154511e-02,8.641975308641974829e-02,9.324009324009324695e-02,8.860759493670886111e-02,9.302325581395348708e-02,6.546644844517185424e-02,3.307888040712467920e-02,6.074240719910010966e-02,8.141962421711899933e-02,5.319148936170212810e-02,2.315068493150684859e-01,7.749077490774908261e-02,6.406685236768802638e-02,1.445639187574671580e-01,1.404958677685950452e-01,6.444906444906445264e-02,1.585903083700440641e-01,7.788461538461538547e-02,5.586592178770949380e-02,0.000000000000000000e+00,7.093023255813953043e-02,5.228758169934640682e-02,6.978798586572437790e-02,3.278688524590164105e-02,2.477777777777777912e-01,1.095890410958904049e-01,6.360424028268550634e-02,5.050505050505050414e-02,7.065217391304347283e-02,7.121661721068249518e-02,9.016393442622951115e-02,7.929515418502203206e-02,1.498559077809798190e-01,1.025641025641025605e-01,5.882352941176470507e-02,6.443298969072164262e-02,7.303370786516853730e-02,8.450704225352112520e-02,9.768378650553877218e-02,7.602339181286549286e-02,2.654867256637168105e-02,3.269754768392370281e-02,5.859375000000000000e-02,7.971014492753622505e-02,6.256742179072276311e-02,7.075471698113207364e-02,9.321175278622087501e-02,2.736318407960198762e-01,6.500000000000000222e-02,8.207070707070707183e-02,5.454545454545454281e-02,5.913978494623656212e-02,2.083333333333333218e-02,1.970149253731343364e-01,8.119218910585816740e-02,3.134796238244513811e-02,1.226993865030674841e-01,9.502262443438913575e-02,9.656652360515020905e-02,5.241935483870967943e-02,5.501618122977346148e-02,0.000000000000000000e+00,1.621621621621621712e-01,7.156308851224105205e-02,1.751592356687897978e-01,1.000000000000000056e-01,8.769230769230769440e-02,2.473933649289099534e-01,1.094890510948905160e-01,8.648648648648649129e-02,8.560794044665012703e-02,6.842105263157895190e-02,8.119658119658119955e-02,8.779761904761904101e-02,7.418397626112759047e-02,5.393258426966292263e-02,5.070422535211267789e-02,1.104910714285714246e-01,8.500000000000000611e-02,5.000000000000000278e-02,3.205128205128204844e-02,0.000000000000000000e+00,8.913649025069637910e-02,0.000000000000000000e+00,5.031446540880503415e-02,9.765940274414851296e-02,7.299270072992700142e-02,7.160194174757281149e-02,2.033898305084745894e-01,2.130044843049327397e-01,1.820276497695852425e-01,8.859470468431772383e-02,9.216589861751152413e-02,1.094650205761316941e-01,5.162523900573613711e-02,5.620915032679738715e-02,7.096774193548387177e-02,9.467455621301774926e-02,7.432432432432432845e-02,1.283255086071987405e-01,4.376012965964343887e-02,1.865357643758765727e-01,1.647398843930635848e-01,5.853658536585366196e-02,0.000000000000000000e+00,1.089108910891089105e-01,0.000000000000000000e+00,1.853871319520174477e-01,1.822222222222222299e-01,1.964285714285714246e-01,3.809523809523809867e-02,6.918918918918919025e-02,2.500000000000000000e-01,2.087475149105367800e-01,2.480620155038759655e-01,1.015873015873015872e-01,7.821229050279329686e-02,5.509641873278237068e-02,8.620689655172414367e-02,0.000000000000000000e+00,7.777777777777777901e-02,0.000000000000000000e+00,0.000000000000000000e+00,2.129909365558912415e-01,2.428146679881070247e-01,9.814814814814815103e-02,1.258278145695364281e-01,1.923076923076923184e-01,7.797123391370174017e-02,1.689497716894977075e-01,1.090909090909090856e-01,2.226890756302521146e-01,7.758620689655172653e-02,8.249496981891348002e-02,2.202111613876319707e-01,2.650602409638554424e-01,1.042183622828784101e-01,9.340659340659340781e-02,9.090909090909091161e-02,0.000000000000000000e+00,8.641975308641974829e-02,0.000000000000000000e+00,1.140776699029126262e-01,6.521739130434782428e-02,7.558733401430030308e-02,0.000000000000000000e+00,0.000000000000000000e+00,0.000000000000000000e+00,1.250000000000000000e-01,1.791907514450866989e-01,9.631391200951248954e-02,6.312292358803986425e-02,9.826589595375723185e-02,7.000000000000000666e-02,5.102040816326530726e-02,1.111111111111111049e-01,1.895113230035756768e-01,1.287128712871287162e-01,4.022988505747126381e-02,2.204940530649588393e-01,7.537688442211054607e-02,0.000000000000000000e+00,6.201550387596899139e-02,1.124031007751938038e-01,0.000000000000000000e+00,6.497461928934010478e-02,5.466237942122186694e-02,6.766917293233082331e-02,7.093821510297482202e-02,4.485049833887043425e-02,5.100182149362477574e-02,0.000000000000000000e+00,7.987220447284344715e-02,9.830508474576271638e-02,6.739526411657559279e-02,7.213114754098361170e-02,3.017107309486780631e-01,1.028806584362139953e-01,1.590909090909090884e-01,3.360000000000000209e-01,1.875616979269496554e-01,6.580259222333001423e-02,0.000000000000000000e+00,9.433962264150944077e-02,1.085271317829457349e-01,7.640878701050621280e-02,5.113636363636363952e-02,1.039426523297490995e-01,1.936685288640595803e-01,6.206896551724137845e-02,5.794701986754966644e-02,0.000000000000000000e+00,1.379310344827586188e-02,0.000000000000000000e+00,0.000000000000000000e+00,9.890109890109889668e-02,1.521252796420581588e-01,8.875739644970413733e-02,8.389715832205683899e-02,0.000000000000000000e+00,2.129629629629629650e-01,0.000000000000000000e+00,7.351225204200699526e-02,7.012195121951220189e-02,3.862660944206008917e-02,1.141552511415525051e-01,0.000000000000000000e+00,0.000000000000000000e+00,1.067761806981519512e-01,6.164383561643835274e-02,1.263565891472868130e-01,5.119453924914675602e-02,1.094605160281469924e-01,5.309734513274336209e-02,9.408602150537634379e-02,7.816482582837723514e-02,9.225874867444326666e-02,6.606942889137737418e-02,4.494382022471909988e-02,2.404306220095693836e-01,9.333333333333333759e-02,1.042654028436018898e-01,9.870129870129870642e-02,6.610169491525423602e-02,0.000000000000000000e+00,2.108843537414966107e-01,7.420494699646643100e-02,7.839721254355400126e-02,4.382470119521912622e-02,9.395973154362416424e-02,0.000000000000000000e+00,6.551724137931035086e-02,2.316666666666666596e-01,8.233117483811286386e-02,0.000000000000000000e+00,8.119658119658119955e-02,0.000000000000000000e+00,0.000000000000000000e+00,1.458333333333333426e-01,0.000000000000000000e+00,6.763285024154588876e-02,7.528409090909091161e-02,2.923976608187134341e-02,8.351177730192720083e-02,6.362153344208809624e-02,6.862745098039216285e-02,6.554621848739496104e-02,6.891891891891892274e-02,9.815950920245399003e-02,1.254901960784313708e-01,9.161290322580645240e-02,1.663716814159292012e-01,1.025641025641025605e-01,7.190412782956058513e-02,0.000000000000000000e+00,3.448275862068965469e-02,2.117647058823529382e-01,1.560209424083769669e-01,1.465295629820051460e-01,7.171000788022065253e-02,6.666666666666666574e-02,6.481481481481481122e-02,1.058823529411764691e-01,0.000000000000000000e+00,9.859154929577464144e-02,0.000000000000000000e+00,5.228758169934640682e-02,6.818181818181817677e-02,8.886894075403949100e-02,5.780933062880324463e-02,8.018867924528301494e-02,0.000000000000000000e+00,5.527638190954774211e-02,6.100217864923747346e-02,1.148936170212765950e-01,5.472636815920398079e-02,1.255230125523012497e-01,5.263157894736841813e-02,1.239999999999999991e-01,8.000000000000000167e-02,8.273381294964028687e-02,1.020408163265306145e-01,1.524163568773234112e-01,1.326530612244898044e-01,1.296296296296296224e-01,5.882352941176470507e-02,7.692307692307692735e-02,9.274193548387096864e-02,6.691449814126393392e-02,1.025641025641025605e-01,8.235294117647058709e-02,5.882352941176470507e-02,7.894736842105262720e-02,1.160000000000000059e-01
1.245954692556634352e-01,8.488372093023255349e-02,1.453488372093023340e-01,2.706422018348623726e-01,2.385964912280701677e-01,1.727272727272727293e-01,0.000000000000000000e+00,0.000000000000000000e+00,0.000000000000000000e+00,1.584158415841584178e-01,7.602339181286549286e-02,1.111111111111111049e-01,1.149425287356321823e-01,0.000000000000000000e+00,9.448818897637795144e-02,1.871345029239765978e-01,1.158690176322418192e-01,2.988966900702106355e-01,1.126760563380281716e-01,1.616161616161616299e-01,2.420091324200913108e-01,0.000000000000000000e+00,3.243243243243243423e-01,2.956926658905704164e-01,9.852216748768473364e-02,0.000000000000000000e+00,1.099476439790575966e-01,8.450704225352112520e-02,7.802340702210663892e-02,1.179245283018867940e-01,1.714285714285714302e-01,2.415630550621669648e-01,7.317073170731706877e-02,1.099050203527815461e-01,2.722567287784679047e-01,8.171206225680933966e-02,8.781362007168458383e-02,1.250000000000000000e-01,1.556886227544910239e-01,8.531468531468532068e-02,1.728395061728394966e-01,1.061728395061728447e-01,1.842105263157894635e-01,1.220657276995305157e-01,5.685618729096989649e-02,0.000000000000000000e+00,9.929906542056074481e-02,1.702127659574468044e-01,1.180773249738766989e-01,1.111111111111111049e-01,6.559766763848395854e-02,7.317073170731706877e-02,1.245136186770428033e-01,1.141552511415525051e-01,9.815950920245399003e-02,3.333333333333333148e-01,1.608391608391608329e-01,1.243781094527363212e-01,1.902985074626865614e-01,4.461942257217847707e-02,1.911764705882352811e-01,3.132387706855792042e-01,3.516853932584269593e-01,3.543689320388349606e-01,9.552599758162030885e-02,1.125827814569536484e-01,8.184143222506394533e-02,9.202453987730060958e-02,1.315789473684210453e-01,6.751054852320674537e-02,1.203208556149732572e-01,1.034482758620689641e-01,1.057692307692307682e-01,9.513274336283185362e-02,4.357723577235772527e-01,1.193353474320241747e-01,4.166666666666666435e-02,1.100993377483443642e-01,2.279260780287474253e-01,8.506944444444444753e-02,3.247156153050672067e-01,3.639344262295082233e-01,1.865284974093264214e-01,2.211538461538461453e-01,1.990291262135922279e-01,9.216589861751152413e-02,7.167832167832167978e-02,0.000000000000000000e+00,1.142857142857142821e-01,9.898477157360406620e-02,1.752988047808765049e-01,1.184210526315789408e-01,2.946564885496183450e-01,1.155844155844155813e-01,2.240000000000000047e-01,3.074626865671641895e-01,2.760416666666666852e-01,1.183800623052959494e-01,8.938547486033519840e-02,2.346786248131539632e-01,1.169871794871794879e-01,1.086956521739130405e-01,9.169054441260744703e-02,5.977584059775840897e-02,9.061833688699359735e-02,8.333333333333332871e-02,1.151079136690647542e-01,0.000000000000000000e+00,1.093247588424437339e-01,0.000000000000000000e+00,1.147540983606557402e-01,1.210191082802547780e-01,1.098591549295774711e-01,8.426966292134831227e-02,1.207349081364829380e-01,2.994011976047904200e-02,1.481481481481481399e-01,1.087420042643923307e-01,2.090261282660332565e-01,1.042780748663101609e-01,3.222222222222222432e-01,9.467455621301774926e-02,1.558441558441558406e-01,1.001042752867570412e-01,7.432432432432432845e-02,9.649122807017543324e-02,9.705372616984402068e-02,1.036906854130052735e-01,1.314837153196622421e-01,1.410256410256410242e-01,0.000000000000000000e+00,1.043956043956043994e-01,0.000000000000000000e+00,9.959623149394347674e-02,1.033797216699801208e-01,1.968085106382978788e-01,7.329842931937172179e-02,9.987966305655836263e-02,1.273885350318471332e-01,6.921241050119331106e-02,1.021505376344086086e-01,1.598062953995157409e-01,1.220930232558139483e-01,1.136363636363636326e-01,1.685393258426966245e-01,0.000000000000000000e+00,1.132075471698113234e-01,0.000000000000000000e+00,0.000000000000000000e+00,1.005586592178770999e-01,1.634738186462324494e-01,9.760956175298804438e-02,1.699346405228758239e-01,4.633204633204632966e-02,1.621872103799814613e-01,1.587301587301587213e-01,2.122370936902485683e-01,1.242236024844720482e-01,2.616822429906541791e-01,1.990171990171990257e-01,9.677419354838709409e-02,9.803921568627450844e-02,1.684782608695652162e-01,1.230982019363762170e-01,3.865546218487395103e-01,0.000000000000000000e+00,1.355140186915887723e-01,0.000000000000000000e+00,1.469740634005763658e-01,3.368983957219251479e-01,1.205510907003444349e-01,0.000000000000000000e+00,0.000000000000000000e+00,2.269503546099290725e-01,9.486166007905137698e-02,9.567901234567900703e-02,9.596662030598053506e-02,3.287337662337662114e-01,1.890243902439024404e-01,9.566326530612244416e-02,2.621359223300970820e-01,1.028037383177570069e-01,6.250000000000000000e-02,1.265822784810126563e-02,4.143646408839778972e-01,1.183431952662721831e-01,1.169590643274853736e-01,0.000000000000000000e+00,1.443298969072164817e-01,1.162790697674418589e-01,0.000000000000000000e+00,1.170212765957446832e-01,1.062499999999999972e-01,1.328671328671328644e-01,2.945054945054945139e-01,2.407732864674868301e-01,1.469933184855233832e-01,0.000000000000000000e+00,7.142857142857142461e-02,1.370370370370370405e-01,9.848484848484848064e-02,8.943089430894309022e-02,4.434589800443459323e-02,1.531322505800463973e-01,1.717171717171717127e-01,1.171171171171171144e-01,9.715639810426540679e-02,1.424302788844621637e-01,0.000000000000000000e+00,9.009009009009008584e-02,1.310679611650485410e-01,1.192865105908584161e-01,9.868421052631579093e-02,1.158301158301158346e-01,9.316037735849055923e-02,3.356164383561643927e-01,3.556231003039513894e-01,0.000000000000000000e+00,1.214953271028037379e-01,0.000000000000000000e+00,0.000000000000000000e+00,1.182795698924731242e-01,4.761904761904761640e-02,9.160305343511450371e-02,2.937249666221629085e-01,0.000000000000000000e+00,1.095238095238095233e-01,0.000000000000000000e+00,1.263297872340425620e-01,1.075268817204301092e-01,3.511450381679389054e-01,1.299435028248587531e-01,0.000000000000000000e+00,0.000000000000000000e+00,1.109725685785536153e-01,2.960288808664259808e-01,1.125226860254083527e-01,2.766726943942133810e-01,1.737488196411709207e-01,3.644067796610169219e-01,1.239316239316239354e-01,3.192488262910798125e-01,1.112454655380894775e-01,1.093750000000000000e-01,1.172413793103448260e-01,1.325878594249201292e-01,8.823529411764706454e-02,9.714285714285714191e-02,1.232876712328767055e-01,2.207792207792207695e-01,0.000000000000000000e+00,1.000000000000000056e-01,2.605363984674329281e-01,9.572301425661913776e-02,3.355932203389830337e-01,2.213114754098360615e-01,0.000000000000000000e+00,3.483870967741935498e-01,1.229698375870069554e-01,1.120448179271708727e-01,0.000000000000000000e+00,1.139896373056994844e-01,0.000000000000000000e+00,0.000000000000000000e+00,2.587412587412587506e-01,0.000000000000000000e+00,1.158536585365853716e-01,1.283783783783783716e-01,8.480565371024735566e-02,1.025641025641025605e-01,1.014234875444839923e-01,2.954209748892171472e-01,1.082474226804123751e-01,3.146067415730336991e-01,1.176470588235294101e-01,1.793721973094170308e-01,9.388971684053651345e-02,1.240478781284004295e-01,9.961685823754788671e-02,2.760989010989011172e-01,0.000000000000000000e+00,2.666666666666666838e-02,8.843537414965986498e-02,9.843937575030012321e-02,1.282798833819241979e-01,6.951871657754010725e-02,1.027667984189723355e-01,1.365313653136531469e-01,1.267605633802816878e-01,0.000000000000000000e+00,1.739130434782608647e-01,0.000000000000000000e+00,9.545454545454545858e-02,1.076923076923076983e-01,1.304347826086956486e-01,2.556468172484599455e-01,1.187904967602591844e-01,0.000000000000000000e+00,3.222222222222222432e-01,2.355658198614318799e-01,1.681415929203539938e-01,1.981981981981981999e-01,1.447963800904977505e-01,1.869565217391304379e-01,1.371681415929203451e-01,1.450980392156862864e-01,1.269230769230769162e-01,1.493775933609958473e-01,1.659388646288209590e-01,1.338912133891213274e-01,1.608695652173912916e-01,1.517857142857142738e-01,1.397379912663755386e-01,1.059907834101382479e-01,1.288888888888888862e-01,1.345291479820627800e-01,1.203703703703703637e-01,1.414634146341463283e-01,1.457286432160803946e-01,1.771653543307086520e-01
2.082111436950146721e-01,5.008488964346349270e-01,2.079999999999999905e-01,1.244444444444444409e-01,1.818181818181818232e-01,1.353383458646616466e-01,0.000000000000000000e+00,0.000000000000000000e+00,0.000000000000000000e+00,2.264150943396226467e-01,1.650485436893203983e-01,1.411764705882352922e-01,2.040816326530612290e-01,0.000000000000000000e+00,3.013698630136986134e-01,1.875000000000000000e-01,2.359813084112149517e-01,2.310405643738976944e-01,4.050632911392405000e-01,1.458333333333333426e-01,4.174757281553397870e-01,0.000000000000000000e+00,2.439560439560439498e-01,1.985815602836879523e-01,5.075757575757575690e-01,0.000000000000000000e+00,2.772277227722772519e-01,3.168316831683168355e-01,6.307385229540918292e-01,2.146226415094339701e-01,3.333333333333333148e-01,2.284866468842730036e-01,4.786729857819905232e-01,2.646370023419203910e-01,2.179732313575525882e-01,4.587737843551796812e-01,2.327044025157232743e-01,2.936802973977695186e-01,2.814371257485029920e-01,2.144578313253012181e-01,1.521739130434782705e-01,4.115523465703971318e-01,1.111111111111111049e-01,2.653061224489796088e-01,2.426035502958579781e-01,0.000000000000000000e+00,4.103448275862068839e-01,1.111111111111111049e-01,2.006861063464837058e-01,7.166666666666666741e-01,1.424731182795699047e-01,3.018867924528301772e-01,2.645161290322580738e-01,6.111111111111111605e-01,3.684210526315789269e-01,2.034883720930232565e-01,7.812500000000000000e-02,2.474226804123711432e-01,1.940298507462686617e-01,2.266666666666666552e-01,5.151515151515151381e-01,2.243589743589743668e-01,2.307692307692307820e-01,2.040816326530612290e-01,2.478813559322033955e-01,4.273504273504273310e-01,5.421686746987951500e-01,5.522388059701492935e-01,3.364485981308411033e-01,1.484375000000000000e-01,2.475247524752475226e-01,2.486486486486486625e-01,2.372881355932203451e-01,1.339285714285714246e-01,2.361516034985422785e-01,6.299765807962529607e-01,1.698113207547169712e-01,2.665562913907284504e-01,5.047923322683706138e-01,1.368421052631579038e-01,2.495049504950495045e-01,2.344827586206896519e-01,2.618025751072961538e-01,1.574074074074074125e-01,2.352941176470588203e-01,6.715328467153284242e-01,5.428571428571428159e-01,0.000000000000000000e+00,2.218430034129692807e-01,2.246376811594202882e-01,1.437908496732026031e-01,2.330827067669172803e-01,2.148997134670486975e-01,1.932584269662921406e-01,1.549295774647887203e-01,1.813471502590673634e-01,1.597510373443983278e-01,2.500000000000000000e-01,2.368421052631578816e-01,2.457420924574209298e-01,2.658959537572254117e-01,2.968036529680365132e-01,1.483253588516746380e-01,5.658153241650294429e-01,4.825870646766169392e-01,5.483870967741935054e-01,2.236842105263157909e-01,0.000000000000000000e+00,2.614379084967320410e-01,0.000000000000000000e+00,2.537313432835821003e-01,2.717219589257504064e-01,5.829596412556053986e-01,5.479744136460554804e-01,1.990291262135922279e-01,5.566037735849056478e-01,1.715686274509803932e-01,2.530541012216405150e-01,4.705882352941176405e-01,2.109500805152978997e-01,1.929824561403508665e-01,5.774647887323943740e-01,2.399999999999999911e-01,2.368421052631578816e-01,1.830985915492957805e-01,1.930294906166219737e-01,4.204204204204204376e-01,2.738095238095238360e-01,1.746361746361746459e-01,1.063829787234042562e-01,0.000000000000000000e+00,1.962616822429906482e-01,0.000000000000000000e+00,2.036199095022624417e-01,1.955782312925170019e-01,1.749999999999999889e-01,6.262626262626262985e-01,4.448598130841121545e-01,1.851851851851851749e-01,1.659751037344398272e-01,2.782608695652173947e-01,2.095959595959595856e-01,6.583333333333333259e-01,6.544502617801046807e-01,3.859649122807017330e-01,0.000000000000000000e+00,2.461538461538461675e-01,0.000000000000000000e+00,0.000000000000000000e+00,2.517730496453900457e-01,2.357954545454545581e-01,1.986062717770034902e-01,2.738095238095238360e-01,2.302631578947368363e-01,2.784810126582278333e-01,2.948717948717948789e-01,1.978798586572438067e-01,1.785714285714285754e-01,2.040816326530612290e-01,3.169642857142856984e-01,2.053872053872053960e-01,1.913043478260869623e-01,1.649484536082474195e-01,2.154963680387409208e-01,2.108843537414966107e-01,0.000000000000000000e+00,2.635135135135134865e-01,0.000000000000000000e+00,2.651933701657458453e-01,2.597402597402597157e-01,2.735346358792184462e-01,0.000000000000000000e+00,0.000000000000000000e+00,5.200000000000000178e-01,2.051282051282051211e-01,1.967213114754098324e-01,2.210065645514223132e-01,2.240000000000000047e-01,2.727272727272727071e-01,5.627615062761506248e-01,2.702702702702702853e-02,2.600000000000000089e-01,2.536945812807882006e-01,5.000000000000000000e-01,1.948051948051948146e-01,1.714285714285714302e-01,2.954545454545454697e-01,0.000000000000000000e+00,1.304347826086956486e-01,2.090909090909090773e-01,0.000000000000000000e+00,2.610441767068273355e-01,2.054794520547945091e-01,2.083333333333333426e-01,1.538461538461538547e-01,1.731343283582089665e-01,2.771084337349397630e-01,0.000000000000000000e+00,2.929936305732483981e-01,2.406015037593984829e-01,2.909090909090908950e-01,2.200000000000000011e-01,8.119658119658119955e-02,2.338709677419354704e-01,2.553191489361701927e-01,2.000000000000000111e-01,1.877470355731225282e-01,2.670454545454545303e-01,0.000000000000000000e+00,1.989247311827956888e-01,1.983471074380165344e-01,2.260726072607260606e-01,2.289156626506023973e-01,2.679738562091503185e-01,2.217973231357552588e-01,1.168831168831168804e-01,2.741433021806853332e-01,0.000000000000000000e+00,5.483870967741935054e-01,0.000000000000000000e+00,0.000000000000000000e+00,6.136363636363636465e-01,1.313131313131313260e-01,2.906976744186046679e-01,1.666666666666666574e-01,0.000000000000000000e+00,2.330097087378640852e-01,0.000000000000000000e+00,6.088794926004228447e-01,6.047904191616766401e-01,2.289156626506023973e-01,2.285714285714285643e-01,0.000000000000000000e+00,0.000000000000000000e+00,2.147505422993492286e-01,1.615384615384615474e-01,2.170283806343906441e-01,1.413043478260869457e-01,2.764505119453924964e-01,1.656050955414012649e-01,4.285714285714285476e-01,2.338983050847457668e-01,2.031250000000000000e-01,6.282051282051281937e-01,6.635514018691588412e-01,2.567975830815710236e-01,1.964285714285714246e-01,3.811659192825112008e-01,2.642998027613412404e-01,2.361111111111111049e-01,0.000000000000000000e+00,1.285714285714285587e-01,2.187500000000000000e-01,6.193029490616621668e-01,2.086330935251798635e-01,1.728395061728394966e-01,0.000000000000000000e+00,3.065693430656934448e-01,1.980000000000000093e-01,1.746323529411764608e-01,0.000000000000000000e+00,4.436619718309859350e-01,0.000000000000000000e+00,0.000000000000000000e+00,1.964285714285714246e-01,0.000000000000000000e+00,2.268041237113402053e-01,2.836676217765042862e-01,5.265700483091787509e-01,4.400000000000000022e-01,2.093750000000000056e-01,1.922077922077922163e-01,4.881889763779527769e-01,2.393162393162393264e-01,2.236842105263157909e-01,2.222222222222222099e-01,4.978902953586498148e-01,2.336956521739130543e-01,2.260273972602739601e-01,2.464788732394366244e-01,0.000000000000000000e+00,5.102040816326530726e-01,1.686746987951807109e-01,1.920529801324503405e-01,2.269938650306748407e-01,5.124508519003931895e-01,2.658227848101265556e-01,2.796610169491525189e-01,1.764705882352941291e-01,0.000000000000000000e+00,2.702702702702702853e-01,0.000000000000000000e+00,6.327272727272726938e-01,6.730769230769231282e-01,2.384341637010676251e-01,2.045028142589118136e-01,2.007168458781362075e-01,0.000000000000000000e+00,2.602739726027397116e-01,2.247706422018348749e-01,2.399999999999999911e-01,3.185840707964601726e-01,2.881355932203389925e-01,3.269230769230769273e-01,2.482758620689655138e-01,3.288590604026845887e-01,1.890243902439024404e-01,2.549019607843137081e-01,2.878787878787879007e-01,2.701149425287356354e-01,2.906976744186046679e-01,2.994350282485875869e-01,3.185185185185185341e-01,2.957746478873239382e-01,2.543352601156069204e-01,2.794117647058823595e-01,2.352941176470588203e-01,3.185185185185185341e-01,2.000000000000000111e-01,2.465753424657534110e-01
8.999999999999999667e-02,1.079136690647481966e-01,1.282051282051281937e-01,1.034482758620689641e-01,7.017543859649122417e-02,1.538461538461538547e-01,0.000000000000000000e+00,0.000000000000000000e+00,0.000000000000000000e+00,5.882352941176470507e-02,8.474576271186440302e-02,1.764705882352941291e-01,0.000000000000000000e+00,0.000000000000000000e+00,8.888888888888889228e-02,2.068965517241379282e-01,5.960264900662251564e-02,8.522727272727272096e-02,5.000000000000000278e-02,1.739130434782608647e-01,1.081081081081081141e-01,0.000000000000000000e+00,5.303030303030303177e-02,1.180555555555555525e-01,6.060606060606060774e-02,0.000000000000000000e+00,3.421052631578947456e-01,1.290322580645161255e-01,1.121495327102803724e-01,1.259842519685039353e-01,0.000000000000000000e+00,6.329113924050633333e-02,1.034482758620689641e-01,1.439393939393939503e-01,6.716417910447761153e-02,1.065573770491803213e-01,5.217391304347825803e-02,3.018867924528301772e-01,2.352941176470588203e-01,9.259259259259258745e-02,7.692307692307692735e-02,4.411764705882353227e-02,1.578947368421052544e-01,1.853932584269663009e-01,1.694915254237288060e-01,0.000000000000000000e+00,8.000000000000000167e-02,1.935483870967741882e-01,2.552083333333333148e-01,0.000000000000000000e+00,1.206896551724137984e-01,1.199999999999999956e-01,2.444444444444444364e-01,2.631578947368420907e-02,4.545454545454545581e-02,7.692307692307692735e-02,1.578947368421052544e-01,2.187500000000000000e-01,1.451612903225806550e-01,2.191780821917808098e-01,1.428571428571428492e-01,5.691056910569105426e-02,1.351351351351351426e-01,8.695652173913043237e-02,8.333333333333332871e-02,1.142857142857142821e-01,2.533333333333333548e-01,1.029411764705882304e-01,2.187500000000000000e-01,3.333333333333333148e-01,2.467532467532467522e-01,3.275862068965517127e-01,1.063829787234042562e-01,1.323529411764705899e-01,4.444444444444444614e-02,6.862745098039216285e-02,7.272727272727272929e-01,2.457627118644067910e-01,1.093750000000000000e-01,5.882352941176470507e-02,4.716981132075472039e-02,6.666666666666666574e-02,1.463414634146341375e-01,3.030303030303030387e-02,1.097560975609756101e-01,1.612903225806451568e-01,9.473684210526316096e-02,0.000000000000000000e+00,1.562500000000000000e-01,9.589041095890410427e-02,2.127659574468085124e-01,1.111111111111111049e-01,1.165048543689320426e-01,1.258278145695364281e-01,6.666666666666666574e-02,5.882352941176470507e-02,1.261261261261261146e-01,2.244897959183673464e-01,2.500000000000000000e-01,1.157024793388429784e-01,2.479999999999999982e-01,1.176470588235294101e-01,3.593750000000000000e-01,6.206896551724137845e-02,4.968944099378881651e-02,1.764705882352941291e-01,2.222222222222222099e-01,0.000000000000000000e+00,1.475409836065573743e-01,0.000000000000000000e+00,1.111111111111111049e-01,2.657657657657657713e-01,9.090909090909091161e-02,2.727272727272727140e-02,1.063829787234042562e-01,7.812500000000000000e-02,5.555555555555555247e-02,2.269938650306748407e-01,8.536585365853659180e-02,1.142857142857142821e-01,6.741573033707864981e-02,4.958677685950413361e-02,3.703703703703703498e-01,1.151515151515151575e-01,4.761904761904761640e-02,9.195402298850574585e-02,1.078431372549019662e-01,1.000000000000000056e-01,1.148648648648648712e-01,9.375000000000000000e-02,0.000000000000000000e+00,2.608695652173912971e-01,0.000000000000000000e+00,1.478873239436619691e-01,1.257142857142857229e-01,1.388888888888888951e-01,1.212121212121212155e-01,9.375000000000000000e-02,1.199999999999999956e-01,1.686746987951807109e-01,1.276595744680850963e-01,9.160305343511450371e-02,0.000000000000000000e+00,4.347826086956521618e-02,6.250000000000000000e-02,0.000000000000000000e+00,1.304347826086956486e-01,0.000000000000000000e+00,0.000000000000000000e+00,1.111111111111111049e-01,5.517241379310344751e-02,1.157894736842105254e-01,1.428571428571428492e-01,8.163265306122448328e-02,1.428571428571428492e-01,6.172839506172839164e-02,8.888888888888889228e-02,4.347826086956521618e-02,2.000000000000000111e-01,9.836065573770491621e-02,1.176470588235294101e-01,4.166666666666666435e-02,2.000000000000000111e-01,6.086956521739130682e-02,1.509433962264150886e-01,0.000000000000000000e+00,1.891891891891891997e-01,0.000000000000000000e+00,1.333333333333333315e-01,3.125000000000000000e-02,1.470588235294117696e-01,0.000000000000000000e+00,0.000000000000000000e+00,0.000000000000000000e+00,1.190476190476190410e-01,9.677419354838709409e-02,1.875000000000000000e-01,4.807692307692307959e-02,1.904761904761904656e-01,9.523809523809523281e-02,1.333333333333333315e-01,4.761904761904761640e-02,7.913669064748200810e-02,1.428571428571428492e-01,6.250000000000000000e-02,1.151515151515151575e-01,3.478260869565217295e-01,0.000000000000000000e+00,3.200000000000000067e-01,6.250000000000000000e-02,0.000000000000000000e+00,1.733333333333333393e-01,2.159090909090909116e-01,3.125000000000000000e-01,1.111111111111111049e-01,8.547008547008547175e-02,1.888888888888888840e-01,0.000000000000000000e+00,1.794871794871794879e-01,8.888888888888889228e-02,2.705882352941176294e-01,2.894736842105263275e-01,1.643835616438356073e-01,1.739130434782608647e-01,0.000000000000000000e+00,4.545454545454545581e-02,1.011904761904761918e-01,1.546961325966850764e-01,0.000000000000000000e+00,5.263157894736841813e-02,1.627906976744186163e-01,1.632653061224489666e-01,2.857142857142856984e-01,1.190476190476190410e-01,1.242236024844720482e-01,1.000000000000000056e-01,5.208333333333333565e-02,0.000000000000000000e+00,0.000000000000000000e+00,0.000000000000000000e+00,0.000000000000000000e+00,1.666666666666666574e-01,1.206896551724137984e-01,1.538461538461538547e-01,8.510638297872340219e-02,0.000000000000000000e+00,1.052631578947368363e-01,0.000000000000000000e+00,7.857142857142856984e-02,9.523809523809523281e-02,6.666666666666666574e-02,1.714285714285714302e-01,0.000000000000000000e+00,0.000000000000000000e+00,8.333333333333332871e-02,1.250000000000000000e-01,9.424083769633508079e-02,2.000000000000000111e-01,9.952606635071090113e-02,1.044776119402985037e-01,1.196581196581196632e-01,6.470588235294118251e-02,1.208053691275167846e-01,7.843137254901960675e-02,7.142857142857142461e-02,9.448818897637795144e-02,2.000000000000000111e-01,7.692307692307692735e-02,1.376811594202898559e-01,1.067961165048543631e-01,0.000000000000000000e+00,9.090909090909091161e-02,8.888888888888889228e-02,5.681818181818181629e-02,4.878048780487805047e-02,1.212121212121212155e-01,0.000000000000000000e+00,9.523809523809523281e-02,9.937888198757763303e-02,2.348993288590603967e-01,0.000000000000000000e+00,1.136363636363636326e-01,0.000000000000000000e+00,0.000000000000000000e+00,1.290322580645161255e-01,0.000000000000000000e+00,3.461538461538461453e-01,1.864406779661016977e-01,1.739130434782608647e-01,1.704545454545454419e-01,2.105263157894736725e-01,1.395348837209302306e-01,9.278350515463917869e-02,7.499999999999999722e-02,1.250000000000000000e-01,1.428571428571428492e-01,8.552631578947368640e-02,9.929078014184397616e-02,1.208791208791208799e-01,1.315789473684210453e-01,0.000000000000000000e+00,1.176470588235294101e-01,1.666666666666666574e-01,1.133333333333333276e-01,6.666666666666666574e-02,5.527638190954774211e-02,1.666666666666666574e-01,1.632653061224489666e-01,9.523809523809523281e-02,0.000000000000000000e+00,5.000000000000000000e-01,0.000000000000000000e+00,6.944444444444444753e-02,1.176470588235294101e-01,1.169590643274853736e-01,5.223880597014925187e-02,1.452513966480447061e-01,0.000000000000000000e+00,8.333333333333332871e-02,9.722222222222222376e-02,1.142857142857142821e-01,6.818181818181817677e-02,4.761904761904761640e-02,8.888888888888889228e-02,2.222222222222222099e-01,1.944444444444444475e-01,1.463414634146341375e-01,1.499999999999999944e-01,1.612903225806451568e-01,1.428571428571428492e-01,2.272727272727272790e-02,1.818181818181818232e-01,1.142857142857142821e-01,1.111111111111111049e-01,1.086956521739130405e-01,1.923076923076923184e-01,1.481481481481481399e-01,1.224489795918367319e-01,7.692307692307692735e-02,3.225806451612903136e-02
1.156169111302847302e-01,1.401197604790419271e-01,1.243243243243243312e-01,8.009422850412249717e-02,1.433506044905008547e-01,1.106382978723404187e-01,0.000000000000000000e+00,0.000000000000000000e+00,0.000000000000000000e+00,1.215469613259668458e-01,1.235465116279069742e-01,1.122685185185185175e-01,1.475409836065573743e-01,0.000000000000000000e+00,1.244131455399061087e-01,1.748466257668711554e-01,1.315960912052117349e-01,1.346688925987757357e-01,1.858736059479553782e-01,2.914572864321607892e-01,1.985981308411214896e-01,0.000000000000000000e+00,1.149553571428571369e-01,1.186339125224685487e-01,1.748633879781420764e-01,0.000000000000000000e+00,4.361445783132530396e-01,1.199999999999999956e-01,1.602855288773523679e-01,1.370399373531714926e-01,1.869918699186991773e-01,1.272727272727272596e-01,1.153262518968133504e-01,4.260563380281690016e-01,1.399874450721908248e-01,1.636755204594400603e-01,1.296641791044776115e-01,4.254254254254254408e-01,1.774436090225564033e-01,1.230158730158730090e-01,8.376963350785340823e-02,1.476014760147601468e-01,1.357340720221606734e-01,4.424498416050686167e-01,4.137404580152671540e-01,0.000000000000000000e+00,1.401804302567661309e-01,1.399176954732510303e-01,3.679149797570850366e-01,1.875000000000000000e-01,1.090252707581227387e-01,1.245136186770428033e-01,4.498381877022653574e-01,1.513513513513513598e-01,1.185897435897435848e-01,1.300940438871473481e-01,1.688888888888888939e-01,1.432664756446991317e-01,1.334586466165413599e-01,1.220125786163522019e-01,1.169811320754716999e-01,1.220472440944881942e-01,1.212886923562855324e-01,1.326860841423948278e-01,1.212121212121212155e-01,1.250000000000000000e-01,3.921139101861993437e-01,1.867768595041322255e-01,2.401129943502824937e-01,3.503325942350332678e-01,4.301841948900772539e-01,4.554744525547445022e-01,1.448655256723716256e-01,1.262349066959385369e-01,1.654501216545012088e-01,1.637471439451637367e-01,4.583333333333333148e-01,4.130344541303445638e-01,4.969696969696969779e-02,1.004291845493562180e-01,1.395348837209302306e-01,1.389830508474576287e-01,1.572481572481572443e-01,1.316964285714285754e-01,1.412358133669609217e-01,1.421911421911421780e-01,1.451310861423220910e-01,0.000000000000000000e+00,1.640625000000000000e-01,2.588652482269503396e-01,1.381118881118880981e-01,1.640091116173120755e-01,1.464254952627045692e-01,1.358515573227302986e-01,1.353383458646616466e-01,1.294642857142857262e-01,1.456310679611650394e-01,4.345238095238095344e-01,3.906976744186046457e-01,1.382978723404255372e-01,3.979511426319937151e-01,4.362745098039215730e-01,3.797468354430380000e-01,1.287528868360277023e-01,1.412595644496762726e-01,1.217948717948717924e-01,3.642384105960264629e-01,0.000000000000000000e+00,1.451048951048951041e-01,0.000000000000000000e+00,1.230158730158730090e-01,3.385178408051235377e-01,9.824046920821113971e-02,1.735372340425531956e-01,1.645746164574616588e-01,1.212121212121212155e-01,1.632352941176470618e-01,3.249440715883669117e-01,1.424619640387275177e-01,1.263815473330129613e-01,1.375838926174496601e-01,1.616628175519630450e-01,4.285714285714285476e-01,1.223676721684689855e-01,9.442060085836910532e-02,1.173184357541899453e-01,1.653771760154738868e-01,1.156521739130434850e-01,1.388535031847133727e-01,1.696969696969697072e-01,0.000000000000000000e+00,1.482558139534883856e-01,0.000000000000000000e+00,1.449380917698470383e-01,1.237113402061855716e-01,1.502242152466367608e-01,2.603550295857988139e-01,1.290956749672345916e-01,1.368078175895765525e-01,1.426858513189448452e-01,1.253405994550408631e-01,1.075672295184490340e-01,1.218749999999999972e-01,1.672354948805460650e-01,1.171171171171171144e-01,0.000000000000000000e+00,9.765625000000000000e-02,0.000000000000000000e+00,0.000000000000000000e+00,9.523809523809523281e-02,1.437499999999999889e-01,1.239919354838709686e-01,1.538461538461538547e-01,1.252408477842003875e-01,2.272727272727272652e-01,1.579572446555819465e-01,1.597374179431072239e-01,1.363636363636363535e-01,1.549295774647887203e-01,2.230046948356807501e-01,1.140262361251261347e-01,1.269841269841269771e-01,1.099554234769687944e-01,1.172360248447204961e-01,1.336302895322939999e-01,0.000000000000000000e+00,1.334951456310679574e-01,0.000000000000000000e+00,1.415662650602409756e-01,9.064327485380116456e-02,2.907845579078455756e-01,0.000000000000000000e+00,0.000000000000000000e+00,1.352657004830917775e-01,1.300813008130081438e-01,1.816666666666666707e-01,3.335729690869878028e-01,1.479342514438027612e-01,1.466165413533834505e-01,1.548030407740152159e-01,9.629629629629629650e-02,1.132075471698113234e-01,1.147786946736684133e-01,3.461538461538461453e-01,1.721854304635761501e-01,1.516853932584269760e-01,4.531722054380664666e-01,0.000000000000000000e+00,1.150442477876106179e-01,1.505154639175257658e-01,0.000000000000000000e+00,3.408239700374531833e-01,3.394160583941605580e-01,3.863636363636363535e-01,1.345707656612528946e-01,1.382252559726962482e-01,4.053518334985133920e-01,0.000000000000000000e+00,1.172106824925815971e-01,1.360000000000000098e-01,3.895169578622815765e-01,3.435114503816794063e-01,9.785932721712538307e-02,1.572164948453608213e-01,1.268292682926829285e-01,1.346153846153846090e-01,1.364221364221364086e-01,4.048117154811715634e-01,0.000000000000000000e+00,1.578192252510760285e-01,1.348314606741572996e-01,2.612770943175161120e-01,3.967741935483871107e-01,1.901960784313725394e-01,1.098014888337468936e-01,8.510638297872340219e-02,1.195020746887966862e-01,0.000000000000000000e+00,3.101851851851851749e-01,0.000000000000000000e+00,0.000000000000000000e+00,1.503267973856209083e-01,3.020833333333333148e-01,1.749049429657794641e-01,1.240126382306477038e-01,0.000000000000000000e+00,1.026252983293556020e-01,0.000000000000000000e+00,1.438992042440318253e-01,1.978021978021977934e-01,1.617647058823529493e-01,1.404494382022472010e-01,0.000000000000000000e+00,0.000000000000000000e+00,1.482977495672244683e-01,1.011904761904761918e-01,1.290605794556628494e-01,3.653136531365313577e-01,1.681695220919747491e-01,1.536189069423929132e-01,1.627318718381113027e-01,1.497273177987109571e-01,1.275476660092044745e-01,2.064276885043263288e-01,1.352313167259786564e-01,1.356620633631194228e-01,1.113989637305699415e-01,1.469115191986644364e-01,1.436567164179104461e-01,1.481103166496424983e-01,0.000000000000000000e+00,1.380952380952381042e-01,1.646586345381526040e-01,1.468812877263581396e-01,1.273408239700374589e-01,1.726618705035971313e-01,0.000000000000000000e+00,1.409774436090225624e-01,1.317333333333333412e-01,3.333333333333333148e-01,0.000000000000000000e+00,1.432098765432098797e-01,0.000000000000000000e+00,0.000000000000000000e+00,1.284403669724770714e-01,0.000000000000000000e+00,4.281842818428184261e-01,3.975058456742011082e-01,1.674958540630182291e-01,2.840158520475561388e-01,4.069861900893582685e-01,1.325878594249201292e-01,1.625239005736137665e-01,1.276752767527675192e-01,2.764857881136950635e-01,1.697127937336814496e-01,1.321585903083700442e-01,1.100558659217877044e-01,1.137184115523465766e-01,1.132844335778321054e-01,0.000000000000000000e+00,3.939393939393939226e-01,1.123188405797101441e-01,1.240963855421686746e-01,1.393188854489164075e-01,1.454545454545454475e-01,4.362657091561938927e-01,4.086687306501547989e-01,3.750000000000000000e-01,0.000000000000000000e+00,3.931623931623931534e-01,0.000000000000000000e+00,2.038073908174692084e-01,1.134453781512605036e-01,1.184424012979989199e-01,1.607034566403881259e-01,2.803909590714722122e-01,0.000000000000000000e+00,1.517241379310344807e-01,3.001245330012453083e-01,1.711956521739130543e-01,1.474999999999999922e-01,1.702127659574468044e-01,1.717647058823529305e-01,1.519999999999999962e-01,1.943793911007025699e-01,1.483253588516746380e-01,1.796116504854368967e-01,1.559405940594059403e-01,1.607929515418502209e-01,1.628498727735369078e-01,1.822125813449023968e-01,1.757425742574257321e-01,1.544715447154471621e-01,1.969696969696969613e-01,1.709006928406466563e-01,1.459330143540669977e-01,1.908212560386473300e-01,1.186046511627907030e-01,1.707920792079208050e-01
1.319910514541386970e-01,2.045801526717557217e-01,2.357142857142857095e-01,1.938461538461538347e-01,2.254901960784313764e-01,1.502890173410404706e-01,0.000000000000000000e+00,0.000000000000000000e+00,0.000000000000000000e+00,9.836065573770491621e-02,1.134020618556701027e-01,1.159420289855072478e-01,1.428571428571428492e-01,0.000000000000000000e+00,1.875000000000000000e-01,1.239669421487603340e-01,1.172638436482084656e-01,2.671328671328671578e-01,1.808510638297872453e-01,1.538461538461538547e-01,1.437125748502993960e-01,0.000000000000000000e+00,2.751879699248120370e-01,2.592592592592592449e-01,3.493975903614457978e-01,0.000000000000000000e+00,9.868421052631579093e-02,1.355932203389830504e-01,2.336448598130841103e-01,9.760956175298804438e-02,9.375000000000000000e-02,2.450980392156862642e-01,1.505791505791505835e-01,1.057347670250896043e-01,2.687999999999999834e-01,2.279792746113989688e-01,1.288888888888888862e-01,1.014084507042253558e-01,2.130434782608695565e-01,1.131756756756756715e-01,1.095890410958904049e-01,1.661442006269592542e-01,1.000000000000000056e-01,1.058823529411764691e-01,8.968609865470851539e-02,0.000000000000000000e+00,1.992818671454218982e-01,2.325581395348837177e-01,1.009174311926605561e-01,1.818181818181818232e-01,1.240740740740740727e-01,1.499999999999999944e-01,1.111111111111111049e-01,2.515337423312883347e-01,1.188118811881188064e-01,2.426778242677824216e-01,2.077922077922078059e-01,1.666666666666666574e-01,2.022471910112359494e-01,1.280487804878048808e-01,3.058823529411764941e-01,2.474048442906574274e-01,2.562893081761006275e-01,2.272727272727272652e-01,1.180758017492711393e-01,2.500000000000000000e-01,1.746575342465753466e-01,2.782258064516128782e-01,2.123287671232876594e-01,8.860759493670886111e-02,7.118644067796610353e-02,1.004566210045662045e-01,1.441441441441441429e-01,1.080246913580246854e-01,2.186046511627907085e-01,2.718253968253968034e-01,1.052631578947368363e-01,8.624229979466119245e-02,6.035502958579881394e-01,1.091703056768558999e-01,2.968299711815561848e-01,3.047619047619047894e-01,1.693290734824281218e-01,1.071428571428571369e-01,1.552238805970149182e-01,2.625000000000000111e-01,2.384259259259259300e-01,0.000000000000000000e+00,1.117021276595744628e-01,1.590214067278287458e-01,1.448598130841121379e-01,1.333333333333333315e-01,2.138084632516703831e-01,8.551483420593368467e-02,1.090909090909090856e-01,2.253521126760563431e-01,2.271844660194174692e-01,9.090909090909091161e-02,1.611111111111111216e-01,2.316017316017316141e-01,7.829977628635347020e-02,1.132075471698113234e-01,1.285140562248995866e-01,1.991924629878869535e-01,1.774193548387096864e-01,1.551724137931034531e-01,8.000000000000000167e-02,0.000000000000000000e+00,1.276595744680850963e-01,0.000000000000000000e+00,1.075268817204301092e-01,1.338289962825278678e-01,3.404255319148936088e-01,2.327746741154562427e-01,1.161048689138576839e-01,1.250000000000000000e-01,1.355932203389830504e-01,1.097046413502109768e-01,3.671328671328671356e-01,1.076923076923076983e-01,2.628205128205128305e-01,2.480158730158730229e-01,1.111111111111111049e-01,1.341107871720116640e-01,2.086956521739130321e-01,1.173814898419864583e-01,1.902654867256637072e-01,1.244444444444444409e-01,1.238390092879256971e-01,1.056338028169014065e-01,0.000000000000000000e+00,1.147540983606557402e-01,0.000000000000000000e+00,1.146384479717812988e-01,1.104895104895104868e-01,9.615384615384615918e-02,2.941176470588235392e-01,2.607313195548489615e-01,1.150442477876106179e-01,1.366459627329192628e-01,1.290322580645161255e-01,1.314935064935064957e-01,3.333333333333333148e-01,2.343750000000000000e-01,1.265822784810126667e-01,0.000000000000000000e+00,1.046511627906976799e-01,0.000000000000000000e+00,0.000000000000000000e+00,1.122194513715710773e-01,1.345852895148669792e-01,1.255924170616113666e-01,1.395348837209302306e-01,1.215469613259668458e-01,1.870503597122302186e-01,1.512345679012345734e-01,1.780821917808219079e-01,6.185567010309278579e-02,2.424242424242424310e-01,2.305084745762711884e-01,1.262886597938144284e-01,1.055045871559633086e-01,1.691176470588235392e-01,1.129032258064516098e-01,2.994011976047903922e-01,0.000000000000000000e+00,2.258064516129032195e-01,0.000000000000000000e+00,8.799999999999999489e-02,3.263888888888888951e-01,1.175496688741721890e-01,0.000000000000000000e+00,0.000000000000000000e+00,2.857142857142856984e-01,1.237623762376237613e-01,1.093117408906882637e-01,9.030100334448160071e-02,2.968369829683698558e-01,2.083333333333333426e-01,2.006745362563237822e-01,2.698412698412698263e-01,1.379310344827586188e-01,1.261261261261261146e-01,1.034482758620689641e-01,2.873563218390804419e-01,1.360655737704918045e-01,1.320754716981132060e-01,0.000000000000000000e+00,1.710526315789473728e-01,1.640211640211640121e-01,0.000000000000000000e+00,1.196850393700787385e-01,1.111111111111111049e-01,4.901960784313725422e-02,2.357142857142857095e-01,1.726907630522088455e-01,5.405405405405405705e-02,0.000000000000000000e+00,1.234042553191489339e-01,1.161616161616161602e-01,1.308411214953270896e-01,8.465608465608465139e-02,1.003039513677811551e-01,1.343283582089552231e-01,1.538461538461538547e-01,8.695652173913043237e-02,1.428571428571428492e-01,1.052631578947368363e-01,0.000000000000000000e+00,1.152263374485596736e-01,1.900000000000000022e-01,1.320754716981132060e-01,9.638554216867470381e-02,1.955307262569832283e-01,1.055118110236220458e-01,1.666666666666666574e-01,3.072033898305084887e-01,0.000000000000000000e+00,1.097560975609756101e-01,0.000000000000000000e+00,0.000000000000000000e+00,2.830188679245282946e-01,1.102941176470588203e-01,2.210526315789473617e-01,2.385321100917431325e-01,0.000000000000000000e+00,8.839779005524861510e-02,0.000000000000000000e+00,2.798573975044563178e-01,2.008368200836820050e-01,2.932330827067669010e-01,1.428571428571428492e-01,0.000000000000000000e+00,0.000000000000000000e+00,1.076443057722308860e-01,1.789473684210526327e-01,1.283236994219653093e-01,1.538461538461538547e-01,1.666666666666666574e-01,2.175925925925925875e-01,2.264150943396226467e-01,2.559300873907615625e-01,1.222222222222222182e-01,2.594936708860759444e-01,3.719008264462809743e-01,1.180952380952381003e-01,1.544117647058823595e-01,1.551020408163265307e-01,1.141732283464566983e-01,1.825902335456475456e-01,0.000000000000000000e+00,1.710526315789473728e-01,2.422360248447205100e-01,2.556561085972850478e-01,2.765957446808510745e-01,1.214953271028037379e-01,0.000000000000000000e+00,2.906976744186046679e-01,1.086657496561210523e-01,1.232492997198879614e-01,0.000000000000000000e+00,2.546583850931676829e-01,0.000000000000000000e+00,0.000000000000000000e+00,2.444444444444444364e-01,0.000000000000000000e+00,8.461538461538462008e-02,9.583333333333333981e-02,2.107438016528925540e-01,1.352459016393442737e-01,9.808612440191387394e-02,2.170212765957446888e-01,2.697674418604651403e-01,2.459999999999999964e-01,1.137026239067055328e-01,1.461988304093567170e-01,2.096774193548387177e-01,1.426380368098159601e-01,1.160949868073878621e-01,2.753906250000000000e-01,0.000000000000000000e+00,4.255319148936170109e-02,1.272727272727272596e-01,1.138088012139605448e-01,7.599999999999999811e-02,2.229654403567447041e-01,6.493506493506492894e-02,6.896551724137930939e-02,3.125000000000000000e-02,0.000000000000000000e+00,2.608695652173912971e-01,0.000000000000000000e+00,2.215909090909090884e-01,2.000000000000000111e-01,1.339648173207036441e-01,2.250803858520900314e-01,1.364317841079460136e-01,0.000000000000000000e+00,1.711711711711711714e-01,1.562500000000000000e-01,1.428571428571428492e-01,1.688311688311688319e-01,1.369863013698630061e-01,1.055900621118012472e-01,1.499999999999999944e-01,1.410256410256410242e-01,1.315789473684210453e-01,1.310344827586207017e-01,1.411042944785275977e-01,1.465968586387434436e-01,1.409395973154362325e-01,1.183431952662721831e-01,1.625000000000000056e-01,1.069182389937106958e-01,1.676646706586826241e-01,1.524390243902438991e-01,1.636363636363636354e-01,1.353383458646616466e-01,2.246376811594202882e-01,1.614583333333333426e-01
2.176949941792782339e-01,8.566433566433566404e-02,1.170212765957446832e-01,7.525083612040134318e-02,5.817174515235457033e-02,6.629834254143646133e-02,0.000000000000000000e+00,0.000000000000000000e+00,0.000000000000000000e+00,1.360000000000000098e-01,2.562620423892100208e-01,1.546052631578947456e-01,1.408450704225352179e-01,0.000000000000000000e+00,9.941520467836256758e-02,1.312217194570135803e-01,1.281618887015177066e-01,7.369255150554675227e-02,9.444444444444444198e-02,2.912621359223301065e-02,1.291291291291291332e-01,0.000000000000000000e+00,7.278241091736163682e-02,7.846556233653008416e-02,8.278145695364239054e-02,0.000000000000000000e+00,4.347826086956521618e-02,2.526690391459074925e-01,5.432595573440644060e-02,1.812499999999999944e-01,1.752577319587628746e-01,8.683853459972862288e-02,1.171366594360086777e-01,6.189213085764810190e-02,7.723577235772358107e-02,6.840077071290943944e-02,1.294536817102137638e-01,3.940217391304347977e-02,1.118012422360248476e-01,2.773913043478261065e-01,1.463414634146341375e-01,1.025179856115107924e-01,1.492537313432835688e-01,4.635258358662613931e-02,4.729729729729729992e-02,0.000000000000000000e+00,7.001795332136445671e-02,9.876543209876542662e-02,5.182072829131652986e-02,8.633093525179856564e-02,2.049469964664311084e-01,2.242990654205607448e-01,4.000000000000000083e-02,5.785123966942148921e-02,2.051282051282051211e-01,8.604651162790698249e-02,1.639344262295081844e-01,7.434944237918215959e-02,1.916010498687664154e-01,2.473309608540925353e-01,4.519774011299435013e-02,5.887600356824264358e-02,6.593406593406593574e-02,5.343511450381679267e-02,2.361213915618060599e-01,6.222222222222222043e-02,3.148148148148147835e-02,6.422018348623853568e-02,8.949416342412451486e-02,6.158357771260997149e-02,5.317324185248713253e-02,4.174950298210735461e-02,1.919940696812453551e-01,1.763779527559055094e-01,7.917174177831912130e-02,4.225352112676056260e-02,2.962962962962963076e-02,6.531531531531531432e-02,2.792321116928446825e-02,3.873312564901350008e-01,6.820119352088661879e-02,7.990867579908675356e-02,1.189189189189189255e-01,2.404692082111437035e-01,1.019108280254777121e-01,2.857142857142857054e-02,7.084468664850136765e-02,0.000000000000000000e+00,1.903448275862068828e-01,1.315789473684210453e-01,1.964735516372795865e-01,1.468750000000000056e-01,6.459627329192546563e-02,1.186299081035923075e-01,9.183673469387755584e-02,7.572614107883816892e-02,5.882352941176470507e-02,4.921700223713646599e-02,2.721088435374149558e-02,7.345971563981042174e-02,7.520564042303172492e-02,4.577464788732394513e-02,4.978354978354978394e-02,5.062166962699822526e-02,7.375099127676447430e-02,2.631578947368420907e-02,6.951871657754010725e-02,0.000000000000000000e+00,2.295081967213114804e-01,0.000000000000000000e+00,2.536585365853658569e-01,7.912772585669781977e-02,5.346534653465346426e-02,5.211406096361848733e-02,1.440677966101694962e-01,3.921568627450980338e-02,1.152993348115299299e-01,7.453874538745387801e-02,7.226562500000000000e-02,2.191693290734824384e-01,6.484149855907780924e-02,6.595744680851063635e-02,2.645502645502645356e-02,1.843452816386247362e-01,1.201923076923076955e-01,1.986222732491389198e-01,6.842105263157895190e-02,1.146496815286624227e-01,1.284329563812600938e-01,2.327272727272727271e-01,0.000000000000000000e+00,8.064516129032257841e-02,0.000000000000000000e+00,1.262425447316103400e-01,1.165951359084406308e-01,1.065292096219931234e-01,4.032258064516128920e-02,6.023029229406554746e-02,9.589041095890410427e-02,1.759729272419627844e-01,8.766233766233766378e-02,2.621440536013400213e-01,5.394190871369294871e-02,5.200945626477541245e-02,2.317880794701986658e-01,0.000000000000000000e+00,1.785714285714285754e-01,0.000000000000000000e+00,0.000000000000000000e+00,1.301369863013698558e-01,1.402753872633390742e-01,2.291421856639248023e-01,9.836065573770491621e-02,1.347517730496453903e-01,1.128274009402283479e-01,1.336477987421383629e-01,9.853528628495339392e-02,1.087719298245614086e-01,7.692307692307692735e-02,1.096774193548387122e-01,1.443994601889338758e-01,1.195928753180661580e-01,8.704883227176220262e-02,2.021379980563653977e-01,4.929577464788732072e-02,0.000000000000000000e+00,6.418918918918918581e-02,0.000000000000000000e+00,2.315175097276264693e-01,7.569721115537848821e-02,8.360389610389609705e-02,0.000000000000000000e+00,0.000000000000000000e+00,1.132075471698113234e-01,3.333333333333333148e-01,1.250000000000000000e-01,6.289881494986326871e-02,7.443563148261134188e-02,1.272727272727272596e-01,4.081632653061224164e-02,5.555555555555555247e-02,2.134146341463414587e-01,1.293634496919917887e-01,4.545454545454545581e-02,4.054054054054054279e-02,1.194620253164556944e-01,4.602510460251046237e-02,0.000000000000000000e+00,1.734104046242774533e-01,2.225130890052356147e-01,0.000000000000000000e+00,6.160337552742616019e-02,1.416149068322981319e-01,3.181818181818181490e-02,5.096660808435852369e-02,1.948198198198198283e-01,6.258890469416784896e-02,0.000000000000000000e+00,2.504854368932039055e-01,2.154195011337868559e-01,6.493506493506492894e-02,6.393861892583120599e-02,3.245192307692307820e-01,9.601449275362318458e-02,1.216216216216216284e-01,2.312500000000000111e-01,1.738382099827882887e-01,6.657323055360897524e-02,0.000000000000000000e+00,2.154398563734290784e-01,1.120943952802359866e-01,7.505518763796908965e-02,5.820105820105819783e-02,8.238636363636363258e-02,1.218884120171673802e-01,2.247191011235954994e-02,7.944514501891551672e-02,0.000000000000000000e+00,3.726708074534161586e-02,0.000000000000000000e+00,0.000000000000000000e+00,5.084745762711864736e-02,5.199999999999999761e-02,8.994708994708994210e-02,5.912334352701325429e-02,0.000000000000000000e+00,2.011331444759206777e-01,0.000000000000000000e+00,6.936936936936936859e-02,4.639175257731958935e-02,7.294832826747719989e-02,1.020408163265306145e-01,0.000000000000000000e+00,0.000000000000000000e+00,2.581818181818181790e-01,6.459948320413436140e-02,2.586786114221724664e-01,4.052287581699346580e-02,1.022364217252396124e-01,6.457925636007827430e-02,7.112068965517241714e-02,6.188466947960619136e-02,2.113564668769715993e-01,5.169340463458110824e-02,3.645833333333333565e-02,1.470899470899470762e-01,1.159420289855072478e-01,9.626719056974460120e-02,2.397991211550533630e-01,1.381142098273572261e-01,0.000000000000000000e+00,1.034482758620689641e-01,5.187319884726224878e-02,4.775687409551374746e-02,7.440476190476190410e-02,1.302325581395348819e-01,0.000000000000000000e+00,6.280193236714975979e-02,1.697216564833672892e-01,6.064981949458483901e-02,0.000000000000000000e+00,6.719367588932806390e-02,0.000000000000000000e+00,0.000000000000000000e+00,3.012048192771084321e-02,0.000000000000000000e+00,6.227106227106227188e-02,5.988023952095808400e-02,9.249999999999999889e-02,7.142857142857142461e-02,5.780346820809248443e-02,7.593582887700535411e-02,7.947019867549669214e-02,6.918238993710691676e-02,8.108108108108108558e-02,1.021671826625386997e-01,7.995951417004049100e-02,1.212367778681855135e-01,2.257683215130023568e-01,6.270627062706270183e-02,0.000000000000000000e+00,6.870229007633588125e-02,8.571428571428571508e-02,3.050458715596330306e-01,2.723658051689860637e-01,7.240704500978473179e-02,4.568527918781725705e-02,5.405405405405405705e-02,2.803738317757009310e-02,0.000000000000000000e+00,5.263157894736841813e-02,0.000000000000000000e+00,6.750392464678178772e-02,6.250000000000000000e-02,1.822558459422283228e-01,6.687898089171974425e-02,8.320126782884310068e-02,0.000000000000000000e+00,5.907172995780590741e-02,5.911330049261083464e-02,9.345794392523364136e-02,9.191176470588235947e-02,1.107382550335570537e-01,8.562691131498470498e-02,9.415584415584415945e-02,8.387096774193548987e-02,1.151685393258427004e-01,1.250000000000000000e-01,1.014084507042253558e-01,1.495601173020527919e-01,9.469696969696969613e-02,8.875739644970413733e-02,7.692307692307692735e-02,1.052631578947368363e-01,9.287925696594427627e-02,1.104294478527607370e-01,1.143790849673202575e-01,7.666666666666666075e-02,1.006711409395973089e-01,8.333333333333332871e-02
1.531413612565445115e-01,1.380908248378127923e-01,2.201834862385321223e-01,3.163934426229508268e-01,3.206106870229007422e-01,2.113095238095238082e-01,0.000000000000000000e+00,0.000000000000000000e+00,0.000000000000000000e+00,1.496062992125984370e-01,1.023255813953488358e-01,1.471135940409683540e-01,1.398601398601398704e-01,0.000000000000000000e+00,1.495327102803738206e-01,2.184466019417475591e-01,1.378977820636451412e-01,3.753687315634218202e-01,1.779141104294478526e-01,2.388059701492537268e-01,3.186440677966101420e-01,0.000000000000000000e+00,3.982157339821573161e-01,3.808353808353808212e-01,1.920289855072463692e-01,0.000000000000000000e+00,1.160000000000000059e-01,1.469387755102040949e-01,1.093901258470474369e-01,1.550671550671550714e-01,1.414141414141414088e-01,3.287101248266297016e-01,9.382151029748284077e-02,1.197543500511770720e-01,3.729641693811074910e-01,1.252821670428893863e-01,1.000000000000000056e-01,1.133004926108374388e-01,2.004830917874396157e-01,1.299212598425196763e-01,3.499999999999999778e-01,1.655052264808362372e-01,1.983805668016194457e-01,1.168067226890756316e-01,1.108433734939758969e-01,0.000000000000000000e+00,1.451612903225806550e-01,2.108108108108108225e-01,1.071710007880220666e-01,7.638888888888889506e-02,1.158940397350993329e-01,1.272727272727272596e-01,1.062670299727520445e-01,1.346938775510204134e-01,1.353711790393013203e-01,3.833333333333333592e-01,1.268656716417910502e-01,1.322314049586776896e-01,1.899441340782122845e-01,1.065420560747663559e-01,1.290322580645161255e-01,3.822181484876260305e-01,3.974468085106382942e-01,3.941605839416058576e-01,1.204099060631938500e-01,1.268292682926829285e-01,9.437386569872958930e-02,1.342281879194630878e-01,1.976744186046511531e-01,7.718120805369127480e-02,1.101774042950513510e-01,1.560574948665297834e-01,1.428571428571428492e-01,9.215686274509804488e-02,4.101057579318448942e-01,1.633605600933488999e-01,1.008403361344537841e-01,1.276989512646514446e-01,3.727121464226289538e-01,1.013157894736842063e-01,4.131305044035228358e-01,3.770114942528735580e-01,2.208258527827648143e-01,2.020905923344947785e-01,2.304964539007092195e-01,1.328671328671328644e-01,1.495198902606310054e-01,0.000000000000000000e+00,1.517128874388254389e-01,1.305903398926654690e-01,1.962025316455696111e-01,1.406727828746177356e-01,3.273381294964028965e-01,1.346704871060172004e-01,1.400000000000000133e-01,3.687214611872146053e-01,2.981056829511465334e-01,1.113636363636363591e-01,8.846153846153846645e-02,2.918238993710691731e-01,1.263020833333333426e-01,1.208791208791208799e-01,1.039260969976905369e-01,9.204218600191754751e-02,1.128630705394190886e-01,9.909909909909909997e-02,8.620689655172414367e-02,0.000000000000000000e+00,1.813602015113350008e-01,0.000000000000000000e+00,1.525423728813559421e-01,1.112637362637362570e-01,2.327188940092165814e-01,1.205752212389380462e-01,1.387832699619771792e-01,5.778894472361809087e-02,1.737288135593220428e-01,1.288998357963875296e-01,3.014981273408239848e-01,1.415362731152204900e-01,4.017857142857143016e-01,1.057692307692307682e-01,1.428571428571428492e-01,1.391666666666666607e-01,1.565656565656565746e-01,1.230769230769230838e-01,1.154855643044619407e-01,1.151685393258427004e-01,1.605839416058394142e-01,1.755102040816326481e-01,0.000000000000000000e+00,1.471861471861471982e-01,0.000000000000000000e+00,1.364985163204747720e-01,1.333333333333333315e-01,1.210937500000000000e-01,8.880308880308880604e-02,1.438423645320197064e-01,1.804878048780487743e-01,1.028880866425992829e-01,1.377952755905511861e-01,1.719858156028368779e-01,1.127450980392156882e-01,1.794871794871794879e-01,1.415929203539822989e-01,0.000000000000000000e+00,1.166666666666666685e-01,0.000000000000000000e+00,0.000000000000000000e+00,1.225114854517611040e-01,1.603498542274052474e-01,1.195335276967929988e-01,1.610738255033556943e-01,1.038575667655786405e-01,2.073085031623330965e-01,1.803278688524590223e-01,2.602523659305993609e-01,1.710526315789473728e-01,2.666666666666666630e-01,1.989528795811518203e-01,1.238244514106583011e-01,1.589595375722543391e-01,2.489878542510121362e-01,1.395604395604395642e-01,3.647058823529411575e-01,0.000000000000000000e+00,2.005988023952095800e-01,0.000000000000000000e+00,1.395348837209302306e-01,3.571428571428571508e-01,1.642304385210661966e-01,0.000000000000000000e+00,0.000000000000000000e+00,2.658959537572254117e-01,9.770114942528736190e-02,1.055276381909547728e-01,1.228260869565217378e-01,3.720180528691167110e-01,2.594339622641509413e-01,1.048648648648648624e-01,3.114754098360655865e-01,9.230769230769231282e-02,1.063348416289592729e-01,9.090909090909090468e-03,4.249999999999999889e-01,1.449676823638042511e-01,1.085972850678733059e-01,0.000000000000000000e+00,1.266666666666666774e-01,1.802120141342756221e-01,0.000000000000000000e+00,1.313742437337943048e-01,1.007299270072992692e-01,1.213592233009708754e-01,3.813229571984435573e-01,3.198031980319803180e-01,1.281669150521609624e-01,0.000000000000000000e+00,8.941176470588235725e-02,1.227544910179640680e-01,1.377151799687010847e-01,9.589041095890410427e-02,9.355828220858895816e-02,1.803278688524590223e-01,1.241830065359477153e-01,5.714285714285714107e-02,1.327885597548518759e-01,1.318597560975609817e-01,0.000000000000000000e+00,9.706546275395033785e-02,1.707317073170731836e-01,1.463815789473684181e-01,1.868131868131868156e-01,1.728395061728394966e-01,1.448212648945921277e-01,4.146341463414633943e-01,4.004854368932038722e-01,0.000000000000000000e+00,9.655172413793103314e-02,0.000000000000000000e+00,0.000000000000000000e+00,1.034482758620689641e-01,6.881720430107526876e-02,1.538461538461538547e-01,3.545627376425855570e-01,0.000000000000000000e+00,1.368421052631579038e-01,0.000000000000000000e+00,1.716867469879518049e-01,9.798270893371757717e-02,3.948220064724918821e-01,1.681415929203539938e-01,0.000000000000000000e+00,0.000000000000000000e+00,1.306306306306306286e-01,3.740831295843520810e-01,1.429463171036204627e-01,3.226238286479250483e-01,2.255172413793103403e-01,3.886554621848739566e-01,1.656365883807169315e-01,3.372905027932960875e-01,1.445544554455445441e-01,1.287878787878787845e-01,1.274509803921568540e-01,1.646919431279620927e-01,1.052631578947368363e-01,1.568627450980392135e-01,1.599413059427732819e-01,2.822164948453608213e-01,0.000000000000000000e+00,1.029411764705882304e-01,2.897196261682242757e-01,1.473214285714285754e-01,3.515625000000000000e-01,2.577319587628865705e-01,0.000000000000000000e+00,3.734335839598997286e-01,1.136909527622097654e-01,1.143317230273751955e-01,0.000000000000000000e+00,1.589958158995815884e-01,0.000000000000000000e+00,0.000000000000000000e+00,3.779069767441860517e-01,0.000000000000000000e+00,1.270491803278688547e-01,1.347342398022249588e-01,1.307692307692307765e-01,1.238615664845173076e-01,1.241473396998635792e-01,3.139534883720930258e-01,1.475177304964538916e-01,3.694984646878198831e-01,1.383399209486166070e-01,1.779935275080906099e-01,1.251372118551042911e-01,1.773648648648648574e-01,1.190817790530846465e-01,3.267973856209150374e-01,0.000000000000000000e+00,2.479338842975206680e-02,1.013824884792626779e-01,1.286496350364963459e-01,1.465116279069767491e-01,1.181318681318681285e-01,1.131105398457583483e-01,1.374663072776280415e-01,1.376146788990825764e-01,0.000000000000000000e+00,1.619047619047619124e-01,0.000000000000000000e+00,1.229508196721311453e-01,8.743169398907103818e-02,1.499999999999999944e-01,3.097269624573378843e-01,1.672443674176776474e-01,0.000000000000000000e+00,4.123222748815165706e-01,2.572463768115941796e-01,1.811846689895470486e-01,1.244979919678714797e-01,1.634980988593155993e-01,1.750841750841750921e-01,1.629629629629629761e-01,2.164948453608247503e-01,2.079207920792079112e-01,1.721854304635761501e-01,1.413793103448275912e-01,1.254237288135593154e-01,1.634615384615384637e-01,1.844660194174757295e-01,1.868512110726643638e-01,1.445783132530120418e-01,1.463414634146341375e-01,2.101449275362318736e-01,1.791530944625407129e-01,1.411764705882352922e-01,1.640625000000000000e-01,1.632653061224489666e-01
1.693548387096774077e-01,2.676767676767676796e-01,2.903225806451613100e-01,5.517241379310344751e-01,6.507936507936508130e-01,5.483870967741935054e-01,0.000000000000000000e+00,0.000000000000000000e+00,0.000000000000000000e+00,2.999999999999999889e-01,1.923076923076923184e-01,1.847826086956521618e-01,3.043478260869565410e-01,0.000000000000000000e+00,2.000000000000000111e-01,4.838709677419354982e-01,3.165467625899280324e-01,6.046511627906976383e-01,2.758620689655172376e-01,5.294117647058823595e-01,5.609756097560976151e-01,0.000000000000000000e+00,7.055837563451776706e-01,6.994535519125683054e-01,2.500000000000000000e-01,0.000000000000000000e+00,2.352941176470588203e-01,2.692307692307692180e-01,2.482269503546099265e-01,3.140495867768595128e-01,3.636363636363636465e-01,5.230769230769231060e-01,2.708333333333333148e-01,2.413793103448275967e-01,6.321243523316062429e-01,2.322580645161290425e-01,1.891891891891891997e-01,1.728395061728394966e-01,4.615384615384615641e-01,2.932330827067669010e-01,4.000000000000000222e-01,3.289473684210526550e-01,5.172413793103448620e-01,1.947368421052631526e-01,2.089552238805970075e-01,0.000000000000000000e+00,2.500000000000000000e-01,4.193548387096774355e-01,2.146892655367231562e-01,1.052631578947368363e-01,2.016129032258064391e-01,3.571428571428571508e-01,1.923076923076923184e-01,4.062500000000000000e-01,2.592592592592592449e-01,5.999999999999999778e-01,3.333333333333333148e-01,2.380952380952380820e-01,2.553191489361701927e-01,1.976744186046511531e-01,2.500000000000000000e-01,6.402116402116402316e-01,6.666666666666666297e-01,7.105263157894736725e-01,2.371794871794871695e-01,2.424242424242424310e-01,2.000000000000000111e-01,1.666666666666666574e-01,2.727272727272727071e-01,8.510638297872340219e-02,2.222222222222222099e-01,2.419354838709677491e-01,2.824858757062146952e-01,1.666666666666666574e-01,6.422018348623853568e-01,4.019607843137255054e-01,2.941176470588235392e-01,2.433628318584070693e-01,5.822784810126582222e-01,1.443298969072164817e-01,6.603773584905660021e-01,6.415094339622641195e-01,3.918918918918918859e-01,2.058823529411764608e-01,4.623655913978494403e-01,2.750000000000000222e-01,2.000000000000000111e-01,0.000000000000000000e+00,2.549019607843137081e-01,2.250000000000000056e-01,3.947368421052631637e-01,1.904761904761904656e-01,5.954198473282442672e-01,2.446043165467625957e-01,4.285714285714285476e-01,6.458333333333333703e-01,5.424836601307189143e-01,2.830188679245282946e-01,2.222222222222222099e-01,5.277777777777777901e-01,1.851851851851851749e-01,2.142857142857142738e-01,2.307692307692307820e-01,2.352941176470588203e-01,2.068965517241379282e-01,1.052631578947368363e-01,3.125000000000000000e-01,0.000000000000000000e+00,4.130434782608695676e-01,0.000000000000000000e+00,4.074074074074073848e-01,1.965811965811965767e-01,2.727272727272727071e-01,2.413793103448275967e-01,1.803278688524590223e-01,1.698113207547169712e-01,2.575757575757575690e-01,2.343750000000000000e-01,4.691358024691357764e-01,3.257918552036199178e-01,6.728971962616822067e-01,2.312925170068027281e-01,3.478260869565217295e-01,3.179487179487179294e-01,2.857142857142856984e-01,2.419354838709677491e-01,2.884615384615384359e-01,2.342342342342342287e-01,3.526011560693641522e-01,5.000000000000000000e-01,0.000000000000000000e+00,4.615384615384615641e-01,0.000000000000000000e+00,2.467532467532467522e-01,2.447916666666666574e-01,1.951219512195122019e-01,2.173913043478260809e-01,2.098765432098765316e-01,1.764705882352941291e-01,1.555555555555555580e-01,2.500000000000000000e-01,3.378378378378378288e-01,2.333333333333333370e-01,3.750000000000000000e-01,8.333333333333332871e-02,0.000000000000000000e+00,3.499999999999999778e-01,0.000000000000000000e+00,0.000000000000000000e+00,2.166666666666666741e-01,2.500000000000000000e-01,1.573033707865168496e-01,4.090909090909091161e-01,2.075471698113207641e-01,3.599999999999999867e-01,3.055555555555555802e-01,4.827586206896551935e-01,2.413793103448275967e-01,4.500000000000000111e-01,3.787878787878787845e-01,1.858407079646017812e-01,3.809523809523809312e-01,4.838709677419354982e-01,3.095238095238095344e-01,6.304347826086956763e-01,0.000000000000000000e+00,3.673469387755102233e-01,0.000000000000000000e+00,3.709677419354838745e-01,6.590909090909090606e-01,3.056994818652849499e-01,0.000000000000000000e+00,0.000000000000000000e+00,5.909090909090909394e-01,1.875000000000000000e-01,1.499999999999999944e-01,2.348993288590603967e-01,6.725978647686833289e-01,4.857142857142857095e-01,2.575757575757575690e-01,5.000000000000000000e-01,2.999999999999999889e-01,2.000000000000000111e-01,1.176470588235294101e-01,7.419354838709677491e-01,2.292993630573248454e-01,2.857142857142856984e-01,0.000000000000000000e+00,1.764705882352941291e-01,2.926829268292682751e-01,0.000000000000000000e+00,2.903225806451613100e-01,1.747572815533980639e-01,1.666666666666666574e-01,6.091954022988506079e-01,5.523809523809524169e-01,2.380952380952380820e-01,0.000000000000000000e+00,1.607142857142857262e-01,2.200000000000000011e-01,2.395833333333333426e-01,1.636363636363636354e-01,8.450704225352112520e-02,3.666666666666666408e-01,4.000000000000000222e-01,1.764705882352941291e-01,2.727272727272727071e-01,3.154761904761904656e-01,0.000000000000000000e+00,2.727272727272727071e-01,4.102564102564102422e-01,2.542372881355932090e-01,1.944444444444444475e-01,2.826086956521738913e-01,2.191011235955056258e-01,5.000000000000000000e-01,7.131147540983606703e-01,0.000000000000000000e+00,1.481481481481481399e-01,0.000000000000000000e+00,0.000000000000000000e+00,5.000000000000000000e-01,7.936507936507936067e-02,3.333333333333333148e-01,6.273291925465838137e-01,0.000000000000000000e+00,3.529411764705882582e-01,0.000000000000000000e+00,3.253968253968254065e-01,1.707317073170731836e-01,8.000000000000000444e-01,4.545454545454545303e-01,0.000000000000000000e+00,0.000000000000000000e+00,3.437500000000000000e-01,6.491228070175438791e-01,2.975609756097560843e-01,5.799999999999999600e-01,3.463203463203463062e-01,6.250000000000000000e-01,2.469135802469135665e-01,6.875000000000000000e-01,2.399999999999999911e-01,2.620689655172414034e-01,1.578947368421052544e-01,3.703703703703703498e-01,1.282051282051281937e-01,3.295454545454545303e-01,2.857142857142856984e-01,5.000000000000000000e-01,0.000000000000000000e+00,2.000000000000000111e-01,4.893617021276595591e-01,2.169811320754717054e-01,6.785714285714286031e-01,3.684210526315789269e-01,0.000000000000000000e+00,6.973684210526315264e-01,2.258064516129032195e-01,2.511848341232227333e-01,0.000000000000000000e+00,2.727272727272727071e-01,0.000000000000000000e+00,0.000000000000000000e+00,6.875000000000000000e-01,0.000000000000000000e+00,1.851851851851851749e-01,2.195121951219512202e-01,2.000000000000000111e-01,2.439024390243902385e-01,1.785714285714285754e-01,5.500000000000000444e-01,2.403846153846153910e-01,6.374269005847953418e-01,2.127659574468085124e-01,4.074074074074073848e-01,2.515723270440251569e-01,2.807881773399014680e-01,2.592592592592592449e-01,5.569620253164556667e-01,0.000000000000000000e+00,0.000000000000000000e+00,3.666666666666666408e-01,1.879194630872483285e-01,2.800000000000000266e-01,2.374999999999999889e-01,1.666666666666666574e-01,2.708333333333333148e-01,3.750000000000000000e-01,0.000000000000000000e+00,2.500000000000000000e-01,0.000000000000000000e+00,2.469135802469135665e-01,1.304347826086956486e-01,3.005181347150259197e-01,5.000000000000000000e-01,2.698412698412698263e-01,0.000000000000000000e+00,7.307692307692307265e-01,5.108695652173913526e-01,3.409090909090908839e-01,2.888888888888888618e-01,3.823529411764705621e-01,3.103448275862069061e-01,4.318181818181818232e-01,3.846153846153846367e-01,3.389830508474576121e-01,3.181818181818181768e-01,4.150943396226415283e-01,3.773584905660377631e-01,2.678571428571428492e-01,4.509803921568627527e-01,4.090909090909091161e-01,2.542372881355932090e-01,3.636363636363636465e-01,3.454545454545454586e-01,3.409090909090908839e-01,3.111111111111111160e-01,2.790697674418604612e-01,2.307692307692307820e-01
1.239554317548746537e-01,8.082706766917292784e-02,1.141552511415525051e-01,1.949806949806949796e-01,1.207865168539325879e-01,1.921824104234527708e-01,0.000000000000000000e+00,0.000000000000000000e+00,0.000000000000000000e+00,1.160714285714285754e-01,1.388286334056399174e-01,1.045296167247386776e-01,8.108108108108108558e-02,0.000000000000000000e+00,9.523809523809523281e-02,1.386138613861386260e-01,1.479289940828402428e-01,1.349134001823154017e-01,7.189542483660130157e-02,1.379310344827586188e-01,1.673306772908366435e-01,0.000000000000000000e+00,1.313131313131313260e-01,1.340206185567010266e-01,9.442060085836910532e-02,0.000000000000000000e+00,8.467741935483870386e-02,1.250000000000000000e-01,9.677419354838709409e-02,1.073985680190930742e-01,9.574468085106382920e-02,1.074130105900151233e-01,9.420289855072463969e-02,1.043203371970495286e-01,1.020211742059672771e-01,9.357384441939120556e-02,1.219858156028368751e-01,9.150326797385620325e-02,1.253263707571801444e-01,1.041666666666666713e-01,9.322033898305084887e-02,9.433962264150944077e-02,1.453744493392070403e-01,1.191088260497000922e-01,7.286432160804019731e-02,0.000000000000000000e+00,9.476801579466929970e-02,1.151079136690647542e-01,1.138763197586726977e-01,1.048951048951048959e-01,1.467688937568455698e-01,1.063829787234042562e-01,8.310249307479224135e-02,8.695652173913043237e-02,8.675799086757990386e-02,1.130653266331658330e-01,1.392405063291139167e-01,9.913793103448276245e-02,1.358381502890173287e-01,1.239669421487603340e-01,7.831325301204819511e-02,1.480686695278969900e-01,1.291963377416073255e-01,1.186440677966101725e-01,1.054030115146147029e-01,1.055276381909547728e-01,6.545454545454545969e-02,1.228501228501228532e-01,1.327800829875518673e-01,8.359133126934983893e-02,8.775510204081632404e-02,1.328976034858387889e-01,1.192236598890942662e-01,1.543859649122807098e-01,1.594405594405594317e-01,1.028761061946902589e-01,8.080808080808081495e-02,9.431605246720799196e-02,8.943089430894309022e-02,1.165562913907284837e-01,1.291821561338289959e-01,1.195928753180661580e-01,2.121896162528216778e-01,9.469696969696969613e-02,1.272015655577299342e-01,1.081081081081081141e-01,9.129814550641940363e-02,0.000000000000000000e+00,8.346972176759411000e-02,1.225577264653641141e-01,1.607142857142857262e-01,1.107491856677524367e-01,1.223021582733812979e-01,1.432637571157495127e-01,1.748633879781420764e-01,1.561290322580645151e-01,1.504424778761062065e-01,8.500000000000000611e-02,1.517241379310344807e-01,1.063829787234042562e-01,1.250000000000000000e-01,1.228406909788867518e-01,1.192893401015228394e-01,9.471585244267198556e-02,8.219178082191780366e-02,9.677419354838709409e-02,1.137724550898203540e-01,0.000000000000000000e+00,1.149732620320855631e-01,0.000000000000000000e+00,1.632653061224489666e-01,9.883321894303362387e-02,8.668076109936574680e-02,1.159114857744994731e-01,1.506024096385542299e-01,7.125307125307125955e-02,1.075514874141876437e-01,9.847198641765704530e-02,1.205273069679849290e-01,1.074695121951219495e-01,1.185840707964601753e-01,8.250000000000000389e-02,1.076923076923076983e-01,1.006233303650934940e-01,9.659090909090908839e-02,1.118881118881118880e-01,9.395973154362416424e-02,1.241184767277856149e-01,1.107044830741079622e-01,1.220472440944881942e-01,0.000000000000000000e+00,1.306122448979591955e-01,0.000000000000000000e+00,1.267305644302449408e-01,9.565987599645704720e-02,1.358885017421602726e-01,9.638554216867470381e-02,9.743589743589743668e-02,1.182795698924731242e-01,1.193771626297577826e-01,8.097165991902834092e-02,1.032388663967611364e-01,1.139240506329113889e-01,9.876543209876542662e-02,1.776315789473684181e-01,0.000000000000000000e+00,1.066666666666666735e-01,0.000000000000000000e+00,0.000000000000000000e+00,1.182965299684542587e-01,1.230448383733055290e-01,1.296928327645051060e-01,1.129943502824858753e-01,1.296829971181556185e-01,1.289844329132690814e-01,1.502782931354360030e-01,1.118421052631578955e-01,8.888888888888889228e-02,8.391608391608391948e-02,1.102362204724409434e-01,1.116838487972508648e-01,1.561461794019933513e-01,1.354401805869074604e-01,1.104368932038835016e-01,9.523809523809523281e-02,0.000000000000000000e+00,1.191335740072202165e-01,0.000000000000000000e+00,7.125307125307125955e-02,1.008771929824561348e-01,8.610400682011935813e-02,0.000000000000000000e+00,0.000000000000000000e+00,1.156462585034013640e-01,8.626198083067092293e-02,1.256684491978609652e-01,1.058700209643605866e-01,1.213915618060695811e-01,1.088082901554404125e-01,9.854423292273235824e-02,1.764705882352941291e-01,6.666666666666666574e-02,1.129220023282887092e-01,1.132075471698113234e-01,1.153846153846153910e-01,1.194444444444444503e-01,1.086956521739130405e-01,0.000000000000000000e+00,1.472868217054263684e-01,1.021671826625386997e-01,0.000000000000000000e+00,8.993157380254154787e-02,9.388335704125178038e-02,5.789473684210526272e-02,1.156862745098039269e-01,9.620991253644314845e-02,1.253968253968253954e-01,0.000000000000000000e+00,1.578947368421052544e-01,1.049180327868852458e-01,7.952622673434855960e-02,1.165048543689320426e-01,1.071428571428571369e-01,1.132075471698113234e-01,7.142857142857142461e-02,1.310344827586207017e-01,1.135531135531135521e-01,1.094147582697201082e-01,0.000000000000000000e+00,1.162790697674418589e-01,1.543624161073825496e-01,9.248055315471045978e-02,1.199999999999999956e-01,1.253918495297805524e-01,1.017293997965412061e-01,2.078651685393258508e-01,1.231003039513677844e-01,0.000000000000000000e+00,6.666666666666666574e-02,0.000000000000000000e+00,0.000000000000000000e+00,7.407407407407406996e-02,1.048951048951048959e-01,1.693989071038251304e-01,1.913357400722021651e-01,0.000000000000000000e+00,1.540880503144654023e-01,0.000000000000000000e+00,1.036717062634989195e-01,1.036269430051813406e-01,1.470588235294117696e-01,1.803278688524590223e-01,0.000000000000000000e+00,0.000000000000000000e+00,1.233269598470363299e-01,1.849315068493150582e-01,1.135734072022160646e-01,1.028315946348733190e-01,1.568773234200743494e-01,9.655172413793103314e-02,9.529860228716645343e-02,1.182053494391717002e-01,1.026119402985074675e-01,1.115702479338843006e-01,1.058201058201058142e-01,1.522277227722772242e-01,1.129032258064516098e-01,1.143552311435523106e-01,1.229903536977492023e-01,1.214953271028037379e-01,0.000000000000000000e+00,1.250000000000000000e-01,1.039426523297490995e-01,8.923076923076922462e-02,1.114982578397212543e-01,1.319796954314720883e-01,0.000000000000000000e+00,1.268882175226586084e-01,1.246943765281173649e-01,9.294605809128630991e-02,0.000000000000000000e+00,1.000000000000000056e-01,0.000000000000000000e+00,0.000000000000000000e+00,1.307189542483660205e-01,0.000000000000000000e+00,9.956709956709956788e-02,1.111111111111111049e-01,9.365558912386706680e-02,7.858546168958742417e-02,8.287292817679557666e-02,1.251518833535844588e-01,9.453471196454948933e-02,1.161616161616161602e-01,1.094339622641509469e-01,1.386861313868613110e-01,9.010152284263960032e-02,1.462140992167101916e-01,1.065246338215712352e-01,1.302083333333333426e-01,0.000000000000000000e+00,8.000000000000000167e-02,1.352657004830917775e-01,1.096774193548387122e-01,8.675799086757990386e-02,1.125281320330082518e-01,9.162303664921465918e-02,7.989690721649483907e-02,9.195402298850574585e-02,0.000000000000000000e+00,1.264367816091954144e-01,0.000000000000000000e+00,7.446808510638297518e-02,9.655172413793103314e-02,1.112984822934232759e-01,1.137440758293838811e-01,9.098786828422876505e-02,0.000000000000000000e+00,1.104972375690607689e-01,1.315789473684210453e-01,1.111111111111111049e-01,1.333333333333333315e-01,1.363636363636363535e-01,8.582089552238805763e-02,1.414790996784565935e-01,1.063829787234042562e-01,1.162790697674418589e-01,8.417508417508418050e-02,1.037037037037037007e-01,7.961783439490445480e-02,1.223021582733812979e-01,1.050724637681159368e-01,1.003717472118959148e-01,1.056603773584905703e-01,9.915014164305949174e-02,1.114864864864864857e-01,1.322957198443579785e-01,1.199999999999999956e-01,1.119691119691119674e-01,9.747292418772562916e-02
4.493670886075949444e-01,2.168141592920354022e-01,1.276595744680850963e-01,1.000000000000000056e-01,1.034482758620689641e-01,1.515151515151515194e-01,0.000000000000000000e+00,0.000000000000000000e+00,0.000000000000000000e+00,2.916666666666666852e-01,1.492537313432835688e-01,2.051282051282051211e-01,1.851851851851851749e-01,0.000000000000000000e+00,2.156862745098039325e-01,2.500000000000000000e-01,1.739130434782608647e-01,2.008032128514056214e-01,2.941176470588235392e-01,5.263157894736841813e-02,2.272727272727272652e-01,0.000000000000000000e+00,1.633663366336633727e-01,1.839622641509433831e-01,2.777777777777777901e-01,0.000000000000000000e+00,7.317073170731706877e-02,4.468085106382978511e-01,1.593406593406593297e-01,3.592233009708737934e-01,4.799999999999999822e-01,2.229299363057324901e-01,3.666666666666666408e-01,9.178743961352657521e-02,1.680672268907563160e-01,2.462311557788944838e-01,1.504424778761062065e-01,1.006711409395973089e-01,1.904761904761904656e-01,3.789473684210526438e-01,3.870967741935483764e-01,3.130434782608695898e-01,2.115384615384615363e-01,1.132812500000000000e-01,8.163265306122448328e-02,0.000000000000000000e+00,1.731601731601731531e-01,2.083333333333333426e-01,1.070110701107011009e-01,4.000000000000000222e-01,1.381578947368421184e-01,5.666666666666666519e-01,1.410256410256410242e-01,1.935483870967741882e-01,4.242424242424242542e-01,2.087912087912087988e-01,3.200000000000000067e-01,1.857142857142857206e-01,2.463768115942029102e-01,4.732142857142856984e-01,1.666666666666666574e-01,1.712962962962963076e-01,2.216981132075471761e-01,1.388888888888888951e-01,4.382978723404255539e-01,2.954545454545454697e-01,1.290322580645161255e-01,2.000000000000000111e-01,1.836734693877551117e-01,5.084745762711864736e-02,9.900990099009901457e-02,1.250000000000000000e-01,3.151750972762645819e-01,1.578947368421052544e-01,1.360544217687074953e-01,1.250000000000000000e-01,2.000000000000000111e-01,1.326860841423948278e-01,1.354166666666666574e-01,5.312500000000000000e-01,1.637931034482758563e-01,2.077922077922078059e-01,2.452830188679245293e-01,6.862745098039215730e-01,1.735537190082644676e-01,1.632653061224489666e-01,1.379310344827586188e-01,0.000000000000000000e+00,2.230769230769230893e-01,2.429906542056074759e-01,3.064516129032258118e-01,2.033898305084745894e-01,2.071005917159763343e-01,1.748633879781420764e-01,1.111111111111111049e-01,1.631578947368421129e-01,1.088082901554404125e-01,1.839080459770114917e-01,4.761904761904761640e-02,2.266666666666666552e-01,6.081081081081081419e-02,1.219512195121951192e-01,1.098901098901098883e-01,1.612903225806451568e-01,1.562500000000000000e-01,4.761904761904761640e-02,1.142857142857142821e-01,0.000000000000000000e+00,3.703703703703703498e-01,0.000000000000000000e+00,4.146341463414633943e-01,1.533333333333333215e-01,1.489361702127659504e-01,1.176470588235294101e-01,1.208791208791208799e-01,1.318681318681318715e-01,1.749999999999999889e-01,1.603375527426160463e-01,1.565217391304347949e-01,3.916913946587536888e-01,1.746031746031745935e-01,1.768292682926829174e-01,1.428571428571428492e-01,2.975460122699386534e-01,4.318181818181818232e-01,3.756345177664974777e-01,2.091503267973856273e-01,1.923076923076923184e-01,1.231527093596059136e-01,4.444444444444444198e-01,0.000000000000000000e+00,1.428571428571428492e-01,0.000000000000000000e+00,1.348314606741572996e-01,1.506276150627615107e-01,1.818181818181818232e-01,1.000000000000000056e-01,1.778846153846153910e-01,2.285714285714285643e-01,1.910112359550561745e-01,1.818181818181818232e-01,4.578947368421052433e-01,5.128205128205128027e-02,1.785714285714285754e-01,3.750000000000000000e-01,0.000000000000000000e+00,4.615384615384615641e-01,0.000000000000000000e+00,0.000000000000000000e+00,1.666666666666666574e-01,1.724137931034482873e-01,4.394904458598726249e-01,2.432432432432432567e-01,1.857142857142857206e-01,2.508833922261484162e-01,2.099999999999999922e-01,2.024539877300613466e-01,2.352941176470588203e-01,2.380952380952380820e-01,1.666666666666666574e-01,1.438356164383561564e-01,1.451612903225806550e-01,1.511627906976744096e-01,4.439655172413793371e-01,6.666666666666666574e-02,0.000000000000000000e+00,2.678571428571428492e-01,0.000000000000000000e+00,3.846153846153846367e-01,2.000000000000000111e-01,1.338582677165354451e-01,0.000000000000000000e+00,0.000000000000000000e+00,3.666666666666666408e-01,3.043478260869565410e-01,1.875000000000000000e-01,1.521739130434782705e-01,1.370967741935483764e-01,2.121212121212121271e-01,1.467889908256880815e-01,2.800000000000000266e-01,5.428571428571428159e-01,1.959459459459459429e-01,7.142857142857142461e-02,1.499999999999999944e-01,1.712707182320442056e-01,1.627906976744186163e-01,0.000000000000000000e+00,4.473684210526315819e-01,5.087719298245614308e-01,0.000000000000000000e+00,1.116279069767441845e-01,2.802547770700636875e-01,2.857142857142857054e-02,2.333333333333333370e-01,3.831168831168831335e-01,1.607142857142857262e-01,0.000000000000000000e+00,4.941176470588235503e-01,4.696969696969697239e-01,1.250000000000000000e-01,1.718750000000000000e-01,2.695035460992907805e-01,1.458333333333333426e-01,1.666666666666666574e-01,1.851851851851851749e-01,2.081218274111675259e-01,1.284046692607003770e-01,0.000000000000000000e+00,4.368932038834951181e-01,2.741935483870967527e-01,1.406844106463878419e-01,2.000000000000000111e-01,2.465753424657534110e-01,1.799163179916317967e-01,1.944444444444444475e-01,2.411347517730496326e-01,0.000000000000000000e+00,1.290322580645161255e-01,0.000000000000000000e+00,0.000000000000000000e+00,1.904761904761904656e-01,1.612903225806451568e-01,1.860465116279069742e-01,1.117647058823529466e-01,0.000000000000000000e+00,1.372549019607843257e-01,0.000000000000000000e+00,1.320754716981132060e-01,2.241379310344827624e-01,2.352941176470588203e-01,9.756097560975610095e-02,0.000000000000000000e+00,0.000000000000000000e+00,4.253393665158370918e-01,2.063492063492063378e-01,4.121405750798722289e-01,8.620689655172414367e-02,1.578947368421052544e-01,1.975308641975308532e-01,1.559139784946236562e-01,1.918367346938775475e-01,3.719999999999999973e-01,1.636363636363636354e-01,1.212121212121212155e-01,1.328125000000000000e-01,4.923076923076923350e-01,1.413043478260869457e-01,4.153225806451613100e-01,2.746478873239436846e-01,0.000000000000000000e+00,3.200000000000000067e-01,1.587301587301587213e-01,1.639344262295081844e-01,2.151898734177215278e-01,2.888888888888888618e-01,0.000000000000000000e+00,2.658227848101265556e-01,1.393034825870646809e-01,1.196911196911196879e-01,0.000000000000000000e+00,1.851851851851851749e-01,0.000000000000000000e+00,0.000000000000000000e+00,2.222222222222222099e-01,0.000000000000000000e+00,8.571428571428571508e-02,1.250000000000000000e-01,2.000000000000000111e-01,1.415094339622641473e-01,1.398601398601398704e-01,2.317880794701986658e-01,1.854838709677419373e-01,1.875000000000000000e-01,2.222222222222222099e-01,1.818181818181818232e-01,1.707317073170731836e-01,1.456310679611650394e-01,5.060240963855421326e-01,1.849710982658959446e-01,0.000000000000000000e+00,3.846153846153846367e-01,6.896551724137930939e-02,3.829787234042553168e-01,5.222222222222222543e-01,2.189781021897810320e-01,9.459459459459459985e-02,1.466666666666666674e-01,2.142857142857142738e-01,0.000000000000000000e+00,2.727272727272727071e-01,0.000000000000000000e+00,1.485148514851485080e-01,4.000000000000000222e-01,3.549488054607508603e-01,2.037914691943127909e-01,1.948051948051948146e-01,0.000000000000000000e+00,1.315789473684210453e-01,1.752577319587628746e-01,2.000000000000000111e-01,1.428571428571428492e-01,2.553191489361701927e-01,2.083333333333333426e-01,2.388059701492537268e-01,2.500000000000000000e-01,2.173913043478260809e-01,2.045454545454545581e-01,2.448979591836734637e-01,1.666666666666666574e-01,1.594202898550724501e-01,1.973684210526315819e-01,2.000000000000000111e-01,1.481481481481481399e-01,1.774193548387096864e-01,1.323529411764705899e-01,2.923076923076923239e-01,1.791044776119402882e-01,3.281250000000000000e-01,2.241379310344827624e-01
8.771929824561403022e-02,7.677356656948493285e-02,9.113300492610837411e-02,1.937557392102846610e-01,1.059001512859304023e-01,1.882129277566539916e-01,0.000000000000000000e+00,0.000000000000000000e+00,0.000000000000000000e+00,6.818181818181817677e-02,6.451612903225806273e-02,9.064609450337511587e-02,8.536585365853659180e-02,0.000000000000000000e+00,8.880308880308880604e-02,9.210526315789473173e-02,9.805924412665985301e-02,1.268357810413885123e-01,4.347826086956521618e-02,8.467741935483870386e-02,8.266129032258064113e-02,0.000000000000000000e+00,1.160458452722063077e-01,1.527708437343983927e-01,3.044496487119437850e-02,0.000000000000000000e+00,7.070707070707070441e-02,7.625272331154683836e-02,8.433107756376886921e-02,8.854781582054309375e-02,5.769230769230769551e-02,1.232765612327656191e-01,7.445442875481386724e-02,5.306122448979591621e-02,9.561128526645767955e-02,8.494434680726420384e-02,1.123836793128131645e-01,5.237711522965350641e-02,9.102902374670185370e-02,8.714596949891068034e-02,6.896551724137930939e-02,7.077856420626896239e-02,9.245742092457420735e-02,7.165248544558888710e-02,6.382978723404254817e-02,0.000000000000000000e+00,6.605800214822771244e-02,1.086956521739130405e-01,6.080525883319638780e-02,4.597701149425287293e-02,1.120495495495495430e-01,6.276150627615062483e-02,5.999999999999999778e-02,5.165289256198347251e-02,5.263157894736841813e-02,1.219822109275730676e-01,9.055118110236221041e-02,7.906976744186046402e-02,1.049475262368815554e-01,9.584664536741213658e-02,5.607476635514018620e-02,1.012658227848101250e-01,1.186856302108876965e-01,7.444168734491314610e-02,8.452041785375118133e-02,6.887755102040815647e-02,4.868913857677902718e-02,4.838709677419354704e-02,8.644400785854616798e-02,7.027027027027027417e-02,5.398587285570131261e-02,4.421768707482993249e-02,8.660287081339712589e-02,8.063102541630148834e-02,9.505988023952095800e-02,5.878859857482185425e-02,6.030150753768843963e-02,6.762944698837618229e-02,6.124604012671594488e-02,7.177700348432056177e-02,1.104146576663452284e-01,1.031207598371777501e-01,1.211180124223602550e-01,9.039548022598870025e-02,1.998078770413064253e-01,6.854130052724077826e-02,7.104247104247103650e-02,0.000000000000000000e+00,8.684210526315790102e-02,7.660455486542443182e-02,1.298527443105756407e-01,7.495429616087750935e-02,1.030640668523676862e-01,8.952959028831562749e-02,1.031249999999999944e-01,1.915606162089752151e-01,1.416223404255319285e-01,3.947368421052631360e-02,6.078431372549019523e-02,1.028985507246376746e-01,5.913272010512483912e-02,6.084396467124632280e-02,7.702349869451696751e-02,6.595538312318137419e-02,7.706679121905651852e-02,7.462686567164178442e-02,4.761904761904761640e-02,0.000000000000000000e+00,5.531295487627365531e-02,0.000000000000000000e+00,7.301587301587302015e-02,6.566604127579737937e-02,5.116279069767441789e-02,8.118486012068019952e-02,8.342361863488624574e-02,8.323831242873432068e-02,9.326424870466321071e-02,6.721870433511933918e-02,7.212055974165769434e-02,9.375000000000000000e-02,1.085814360770577941e-01,6.578153289076645038e-02,8.771929824561403022e-02,8.552935737401756722e-02,9.467455621301774926e-02,8.653122648607976253e-02,7.180254300673148682e-02,1.025280898876404501e-01,8.811681772406848578e-02,7.249466950959487788e-02,0.000000000000000000e+00,7.862407862407862214e-02,0.000000000000000000e+00,8.999407933688573225e-02,9.813287016934432727e-02,8.925318761384334887e-02,6.487695749440715309e-02,7.909604519774011966e-02,7.627118644067797104e-02,9.596928982725527746e-02,9.887640449438202250e-02,7.680412371134021088e-02,7.305936073059360325e-02,5.013927576601671238e-02,7.949790794979079422e-02,0.000000000000000000e+00,6.984126984126984294e-02,0.000000000000000000e+00,0.000000000000000000e+00,9.834710743801652888e-02,8.127802690582959511e-02,7.536231884057971453e-02,1.268656716417910502e-01,9.295352323838081132e-02,1.106194690265486780e-01,1.293577981651376219e-01,1.074306177260519191e-01,1.169451073985680184e-01,9.274193548387096864e-02,9.359605911330048933e-02,9.764035801464605868e-02,9.494640122511485703e-02,1.217494089834515320e-01,7.544757033248081224e-02,1.105769230769230727e-01,0.000000000000000000e+00,8.720930232558139761e-02,0.000000000000000000e+00,6.272617611580216801e-02,1.014851485148514920e-01,7.467532467532467244e-02,0.000000000000000000e+00,0.000000000000000000e+00,6.181818181818182073e-02,7.185628742514969802e-02,8.718626155878467232e-02,6.926159129937034531e-02,1.080686381891201170e-01,8.381502890173410381e-02,6.278026905829596493e-02,1.666666666666666574e-01,8.088235294117647467e-02,1.089108910891089105e-01,9.844559585492228260e-02,1.228070175438596423e-01,9.976247030878859778e-02,2.898550724637681195e-02,0.000000000000000000e+00,1.319148936170212727e-01,7.603305785123966321e-02,0.000000000000000000e+00,7.058217413704276355e-02,5.990783410138248583e-02,5.214723926380367830e-02,9.127789046653143890e-02,1.109570041608876623e-01,6.160337552742616019e-02,0.000000000000000000e+00,7.265521796565389823e-02,8.294930875576037033e-02,7.075064710957722214e-02,9.201388888888889506e-02,6.406926406926406747e-02,9.173272933182333166e-02,7.751937984496123923e-02,6.834532374100719954e-02,8.105206655931293525e-02,6.139974237870330503e-02,0.000000000000000000e+00,8.715596330275229842e-02,1.133828996282527923e-01,6.412729026036644020e-02,5.144694533762057820e-02,9.938837920489296263e-02,1.037000973709834434e-01,1.884498480243161078e-01,1.075581395348837177e-01,0.000000000000000000e+00,4.810996563573883417e-02,0.000000000000000000e+00,0.000000000000000000e+00,6.185567010309278579e-02,7.631578947368421184e-02,6.542056074766354479e-02,1.932721712538226222e-01,0.000000000000000000e+00,7.992895204262877307e-02,0.000000000000000000e+00,7.142857142857142461e-02,6.214689265536723489e-02,1.346938775510204134e-01,9.429280397022332671e-02,0.000000000000000000e+00,0.000000000000000000e+00,7.402101241642788931e-02,2.121212121212121271e-01,7.803163444639718560e-02,9.041309431021044007e-02,1.132218844984802381e-01,1.181592039800995059e-01,6.666666666666666574e-02,1.114539143848823771e-01,8.048904737646458973e-02,6.666666666666666574e-02,5.849582172701949662e-02,9.675443968156766106e-02,8.553971486761710596e-02,8.521303258145362935e-02,7.975951903807615428e-02,1.030351437699680572e-01,0.000000000000000000e+00,8.076923076923077371e-02,1.278458844133099903e-01,8.210689388071262806e-02,1.421052631578947345e-01,1.102150537634408595e-01,0.000000000000000000e+00,1.114413075780089218e-01,9.918419922713611614e-02,6.464737793851717262e-02,0.000000000000000000e+00,5.000000000000000278e-02,0.000000000000000000e+00,0.000000000000000000e+00,1.439688715953307274e-01,0.000000000000000000e+00,6.295399515738499263e-02,6.385869565217391908e-02,4.675324675324675494e-02,7.662463627546071965e-02,6.394557823129251584e-02,1.092544987146529534e-01,8.275862068965517127e-02,1.070559610705596049e-01,7.978142076502732494e-02,8.464566929133858497e-02,8.748551564310544371e-02,1.254079254079254191e-01,9.744408945686901247e-02,1.076320939334637905e-01,0.000000000000000000e+00,4.812834224598930288e-02,6.969696969696970168e-02,7.613469985358711778e-02,7.383419689119170848e-02,7.450271247739602420e-02,5.077574047954865749e-02,5.516265912305516605e-02,4.838709677419354704e-02,0.000000000000000000e+00,6.040268456375839229e-02,0.000000000000000000e+00,6.331471135940409944e-02,7.590759075907591025e-02,7.994518044769301224e-02,1.072134387351778712e-01,7.289628180039138539e-02,0.000000000000000000e+00,1.108179419525065906e-01,8.719646799116997915e-02,8.108108108108108558e-02,8.830022075055188324e-02,7.594936708860759722e-02,9.843400447427293198e-02,6.546275395033859801e-02,8.024691358024690913e-02,7.977736549165120872e-02,9.248554913294797231e-02,9.504132231404958941e-02,7.155322862129144534e-02,6.986027944111776466e-02,8.411214953271027583e-02,5.845511482254697050e-02,9.503239740820734749e-02,7.803992740471869805e-02,8.091286307053942306e-02,8.210526315789473673e-02,6.584362139917696033e-02,7.922912205567451960e-02,6.198347107438016701e-02
8.205128205128205121e-02,2.506265664160400863e-01,1.311475409836065642e-01,4.848484848484848481e-02,1.090909090909090856e-01,1.000000000000000056e-01,0.000000000000000000e+00,0.000000000000000000e+00,0.000000000000000000e+00,7.894736842105262720e-02,8.411214953271027583e-02,8.783783783783784271e-02,1.250000000000000000e-01,0.000000000000000000e+00,2.051282051282051211e-01,1.692307692307692402e-01,8.013937282229964543e-02,1.574585635359115887e-01,2.666666666666666630e-01,3.333333333333333287e-02,1.044776119402985037e-01,0.000000000000000000e+00,1.492537313432835688e-01,1.166666666666666685e-01,2.564102564102563875e-01,0.000000000000000000e+00,8.108108108108108558e-02,1.176470588235294101e-01,3.043478260869565410e-01,8.712121212121212710e-02,4.000000000000000083e-02,1.347150259067357581e-01,2.333333333333333370e-01,1.278195488721804440e-01,1.325301204819277212e-01,2.445820433436532437e-01,8.260869565217390798e-02,1.213872832369942145e-01,1.221374045801526670e-01,7.421875000000000000e-02,1.395348837209302306e-01,1.643835616438356073e-01,6.451612903225806273e-02,1.675824175824175699e-01,1.626016260162601590e-01,0.000000000000000000e+00,2.032520325203251987e-01,6.896551724137930939e-02,1.195652173913043514e-01,3.255813953488372325e-01,1.155378486055776838e-01,8.333333333333332871e-02,1.162790697674418589e-01,3.214285714285714524e-01,1.551724137931034531e-01,1.192660550458715663e-01,1.363636363636363535e-01,2.280701754385964786e-01,9.375000000000000000e-02,5.970149253731343170e-02,3.333333333333333148e-01,1.379310344827586188e-01,1.214953271028037379e-01,1.250000000000000000e-01,1.132075471698113234e-01,3.116883116883116811e-01,2.918918918918919081e-01,2.875816993464052063e-01,1.971830985915492829e-01,1.612903225806451568e-01,1.611842105263157909e-01,1.301369863013698558e-01,9.821428571428571230e-02,3.267973856209150513e-02,1.026785714285714246e-01,3.116883116883116811e-01,8.571428571428571508e-02,1.337448559670781911e-01,3.230769230769230949e-01,4.838709677419354704e-02,1.480263157894736725e-01,9.090909090909091161e-02,1.079136690647481966e-01,7.446808510638297518e-02,1.440677966101694962e-01,3.280000000000000138e-01,2.775330396475770844e-01,0.000000000000000000e+00,1.010638297872340358e-01,1.618497109826589619e-01,7.216494845360824084e-02,1.428571428571428492e-01,1.179039301310043641e-01,9.961685823754788671e-02,1.136363636363636326e-01,1.008064516129032195e-01,1.114754098360655754e-01,9.259259259259258745e-02,1.538461538461538547e-01,1.061946902654867242e-01,1.308411214953270896e-01,2.344827586206896519e-01,1.209677419354838745e-01,3.116147308781869740e-01,2.845744680851063912e-01,2.692307692307692180e-01,1.702127659574468044e-01,0.000000000000000000e+00,1.553398058252427050e-01,0.000000000000000000e+00,1.020408163265306145e-01,9.843400447427293198e-02,3.216783216783216659e-01,3.006134969325153228e-01,1.603053435114503711e-01,2.554744525547445466e-01,9.649122807017543324e-02,1.089385474860335157e-01,2.187500000000000000e-01,1.016548463356973936e-01,9.876543209876542662e-02,3.034482758620689613e-01,8.163265306122448328e-02,1.184971098265895917e-01,1.607142857142857262e-01,8.796296296296296502e-02,2.576419213973799027e-01,7.211538461538460898e-02,7.467532467532467244e-02,5.714285714285714107e-02,0.000000000000000000e+00,7.246376811594203160e-02,0.000000000000000000e+00,7.744107744107743552e-02,8.787878787878787568e-02,8.695652173913043237e-02,2.421052631578947401e-01,2.329192546583850887e-01,1.016949152542372947e-01,8.536585365853659180e-02,1.363636363636363535e-01,1.042345276872964216e-01,3.378378378378378288e-01,3.125000000000000000e-01,1.666666666666666574e-01,0.000000000000000000e+00,1.521739130434782705e-01,0.000000000000000000e+00,0.000000000000000000e+00,6.735751295336787903e-02,8.243727598566308323e-02,1.099476439790575966e-01,1.372549019607843257e-01,8.602150537634409289e-02,1.027568922305764354e-01,1.290322580645161255e-01,1.173184357541899453e-01,5.263157894736841813e-02,2.222222222222222099e-01,2.089552238805970075e-01,1.030927835051546337e-01,1.157894736842105254e-01,1.068702290076335853e-01,7.518796992481202590e-02,1.327433628318584191e-01,0.000000000000000000e+00,1.237113402061855716e-01,0.000000000000000000e+00,1.048387096774193589e-01,1.499999999999999944e-01,1.609195402298850552e-01,0.000000000000000000e+00,0.000000000000000000e+00,2.777777777777777901e-01,1.010101010101010083e-01,7.843137254901960675e-02,1.409395973154362325e-01,1.233243967828418219e-01,1.153846153846153910e-01,2.910958904109589018e-01,4.444444444444444614e-02,8.571428571428571508e-02,1.089494163424124529e-01,4.411764705882352811e-01,3.333333333333333287e-02,6.354515050167224011e-02,7.462686567164178442e-02,0.000000000000000000e+00,1.111111111111111049e-01,1.098901098901098883e-01,0.000000000000000000e+00,1.300309597523219840e-01,5.747126436781609116e-02,1.632653061224489666e-01,1.408450704225352179e-01,7.070707070707070441e-02,1.436781609195402210e-01,0.000000000000000000e+00,1.386138613861386260e-01,1.020408163265306145e-01,1.428571428571428492e-01,2.051282051282051211e-01,7.262569832402235304e-02,1.217948717948717924e-01,4.347826086956521618e-02,7.894736842105262720e-02,1.042345276872964216e-01,1.586538461538461453e-01,0.000000000000000000e+00,9.937888198757763303e-02,1.717171717171717127e-01,1.149732620320855631e-01,1.578947368421052544e-01,1.960784313725490169e-01,1.064516129032258007e-01,7.272727272727272374e-02,1.461187214611872065e-01,0.000000000000000000e+00,2.820512820512820484e-01,0.000000000000000000e+00,0.000000000000000000e+00,2.500000000000000000e-01,6.060606060606060774e-02,1.612903225806451568e-01,1.238938053097345116e-01,0.000000000000000000e+00,1.354166666666666574e-01,0.000000000000000000e+00,3.111782477341389908e-01,2.966101694915254106e-01,1.573033707865168496e-01,1.290322580645161255e-01,0.000000000000000000e+00,0.000000000000000000e+00,7.718120805369127480e-02,1.086956521739130405e-01,9.113924050632911389e-02,5.999999999999999778e-02,1.397590361445783247e-01,8.064516129032257841e-02,2.021276595744680715e-01,8.272506082725060439e-02,9.929078014184397616e-02,2.736572890025575355e-01,3.125000000000000000e-01,7.112970711297071646e-02,1.052631578947368363e-01,1.642857142857142849e-01,1.059113300492610793e-01,1.302083333333333426e-01,0.000000000000000000e+00,1.904761904761904656e-01,1.237113402061855716e-01,2.761904761904762085e-01,1.452991452991453103e-01,1.346153846153846090e-01,0.000000000000000000e+00,1.801801801801801717e-01,8.854166666666667129e-02,1.137566137566137503e-01,0.000000000000000000e+00,2.133333333333333470e-01,0.000000000000000000e+00,0.000000000000000000e+00,1.730769230769230727e-01,0.000000000000000000e+00,1.645569620253164445e-01,1.800766283524904143e-01,3.511450381679389054e-01,2.012578616352201366e-01,1.244239631336405555e-01,8.550185873605947728e-02,2.924901185770750756e-01,1.209677419354838745e-01,1.027397260273972546e-01,1.818181818181818232e-01,2.619047619047619180e-01,7.357859531772575901e-02,6.417112299465241310e-02,1.361867704280155522e-01,0.000000000000000000e+00,1.956521739130434867e-01,7.547169811320754429e-02,8.454810495626821631e-02,1.130434782608695649e-01,1.915367483296213924e-01,1.376146788990825764e-01,1.465517241379310220e-01,1.162790697674418589e-01,0.000000000000000000e+00,6.666666666666666574e-02,0.000000000000000000e+00,3.413461538461538547e-01,2.745098039215686514e-01,9.045226130653266639e-02,1.173020527859237605e-01,1.105121293800539056e-01,0.000000000000000000e+00,1.333333333333333315e-01,9.090909090909091161e-02,1.250000000000000000e-01,1.060606060606060635e-01,1.647058823529411742e-01,1.442307692307692180e-01,1.000000000000000056e-01,1.375000000000000111e-01,9.411764705882352811e-02,1.648351648351648324e-01,1.276595744680850963e-01,1.545454545454545414e-01,1.304347826086956486e-01,1.136363636363636326e-01,1.666666666666666574e-01,1.111111111111111049e-01,1.176470588235294101e-01,1.444444444444444309e-01,1.325301204819277212e-01,7.407407407407406996e-02,9.090909090909091161e-02,1.710526315789473728e-01
1.011560693641618547e-01,1.802041722148246816e-01,8.649789029535864815e-02,4.023552502453385527e-02,9.205020920502092474e-02,4.456327985739750447e-02,0.000000000000000000e+00,0.000000000000000000e+00,0.000000000000000000e+00,3.883495145631067624e-02,6.321839080459770721e-02,5.990338164251207687e-02,9.259259259259258745e-02,0.000000000000000000e+00,1.029126213592232997e-01,6.613756613756613389e-02,7.738392411382925828e-02,9.670329670329670668e-02,1.003134796238244475e-01,7.531380753138075534e-02,1.003937007874015769e-01,0.000000000000000000e+00,8.242258652094718030e-02,7.538691962056914830e-02,1.503906250000000000e-01,0.000000000000000000e+00,7.330827067669172525e-02,9.343936381709741501e-02,1.876507477086348241e-01,8.847184986595174605e-02,6.962025316455695834e-02,9.603658536585366057e-02,1.527950310559006153e-01,9.534011783610069068e-02,9.055310817425354930e-02,1.906062261059530416e-01,7.096307023895727373e-02,1.003401360544217691e-01,9.296148738379814147e-02,7.725553754727174094e-02,3.333333333333333287e-02,1.201201201201201191e-01,4.523809523809523697e-02,9.235395189003436922e-02,8.635794743429286990e-02,0.000000000000000000e+00,1.462818003913894382e-01,7.421875000000000000e-02,9.080142123963678980e-02,2.084942084942084939e-01,6.938073394495412882e-02,5.147058823529411520e-02,8.435374149659863319e-02,1.731958762886597891e-01,5.945945945945946276e-02,6.751592356687897978e-02,7.835820895522388474e-02,8.390022675736961977e-02,8.250355618776671063e-02,8.906426155580608739e-02,1.408934707903780059e-01,9.219088937093275482e-02,7.814096016343206885e-02,7.249999999999999500e-02,8.948119942884340261e-02,1.909871244635193144e-01,1.733086190917516312e-01,1.713286713286713281e-01,1.326315789473684337e-01,6.322795341098169652e-02,9.576138147566719272e-02,7.650273224043716014e-02,8.778813143697891674e-02,6.050129645635263925e-02,6.940298507462686062e-02,1.870011402508551801e-01,5.140186915887850344e-02,9.415895308011490439e-02,1.713004484304932740e-01,5.774647887323943601e-02,7.877041306436119439e-02,7.582260371959942402e-02,9.921414538310412146e-02,6.039076376554174119e-02,8.956692913385826127e-02,1.813380281690140927e-01,2.012102874432677713e-01,0.000000000000000000e+00,7.075064710957722214e-02,8.615682478218780749e-02,7.983761840324762882e-02,8.273381294964028687e-02,9.619377162629758060e-02,7.878787878787878174e-02,7.792207792207792028e-02,7.124999999999999389e-02,7.955215085444902745e-02,8.639053254437870089e-02,8.679245283018867385e-02,8.966461327857631891e-02,8.796296296296296502e-02,9.677419354838709409e-02,7.437070938215102622e-02,2.014072119613016798e-01,1.704857928505957854e-01,1.754385964912280604e-01,1.164383561643835552e-01,0.000000000000000000e+00,7.503607503607503948e-02,0.000000000000000000e+00,5.468750000000000000e-02,8.567262121764492033e-02,1.532438478747203681e-01,2.279920870425321544e-01,6.638115631691648977e-02,1.400462962962963076e-01,6.537530266343825891e-02,9.332732191163210789e-02,1.301154249737670465e-01,8.281004709576138267e-02,5.760963026655201852e-02,1.878422782037239835e-01,8.635097493036211769e-02,9.039548022598870025e-02,1.208459214501510642e-01,9.250764525993883380e-02,1.623872310895211613e-01,9.154437456324249212e-02,7.867392380009896602e-02,5.816554809843400148e-02,0.000000000000000000e+00,1.009615384615384637e-01,0.000000000000000000e+00,8.328445747800586330e-02,7.953004970628106685e-02,4.716981132075472039e-02,1.618852459016393575e-01,1.623516720604099295e-01,5.797101449275362389e-02,8.018867924528301494e-02,7.024793388429752261e-02,7.202072538860103401e-02,1.982758620689655249e-01,1.664411366711772700e-01,9.469696969696969613e-02,0.000000000000000000e+00,8.333333333333332871e-02,0.000000000000000000e+00,0.000000000000000000e+00,8.995633187772925088e-02,5.321507760532150771e-02,8.950617283950616787e-02,1.039755351681957152e-01,8.133333333333332693e-02,1.041816870944484441e-01,1.047169811320754762e-01,5.306495882891125448e-02,5.420054200542005762e-02,8.749999999999999445e-02,8.216619981325863631e-02,7.704527402700556138e-02,6.811145510835912853e-02,8.270676691729322849e-02,8.905380333951762317e-02,7.042253521126760896e-02,0.000000000000000000e+00,9.811320754716981729e-02,0.000000000000000000e+00,5.867665418227215740e-02,5.084745762711864736e-02,8.689525598872710477e-02,0.000000000000000000e+00,0.000000000000000000e+00,7.949790794979079422e-02,6.009244992295839638e-02,7.054455445544553782e-02,1.000000000000000056e-01,7.137758743754461788e-02,8.011049723756906438e-02,1.842379958246346539e-01,3.603603603603603572e-02,5.803571428571428770e-02,9.085580304806564755e-02,8.629441624365481733e-02,8.010335917312660925e-02,7.011605415860734658e-02,9.863013698630136716e-02,0.000000000000000000e+00,8.527131782945736316e-02,9.169550173010380945e-02,0.000000000000000000e+00,8.958130477117819124e-02,7.322485207100591642e-02,6.685236768802228779e-02,7.351460221550855378e-02,5.567928730512249763e-02,7.379767827529021273e-02,0.000000000000000000e+00,8.563535911602210282e-02,7.166666666666667018e-02,1.067097817299919177e-01,1.120543293718166411e-01,4.705882352941176405e-02,9.080459770114943097e-02,7.003891050583657685e-02,4.291845493562231745e-02,7.522123893805310324e-02,9.685863874345550240e-02,0.000000000000000000e+00,9.040793825799338379e-02,8.108108108108108558e-02,8.098102730217492107e-02,4.637681159420289911e-02,8.695652173913043237e-02,7.460317460317460181e-02,6.291390728476821403e-02,6.929248723559446044e-02,0.000000000000000000e+00,2.577319587628865705e-01,0.000000000000000000e+00,0.000000000000000000e+00,1.337209302325581273e-01,5.939393939393939476e-02,9.119496855345911313e-02,7.089084065244667665e-02,0.000000000000000000e+00,6.260575296108290833e-02,0.000000000000000000e+00,1.876620010368066360e-01,1.758865248226950395e-01,5.544147843942505427e-02,6.870229007633588125e-02,0.000000000000000000e+00,0.000000000000000000e+00,6.657088122605364644e-02,7.118055555555555247e-02,6.938053097345132925e-02,5.903790087463556963e-02,8.315488936473947046e-02,7.582938388625592996e-02,1.381249999999999978e-01,7.496876301541025023e-02,7.922912205567451960e-02,1.886629164863695418e-01,1.488764044943820253e-01,7.138384470882905286e-02,9.367681498829040498e-02,1.614077669902912737e-01,6.666666666666666574e-02,8.823529411764706454e-02,0.000000000000000000e+00,6.418918918918918581e-02,8.623548922056384347e-02,2.120363890832750176e-01,6.479859894921190244e-02,7.619047619047619735e-02,0.000000000000000000e+00,6.230529595015576322e-02,7.392996108949416445e-02,9.002123142250530174e-02,0.000000000000000000e+00,1.746323529411764608e-01,0.000000000000000000e+00,0.000000000000000000e+00,6.250000000000000000e-02,0.000000000000000000e+00,5.605381165919282732e-02,1.008626410086264080e-01,2.004801920768307377e-01,1.452282157676348662e-01,8.442004118050788763e-02,9.061277705345502365e-02,1.886380189366350935e-01,8.301404853128990791e-02,7.331378299120235031e-02,9.491525423728813804e-02,1.780432309442548378e-01,8.491461100569260012e-02,9.083969465648854269e-02,9.155844155844156118e-02,0.000000000000000000e+00,8.133971291866028130e-02,6.051873198847262242e-02,7.434402332361515764e-02,5.405405405405405705e-02,1.855807743658210995e-01,1.042857142857142871e-01,7.227138643067847201e-02,4.972375690607734600e-02,0.000000000000000000e+00,9.937888198757763303e-02,0.000000000000000000e+00,1.850594227504244460e-01,2.097902097902097918e-01,9.086879432624113406e-02,9.359844810863239550e-02,7.957302280446384990e-02,0.000000000000000000e+00,6.166219839142091097e-02,5.804480651731160762e-02,8.192771084337349685e-02,7.425742574257425399e-02,8.277404921700223794e-02,9.055876685934489967e-02,7.499999999999999722e-02,8.317214700193423238e-02,6.962025316455695834e-02,8.888888888888889228e-02,8.775510204081632404e-02,9.039548022598870025e-02,9.533898305084745339e-02,1.076923076923076983e-01,8.901515151515151936e-02,8.921161825726141303e-02,7.692307692307692735e-02,9.815950920245399003e-02,1.040723981900452538e-01,9.213483146067415197e-02,7.741935483870968082e-02,9.148936170212765284e-02
0.000000000000000000e+00,0.000000000000000000e+00,0.000000000000000000e+00,0.000000000000000000e+00,0.000000000000000000e+00,0.000000000000000000e+00,0.000000000000000000e+00,0.000000000000000000e+00,0.000000000000000000e+00,0.000000000000000000e+00,0.000000000000000000e+00,0.000000000000000000e+00,0.000000000000000000e+00,0.000000000000000000e+00,0.000000000000000000e+00,0.000000000000000000e+00,0.000000000000000000e+00,0.000000000000000000e+00,0.000000000000000000e+00,0.000000000000000000e+00,0.000000000000000000e+00,0.000000000000000000e+00,0.000000000000000000e+00,0.000000000000000000e+00,0.000000000000000000e+00,0.000000000000000000e+00,0.000000000000000000e+00,0.000000000000000000e+00,0.000000000000000000e+00,0.000000000000000000e+00,0.000000000000000000e+00,0.000000000000000000e+00,0.000000000000000000e+00,0.000000000000000000e+00,0.000000000000000000e+00,0.000000000000000000e+00,0.000000000000000000e+00,0.000000000000000000e+00,0.000000000000000000e+00,0.000000000000000000e+00,0.000000000000000000e+00,0.000000000000000000e+00,0.000000000000000000e+00,0.000000000000000000e+00,0.000000000000000000e+00,0.000000000000000000e+00,0.000000000000000000e+00,0.000000000000000000e+00,0.000000000000000000e+00,0.000000000000000000e+00,0.000000000000000000e+00,0.000000000000000000e+00,0.000000000000000000e+00,0.000000000000000000e+00,0.000000000000000000e+00,0.000000000000000000e+00,0.000000000000000000e+00,0.000000000000000000e+00,0.000000000000000000e+00,0.000000000000000000e+00,0.000000000000000000e+00,0.000000000000000000e+00,0.000000000000000000e+00,0.000000000000000000e+00,0.000000000000000000e+00,0.000000000000000000e+00,0.000000000000000000e+00,0.000000000000000000e+00,0.000000000000000000e+00,0.000000000000000000e+00,0.000000000000000000e+00,0.000000000000000000e+00,0.000000000000000000e+00,0.000000000000000000e+00,0.000000000000000000e+00,0.000000000000000000e+00,0.000000000000000000e+00,0.000000000000000000e+00,0.000000000000000000e+00,0.000000000000000000e+00,0.000000000000000000e+00,0.000000000000000000e+00,0.000000000000000000e+00,0.000000000000000000e+00,0.000000000000000000e+00,0.000000000000000000e+00,0.000000000000000000e+00,0.000000000000000000e+00,0.000000000000000000e+00,0.000000000000000000e+00,0.000000000000000000e+00,0.000000000000000000e+00,0.000000000000000000e+00,0.000000000000000000e+00,0.000000000000000000e+00,0.000000000000000000e+00,0.000000000000000000e+00,0.000000000000000000e+00,0.000000000000000000e+00,0.000000000000000000e+00,0.000000000000000000e+00,0.000000000000000000e+00,0.000000000000000000e+00,0.000000000000000000e+00,0.000000000000000000e+00,0.000000000000000000e+00,0.000000000000000000e+00,0.000000000000000000e+00,0.000000000000000000e+00,0.000000000000000000e+00,0.000000000000000000e+00,0.000000000000000000e+00,0.000000000000000000e+00,0.000000000000000000e+00,0.000000000000000000e+00,0.000000000000000000e+00,0.000000000000000000e+00,0.000000000000000000e+00,0.000000000000000000e+00,0.000000000000000000e+00,0.000000000000000000e+00,0.000000000000000000e+00,0.000000000000000000e+00,0.000000000000000000e+00,0.000000000000000000e+00,0.000000000000000000e+00,0.000000000000000000e+00,0.000000000000000000e+00,0.000000000000000000e+00,0.000000000000000000e+00,0.000000000000000000e+00,0.000000000000000000e+00,0.000000000000000000e+00,0.000000000000000000e+00,0.000000000000000000e+00,0.000000000000000000e+00,0.000000000000000000e+00,0.000000000000000000e+00,0.000000000000000000e+00,0.000000000000000000e+00,0.000000000000000000e+00,0.000000000000000000e+00,0.000000000000000000e+00,0.000000000000000000e+00,0.000000000000000000e+00,0.000000000000000000e+00,0.000000000000000000e+00,0.000000000000000000e+00,0.000000000000000000e+00,0.000000000000000000e+00,0.000000000000000000e+00,0.000000000000000000e+00,0.000000000000000000e+00,0.000000000000000000e+00,0.000000000000000000e+00,0.000000000000000000e+00,0.000000000000000000e+00,0.000000000000000000e+00,0.000000000000000000e+00,0.000000000000000000e+00,0.000000000000000000e+00,0.000000000000000000e+00,0.000000000000000000e+00,0.000000000000000000e+00,0.000000000000000000e+00,0.000000000000000000e+00,0.000000000000000000e+00,0.000000000000000000e+00,0.000000000000000000e+00,0.000000000000000000e+00,0.000000000000000000e+00,0.000000000000000000e+00,0.000000000000000000e+00,0.000000000000000000e+00,0.000000000000000000e+00,0.000000000000000000e+00,0.000000000000000000e+00,0.000000000000000000e+00,0.000000000000000000e+00,0.000000000000000000e+00,0.000000000000000000e+00,0.000000000000000000e+00,0.000000000000000000e+00,0.000000000000000000e+00,0.000000000000000000e+00,0.000000000000000000e+00,0.000000000000000000e+00,0.000000000000000000e+00,0.000000000000000000e+00,0.000000000000000000e+00,0.000000000000000000e+00,0.000000000000000000e+00,0.000000000000000000e+00,0.000000000000000000e+00,0.000000000000000000e+00,0.000000000000000000e+00,0.000000000000000000e+00,0.000000000000000000e+00,0.000000000000000000e+00,0.000000000000000000e+00,0.000000000000000000e+00,0.000000000000000000e+00,0.000000000000000000e+00,0.000000000000000000e+00,0.000000000000000000e+00,0.000000000000000000e+00,0.000000000000000000e+00,0.000000000000000000e+00,0.000000000000000000e+00,0.000000000000000000e+00,0.000000000000000000e+00,0.000000000000000000e+00,0.000000000000000000e+00,0.000000000000000000e+00,0.000000000000000000e+00,0.000000000000000000e+00,0.000000000000000000e+00,0.000000000000000000e+00,0.000000000000000000e+00,0.000000000000000000e+00,0.000000000000000000e+00,0.000000000000000000e+00,0.000000000000000000e+00,0.000000000000000000e+00,0.000000000000000000e+00,0.000000000000000000e+00,0.000000000000000000e+00,0.000000000000000000e+00,0.000000000000000000e+00,0.000000000000000000e+00,0.000000000000000000e+00,0.000000000000000000e+00,0.000000000000000000e+00,0.000000000000000000e+00,0.000000000000000000e+00,0.000000000000000000e+00,0.000000000000000000e+00,0.000000000000000000e+00,0.000000000000000000e+00,0.000000000000000000e+00,0.000000000000000000e+00,0.000000000000000000e+00,0.000000000000000000e+00,0.000000000000000000e+00,0.000000000000000000e+00,0.000000000000000000e+00,0.000000000000000000e+00,0.000000000000000000e+00,0.000000000000000000e+00,0.000000000000000000e+00,0.000000000000000000e+00,0.000000000000000000e+00,0.000000000000000000e+00,0.000000000000000000e+00,0.000000000000000000e+00,0.000000000000000000e+00,0.000000000000000000e+00,0.000000000000000000e+00,0.000000000000000000e+00,0.000000000000000000e+00,0.000000000000000000e+00,0.000000000000000000e+00,0.000000000000000000e+00,0.000000000000000000e+00,0.000000000000000000e+00,0.000000000000000000e+00,0.000000000000000000e+00,0.000000000000000000e+00,0.000000000000000000e+00,0.000000000000000000e+00,0.000000000000000000e+00,0.000000000000000000e+00,0.000000000000000000e+00,0.000000000000000000e+00,0.000000000000000000e+00,0.000000000000000000e+00,0.000000000000000000e+00,0.000000000000000000e+00,0.000000000000000000e+00,0.000000000000000000e+00,0.000000000000000000e+00,0.000000000000000000e+00,0.000000000000000000e+00,0.000000000000000000e+00,0.000000000000000000e+00,0.000000000000000000e+00,0.000000000000000000e+00,0.000000000000000000e+00,0.000000000000000000e+00,0.000000000000000000e+00,0.000000000000000000e+00,0.000000000000000000e+00,0.000000000000000000e+00,0.000000000000000000e+00,0.000000000000000000e+00,0.000000000000000000e+00,0.000000000000000000e+00,0.000000000000000000e+00,0.000000000000000000e+00,0.000000000000000000e+00,0.000000000000000000e+00,0.000000000000000000e+00,0.000000000000000000e+00,0.000000000000000000e+00,0.000000000000000000e+00,0.000000000000000000e+00,0.000000000000000000e+00,0.000000000000000000e+00,0.000000000000000000e+00,0.000000000000000000e+00,0.000000000000000000e+00,0.000000000000000000e+00,0.000000000000000000e+00,0.000000000000000000e+00,0.000000000000000000e+00,0.000000000000000000e+00,0.000000000000000000e+00,0.000000000000000000e+00,0.000000000000000000e+00,0.000000000000000000e+00
1.956815114709851422e-01,8.416389811738649029e-02,9.644670050761421087e-02,1.684665226781857372e-01,9.912536443148688148e-02,1.527272727272727393e-01,0.000000000000000000e+00,0.000000000000000000e+00,0.000000000000000000e+00,1.315789473684210453e-01,1.826484018264840081e-01,1.431492842535787291e-01,2.045454545454545581e-01,0.000000000000000000e+00,6.787330316742080927e-02,1.117647058823529466e-01,1.764705882352941291e-01,9.969788519637462487e-02,6.250000000000000000e-02,8.536585365853659180e-02,1.088709677419354843e-01,0.000000000000000000e+00,9.136546184738955634e-02,1.001124859392575894e-01,5.208333333333333565e-02,0.000000000000000000e+00,6.751054852320674537e-02,1.883408071748878809e-01,8.536585365853659180e-02,1.604278074866310189e-01,2.289156626506023973e-01,9.565217391304348116e-02,1.058823529411764691e-01,9.393579072532699803e-02,7.019438444924405718e-02,9.077598828696925581e-02,1.934566145092460887e-01,8.660130718954248130e-02,1.376404494382022503e-01,2.059186189889025964e-01,3.137254901960784270e-01,1.792452830188679125e-01,1.655172413793103425e-01,8.635917566241413379e-02,6.281407035175878839e-02,0.000000000000000000e+00,8.910891089108910479e-02,1.164383561643835552e-01,9.302325581395348708e-02,1.203703703703703637e-01,2.245614035087719340e-01,2.094594594594594572e-01,7.598784194528875047e-02,9.045226130653266639e-02,1.562500000000000000e-01,1.002570694087403652e-01,1.190476190476190410e-01,1.341991341991342068e-01,1.736526946107784519e-01,2.259414225941422660e-01,6.400000000000000133e-02,1.166077738515901019e-01,1.119909502262443485e-01,1.221719457013574622e-01,2.000000000000000111e-01,7.262569832402235304e-02,6.722689075630251809e-02,8.717948717948717507e-02,1.316872427983539207e-01,9.364548494983276905e-02,1.028138528138528157e-01,8.860759493670886111e-02,1.826381059751973068e-01,2.191304347826086851e-01,1.151315789473684181e-01,7.803468208092485814e-02,7.547169811320754429e-02,9.163059163059163181e-02,5.977011494252873480e-02,2.359882005899704982e-01,9.497816593886462821e-02,8.125000000000000278e-02,1.399082568807339388e-01,1.877729257641921334e-01,1.333333333333333315e-01,5.600000000000000117e-02,6.502636203866432596e-02,0.000000000000000000e+00,2.888482632541133355e-01,1.642411642411642503e-01,1.880877742946708564e-01,1.505791505791505835e-01,9.078212290502793436e-02,2.002188183807439847e-01,1.400000000000000133e-01,1.336032388663967729e-01,9.573091849935316811e-02,6.976744186046511531e-02,6.153846153846154188e-02,8.967851099830795314e-02,1.146589259796806926e-01,9.445585215605749319e-02,5.277777777777777762e-02,9.887640449438202250e-02,1.055495103373231824e-01,9.375000000000000000e-02,7.947019867549669214e-02,0.000000000000000000e+00,1.510574018126888129e-01,0.000000000000000000e+00,1.519999999999999962e-01,8.542713567839195499e-02,7.196029776674937872e-02,6.415094339622641473e-02,2.394678492239467882e-01,1.391076115485564424e-01,1.577608142493638621e-01,1.008563273073263544e-01,1.306532663316583021e-01,1.856540084388185741e-01,1.028225806451612961e-01,8.635097493036211769e-02,7.575757575757575968e-02,1.818181818181818232e-01,1.896551724137930939e-01,1.829059829059828945e-01,7.770270270270270008e-02,1.703125000000000056e-01,1.625000000000000056e-01,1.684210526315789436e-01,0.000000000000000000e+00,2.089552238805970075e-01,0.000000000000000000e+00,1.530984204131227155e-01,1.255901794145420081e-01,1.659751037344398272e-01,5.464480874316939712e-02,8.362369337979094763e-02,1.477832512315271074e-01,1.762452107279693370e-01,1.838565022421524697e-01,1.846846846846846857e-01,9.493670886075949999e-02,1.037037037037037007e-01,2.203389830508474534e-01,0.000000000000000000e+00,1.958041958041958075e-01,0.000000000000000000e+00,0.000000000000000000e+00,1.651865008880994690e-01,1.864406779661016977e-01,2.135338345864661591e-01,9.941520467836256758e-02,1.734693877551020391e-01,1.318770226537216705e-01,1.488095238095238082e-01,1.928571428571428659e-01,1.761363636363636465e-01,7.407407407407406996e-02,1.354838709677419484e-01,1.829710144927536308e-01,1.845018450184501835e-01,1.253196930946291476e-01,2.012658227848101167e-01,6.910569105691057035e-02,0.000000000000000000e+00,1.063829787234042562e-01,0.000000000000000000e+00,1.787439613526569937e-01,1.079545454545454558e-01,1.033369214208826742e-01,0.000000000000000000e+00,0.000000000000000000e+00,8.474576271186440302e-02,2.567164179104477473e-01,1.271676300578034602e-01,9.574468085106382920e-02,1.033938437253354437e-01,1.011904761904761918e-01,8.996088657105606734e-02,6.862745098039216285e-02,1.639344262295081844e-01,1.760391198044009842e-01,6.329113924050633333e-02,7.534246575342465335e-02,1.770091556459816862e-01,5.454545454545454281e-02,0.000000000000000000e+00,2.031250000000000000e-01,1.964285714285714246e-01,0.000000000000000000e+00,1.058558558558558571e-01,1.704745166959578118e-01,2.395209580838323499e-02,9.154929577464789026e-02,1.938931297709923784e-01,7.971014492753622505e-02,0.000000000000000000e+00,1.776504297994269399e-01,1.614035087719298267e-01,9.040590405904058713e-02,1.046511627906976799e-01,3.351254480286738335e-01,1.142857142857142821e-01,1.485148514851485080e-01,2.222222222222222099e-01,1.636363636363636354e-01,1.016617790811339267e-01,0.000000000000000000e+00,1.521252796420581588e-01,1.219512195121951192e-01,1.012269938650306733e-01,6.358381502890173009e-02,1.683501683501683610e-01,1.284210526315789358e-01,6.289308176100628922e-02,9.168081494057725433e-02,0.000000000000000000e+00,3.846153846153846367e-02,0.000000000000000000e+00,0.000000000000000000e+00,8.333333333333332871e-02,1.271393643031784870e-01,1.240875912408759135e-01,1.186224489795918435e-01,0.000000000000000000e+00,1.768953068592057642e-01,0.000000000000000000e+00,7.064555420219244264e-02,9.003215434083601532e-02,8.296943231441047950e-02,1.473684210526315652e-01,0.000000000000000000e+00,0.000000000000000000e+00,2.369439071566731003e-01,8.494208494208493887e-02,2.456799398948159296e-01,8.480000000000000038e-02,1.506116207951070374e-01,9.455587392550143799e-02,7.075471698113207364e-02,1.052631578947368363e-01,1.685779816513761353e-01,7.528089887640448952e-02,3.571428571428571230e-02,1.871202916160388807e-01,1.420765027322404284e-01,1.845730027548209418e-01,1.993156544054747736e-01,2.082616179001721135e-01,0.000000000000000000e+00,1.727272727272727293e-01,1.168384879725085923e-01,7.195571955719556878e-02,9.124087591240875872e-02,1.758241758241758379e-01,0.000000000000000000e+00,1.027190332326284039e-01,1.796407185628742520e-01,8.773500447627573251e-02,0.000000000000000000e+00,6.034482758620689918e-02,0.000000000000000000e+00,0.000000000000000000e+00,9.166666666666666019e-02,0.000000000000000000e+00,9.745762711864407180e-02,1.049798115746971711e-01,6.534090909090908839e-02,1.394230769230769273e-01,9.267563527653213673e-02,8.695652173913043237e-02,6.535947712418301025e-02,1.123755334281650031e-01,1.900000000000000022e-01,1.039999999999999952e-01,9.335219236209335580e-02,1.929824561403508665e-01,2.110091743119266172e-01,8.131241084165477528e-02,0.000000000000000000e+00,1.061946902654867242e-01,1.459854014598540028e-01,2.879684418145956881e-01,2.349206349206349187e-01,1.035653650254668989e-01,9.580838323353293995e-02,7.621951219512194953e-02,1.081081081081081141e-01,0.000000000000000000e+00,8.108108108108108558e-02,0.000000000000000000e+00,8.571428571428571508e-02,7.801418439716312214e-02,1.971153846153846090e-01,9.070548712206047415e-02,1.057268722466960381e-01,0.000000000000000000e+00,6.849315068493150305e-02,1.011764705882352983e-01,1.295336787564766723e-01,9.139784946236559349e-02,1.164021164021163957e-01,9.813084112149532412e-02,8.920187793427229728e-02,1.256038647342995196e-01,7.441860465116278966e-02,1.707317073170731836e-01,1.443850267379679086e-01,1.090909090909090856e-01,1.079812206572769995e-01,1.065989847715736044e-01,9.633027522935780351e-02,1.170212765957446832e-01,1.095890410958904049e-01,1.191489361702127714e-01,1.116279069767441845e-01,1.401869158878504551e-01,9.950248756218905977e-02,1.256281407035175768e-01
1.519480519480519431e-01,1.227180527383367192e-01,1.367924528301886766e-01,7.880910683012258555e-02,7.575757575757575968e-02,5.487804878048780505e-02,0.000000000000000000e+00,0.000000000000000000e+00,0.000000000000000000e+00,3.539823008849557473e-02,8.716707021791766929e-02,9.437751004016063650e-02,1.192660550458715663e-01,0.000000000000000000e+00,1.300813008130081438e-01,9.770114942528736190e-02,8.411214953271027583e-02,9.650582362728785113e-02,7.638888888888889506e-02,1.333333333333333315e-01,1.402877697841726501e-01,0.000000000000000000e+00,9.006499535747446161e-02,6.728971962616822622e-02,7.446808510638297518e-02,0.000000000000000000e+00,1.966101694915254328e-01,1.970260223048327097e-01,1.162303664921466029e-01,1.685971685971685841e-01,1.486486486486486569e-01,1.371610845295055947e-01,1.231884057971014551e-01,2.151898734177215278e-01,1.115347950428979967e-01,9.642857142857143293e-02,8.450704225352112520e-02,2.013986013986014123e-01,1.593137254901960675e-01,1.592827004219409259e-01,7.142857142857142461e-02,1.673553719008264440e-01,1.131221719457013580e-01,1.856027753686036452e-01,2.102803738317756965e-01,0.000000000000000000e+00,1.053169734151329223e-01,1.684782608695652162e-01,1.844741235392320655e-01,8.461538461538462008e-02,1.126760563380281716e-01,1.304347826086956486e-01,2.117647058823529382e-01,8.888888888888889228e-02,1.499999999999999944e-01,9.975062344139651316e-02,1.061946902654867242e-01,7.653061224489796088e-02,1.238390092879256971e-01,1.701720841300191078e-01,1.012658227848101250e-01,8.158995815899582060e-02,8.945969884853853527e-02,7.798165137614679332e-02,1.655992680695334007e-01,1.243243243243243312e-01,1.308593750000000000e-01,1.154791154791154767e-01,1.314741035856573648e-01,1.132075471698113234e-01,2.217898832684824795e-01,1.951754385964912242e-01,1.369257950530035350e-01,9.205776173285198927e-02,9.517601043024771779e-02,1.011764705882352983e-01,1.530612244897959218e-01,2.096463022508038565e-01,9.375000000000000000e-02,1.221779548472775589e-01,9.550045913682277121e-02,1.090342679127725839e-01,1.007751937984496110e-01,1.847389558232931661e-01,1.039861351819757335e-01,9.818181818181817566e-02,9.177215189873418055e-02,0.000000000000000000e+00,1.863857374392220434e-01,3.068181818181818232e-01,9.798270893371757717e-02,7.722007722007721842e-02,9.900990099009901457e-02,8.173076923076923184e-02,1.169590643274853736e-01,6.992084432717678155e-02,6.157965194109772666e-02,1.916461916461916493e-01,1.885521885521885543e-01,7.902298850574712707e-02,2.233902759526938120e-01,2.182539682539682557e-01,1.314432989690721698e-01,8.888888888888889228e-02,9.809809809809809378e-02,5.000000000000000278e-02,1.479289940828402428e-01,0.000000000000000000e+00,1.859154929577464810e-01,0.000000000000000000e+00,1.428571428571428492e-01,1.775766016713092033e-01,6.619385342789597948e-02,8.602150537634409289e-02,1.049250535331905793e-01,6.833712984054669815e-02,8.383233532934131205e-02,1.905594405594405460e-01,1.643192488262910922e-01,1.536661466458658365e-01,1.021775544388609652e-01,1.025358324145534683e-01,2.012578616352201366e-01,1.158415841584158473e-01,1.503267973856209083e-01,1.544227886056971644e-01,1.055900621118012472e-01,7.670043415340087323e-02,1.149068322981366408e-01,2.092050209205020828e-01,0.000000000000000000e+00,1.375661375661375585e-01,0.000000000000000000e+00,1.055155875299760154e-01,8.225508317929759727e-02,1.139240506329113889e-01,1.029411764705882304e-01,1.014823261117445835e-01,9.189189189189189699e-02,1.068301225919439518e-01,7.075471698113207364e-02,1.586538461538461453e-01,4.390243902439024126e-02,1.146666666666666667e-01,1.666666666666666574e-01,0.000000000000000000e+00,9.090909090909091161e-02,0.000000000000000000e+00,0.000000000000000000e+00,9.430604982206405862e-02,1.001124859392575894e-01,1.919191919191919060e-01,1.125827814569536484e-01,6.153846153846154188e-02,1.407648494711147280e-01,1.125000000000000028e-01,1.220825852782764787e-01,1.379310344827586188e-01,8.695652173913043237e-02,1.168582375478927210e-01,9.268292682926829174e-02,8.282208588957054585e-02,1.165803108808290134e-01,1.618357487922705285e-01,1.204013377926421435e-01,0.000000000000000000e+00,9.282700421940928703e-02,0.000000000000000000e+00,1.568123393316195324e-01,6.598984771573604413e-02,1.684622918707149863e-01,0.000000000000000000e+00,0.000000000000000000e+00,1.085271317829457349e-01,1.409574468085106336e-01,1.065759637188208597e-01,1.835372636262513901e-01,9.219380888290713838e-02,8.641975308641974829e-02,1.153415453527435602e-01,4.385964912280701511e-02,1.804511278195488622e-01,7.039106145251396163e-02,1.089108910891089105e-01,8.938547486033519840e-02,1.019230769230769218e-01,1.768292682926829174e-01,0.000000000000000000e+00,1.407407407407407496e-01,1.479099678456591571e-01,0.000000000000000000e+00,1.937984496124031120e-01,3.362445414847161640e-01,1.508379888268156499e-01,1.039999999999999952e-01,1.468023255813953598e-01,2.000000000000000111e-01,0.000000000000000000e+00,1.508515815085158251e-01,1.722054380664652662e-01,2.039151712887438961e-01,1.608832807570977907e-01,1.241258741258741277e-01,1.046770601336302897e-01,9.420289855072463969e-02,6.666666666666666574e-02,1.082995951417003999e-01,1.955810147299509028e-01,0.000000000000000000e+00,1.628440366972477016e-01,9.489051094890510463e-02,1.460348162475822165e-01,1.229946524064171182e-01,1.770491803278688436e-01,8.808808808808808732e-02,5.194805194805195148e-02,1.117092866756392994e-01,0.000000000000000000e+00,8.527131782945736316e-02,0.000000000000000000e+00,0.000000000000000000e+00,9.876543209876542662e-02,1.393258426966292041e-01,1.594202898550724501e-01,9.392265193370165355e-02,0.000000000000000000e+00,6.959706959706959961e-02,0.000000000000000000e+00,1.093750000000000000e-01,8.814589665653495276e-02,1.040892193308550207e-01,1.302325581395348819e-01,0.000000000000000000e+00,0.000000000000000000e+00,1.891418563922942220e-01,7.462686567164178442e-02,1.600000000000000033e-01,1.432748538011695827e-01,1.270758122743682328e-01,7.373271889400921653e-02,9.264305177111716028e-02,1.056661562021439515e-01,1.309771309771309844e-01,1.092843326885880040e-01,1.236559139784946248e-01,9.727626459143969007e-02,1.835937500000000000e-01,1.348314606741572996e-01,1.689683184402924476e-01,1.696000000000000008e-01,0.000000000000000000e+00,1.140939597315436260e-01,9.556313993174062049e-02,8.620689655172414367e-02,6.542056074766354479e-02,1.311475409836065642e-01,0.000000000000000000e+00,9.090909090909091161e-02,1.012658227848101250e-01,1.697171381031613857e-01,0.000000000000000000e+00,6.639004149377593367e-02,0.000000000000000000e+00,0.000000000000000000e+00,6.617647058823529493e-02,0.000000000000000000e+00,1.813725490196078372e-01,2.182044887780548725e-01,9.971509971509971704e-02,2.215189873417721389e-01,1.700680272108843483e-01,9.066666666666667318e-02,1.242331288343558326e-01,8.905852417302799473e-02,1.958333333333333315e-01,1.007194244604316530e-01,7.936507936507936067e-02,9.505703422053231322e-02,1.814024390243902385e-01,8.847497089639115575e-02,0.000000000000000000e+00,4.024390243902439268e-01,5.882352941176470507e-02,1.688073394495412938e-01,1.811023622047244208e-01,9.370424597364568342e-02,2.040816326530612290e-01,1.828571428571428570e-01,1.904761904761904656e-01,0.000000000000000000e+00,1.954022988505747238e-01,0.000000000000000000e+00,9.689213893967092706e-02,3.973509933774834607e-02,1.643960036330608665e-01,9.280303030303030387e-02,1.535269709543568561e-01,0.000000000000000000e+00,8.426966292134831227e-02,2.025862068965517127e-01,1.346153846153846090e-01,9.424083769633508079e-02,6.756756756756757132e-02,1.185770750988142247e-01,9.956709956709956788e-02,9.126984126984126477e-02,1.193415637860082285e-01,1.415929203539822989e-01,7.725321888412017834e-02,9.090909090909091161e-02,1.120331950207468924e-01,1.075697211155378502e-01,1.015228426395939076e-01,1.198156682027649717e-01,1.399176954732510303e-01,1.096491228070175378e-01,1.484716157205240306e-01,9.545454545454545858e-02,1.102661596958174894e-01,1.323529411764705899e-01
1.604477611940298420e-01,8.391608391608391948e-02,1.250000000000000000e-01,2.865168539325842478e-01,1.538461538461538547e-01,2.307692307692307820e-01,0.000000000000000000e+00,0.000000000000000000e+00,0.000000000000000000e+00,3.111111111111111160e-01,3.398692810457516478e-01,2.036199095022624417e-01,1.428571428571428492e-01,0.000000000000000000e+00,1.181102362204724393e-01,1.384615384615384692e-01,1.518987341772151944e-01,1.744966442953020114e-01,1.034482758620689641e-01,1.836734693877551117e-01,1.875000000000000000e-01,0.000000000000000000e+00,1.421686746987951833e-01,1.379310344827586188e-01,1.078431372549019662e-01,0.000000000000000000e+00,1.607142857142857262e-01,1.441441441441441429e-01,7.731958762886598224e-02,1.552795031055900499e-01,1.025641025641025605e-01,1.520912547528517067e-01,1.118421052631578955e-01,6.461538461538461620e-02,1.473684210526315652e-01,1.250000000000000000e-01,1.660516605166051651e-01,8.849557522123893682e-02,1.890243902439024404e-01,1.774580335731414937e-01,2.000000000000000111e-01,1.442307692307692180e-01,1.785714285714285754e-01,9.817351598173515437e-02,8.805031446540879936e-02,0.000000000000000000e+00,1.228915662650602453e-01,1.458333333333333426e-01,1.113537117903930090e-01,1.372549019607843257e-01,1.887905604719763986e-01,2.031250000000000000e-01,1.328125000000000000e-01,8.791208791208791895e-02,1.704545454545454419e-01,1.409395973154362325e-01,1.714285714285714302e-01,1.428571428571428492e-01,3.636363636363636465e-01,2.094240837696335067e-01,8.823529411764706454e-02,1.613756613756613667e-01,1.502463054187192226e-01,1.875000000000000000e-01,1.836734693877551117e-01,1.898734177215190000e-01,1.115702479338843006e-01,9.740259740259740728e-02,9.638554216867470381e-02,1.550387596899224785e-01,1.057692307692307682e-01,9.444444444444444198e-02,1.870503597122302186e-01,1.793721973094170308e-01,1.341463414634146423e-01,1.002865329512893922e-01,2.000000000000000111e-01,9.280303030303030387e-02,1.135135135135135198e-01,2.736486486486486291e-01,1.231527093596059136e-01,1.397058823529411797e-01,2.277227722772277307e-01,1.360000000000000098e-01,1.647727272727272652e-01,6.617647058823529493e-02,1.025641025641025605e-01,0.000000000000000000e+00,1.991525423728813526e-01,1.447963800904977505e-01,3.388429752066115519e-01,1.935483870967741882e-01,1.391941391941391992e-01,1.589242053789731157e-01,2.131147540983606425e-01,1.775362318840579823e-01,1.335227272727272652e-01,8.450704225352112520e-02,1.553398058252427050e-01,1.096345514950166078e-01,1.015037593984962350e-01,6.315789473684210731e-02,9.615384615384615918e-02,1.089108910891089105e-01,1.116173120728929380e-01,5.263157894736841813e-02,6.756756756756757132e-02,0.000000000000000000e+00,1.466666666666666674e-01,0.000000000000000000e+00,1.076923076923076983e-01,1.080550098231827100e-01,1.349693251533742311e-01,9.315068493150685525e-02,1.866028708133971314e-01,1.242236024844720482e-01,1.974522292993630690e-01,1.466992665036674914e-01,1.313131313131313260e-01,1.779026217228464324e-01,1.681818181818181823e-01,7.317073170731706877e-02,1.162790697674418589e-01,1.609442060085836956e-01,1.607142857142857262e-01,1.811320754716981007e-01,1.263157894736842146e-01,1.398601398601398704e-01,1.717647058823529305e-01,1.752577319587628746e-01,0.000000000000000000e+00,1.851851851851851749e-01,0.000000000000000000e+00,1.843575418994413406e-01,1.717171717171717127e-01,2.115384615384615363e-01,8.433734939759035543e-02,1.035353535353535359e-01,1.829268292682926789e-01,2.641509433962264120e-01,1.651376146788990917e-01,1.551724137931034531e-01,8.000000000000000167e-02,1.005917159763313612e-01,1.860465116279069742e-01,0.000000000000000000e+00,2.166666666666666741e-01,0.000000000000000000e+00,0.000000000000000000e+00,1.658986175115207407e-01,1.870129870129870198e-01,2.172284644194756587e-01,2.241379310344827624e-01,1.875000000000000000e-01,1.423149905123339554e-01,1.283422459893048262e-01,1.675126903553299518e-01,1.704545454545454419e-01,1.499999999999999944e-01,1.486486486486486569e-01,1.365638766519823855e-01,1.693548387096774077e-01,1.925133689839572115e-01,2.072072072072072002e-01,1.263157894736842146e-01,0.000000000000000000e+00,1.208791208791208799e-01,0.000000000000000000e+00,1.472392638036809920e-01,1.309523809523809590e-01,1.447661469933184952e-01,0.000000000000000000e+00,0.000000000000000000e+00,7.692307692307692735e-02,4.044117647058823595e-01,1.768707482993197300e-01,1.190476190476190410e-01,1.332007952286282382e-01,1.690140845070422504e-01,7.733333333333333726e-02,2.758620689655172376e-01,1.153846153846153910e-01,1.082802547770700674e-01,1.489361702127659504e-01,1.666666666666666574e-01,1.670702179176755398e-01,1.188118811881188064e-01,0.000000000000000000e+00,4.107142857142856984e-01,1.538461538461538547e-01,0.000000000000000000e+00,1.037735849056603821e-01,1.636363636363636354e-01,6.779661016949152519e-02,2.122641509433962348e-01,2.055335968379446709e-01,6.410256410256409687e-02,0.000000000000000000e+00,1.677852348993288667e-01,1.838235294117647189e-01,1.234042553191489339e-01,1.016949152542372947e-01,3.319838056680162186e-01,1.925133689839572115e-01,1.190476190476190410e-01,1.904761904761904656e-01,1.926829268292682973e-01,9.417040358744394046e-02,0.000000000000000000e+00,1.925133689839572115e-01,2.142857142857142738e-01,1.444695259593679337e-01,1.267605633802816878e-01,1.897810218978102093e-01,1.557788944723618174e-01,3.846153846153846367e-01,1.296296296296296224e-01,0.000000000000000000e+00,1.034482758620689641e-01,0.000000000000000000e+00,0.000000000000000000e+00,1.025641025641025605e-01,1.467391304347826220e-01,1.084337349397590383e-01,1.985815602836879523e-01,0.000000000000000000e+00,2.148760330578512456e-01,0.000000000000000000e+00,7.532467532467532201e-02,1.103896103896103847e-01,1.770833333333333426e-01,1.428571428571428492e-01,0.000000000000000000e+00,0.000000000000000000e+00,2.032332563510392542e-01,2.685185185185185452e-01,1.886120996441281172e-01,1.125541125541125592e-01,1.609195402298850552e-01,1.656804733727810786e-01,1.273291925465838414e-01,1.380090497737556654e-01,1.858190709046454725e-01,8.591885441527445655e-02,9.589041095890410427e-02,1.331444759206798778e-01,1.904761904761904656e-01,1.136363636363636326e-01,1.861386138613861374e-01,1.394422310756971983e-01,0.000000000000000000e+00,2.173913043478260809e-01,1.801801801801801717e-01,8.365019011406843452e-02,1.307692307692307765e-01,2.500000000000000000e-01,0.000000000000000000e+00,8.181818181818181768e-02,1.830985915492957805e-01,1.148514851485148563e-01,0.000000000000000000e+00,1.616161616161616299e-01,0.000000000000000000e+00,0.000000000000000000e+00,2.343750000000000000e-01,0.000000000000000000e+00,1.549295774647887203e-01,1.219512195121951192e-01,1.044776119402985037e-01,1.600000000000000033e-01,1.167883211678832078e-01,1.550632911392405000e-01,1.268656716417910502e-01,1.190476190476190410e-01,2.000000000000000111e-01,2.710280373831775447e-01,8.611111111111111049e-02,2.000000000000000111e-01,1.647940074906366903e-01,1.666666666666666574e-01,0.000000000000000000e+00,3.333333333333333287e-02,1.355932203389830504e-01,2.276995305164319361e-01,2.303030303030303150e-01,1.053571428571428575e-01,8.759124087591241281e-02,8.759124087591241281e-02,4.166666666666666435e-02,0.000000000000000000e+00,1.785714285714285754e-01,0.000000000000000000e+00,1.000000000000000056e-01,1.272727272727272596e-01,1.610169491525423602e-01,1.569620253164557000e-01,1.627906976744186163e-01,0.000000000000000000e+00,1.499999999999999944e-01,1.546391752577319645e-01,6.451612903225806273e-02,1.938775510204081565e-01,1.287128712871287162e-01,1.300000000000000044e-01,9.876543209876542662e-02,1.792452830188679125e-01,1.260504201680672232e-01,9.565217391304348116e-02,2.448979591836734637e-01,8.264462809917355601e-02,1.120689655172413812e-01,1.428571428571428492e-01,9.600000000000000200e-02,1.176470588235294101e-01,1.250000000000000000e-01,1.222222222222222182e-01,1.720430107526881858e-01,1.333333333333333315e-01,2.380952380952380820e-01,1.629629629629629761e-01
2.370820668693009170e-01,1.944444444444444475e-01,1.313131313131313260e-01,1.957295373665480509e-01,2.083333333333333426e-01,1.292517006802721136e-01,0.000000000000000000e+00,0.000000000000000000e+00,0.000000000000000000e+00,1.568627450980392135e-01,1.722222222222222210e-01,1.978021978021977934e-01,1.034482758620689641e-01,0.000000000000000000e+00,2.444444444444444364e-01,1.938775510204081565e-01,1.074561403508771940e-01,1.666666666666666574e-01,2.567567567567567433e-01,9.433962264150944077e-02,1.759259259259259300e-01,0.000000000000000000e+00,1.321138211382113792e-01,1.359649122807017607e-01,1.619047619047619124e-01,0.000000000000000000e+00,1.617647058823529493e-01,2.500000000000000000e-01,1.732101616628175522e-01,2.474999999999999978e-01,2.068965517241379282e-01,1.726618705035971313e-01,2.011173184357541999e-01,1.514476614699331869e-01,1.653696498054474662e-01,1.917098445595854794e-01,1.720116618075801795e-01,1.568627450980392135e-01,2.057142857142857106e-01,2.521367521367521292e-01,1.818181818181818232e-01,2.509225092250922384e-01,1.688311688311688319e-01,1.451612903225806550e-01,1.458333333333333426e-01,0.000000000000000000e+00,1.652173913043478160e-01,2.835820895522387919e-01,1.455399061032863761e-01,1.590909090909090884e-01,1.844660194174757295e-01,2.181818181818181712e-01,1.060606060606060635e-01,1.372549019607843257e-01,1.868131868131868156e-01,1.404494382022472010e-01,2.711864406779661008e-01,2.058823529411764608e-01,1.496598639455782309e-01,3.121951219512195119e-01,2.608695652173912971e-01,2.131868131868131788e-01,1.626898047722342699e-01,1.320754716981132060e-01,2.639484978540772575e-01,2.637362637362637430e-01,1.365461847389558281e-01,2.203389830508474534e-01,2.105263157894736725e-01,1.574803149606299191e-01,1.208053691275167846e-01,1.155778894472361817e-01,2.418699186991870032e-01,1.631799163179916412e-01,1.292307692307692324e-01,1.300448430493273411e-01,2.173913043478260809e-01,1.598915989159891693e-01,1.502145922746781215e-01,2.484848484848484751e-01,1.344195519348268808e-01,2.193548387096774244e-01,1.911764705882352811e-01,1.923076923076923184e-01,2.059925093632958837e-01,1.111111111111111049e-01,2.198795180722891429e-01,0.000000000000000000e+00,1.991150442477876148e-01,2.270916334661354508e-01,1.808510638297872453e-01,2.872340425531915153e-01,1.578947368421052544e-01,1.371681415929203451e-01,2.150537634408602183e-01,1.789473684210526327e-01,1.939546599496221602e-01,1.616161616161616299e-01,8.264462809917355601e-02,1.727272727272727293e-01,1.620253164556962056e-01,1.576576576576576572e-01,1.743119266055045968e-01,1.698113207547169712e-01,1.921641791044776115e-01,1.388888888888888951e-01,1.604938271604938183e-01,0.000000000000000000e+00,1.758241758241758379e-01,0.000000000000000000e+00,3.030303030303030387e-01,1.788268955650929859e-01,1.127450980392156882e-01,1.833688699360341290e-01,1.333333333333333315e-01,8.333333333333332871e-02,1.242603550295857950e-01,1.937984496124031120e-01,1.988950276243093840e-01,2.508143322475570036e-01,1.776859504132231315e-01,1.407407407407407496e-01,1.052631578947368363e-01,2.597938144329897114e-01,2.794117647058823595e-01,2.619808306709265344e-01,1.641337386018237032e-01,1.724137931034482873e-01,1.992110453648915092e-01,2.407407407407407274e-01,0.000000000000000000e+00,2.500000000000000000e-01,0.000000000000000000e+00,1.968085106382978788e-01,1.900532859680284237e-01,1.456310679611650394e-01,1.685393258426966245e-01,1.897810218978102093e-01,1.392405063291139167e-01,2.076271186440677985e-01,1.081081081081081141e-01,1.967213114754098324e-01,1.700000000000000122e-01,1.360946745562130189e-01,2.692307692307692180e-01,0.000000000000000000e+00,2.500000000000000000e-01,0.000000000000000000e+00,0.000000000000000000e+00,2.201492537313432807e-01,1.503759398496240518e-01,2.452830188679245293e-01,2.560975609756097615e-01,2.115384615384615363e-01,2.081300813008130079e-01,1.566265060240963902e-01,2.014388489208633060e-01,7.608695652173913526e-02,8.474576271186440302e-02,1.390977443609022479e-01,1.859649122807017496e-01,1.484375000000000000e-01,2.139303482587064653e-01,2.230215827338129508e-01,8.148148148148148806e-02,0.000000000000000000e+00,2.222222222222222099e-01,0.000000000000000000e+00,2.816901408450704358e-01,1.443298969072164817e-01,1.729957805907172963e-01,0.000000000000000000e+00,0.000000000000000000e+00,2.708333333333333148e-01,2.427745664739884290e-01,1.428571428571428492e-01,1.736263736263736202e-01,1.426307448494453234e-01,1.428571428571428492e-01,1.849315068493150582e-01,2.391304347826087029e-01,1.489361702127659504e-01,1.748633879781420764e-01,9.615384615384615918e-02,1.363636363636363535e-01,1.290983606557377095e-01,1.282051282051281937e-01,0.000000000000000000e+00,2.500000000000000000e-01,2.265625000000000000e-01,0.000000000000000000e+00,2.016293279022403351e-01,1.645161290322580683e-01,1.168831168831168804e-01,2.142857142857142738e-01,1.787878787878788012e-01,1.092150170648464175e-01,0.000000000000000000e+00,2.268041237113402053e-01,2.428571428571428548e-01,1.932203389830508544e-01,1.656441717791410917e-01,1.957295373665480509e-01,2.019230769230769273e-01,1.111111111111111049e-01,1.875000000000000000e-01,1.696035242290749034e-01,1.903914590747330937e-01,0.000000000000000000e+00,2.455357142857142738e-01,1.700680272108843483e-01,1.983471074380165344e-01,1.882352941176470562e-01,1.849315068493150582e-01,1.898238747553815942e-01,1.538461538461538547e-01,1.554878048780487798e-01,0.000000000000000000e+00,1.803278688524590223e-01,0.000000000000000000e+00,0.000000000000000000e+00,9.677419354838709409e-02,1.457286432160803946e-01,1.558441558441558406e-01,1.716937354988399000e-01,0.000000000000000000e+00,1.240875912408759135e-01,0.000000000000000000e+00,1.370786516853932657e-01,1.526315789473684237e-01,1.322314049586776896e-01,1.326530612244898044e-01,0.000000000000000000e+00,0.000000000000000000e+00,1.887550200803212730e-01,1.328125000000000000e-01,2.098765432098765316e-01,1.578947368421052544e-01,1.664167916041978945e-01,8.284023668639053928e-02,1.680672268907563160e-01,1.491875923190546516e-01,2.805429864253393690e-01,1.652892561983471120e-01,1.044776119402985037e-01,1.615598885793871897e-01,1.538461538461538547e-01,1.534090909090909116e-01,2.053291536050156629e-01,2.215384615384615452e-01,0.000000000000000000e+00,1.518987341772151944e-01,1.780821917808219079e-01,1.501416430594900986e-01,1.543624161073825496e-01,1.517857142857142738e-01,0.000000000000000000e+00,1.557377049180327933e-01,1.535836177474402819e-01,2.067736185383244329e-01,0.000000000000000000e+00,2.631578947368420907e-01,0.000000000000000000e+00,0.000000000000000000e+00,1.269841269841269771e-01,0.000000000000000000e+00,1.485148514851485080e-01,1.590909090909090884e-01,1.635220125786163436e-01,1.681818181818181823e-01,1.553133514986375918e-01,2.005649717514124408e-01,1.647727272727272652e-01,1.925000000000000044e-01,1.369863013698630061e-01,2.076923076923077038e-01,1.941309255079006757e-01,1.709558823529411797e-01,2.551319648093841597e-01,1.710144927536231818e-01,0.000000000000000000e+00,1.562500000000000000e-01,1.333333333333333315e-01,2.707070707070707294e-01,1.867469879518072196e-01,1.813953488372093137e-01,1.633986928104575187e-01,1.162790697674418589e-01,7.142857142857142461e-02,0.000000000000000000e+00,2.083333333333333426e-01,0.000000000000000000e+00,1.496598639455782309e-01,1.206896551724137984e-01,2.139303482587064653e-01,1.790744466800804902e-01,1.983967935871743526e-01,0.000000000000000000e+00,1.754385964912280604e-01,1.855203619909502333e-01,2.115384615384615363e-01,1.084337349397590383e-01,1.864406779661016977e-01,1.782178217821782096e-01,8.333333333333332871e-02,1.111111111111111049e-01,1.100917431192660612e-01,1.293103448275862155e-01,9.322033898305084887e-02,1.809523809523809479e-01,1.264367816091954144e-01,1.764705882352941291e-01,1.801801801801801717e-01,1.515151515151515194e-01,1.553398058252427050e-01,1.134020618556701027e-01,1.526717557251908441e-01,1.609195402298850552e-01,2.201834862385321223e-01,1.416666666666666630e-01
7.702888583218707452e-02,7.842182172430589571e-02,1.029411764705882304e-01,1.663461538461538380e-01,1.938633193863319448e-01,1.102803738317757049e-01,0.000000000000000000e+00,0.000000000000000000e+00,0.000000000000000000e+00,1.090047393364928924e-01,5.860349127182044870e-02,8.871745419479266925e-02,6.696428571428571230e-02,0.000000000000000000e+00,1.096153846153846145e-01,1.044776119402985037e-01,9.460181721004810862e-02,2.037440139312146348e-01,1.118644067796610159e-01,1.434782608695652217e-01,1.040339702760084972e-01,0.000000000000000000e+00,2.205410362219165643e-01,2.177538008827856753e-01,7.391304347826087306e-02,0.000000000000000000e+00,8.219178082191780366e-02,7.812500000000000000e-02,8.144552319309600330e-02,9.807819748177601382e-02,4.216867469879517771e-02,1.934452438049560352e-01,4.719387755102040505e-02,7.926479035037334309e-02,1.854304635761589437e-01,8.836075563680682865e-02,7.864302235929067353e-02,7.651245551601423833e-02,1.210884353741496638e-01,1.005376344086021528e-01,1.344537815126050362e-01,7.821229050279329686e-02,8.483290488431877163e-02,7.770870337477797651e-02,9.402795425667090368e-02,0.000000000000000000e+00,9.260273972602739434e-02,1.189591078066914442e-01,9.186241610738254959e-02,6.597222222222222376e-02,7.874015748031495954e-02,5.223880597014925187e-02,8.018867924528301494e-02,6.593406593406593574e-02,6.944444444444444753e-02,2.147239263803681075e-01,1.111111111111111049e-01,9.174311926605505096e-02,1.016666666666666691e-01,8.131868131868132121e-02,9.811320754716981729e-02,2.219895287958115193e-01,2.152588555858310493e-01,2.176039119804401012e-01,8.269961977186311708e-02,6.424581005586592342e-02,5.964214711729622087e-02,7.441253263707571508e-02,8.177570093457943445e-02,7.024029574861367919e-02,8.647798742138364247e-02,8.421052631578947179e-02,9.059059059059058894e-02,5.778191985088537014e-02,2.109890109890109888e-01,8.322744599745870997e-02,6.666666666666666574e-02,9.427048634243836989e-02,1.896383186705767332e-01,8.115737473535639124e-02,2.233995584988962557e-01,1.973333333333333328e-01,1.199999999999999956e-01,9.494949494949495028e-02,1.267605633802816878e-01,8.518518518518518323e-02,8.981555733761026339e-02,0.000000000000000000e+00,8.441558441558441594e-02,9.361702127659574102e-02,1.085714285714285687e-01,9.832635983263599000e-02,2.174211248285322362e-01,7.027896995708154959e-02,1.221590909090909116e-01,2.117647058823529382e-01,1.883408071748878809e-01,6.775407779171895017e-02,7.827788649706457491e-02,1.800152555301296753e-01,9.527121001390820298e-02,9.008097165991903188e-02,7.272727272727272374e-02,6.259097525473071577e-02,7.725527831094049225e-02,4.519774011299435013e-02,1.096774193548387122e-01,0.000000000000000000e+00,1.089655172413793172e-01,0.000000000000000000e+00,8.653846153846153633e-02,8.243451463790446576e-02,1.068524970963995319e-01,8.483439860546193589e-02,8.216216216216215562e-02,5.084745762711864736e-02,6.143790849673202298e-02,8.646800195407913781e-02,1.331058020477815795e-01,9.173586397785686575e-02,1.904362416107382439e-01,9.237726098191215152e-02,1.107692307692307726e-01,9.510086455331412392e-02,1.015873015873015872e-01,8.874801901743264998e-02,9.027777777777777624e-02,7.612712490761271156e-02,8.716323296354992756e-02,1.081081081081081141e-01,0.000000000000000000e+00,1.128318584070796410e-01,0.000000000000000000e+00,9.544334975369457574e-02,9.145496535796766857e-02,9.333333333333333759e-02,6.430155210643015429e-02,9.775733179988499444e-02,7.507507507507507616e-02,8.504672897196262349e-02,8.108108108108108558e-02,9.560723514211885710e-02,9.251101321585902815e-02,7.746478873239436014e-02,5.116279069767441789e-02,0.000000000000000000e+00,6.744868035190615396e-02,0.000000000000000000e+00,0.000000000000000000e+00,9.157509157509156894e-02,8.545159545700378723e-02,6.757843925985518307e-02,1.080139372822299659e-01,7.255520504731861886e-02,1.207025411061285469e-01,1.121399176954732541e-01,1.355785837651122538e-01,8.785529715762273317e-02,1.808510638297872453e-01,1.110000000000000014e-01,9.183673469387755584e-02,9.764309764309764272e-02,1.253164556962025333e-01,8.723540731237973411e-02,1.658291457286432125e-01,0.000000000000000000e+00,1.190476190476190410e-01,0.000000000000000000e+00,9.413202933985330423e-02,1.934065934065934134e-01,1.003477396920019887e-01,0.000000000000000000e+00,0.000000000000000000e+00,1.132075471698113234e-01,7.132243684992570221e-02,7.196029776674937872e-02,9.626274065685164194e-02,2.129009517095523385e-01,1.329305135951661665e-01,8.472479901051330198e-02,1.805555555555555525e-01,8.438818565400843519e-02,8.512020792722546636e-02,5.263157894736841813e-02,1.837349397590361533e-01,8.197556008146639206e-02,8.620689655172414367e-02,0.000000000000000000e+00,8.370044052863435946e-02,9.027777777777777624e-02,0.000000000000000000e+00,9.411764705882352811e-02,6.412213740458015676e-02,8.196721311475409222e-02,1.875000000000000000e-01,1.448565430370888640e-01,8.828522920203735191e-02,0.000000000000000000e+00,6.017925736235595069e-02,8.904109589041095396e-02,8.880994671403197316e-02,9.166666666666666019e-02,6.795302013422818699e-02,9.987819732034104725e-02,8.071748878923766524e-02,6.614785992217898924e-02,7.680084745762712217e-02,9.102960671674767412e-02,0.000000000000000000e+00,8.353221957040572743e-02,1.113105924596050206e-01,9.618173030449492233e-02,9.253731343283581878e-02,1.251885369532428349e-01,9.001040582726327344e-02,1.776315789473684181e-01,2.308214528173795077e-01,0.000000000000000000e+00,3.973509933774834607e-02,0.000000000000000000e+00,0.000000000000000000e+00,6.432748538011695549e-02,7.180851063829787884e-02,1.085526315789473728e-01,2.001216545012165504e-01,0.000000000000000000e+00,6.354515050167224011e-02,0.000000000000000000e+00,8.629989212513484997e-02,6.296851574212893043e-02,2.042553191489361597e-01,1.037234042553191460e-01,0.000000000000000000e+00,0.000000000000000000e+00,8.924264351181862565e-02,2.100977198697068504e-01,7.776560788608981312e-02,1.664074650077760620e-01,1.284722222222222099e-01,2.007481296758104605e-01,1.037483266398929044e-01,2.082670906200317917e-01,8.970976253298153236e-02,8.112094395280236570e-02,9.509202453987730674e-02,8.144796380090497945e-02,7.692307692307692735e-02,7.397959183673469274e-02,9.285127362366474291e-02,1.472244569589702401e-01,0.000000000000000000e+00,9.154929577464789026e-02,1.842105263157894635e-01,8.114754098360656143e-02,2.383900928792569707e-01,1.395348837209302306e-01,0.000000000000000000e+00,2.178362573099415223e-01,8.820840950639853573e-02,8.923643054277828612e-02,0.000000000000000000e+00,9.702970297029703262e-02,0.000000000000000000e+00,0.000000000000000000e+00,1.633333333333333304e-01,0.000000000000000000e+00,8.948545861297539650e-02,1.059782608695652162e-01,8.224543080939947237e-02,8.084163898117387170e-02,9.187279151943462951e-02,2.075226977950713481e-01,7.782101167315175205e-02,2.138138138138138133e-01,7.591093117408906354e-02,1.213768115942028963e-01,9.090909090909091161e-02,9.736711376055638689e-02,8.294573643410853292e-02,2.039141414141414088e-01,0.000000000000000000e+00,2.793296089385474690e-02,7.987220447284344715e-02,8.196721311475409222e-02,7.303370786516853730e-02,8.247027234369005977e-02,6.083086053412462696e-02,9.523809523809523281e-02,9.550561797752808724e-02,0.000000000000000000e+00,1.081081081081081141e-01,0.000000000000000000e+00,7.397260273972602884e-02,8.510638297872340219e-02,9.308394954327968429e-02,1.785536159600997486e-01,8.796520057999032693e-02,0.000000000000000000e+00,1.641025641025641024e-01,1.362290227048371105e-01,8.505747126436781491e-02,7.972665148063781682e-02,9.885057471264367679e-02,1.061224489795918324e-01,1.061946902654867242e-01,8.955223880597014408e-02,7.036247334754797134e-02,1.014492753623188470e-01,5.543237250554323980e-02,9.533073929961088933e-02,8.631578947368420685e-02,9.775967413441954967e-02,9.839816933638444174e-02,9.072580645161290591e-02,6.642066420664206883e-02,9.263157894736842590e-02,9.828009828009827420e-02,7.415730337078652035e-02,8.948545861297539650e-02,1.006289308176100683e-01
1.805054151624548853e-01,1.197368421052631554e-01,2.046783625730994038e-01,2.556053811659192987e-01,1.417004048582996001e-01,3.672566371681416086e-01,0.000000000000000000e+00,0.000000000000000000e+00,0.000000000000000000e+00,3.522727272727272929e-01,3.832335329341317598e-01,2.873831775700934621e-01,3.703703703703703498e-01,0.000000000000000000e+00,2.123893805309734484e-01,1.900826446280991788e-01,4.211212516297261899e-01,1.205412054120541254e-01,1.140350877192982393e-01,1.758241758241758379e-01,1.714285714285714302e-01,0.000000000000000000e+00,1.171974522292993648e-01,1.609538002980625826e-01,1.785714285714285754e-01,0.000000000000000000e+00,9.677419354838709409e-02,9.195402298850574585e-02,1.439393939393939503e-01,1.755852842809364489e-01,1.206896551724137984e-01,1.388286334056399174e-01,8.895705521472392630e-02,1.104565537555228238e-01,1.300138312586445466e-01,1.242331288343558326e-01,4.666666666666666741e-01,1.182795698924731242e-01,2.077922077922078059e-01,1.953867028493894153e-01,3.368421052631578871e-01,1.587301587301587213e-01,3.414634146341463672e-01,1.360946745562130189e-01,1.019736842105263136e-01,0.000000000000000000e+00,1.512605042016806622e-01,1.637931034482758563e-01,1.233532934131736508e-01,1.290322580645161255e-01,3.628088426527958377e-01,1.592920353982300863e-01,1.139705882352941152e-01,6.565656565656566301e-02,9.554140127388535686e-02,1.580882352941176405e-01,1.208791208791208799e-01,1.929824561403508665e-01,1.771217712177121650e-01,1.399416909620991301e-01,1.985815602836879523e-01,1.205357142857142877e-01,1.271929824561403577e-01,1.090909090909090856e-01,1.535580524344569153e-01,1.038961038961039030e-01,8.379888268156424069e-02,1.287878787878787845e-01,1.437908496732026031e-01,1.338582677165354451e-01,1.226053639846743232e-01,1.079545454545454558e-01,1.834625322997416041e-01,4.093816631130063888e-01,1.479166666666666685e-01,1.700680272108843483e-01,7.352941176470588480e-02,1.079597438243366930e-01,7.396449704142012138e-02,2.038095238095238015e-01,1.274638633377135344e-01,1.094890510948905160e-01,2.200000000000000011e-01,1.468926553672316448e-01,1.726027397260274099e-01,1.519607843137254777e-01,1.656314699792960643e-01,0.000000000000000000e+00,2.409381663113006333e-01,1.316455696202531722e-01,2.310606060606060497e-01,1.773399014778325178e-01,1.182170542635658933e-01,4.193138500635323895e-01,1.825396825396825295e-01,1.478991596638655481e-01,1.598694942903751970e-01,1.231343283582089498e-01,1.428571428571428492e-01,1.204819277108433728e-01,1.254295532646048095e-01,1.260053619302949068e-01,8.794788273615634921e-02,2.330383480825958809e-01,1.798298906439854128e-01,1.688311688311688319e-01,8.547008547008547175e-02,0.000000000000000000e+00,1.639344262295081844e-01,0.000000000000000000e+00,9.401709401709401615e-02,1.285178236397748475e-01,8.940397350993377346e-02,1.294718909710391719e-01,3.727034120734908362e-01,4.237288135593220151e-01,3.628318584070796549e-01,1.265822784810126667e-01,7.859078590785907592e-02,1.693779904306220163e-01,1.402298850574712763e-01,1.649831649831649816e-01,1.298701298701298579e-01,1.670673076923076816e-01,1.519999999999999962e-01,1.461538461538461620e-01,1.265822784810126667e-01,3.501683501683501842e-01,2.884386174016686510e-01,1.491712707182320519e-01,0.000000000000000000e+00,2.582417582417582680e-01,0.000000000000000000e+00,3.323823109843081491e-01,2.810256410256410375e-01,4.862745098039215619e-01,1.263736263736263687e-01,1.598877980364656337e-01,4.121621621621621712e-01,3.348017621145374378e-01,3.492063492063491870e-01,1.818181818181818232e-01,1.632653061224489666e-01,1.518518518518518490e-01,1.458333333333333426e-01,0.000000000000000000e+00,1.495327102803738206e-01,0.000000000000000000e+00,0.000000000000000000e+00,3.598409542743538636e-01,4.038216560509554354e-01,1.380000000000000115e-01,1.681415929203539938e-01,3.141891891891891997e-01,1.582661290322580627e-01,2.411924119241192488e-01,1.757322175732217440e-01,3.850267379679144231e-01,1.145833333333333287e-01,1.320754716981132060e-01,3.809523809523809312e-01,4.166666666666666852e-01,1.407624633431085182e-01,1.482649842271293317e-01,1.010638297872340358e-01,0.000000000000000000e+00,1.420765027322404284e-01,0.000000000000000000e+00,1.766561514195583715e-01,1.176470588235294101e-01,1.248513674197384016e-01,0.000000000000000000e+00,0.000000000000000000e+00,1.176470588235294101e-02,1.659574468085106280e-01,3.645833333333333148e-01,1.590574374079528619e-01,1.075156576200417546e-01,1.755725190839694527e-01,1.546707503828483876e-01,5.970149253731343170e-02,1.764705882352941291e-01,3.852080123266564127e-01,2.952380952380952439e-01,1.360544217687074953e-01,4.049881235154394465e-01,1.123595505617977497e-01,0.000000000000000000e+00,1.000000000000000056e-01,2.028985507246376940e-01,0.000000000000000000e+00,1.280788177339901579e-01,9.533468559837728062e-02,1.219512195121951192e-01,1.120689655172413812e-01,1.070110701107011009e-01,1.283185840707964653e-01,0.000000000000000000e+00,1.736111111111111049e-01,1.502145922746781215e-01,1.302428256070640167e-01,1.268656716417910502e-01,2.970873786407767225e-01,1.684782608695652162e-01,4.083333333333333259e-01,3.412698412698412787e-01,2.932996207332490557e-01,1.182548794489093058e-01,0.000000000000000000e+00,1.646341463414634221e-01,1.911764705882352811e-01,1.389221556886227615e-01,1.167883211678832078e-01,1.706161137440758424e-01,3.571428571428571508e-01,1.157024793388429784e-01,9.072580645161290591e-02,0.000000000000000000e+00,1.098901098901098883e-01,0.000000000000000000e+00,0.000000000000000000e+00,1.527777777777777901e-01,2.346368715083798906e-01,1.904761904761904656e-01,1.466227347611202547e-01,0.000000000000000000e+00,3.719999999999999973e-01,0.000000000000000000e+00,1.700879765395894305e-01,1.239999999999999991e-01,1.168831168831168804e-01,3.057324840764331086e-01,0.000000000000000000e+00,0.000000000000000000e+00,1.517150395778364136e-01,8.547008547008547175e-02,1.801125703564727953e-01,9.166666666666666019e-02,2.021803766105054467e-01,1.156462585034013640e-01,1.683168316831683275e-01,1.461794019933554956e-01,1.687344913151364867e-01,1.526610644257703209e-01,1.666666666666666574e-01,4.396284829721362475e-01,1.400000000000000133e-01,2.391304347826087029e-01,1.535181236673774097e-01,1.428571428571428492e-01,0.000000000000000000e+00,2.636363636363636131e-01,1.711229946524064072e-01,1.312217194570135803e-01,1.148325358851674666e-01,1.709401709401709435e-01,0.000000000000000000e+00,1.161825726141078874e-01,3.896761133603238725e-01,1.486631016042780640e-01,0.000000000000000000e+00,1.206896551724137984e-01,0.000000000000000000e+00,0.000000000000000000e+00,1.465517241379310220e-01,0.000000000000000000e+00,1.186440677966101725e-01,1.020761245674740442e-01,8.921933085501858318e-02,1.637717121588089242e-01,1.117318435754189876e-01,1.535776614310645771e-01,1.431411530815109301e-01,1.141199226305609216e-01,1.980906921241050167e-01,2.216216216216216339e-01,2.045801526717557217e-01,3.387445887445887371e-01,1.440860215053763327e-01,1.107382550335570537e-01,0.000000000000000000e+00,4.347826086956521618e-02,4.933333333333333459e-01,1.959026888604353256e-01,1.442622950819672234e-01,1.830708661417322913e-01,1.346938775510204134e-01,1.040892193308550207e-01,1.710526315789473728e-01,0.000000000000000000e+00,1.129032258064516098e-01,0.000000000000000000e+00,1.469194312796208435e-01,1.212121212121212155e-01,1.674107142857142738e-01,1.386271870794077987e-01,1.421965317919075267e-01,0.000000000000000000e+00,1.313868613138686192e-01,1.083743842364532084e-01,1.441860465116279189e-01,1.377551020408163129e-01,2.449999999999999956e-01,1.822222222222222299e-01,1.767676767676767680e-01,1.244239631336405555e-01,1.954545454545454641e-01,1.591836734693877486e-01,1.637931034482758563e-01,1.652892561983471120e-01,1.493212669683257887e-01,2.200000000000000011e-01,1.413043478260869457e-01,2.560386473429951959e-01,1.517857142857142738e-01,1.773399014778325178e-01,1.900452488687782715e-01,2.201834862385321223e-01,1.363636363636363535e-01,1.707317073170731836e-01
1.376146788990825764e-01,1.147540983606557402e-01,2.500000000000000000e-01,3.592233009708737934e-01,1.111111111111111049e-01,2.307692307692307820e-01,0.000000000000000000e+00,0.000000000000000000e+00,0.000000000000000000e+00,1.176470588235294101e-01,1.621621621621621712e-01,1.192660550458715663e-01,1.153846153846153910e-01,0.000000000000000000e+00,1.016949152542372947e-01,1.851851851851851749e-01,1.489361702127659504e-01,1.352941176470588147e-01,1.052631578947368363e-01,1.818181818181818232e-01,1.785714285714285754e-01,0.000000000000000000e+00,2.000000000000000111e-01,2.483660130718954306e-01,9.756097560975610095e-02,0.000000000000000000e+00,1.891891891891891997e-01,1.470588235294117696e-01,4.242424242424242681e-02,1.006289308176100683e-01,1.499999999999999944e-01,1.452991452991453103e-01,1.384615384615384692e-01,5.780346820809248443e-02,1.791907514450866989e-01,1.342281879194630878e-01,7.142857142857142461e-02,7.619047619047619735e-02,1.333333333333333315e-01,9.929078014184397616e-02,4.285714285714285476e-01,1.037735849056603821e-01,1.315789473684210453e-01,7.303370786516853730e-02,4.411764705882353227e-02,0.000000000000000000e+00,1.467391304347826220e-01,2.758620689655172376e-01,1.232227488151658723e-01,1.739130434782608647e-01,1.007751937984496110e-01,1.052631578947368363e-01,4.444444444444444614e-02,8.823529411764706454e-02,6.250000000000000000e-02,1.176470588235294101e-01,0.000000000000000000e+00,1.111111111111111049e-01,9.615384615384615918e-02,6.172839506172839164e-02,2.702702702702702853e-02,1.710526315789473728e-01,1.199999999999999956e-01,1.739130434782608647e-01,1.573033707865168496e-01,1.842105263157894635e-01,1.058823529411764691e-01,8.695652173913043237e-02,9.756097560975610095e-02,5.128205128205128027e-02,9.868421052631579093e-02,9.722222222222222376e-02,6.250000000000000000e-02,1.162790697674418589e-01,2.032520325203251987e-01,1.269841269841269771e-01,5.000000000000000278e-02,1.064638783269961919e-01,7.619047619047619735e-02,1.637931034482758563e-01,2.738853503184713323e-01,1.568627450980392135e-01,2.878787878787879007e-01,1.562500000000000000e-01,1.165048543689320426e-01,4.878048780487805047e-02,1.463414634146341375e-01,0.000000000000000000e+00,1.504424778761062065e-01,7.777777777777777901e-02,2.222222222222222099e-01,1.000000000000000056e-01,1.830985915492957805e-01,1.317365269461077959e-01,1.199999999999999956e-01,2.148760330578512456e-01,2.275862068965517349e-01,1.499999999999999944e-01,8.108108108108108558e-02,1.428571428571428492e-01,8.181818181818181768e-02,8.695652173913043237e-02,9.638554216867470381e-02,1.123595505617977497e-01,1.089108910891089105e-01,8.333333333333332871e-02,2.941176470588235253e-02,0.000000000000000000e+00,7.407407407407406996e-02,0.000000000000000000e+00,6.666666666666666574e-02,9.349593495934958864e-02,1.250000000000000000e-01,1.265822784810126667e-01,1.630434782608695676e-01,7.894736842105262720e-02,1.898734177215190000e-01,1.162790697674418589e-01,1.685393258426966245e-01,1.148325358851674666e-01,1.734693877551020391e-01,8.441558441558441594e-02,9.523809523809523281e-02,1.191709844559585424e-01,1.379310344827586188e-01,1.176470588235294101e-01,7.964601769911504314e-02,9.756097560975610095e-02,1.428571428571428492e-01,8.571428571428571508e-02,0.000000000000000000e+00,8.108108108108108558e-02,0.000000000000000000e+00,9.202453987730060958e-02,1.133004926108374388e-01,9.090909090909091161e-02,7.499999999999999722e-02,1.111111111111111049e-01,1.463414634146341375e-01,9.375000000000000000e-02,1.463414634146341375e-01,1.309523809523809590e-01,2.352941176470588203e-01,2.037037037037036924e-01,4.166666666666666435e-02,0.000000000000000000e+00,1.333333333333333315e-01,0.000000000000000000e+00,0.000000000000000000e+00,1.057692307692307682e-01,1.875000000000000000e-01,1.250000000000000000e-01,1.351351351351351426e-01,3.333333333333333287e-02,1.401869158878504551e-01,2.023809523809523836e-01,2.389380530973451433e-01,1.219512195121951192e-01,2.631578947368420907e-01,1.634615384615384637e-01,1.067961165048543631e-01,1.481481481481481399e-01,1.232876712328767055e-01,1.007194244604316530e-01,2.553191489361701927e-01,0.000000000000000000e+00,2.982456140350877027e-01,0.000000000000000000e+00,1.549295774647887203e-01,2.432432432432432567e-01,1.094527363184079616e-01,0.000000000000000000e+00,0.000000000000000000e+00,1.600000000000000033e-01,1.176470588235294101e-01,1.607142857142857262e-01,9.036144578313252962e-02,1.255411255411255367e-01,2.916666666666666852e-01,1.151515151515151575e-01,1.666666666666666574e-01,6.250000000000000000e-02,1.751824817518248256e-01,7.142857142857142461e-02,2.121212121212121271e-01,1.481481481481481399e-01,1.111111111111111049e-01,0.000000000000000000e+00,1.481481481481481399e-01,1.034482758620689641e-01,0.000000000000000000e+00,9.550561797752808724e-02,9.523809523809523281e-02,9.677419354838709409e-02,1.204819277108433728e-01,1.491228070175438514e-01,1.413043478260869457e-01,0.000000000000000000e+00,1.509433962264150886e-01,1.463414634146341375e-01,7.058823529411764608e-02,1.016949152542372947e-01,1.098901098901098883e-01,1.168831168831168804e-01,1.071428571428571369e-01,2.500000000000000000e-01,1.137724550898203540e-01,5.235602094240837667e-02,0.000000000000000000e+00,8.108108108108108558e-02,6.122448979591836593e-02,1.203703703703703637e-01,1.199999999999999956e-01,1.206896551724137984e-01,1.318681318681318715e-01,3.703703703703703498e-01,1.293103448275862155e-01,0.000000000000000000e+00,9.090909090909091161e-02,0.000000000000000000e+00,0.000000000000000000e+00,1.176470588235294101e-01,9.638554216867470381e-02,1.333333333333333315e-01,2.448979591836734637e-01,0.000000000000000000e+00,2.000000000000000111e-01,0.000000000000000000e+00,1.241379310344827569e-01,1.346153846153846090e-01,2.000000000000000111e-01,1.499999999999999944e-01,0.000000000000000000e+00,0.000000000000000000e+00,8.441558441558441594e-02,3.469387755102040782e-01,1.293103448275862155e-01,1.454545454545454475e-01,1.756756756756756854e-01,1.833333333333333204e-01,1.392405063291139167e-01,1.589743589743589647e-01,1.100000000000000006e-01,1.267605633802816878e-01,1.025641025641025605e-01,8.396946564885496289e-02,1.315789473684210453e-01,1.710526315789473728e-01,1.329787234042553168e-01,1.391304347826086973e-01,0.000000000000000000e+00,1.250000000000000000e-01,1.600000000000000033e-01,1.150442477876106179e-01,2.363636363636363591e-01,4.285714285714285476e-01,0.000000000000000000e+00,1.818181818181818232e-01,1.325966850828729227e-01,6.185567010309278579e-02,0.000000000000000000e+00,4.444444444444444614e-02,0.000000000000000000e+00,0.000000000000000000e+00,2.173913043478260809e-01,0.000000000000000000e+00,1.538461538461538547e-01,1.344537815126050362e-01,1.466666666666666674e-01,5.494505494505494414e-02,8.571428571428571508e-02,1.544117647058823595e-01,1.166666666666666685e-01,1.773049645390070983e-01,1.777777777777777846e-01,1.136363636363636326e-01,7.096774193548387177e-02,1.350000000000000089e-01,7.894736842105262720e-02,2.435897435897435848e-01,0.000000000000000000e+00,4.761904761904761640e-02,6.896551724137930939e-02,1.073446327683615781e-01,1.428571428571428492e-01,9.600000000000000200e-02,1.194029850746268634e-01,7.462686567164178442e-02,6.666666666666666574e-02,0.000000000000000000e+00,2.727272727272727071e-01,0.000000000000000000e+00,9.259259259259258745e-02,1.470588235294117696e-01,9.663865546218487756e-02,1.627906976744186163e-01,9.595959595959595301e-02,0.000000000000000000e+00,1.891891891891891997e-01,1.666666666666666574e-01,1.000000000000000056e-01,1.111111111111111049e-01,9.302325581395348708e-02,2.033898305084745894e-01,1.698113207547169712e-01,1.153846153846153910e-01,9.259259259259258745e-02,1.129032258064516098e-01,1.176470588235294101e-01,8.333333333333332871e-02,1.333333333333333315e-01,1.764705882352941291e-01,6.250000000000000000e-02,2.250000000000000056e-01,1.111111111111111049e-01,4.166666666666666435e-02,1.063829787234042562e-01,7.692307692307692735e-02,1.063829787234042562e-01,1.818181818181818232e-01
1.079429735234215953e-01,7.199424046076313699e-02,1.380753138075313802e-01,3.065902578796561584e-01,2.037422037422037535e-01,2.584541062801932187e-01,0.000000000000000000e+00,0.000000000000000000e+00,0.000000000000000000e+00,1.199999999999999956e-01,6.481481481481481122e-02,9.043250327653996889e-02,9.259259259259258745e-02,0.000000000000000000e+00,1.158690176322418192e-01,2.272727272727272652e-01,1.217183770883054905e-01,2.279220779220779147e-01,1.382488479262672931e-01,1.928571428571428659e-01,1.699716713881019858e-01,0.000000000000000000e+00,2.544378698224852298e-01,3.114869626497533406e-01,7.667731629392970927e-02,0.000000000000000000e+00,5.844155844155844021e-02,1.023391812865497019e-01,6.307053941908713490e-02,1.081900910010111239e-01,9.090909090909091161e-02,1.947194719471947166e-01,6.382978723404254817e-02,6.719022687609074729e-02,1.985765124555160244e-01,7.795698924731182811e-02,1.010332950631458032e-01,7.392996108949416445e-02,1.686746987951807109e-01,8.731466227347611797e-02,1.582278481012658333e-01,8.320251177394034914e-02,1.335877862595419852e-01,6.675938803894297668e-02,7.414829659318637745e-02,0.000000000000000000e+00,8.108108108108108558e-02,1.302325581395348819e-01,7.359586830213041275e-02,7.344632768361582242e-02,1.193277310924369811e-01,6.735751295336787903e-02,3.944315545243619325e-02,9.180327868852458661e-02,8.650519031141867821e-02,2.648556876061120557e-01,1.145833333333333287e-01,9.477124183006535585e-02,1.918735891647855574e-01,7.228915662650602092e-02,8.910891089108910479e-02,2.420814479638009054e-01,2.560706401766004170e-01,2.418300653594771255e-01,8.783297336213102824e-02,8.823529411764706454e-02,3.829160530191458300e-02,7.330827067669172525e-02,1.241379310344827569e-01,6.483790523690773078e-02,6.022187004754358391e-02,8.210180623973727110e-02,8.133230054221533833e-02,1.050359712230215792e-01,2.637362637362637430e-01,8.699472759226713203e-02,6.716417910447761153e-02,8.154943934760448820e-02,1.760355029585798925e-01,7.828004410143329928e-02,2.378768020969855845e-01,2.373225152129817550e-01,2.012578616352201366e-01,1.114285714285714324e-01,2.325581395348837177e-01,7.836990595611285915e-02,7.047387606318347708e-02,0.000000000000000000e+00,9.636871508379887818e-02,9.734513274336283051e-02,1.505154639175257658e-01,1.078167115902965018e-01,2.090729783037475475e-01,9.591326105087573384e-02,1.975308641975308532e-01,3.441734417344173291e-01,2.147887323943661886e-01,6.827309236947791404e-02,4.615384615384615641e-02,1.881287726358149004e-01,8.987603305785124563e-02,5.891238670694864260e-02,7.869481765834933362e-02,6.191222570532915054e-02,6.661786237188872806e-02,4.545454545454545581e-02,5.000000000000000278e-02,0.000000000000000000e+00,9.543568464730289858e-02,0.000000000000000000e+00,9.090909090909091161e-02,7.878090856814261300e-02,7.949790794979079422e-02,7.798960138648179663e-02,1.100000000000000006e-01,5.182341650671785233e-02,1.381443298969072253e-01,9.025787965616045849e-02,1.435726210350584398e-01,1.065523576240049036e-01,2.556480380499405736e-01,8.093525179856114748e-02,8.365019011406843452e-02,9.876543209876542662e-02,9.047619047619047394e-02,7.368421052631578261e-02,7.073170731707316417e-02,1.050847457627118592e-01,1.302982731554160056e-01,9.235668789808916535e-02,0.000000000000000000e+00,1.452702702702702575e-01,0.000000000000000000e+00,1.118299445471349352e-01,1.153054221002059038e-01,1.059190031152647954e-01,6.766917293233082331e-02,7.896995708154506965e-02,1.189427312775330342e-01,8.720930232558139761e-02,1.305970149253731227e-01,1.029923451635351428e-01,7.053941908713692865e-02,9.853249475890984987e-02,7.462686567164178442e-02,0.000000000000000000e+00,8.247422680412370977e-02,0.000000000000000000e+00,0.000000000000000000e+00,1.154891304347826081e-01,1.178829190056134707e-01,9.425287356321838950e-02,1.761658031088082776e-01,1.037037037037037007e-01,1.646586345381526040e-01,1.572871572871572809e-01,1.911764705882352811e-01,1.133603238866396773e-01,2.445652173913043514e-01,1.746248294679399737e-01,9.116022099447514127e-02,1.370786516853932657e-01,1.414538310412573607e-01,9.318637274549097793e-02,2.342995169082125739e-01,0.000000000000000000e+00,1.384180790960451990e-01,0.000000000000000000e+00,8.097165991902834092e-02,2.445255474452554811e-01,8.422555317630264771e-02,0.000000000000000000e+00,0.000000000000000000e+00,1.215469613259668458e-01,9.020618556701030799e-02,1.199999999999999956e-01,7.718405428329092044e-02,2.389937106918239018e-01,1.688311688311688319e-01,7.871972318339100216e-02,3.611111111111111049e-01,5.128205128205128027e-02,1.215415019762845911e-01,7.142857142857142461e-02,1.713286713286713281e-01,1.139041633935585218e-01,4.724409448818897572e-02,0.000000000000000000e+00,1.179775280898876372e-01,1.051282051282051294e-01,0.000000000000000000e+00,7.637795275590551769e-02,4.502369668246445494e-02,9.009009009009008584e-02,1.712230215827338087e-01,1.879396984924623093e-01,1.018518518518518462e-01,0.000000000000000000e+00,8.196721311475409222e-02,1.062906724511930578e-01,8.042895442359249136e-02,6.632653061224490221e-02,7.872078720787208106e-02,1.377551020408163129e-01,1.959459459459459429e-01,8.717948717948717507e-02,1.142421934501142433e-01,9.839357429718875725e-02,0.000000000000000000e+00,7.827476038338658515e-02,1.945945945945946054e-01,9.419263456090651299e-02,8.810572687224670074e-02,1.536458333333333426e-01,1.117597998331943260e-01,3.842975206611570216e-01,2.451171875000000000e-01,0.000000000000000000e+00,8.333333333333332871e-02,0.000000000000000000e+00,0.000000000000000000e+00,5.555555555555555247e-02,7.441016333938293981e-02,5.936073059360730264e-02,3.496985357450473897e-01,0.000000000000000000e+00,8.077994428969359486e-02,0.000000000000000000e+00,9.363957597173144798e-02,6.233766233766233761e-02,2.493074792243767379e-01,1.666666666666666574e-01,0.000000000000000000e+00,0.000000000000000000e+00,1.022889842632331847e-01,3.597285067873303155e-01,8.526740665993945423e-02,1.805985552115583204e-01,1.738879260543038652e-01,2.712765957446808263e-01,7.971745711402623835e-02,2.660766961651917506e-01,8.152173913043478382e-02,7.263922518159805775e-02,1.145374449339207068e-01,9.960937500000000000e-02,6.097560975609755962e-02,1.106639839034205264e-01,9.358128374325135057e-02,1.664804469273742926e-01,0.000000000000000000e+00,1.009615384615384637e-01,2.020460358056266059e-01,6.617647058823529493e-02,2.582159624413145615e-01,2.016129032258064391e-01,0.000000000000000000e+00,2.523809523809523725e-01,1.058901389808074162e-01,7.687120701281187352e-02,0.000000000000000000e+00,7.070707070707070441e-02,0.000000000000000000e+00,0.000000000000000000e+00,3.351063829787234161e-01,0.000000000000000000e+00,6.985294117647058987e-02,7.263681592039801516e-02,5.327868852459016064e-02,8.580343213728548746e-02,7.106076210092687750e-02,1.996161228406909682e-01,8.680555555555555247e-02,2.343324250681198817e-01,8.207705192629816127e-02,1.352941176470588147e-01,7.706422018348624281e-02,1.568047337278106468e-01,6.626506024096386060e-02,1.954590325765054315e-01,0.000000000000000000e+00,6.802721088435373896e-03,1.121495327102803724e-01,9.441087613293051850e-02,7.564575645756457800e-02,7.589285714285713691e-02,5.111111111111111410e-02,6.274509803921568540e-02,6.818181818181817677e-02,0.000000000000000000e+00,9.090909090909091161e-02,0.000000000000000000e+00,7.541478129713423406e-02,6.603773584905660299e-02,9.730440499671269561e-02,1.950235373234700809e-01,9.151785714285713691e-02,0.000000000000000000e+00,2.457627118644067910e-01,1.588785046728971861e-01,1.133333333333333276e-01,1.386861313868613110e-01,9.904153354632587447e-02,9.061488673139159178e-02,1.064516129032258007e-01,1.194029850746268634e-01,1.210526315789473700e-01,1.210526315789473700e-01,1.091954022988505801e-01,1.008645533141210443e-01,1.018518518518518462e-01,1.151832460732984259e-01,1.169230769230769212e-01,8.683473389355741978e-02,1.335149863760217992e-01,1.057142857142857190e-01,1.129032258064516098e-01,8.832807570977918576e-02,1.220238095238095205e-01,1.297935103244837740e-01
9.890109890109889668e-02,8.272208638956805860e-02,9.856262833675565049e-02,2.192513368983957101e-01,1.990686845168800900e-01,1.595092024539877251e-01,0.000000000000000000e+00,0.000000000000000000e+00,0.000000000000000000e+00,8.636363636363636465e-02,5.717255717255717573e-02,1.123417721518987361e-01,7.547169811320754429e-02,0.000000000000000000e+00,1.116352201257861665e-01,1.596806387225548907e-01,1.002267573696145192e-01,1.927102129195236435e-01,1.061452513966480438e-01,1.093247588424437339e-01,1.270358306188925090e-01,0.000000000000000000e+00,2.098113207547169790e-01,2.197273456295108229e-01,7.971014492753622505e-02,0.000000000000000000e+00,7.228915662650602092e-02,7.581227436823104182e-02,8.555657773689052947e-02,9.647696476964769119e-02,7.179487179487178961e-02,1.758448060075093744e-01,7.792207792207792028e-02,7.432740538075695291e-02,2.033966841892438371e-01,8.444216990788126764e-02,9.123434704830053754e-02,6.549628629304524163e-02,1.097560975609756101e-01,7.326007326007326348e-02,1.487889273356401421e-01,8.376511226252159048e-02,1.051502145922746795e-01,6.727272727272727570e-02,8.512931034482758286e-02,0.000000000000000000e+00,1.046250561293219639e-01,1.098901098901098883e-01,8.627581612258494737e-02,7.228915662650602092e-02,9.489051094890510463e-02,5.121293800539083313e-02,6.642512077294686346e-02,9.632224168126093944e-02,4.398148148148148251e-02,1.755888650963597364e-01,8.841463414634145868e-02,1.266540642722117083e-01,1.283018867924528295e-01,7.713248638838475502e-02,8.799999999999999489e-02,2.122347066167290797e-01,2.030360531309297889e-01,1.507936507936507853e-01,6.604127579737335829e-02,8.747514910536779986e-02,6.840148698884758460e-02,9.474768280123584130e-02,1.100628930817610096e-01,8.243243243243243701e-02,7.385892116182572742e-02,7.257304429783223432e-02,1.074999999999999983e-01,9.400444115470021900e-02,1.801104972375690561e-01,8.532934131736527594e-02,7.116104868913857018e-02,7.031669350509929528e-02,1.554321966693100743e-01,6.802325581395349263e-02,1.900383141762451988e-01,1.844660194174757295e-01,1.404821280133000949e-01,7.053291536050156074e-02,2.030744336569579311e-01,9.587020648967552183e-02,9.050911376492772054e-02,0.000000000000000000e+00,9.367681498829040498e-02,7.193675889328063344e-02,1.123058542413381128e-01,1.057142857142857190e-01,1.866295264623955563e-01,8.127208480565370485e-02,1.323529411764705899e-01,2.545109211775878344e-01,2.397910731244064508e-01,5.723542116630669224e-02,6.763285024154588876e-02,1.907855877141169387e-01,6.795077581594435867e-02,8.024691358024690913e-02,8.051689860834990164e-02,7.745901639344261735e-02,8.339889850511408853e-02,7.762557077625570345e-02,6.075949367088607361e-02,0.000000000000000000e+00,6.363636363636362980e-02,0.000000000000000000e+00,5.279503105590062362e-02,7.835935108662381299e-02,9.619450317124736416e-02,9.017560512577123266e-02,8.356545961002785627e-02,5.980066445182724566e-02,1.020642201834862373e-01,8.491620111731842946e-02,1.321695760598503855e-01,9.082062925721699764e-02,1.702721563154221962e-01,8.742886704604242720e-02,5.700712589073634456e-02,1.014549744396382180e-01,1.229946524064171182e-01,1.049790041991601613e-01,8.353080568720379351e-02,1.017890191239975289e-01,1.130284728213977602e-01,5.222437137330754320e-02,0.000000000000000000e+00,1.006864988558352353e-01,0.000000000000000000e+00,9.839259620068192824e-02,1.040570999248685152e-01,8.503937007874015630e-02,7.291666666666667129e-02,9.689213893967092706e-02,6.220095693779904150e-02,9.098101265822784722e-02,9.418837675350701100e-02,6.469248291571753906e-02,9.038461538461538269e-02,7.884856070087609137e-02,7.534246575342465335e-02,0.000000000000000000e+00,9.068627450980391858e-02,0.000000000000000000e+00,0.000000000000000000e+00,1.040056219255094810e-01,8.296943231441047950e-02,6.573705179282868238e-02,1.364829396325459299e-01,9.102730819245773153e-02,1.363363363363363501e-01,1.309236947791164729e-01,1.521739130434782705e-01,1.064718162839248389e-01,1.778523489932885837e-01,1.313131313131313260e-01,1.067301155676410596e-01,9.471094710947108863e-02,1.891367604267701341e-01,9.052408681842244453e-02,1.755319148936170248e-01,0.000000000000000000e+00,1.615798922800718018e-01,0.000000000000000000e+00,7.708779443254817898e-02,1.853211009174312029e-01,9.044635865309318123e-02,0.000000000000000000e+00,0.000000000000000000e+00,9.608540925266903510e-02,4.909560723514212049e-02,1.247113163972286415e-01,8.113120074177097851e-02,1.976307425599537759e-01,1.606714628297362113e-01,9.797297297297297147e-02,2.760000000000000231e-01,6.844106463878327218e-02,1.124620060790273574e-01,6.060606060606060774e-02,1.748400852878464751e-01,8.373590982286634177e-02,6.041666666666666713e-02,0.000000000000000000e+00,1.237785016286644946e-01,8.673469387755101956e-02,0.000000000000000000e+00,9.533898305084745339e-02,6.885660138976626432e-02,6.236559139784945971e-02,1.866666666666666752e-01,1.425233644859812965e-01,6.966618287373003982e-02,0.000000000000000000e+00,6.113537117903929813e-02,7.244501940491590575e-02,8.237677245104658985e-02,7.682291666666667129e-02,6.019830028328611998e-02,1.117533718689788097e-01,1.115107913669064754e-01,7.236842105263158187e-02,9.893992932862190337e-02,8.664868509777477745e-02,0.000000000000000000e+00,7.289527720739219507e-02,1.793785310734463401e-01,8.901592486729277554e-02,7.614213197969543767e-02,1.077922077922077865e-01,1.106271777003484252e-01,2.453333333333333199e-01,1.741901221455124937e-01,0.000000000000000000e+00,6.230529595015576322e-02,0.000000000000000000e+00,0.000000000000000000e+00,9.239130434782608092e-02,7.739307535641547220e-02,1.143617021276595730e-01,2.536514118792599914e-01,0.000000000000000000e+00,7.552870090634440647e-02,0.000000000000000000e+00,7.531760435571688284e-02,5.882352941176470507e-02,1.693290734824281218e-01,1.186046511627907030e-01,0.000000000000000000e+00,0.000000000000000000e+00,7.282132908873856225e-02,2.581081081081080808e-01,6.922851276034026891e-02,1.371216800494132193e-01,1.249605553802461411e-01,1.832829808660624282e-01,1.086705202312138741e-01,2.009073233959818572e-01,9.758241758241757713e-02,6.922126081582199997e-02,9.254498714652956148e-02,7.746100053792361051e-02,8.561643835616437881e-02,9.299895506792058009e-02,6.999282124910265190e-02,1.403162055335968328e-01,0.000000000000000000e+00,8.860759493670886111e-02,2.249657064471879409e-01,9.623964308476737339e-02,1.997439180537771974e-01,1.201923076923076955e-01,0.000000000000000000e+00,1.776960784313725561e-01,8.985085485631139068e-02,8.889669711876317659e-02,0.000000000000000000e+00,1.025210084033613411e-01,0.000000000000000000e+00,0.000000000000000000e+00,2.291666666666666574e-01,0.000000000000000000e+00,7.251908396946564472e-02,9.428879310344827347e-02,9.268795056642636920e-02,7.754010695187166236e-02,8.425110132158590559e-02,1.664816870144284200e-01,1.037037037037037007e-01,1.940298507462686617e-01,8.707360861759425030e-02,9.452736318407960192e-02,9.667519181585677857e-02,1.311084624553039424e-01,7.678355501813784179e-02,2.070393374741200943e-01,0.000000000000000000e+00,4.526748971193415849e-02,1.094147582697201082e-01,6.814516129032258118e-02,5.950991831971995383e-02,8.606431852986216879e-02,6.937799043062201076e-02,7.785888077858880985e-02,9.004739336492890989e-02,0.000000000000000000e+00,7.692307692307692735e-02,0.000000000000000000e+00,7.446808510638297518e-02,5.952380952380952051e-02,8.744817188088956084e-02,1.834828101644245257e-01,1.040439733019238311e-01,0.000000000000000000e+00,1.781472684085510794e-01,1.096256684491978550e-01,8.113207547169810907e-02,9.626719056974460120e-02,8.591065292096219941e-02,9.782608695652174335e-02,9.126984126984126477e-02,1.023339317773788171e-01,1.109350237717908055e-01,1.046511627906976799e-01,1.042830540037243958e-01,8.907563025210084307e-02,8.914100486223662523e-02,7.637655417406749581e-02,9.632224168126093944e-02,6.445672191528545314e-02,9.569377990430621983e-02,1.068447412353923237e-01,7.428571428571428825e-02,9.851301115241635487e-02,9.659090909090908839e-02,7.594936708860759722e-02
1.225490196078431321e-01,1.174698795180722927e-01,1.379310344827586188e-01,5.780346820809248443e-02,1.858407079646017812e-01,7.228915662650602092e-02,0.000000000000000000e+00,0.000000000000000000e+00,0.000000000000000000e+00,1.818181818181818232e-01,1.219512195121951192e-01,9.444444444444444198e-02,1.521739130434782705e-01,0.000000000000000000e+00,2.075471698113207641e-01,1.944444444444444475e-01,1.296928327645051060e-01,1.492537313432835688e-01,1.730769230769230727e-01,1.875000000000000000e-01,1.627906976744186163e-01,0.000000000000000000e+00,8.831908831908831525e-02,9.897610921501706627e-02,2.093023255813953598e-01,0.000000000000000000e+00,4.269662921348314488e-01,1.250000000000000000e-01,1.302931596091205235e-01,1.772151898734177222e-01,1.600000000000000033e-01,1.385281385281385280e-01,9.154929577464789026e-02,4.064327485380117011e-01,1.385542168674698815e-01,1.535836177474402819e-01,9.644670050761421087e-02,4.734513274336283328e-01,1.452991452991453103e-01,1.197411003236245886e-01,4.545454545454545581e-02,1.082802547770700674e-01,5.084745762711864736e-02,4.268585131894484519e-01,4.492753623188405765e-01,0.000000000000000000e+00,1.649831649831649816e-01,1.428571428571428492e-01,3.784946236559139643e-01,1.707317073170731836e-01,1.274131274131274083e-01,6.779661016949152519e-02,4.014598540145985495e-01,2.000000000000000111e-01,1.363636363636363535e-01,7.299270072992700142e-02,9.803921568627450844e-02,1.917808219178082085e-01,2.178217821782178210e-01,1.052631578947368363e-01,3.421052631578947456e-01,1.151079136690647542e-01,1.210191082802547780e-01,1.718750000000000000e-01,1.173184357541899453e-01,1.538461538461538547e-01,4.098360655737705027e-01,1.984732824427480891e-01,1.392405063291139167e-01,4.130434782608695676e-01,5.378590078328981949e-01,4.197530864197530631e-01,1.274787535410764894e-01,1.474358974358974395e-01,1.288888888888888862e-01,1.685823754789272100e-01,4.000000000000000222e-01,4.372623574144486880e-01,5.369127516778523374e-02,1.031746031746031689e-01,1.204819277108433728e-01,9.322033898305084887e-02,1.390728476821191939e-01,1.875000000000000000e-01,1.454545454545454475e-01,2.441860465116278966e-01,2.142857142857142738e-01,0.000000000000000000e+00,1.369863013698630061e-01,2.844036697247706580e-01,1.018518518518518462e-01,1.958762886597938124e-01,1.017699115044247843e-01,1.452145214521452232e-01,1.525423728813559421e-01,1.415525114155251063e-01,1.833910034602076189e-01,3.962264150943396457e-01,4.600000000000000200e-01,1.713147410358565603e-01,4.222972972972973138e-01,4.777777777777778012e-01,3.698630136986301165e-01,1.264705882352941124e-01,1.515151515151515194e-01,1.935483870967741882e-01,5.116279069767442067e-01,0.000000000000000000e+00,1.640625000000000000e-01,0.000000000000000000e+00,1.086956521739130405e-01,3.426853707414829753e-01,1.197183098591549227e-01,1.684587813620071761e-01,1.148648648648648712e-01,1.000000000000000056e-01,1.571428571428571397e-01,3.589108910891088966e-01,1.342281879194630878e-01,1.509900990099009854e-01,1.516853932584269760e-01,1.751824817518248256e-01,3.777777777777777679e-01,1.469072164948453663e-01,1.568627450980392135e-01,1.199999999999999956e-01,2.057613168724279906e-01,1.101694915254237267e-01,1.335504885993485380e-01,2.027027027027027140e-01,0.000000000000000000e+00,2.465753424657534110e-01,0.000000000000000000e+00,1.103202846975089024e-01,1.512820512820512719e-01,1.754385964912280604e-01,1.794871794871794879e-01,1.677419354838709797e-01,1.090909090909090856e-01,1.857923497267759683e-01,1.527777777777777901e-01,1.836734693877551117e-01,2.000000000000000111e-01,1.896551724137930939e-01,1.521739130434782705e-01,0.000000000000000000e+00,1.794871794871794879e-01,0.000000000000000000e+00,0.000000000000000000e+00,1.388888888888888951e-01,9.594095940959410096e-02,1.761904761904762029e-01,1.111111111111111049e-01,1.037735849056603821e-01,1.924050632911392389e-01,1.643835616438356073e-01,1.179487179487179460e-01,1.518987341772151944e-01,1.600000000000000033e-01,1.940298507462686617e-01,1.256830601092896182e-01,2.025316455696202500e-01,1.276595744680850963e-01,1.390977443609022479e-01,2.110091743119266172e-01,0.000000000000000000e+00,1.647058823529411742e-01,0.000000000000000000e+00,1.968503937007874127e-01,1.000000000000000056e-01,2.748691099476439637e-01,0.000000000000000000e+00,0.000000000000000000e+00,2.127659574468085055e-02,1.372549019607843257e-01,1.592920353982300863e-01,3.490566037735848837e-01,1.268292682926829285e-01,1.698113207547169712e-01,1.771217712177121650e-01,1.290322580645161255e-01,1.142857142857142821e-01,8.243727598566308323e-02,4.285714285714285476e-01,1.093750000000000000e-01,1.176470588235294101e-01,3.857142857142857317e-01,0.000000000000000000e+00,1.320754716981132060e-01,1.203703703703703637e-01,0.000000000000000000e+00,3.486486486486486402e-01,3.228699551569506609e-01,5.769230769230768718e-01,1.202185792349726723e-01,8.171206225680933966e-02,4.089068825910930904e-01,0.000000000000000000e+00,1.565217391304347949e-01,1.325301204819277212e-01,3.597883597883597684e-01,3.392857142857143016e-01,4.395604395604395948e-02,1.666666666666666574e-01,1.111111111111111049e-01,9.615384615384615918e-02,1.513157894736842091e-01,4.152334152334152262e-01,0.000000000000000000e+00,1.503267973856209083e-01,1.555555555555555580e-01,3.099999999999999978e-01,4.464285714285714524e-01,2.631578947368420907e-01,1.170886075949367083e-01,1.071428571428571369e-01,7.511737089201878104e-02,0.000000000000000000e+00,4.666666666666666741e-01,0.000000000000000000e+00,0.000000000000000000e+00,1.749999999999999889e-01,3.361344537815126321e-01,1.718750000000000000e-01,1.318681318681318715e-01,0.000000000000000000e+00,1.794871794871794879e-01,0.000000000000000000e+00,1.762711864406779627e-01,2.399999999999999911e-01,8.974358974358974395e-02,1.323529411764705899e-01,0.000000000000000000e+00,0.000000000000000000e+00,1.441176470588235170e-01,9.259259259259258745e-02,1.406593406593406592e-01,3.756906077348066142e-01,1.543778801843317949e-01,1.102941176470588203e-01,1.751824817518248256e-01,1.696202531645569500e-01,1.040462427745664775e-01,1.869436201780415308e-01,1.914893617021276584e-01,1.619047619047619124e-01,1.428571428571428492e-01,1.641791044776119424e-01,1.709183673469387710e-01,7.575757575757575968e-02,0.000000000000000000e+00,1.521739130434782705e-01,9.459459459459459985e-02,1.497797356828193815e-01,7.954545454545454419e-02,1.764705882352941291e-01,0.000000000000000000e+00,1.382978723404255372e-01,1.473087818696883766e-01,3.198090692124104795e-01,0.000000000000000000e+00,1.884057971014492794e-01,0.000000000000000000e+00,0.000000000000000000e+00,8.888888888888889228e-02,0.000000000000000000e+00,3.947368421052631637e-01,4.083969465648855102e-01,1.261261261261261146e-01,2.934782608695652439e-01,3.764258555133079831e-01,1.423841059602649062e-01,1.435897435897435792e-01,1.271929824561403577e-01,2.832369942196532042e-01,1.395348837209302306e-01,1.580882352941176405e-01,1.061093247588424382e-01,1.367924528301886766e-01,1.515151515151515194e-01,0.000000000000000000e+00,4.193548387096774355e-01,1.147540983606557402e-01,1.381818181818181834e-01,1.290322580645161255e-01,1.518987341772151944e-01,4.385964912280701511e-01,4.966442953020134277e-01,4.137931034482758563e-01,0.000000000000000000e+00,4.285714285714285476e-01,0.000000000000000000e+00,2.415730337078651757e-01,1.666666666666666574e-01,1.489898989898989778e-01,1.117478510028653282e-01,2.885714285714285898e-01,0.000000000000000000e+00,1.780821917808219079e-01,2.580645161290322509e-01,1.866666666666666752e-01,1.466666666666666674e-01,1.923076923076923184e-01,1.458333333333333426e-01,1.348314606741572996e-01,2.317073170731707432e-01,2.105263157894736725e-01,2.439024390243902385e-01,1.829268292682926789e-01,2.038834951456310607e-01,1.428571428571428492e-01,1.881188118811881194e-01,2.577319587628865705e-01,1.630434782608695676e-01,1.696428571428571508e-01,1.882352941176470562e-01,1.648351648351648324e-01,2.021276595744680715e-01,1.458333333333333426e-01,1.414141414141414088e-01
6.172839506172839164e-02,6.127450980392156604e-02,1.648351648351648324e-01,8.962264150943395624e-02,1.007194244604316530e-01,1.037735849056603821e-01,0.000000000000000000e+00,0.000000000000000000e+00,0.000000000000000000e+00,1.153846153846153910e-01,8.387096774193548987e-02,1.025641025641025605e-01,8.333333333333332871e-02,0.000000000000000000e+00,1.470588235294117696e-01,6.153846153846154188e-02,7.932692307692307265e-02,5.531914893617020934e-02,5.000000000000000278e-02,1.551724137931034531e-01,6.837606837606838295e-02,0.000000000000000000e+00,7.126436781609195303e-02,6.281407035175878839e-02,1.300000000000000044e-01,0.000000000000000000e+00,3.250000000000000111e-01,5.825242718446602130e-02,1.208530805687203780e-01,6.790123456790123080e-02,4.000000000000000083e-02,4.597701149425287293e-02,9.433962264150944077e-02,2.467866323907454973e-01,6.413301662707839024e-02,9.444444444444444198e-02,8.125000000000000278e-02,2.622377622377622397e-01,1.258278145695364281e-01,5.780346820809248443e-02,0.000000000000000000e+00,7.929515418502203206e-02,9.090909090909091161e-02,2.775665399239543585e-01,2.762430939226519500e-01,0.000000000000000000e+00,7.812500000000000000e-02,8.823529411764706454e-02,2.149712092130518226e-01,7.272727272727272374e-02,5.970149253731343170e-02,3.076923076923077094e-02,2.931034482758620441e-01,1.063829787234042562e-01,7.499999999999999722e-02,5.555555555555555247e-02,1.020408163265306145e-01,8.433734939759035543e-02,1.052631578947368363e-01,6.914893617021276861e-02,2.985074626865671585e-02,5.305039787798408735e-02,7.126948775055678975e-02,5.263157894736841813e-02,7.657657657657657158e-02,9.411764705882352811e-02,2.301587301587301460e-01,1.133333333333333276e-01,1.296296296296296224e-01,2.241379310344827624e-01,2.555555555555555358e-01,2.434782608695652273e-01,7.728337236533958099e-02,7.172995780590717130e-02,8.333333333333332871e-02,7.751937984496123923e-02,5.121951219512195230e-01,2.503725782414307210e-01,2.912621359223301065e-02,7.539682539682539264e-02,5.783132530120482090e-02,6.944444444444444753e-02,1.159420289855072478e-01,3.157894736842105365e-02,1.137440758293838811e-01,8.661417322834645549e-02,9.933774834437085477e-02,0.000000000000000000e+00,9.909909909909909997e-02,1.541666666666666741e-01,5.755395683453237710e-02,1.052631578947368363e-01,9.756097560975610095e-02,8.439897698209718191e-02,8.474576271186440302e-02,7.236842105263158187e-02,6.837606837606838295e-02,3.118279569892473124e-01,3.333333333333333148e-01,6.711409395973154390e-02,2.632978723404255095e-01,2.361111111111111049e-01,2.197802197802197766e-01,7.036247334754797134e-02,1.012658227848101250e-01,1.199999999999999956e-01,2.666666666666666630e-01,0.000000000000000000e+00,6.493506493506492894e-02,0.000000000000000000e+00,6.779661016949152519e-02,2.100538599640933701e-01,6.857142857142857484e-02,1.145833333333333287e-01,1.219512195121951192e-01,6.748466257668711554e-02,1.006289308176100683e-01,2.075848303393213468e-01,5.405405405405405705e-02,7.001795332136445671e-02,1.020408163265306145e-01,7.821229050279329686e-02,3.037974683544303889e-01,7.805907172995781018e-02,2.033898305084745894e-01,6.872852233676976508e-02,1.582733812949640162e-01,7.371794871794871973e-02,6.904761904761905211e-02,7.317073170731706877e-02,0.000000000000000000e+00,1.264367816091954144e-01,0.000000000000000000e+00,8.845208845208844817e-02,1.027397260273972546e-01,4.166666666666666435e-02,9.782608695652174335e-02,8.268733850129199314e-02,1.348314606741572996e-01,9.302325581395348708e-02,1.428571428571428492e-01,6.709956709956710341e-02,6.410256410256409687e-02,1.062499999999999972e-01,9.756097560975610095e-02,0.000000000000000000e+00,5.172413793103448204e-02,0.000000000000000000e+00,0.000000000000000000e+00,9.090909090909091161e-02,7.249999999999999500e-02,9.051724137931034531e-02,1.833333333333333204e-01,1.079136690647481966e-01,1.151515151515151575e-01,1.182795698924731242e-01,7.826086956521739746e-02,6.976744186046511531e-02,9.230769230769231282e-02,1.347826086956521729e-01,6.761565836298932819e-02,6.164383561643835274e-02,1.006711409395973089e-01,8.437500000000000555e-02,7.619047619047619735e-02,0.000000000000000000e+00,1.030927835051546337e-01,0.000000000000000000e+00,7.096774193548387177e-02,8.888888888888889228e-02,1.611570247933884203e-01,0.000000000000000000e+00,0.000000000000000000e+00,2.083333333333333218e-02,1.085271317829457349e-01,1.151515151515151575e-01,2.051282051282051211e-01,6.701940035273368235e-02,9.210526315789473173e-02,8.174386920980926396e-02,5.882352941176470507e-02,1.111111111111111049e-01,9.571788413098236692e-02,9.302325581395348708e-02,1.111111111111111049e-01,9.382151029748284077e-02,2.600000000000000089e-01,0.000000000000000000e+00,1.702127659574468044e-01,8.035714285714286309e-02,0.000000000000000000e+00,2.161572052401746769e-01,1.796610169491525411e-01,3.437500000000000000e-01,1.326530612244898044e-01,6.909090909090909172e-02,3.251748251748251550e-01,0.000000000000000000e+00,8.450704225352112520e-02,1.031746031746031689e-01,2.578125000000000000e-01,2.587412587412587506e-01,5.309734513274336209e-02,1.078431372549019662e-01,1.071428571428571369e-01,2.531645569620253125e-02,7.379134860050889921e-02,2.422258592471358551e-01,0.000000000000000000e+00,1.219512195121951192e-01,9.923664122137404453e-02,1.536885245901639385e-01,3.559322033898305038e-01,1.250000000000000000e-01,8.009153318077803785e-02,6.849315068493150305e-02,3.484320557491289022e-02,0.000000000000000000e+00,2.641509433962264120e-01,0.000000000000000000e+00,0.000000000000000000e+00,9.302325581395348708e-02,1.452513966480447061e-01,1.199999999999999956e-01,8.571428571428571508e-02,0.000000000000000000e+00,7.377049180327868716e-02,0.000000000000000000e+00,9.677419354838709409e-02,1.393442622950819554e-01,8.247422680412370977e-02,1.282051282051281937e-01,0.000000000000000000e+00,0.000000000000000000e+00,7.356321839080459668e-02,8.661417322834645549e-02,7.291666666666667129e-02,2.196721311475409721e-01,1.053604436229205188e-01,4.790419161676646997e-02,9.634551495016611955e-02,9.742647058823529493e-02,9.047619047619047394e-02,9.565217391304348116e-02,1.645569620253164445e-01,1.097560975609756101e-01,1.181818181818181795e-01,8.854166666666667129e-02,1.069306930693069285e-01,6.198347107438016701e-02,0.000000000000000000e+00,1.071428571428571369e-01,8.333333333333332871e-02,9.225092250922509174e-02,6.201550387596899139e-02,1.451612903225806550e-01,0.000000000000000000e+00,7.017543859649122417e-02,7.894736842105262720e-02,2.067669172932330712e-01,0.000000000000000000e+00,1.349206349206349131e-01,0.000000000000000000e+00,0.000000000000000000e+00,6.557377049180328210e-02,0.000000000000000000e+00,2.500000000000000000e-01,2.314049586776859568e-01,1.319444444444444475e-01,1.312217194570135803e-01,2.492307692307692280e-01,6.832298136645963138e-02,7.876712328767122850e-02,1.057401812688821691e-01,1.413612565445026281e-01,1.250000000000000000e-01,8.423913043478260809e-02,9.656652360515020905e-02,6.589147286821706029e-02,7.826086956521739746e-02,0.000000000000000000e+00,2.857142857142856984e-01,1.129032258064516098e-01,6.234413965087282072e-02,1.049382716049382658e-01,9.913043478260868957e-02,3.088235294117647189e-01,2.500000000000000000e-01,3.333333333333333148e-01,0.000000000000000000e+00,1.000000000000000056e-01,0.000000000000000000e+00,6.224066390041493868e-02,9.836065573770491621e-02,7.882882882882882858e-02,5.869074492099322915e-02,1.793721973094170308e-01,0.000000000000000000e+00,1.413043478260869457e-01,1.476190476190476220e-01,1.470588235294117696e-01,1.182795698924731242e-01,7.476635514018691031e-02,9.090909090909091161e-02,1.120000000000000023e-01,1.263157894736842146e-01,7.526881720430107781e-02,5.797101449275362389e-02,1.626016260162601590e-01,1.199999999999999956e-01,9.433962264150944077e-02,7.547169811320754429e-02,1.111111111111111049e-01,9.523809523809523281e-02,1.228070175438596423e-01,1.428571428571428492e-01,1.391304347826086973e-01,1.000000000000000056e-01,1.481481481481481399e-01,7.920792079207920888e-02
9.359047078842881728e-02,8.653457339264052084e-02,9.842519685039370636e-02,1.366849960722702206e-01,1.846901579586877340e-01,1.015965166908563144e-01,0.000000000000000000e+00,0.000000000000000000e+00,0.000000000000000000e+00,7.874015748031495954e-02,7.365145228215767836e-02,9.000825763831543647e-02,5.384615384615384914e-02,0.000000000000000000e+00,9.256198347107437441e-02,1.303370786516853952e-01,7.378472222222222376e-02,1.835606339845189949e-01,7.348242811501597138e-02,1.448763250883392251e-01,9.442724458204333760e-02,0.000000000000000000e+00,1.837100825260136461e-01,1.601884570082449943e-01,8.007812500000000000e-02,0.000000000000000000e+00,6.371681415929203451e-02,7.266982622432859029e-02,7.130434782608695288e-02,9.783212896053362917e-02,7.894736842105262720e-02,1.572327044025157161e-01,7.165437302423603716e-02,7.541899441340782495e-02,1.801169590643274809e-01,9.507217521154803785e-02,6.862745098039216285e-02,7.839127471029311289e-02,1.211812627291242311e-01,9.403569873748367225e-02,1.707317073170731836e-01,8.547008547008547175e-02,7.660455486542443182e-02,7.857402691887958868e-02,8.482142857142857539e-02,0.000000000000000000e+00,9.208103130755064536e-02,1.218130311614730871e-01,8.370044052863435946e-02,5.844155844155844021e-02,9.322033898305084887e-02,8.383233532934131205e-02,6.666666666666666574e-02,5.060728744939271134e-02,6.651884700665187944e-02,1.740812379110251440e-01,1.023102310231023132e-01,1.070707070707070663e-01,8.310626702997275794e-02,7.770270270270270008e-02,1.108033240997229885e-01,1.846846846846846857e-01,1.729141475211608270e-01,1.277890466531440283e-01,8.422725466825585483e-02,8.541666666666666852e-02,5.999999999999999778e-02,8.523290386521308049e-02,8.789386401326700071e-02,6.240487062404870278e-02,6.582174979558462480e-02,6.996268656716417289e-02,9.395424836601307117e-02,8.915834522111269755e-02,1.702127659574468044e-01,8.475426278836509231e-02,7.031250000000000000e-02,7.790327251665218888e-02,1.736672051696284413e-01,7.495741056218058196e-02,1.625139457047229397e-01,1.390374331550802145e-01,9.817893903404592559e-02,7.352941176470588480e-02,1.394354148845166896e-01,9.744408945686901247e-02,9.783281733746129749e-02,0.000000000000000000e+00,7.766990291262135249e-02,6.660666066606660274e-02,1.001300390117035172e-01,8.763693270735524454e-02,1.768893756845563991e-01,7.205623901581721669e-02,7.853403141361256501e-02,1.814202334630350133e-01,1.771037181996086007e-01,8.474576271186440302e-02,7.131280388978930573e-02,1.864101022248947637e-01,8.137044967880086022e-02,8.347676419965575911e-02,7.319952774498228454e-02,6.725029844807003943e-02,8.471953578336556545e-02,2.912621359223301065e-02,7.183908045977011048e-02,0.000000000000000000e+00,8.853575482406356167e-02,0.000000000000000000e+00,6.321839080459770721e-02,8.825357364822870865e-02,1.248808388941849423e-01,8.957871396895787652e-02,6.808134394341290585e-02,5.417607223476297862e-02,6.236786469344608730e-02,8.225616921269095216e-02,1.185520361990950178e-01,9.205426356589146986e-02,1.487179487179487170e-01,9.526135808500243995e-02,6.205250596658710982e-02,9.590598938589840750e-02,1.002570694087403652e-01,8.676923076923076517e-02,8.621736490588949309e-02,8.347927612375947992e-02,1.040105773468488343e-01,9.236234458259325042e-02,0.000000000000000000e+00,7.505070993914807198e-02,0.000000000000000000e+00,9.430349449497367476e-02,1.054447852760736215e-01,7.727975270479134351e-02,8.806262230919764677e-02,1.004070556309362289e-01,8.295964125560538471e-02,8.447304907481899272e-02,7.962962962962963354e-02,7.890222984562607345e-02,7.628865979381443951e-02,7.464454976303316891e-02,6.737588652482269513e-02,0.000000000000000000e+00,9.062499999999999722e-02,0.000000000000000000e+00,0.000000000000000000e+00,9.858156028368794677e-02,6.557377049180328210e-02,8.739708676377454244e-02,9.459459459459459985e-02,6.516290726817042245e-02,1.087094723458359863e-01,9.423233143785540722e-02,1.542983100661278473e-01,7.764705882352941624e-02,1.456953642384105907e-01,9.279204639602320337e-02,9.640190088255261303e-02,7.225806451612903913e-02,1.378269617706237293e-01,9.206510681586978218e-02,1.579689703808180579e-01,0.000000000000000000e+00,1.337792642140468169e-01,0.000000000000000000e+00,6.916426512968300300e-02,1.292246520874751614e-01,9.846650524616626377e-02,0.000000000000000000e+00,0.000000000000000000e+00,1.164383561643835552e-01,6.741573033707864981e-02,7.793633369923161358e-02,8.786185881157948518e-02,1.764197174978379967e-01,1.556728232189973637e-01,8.316831683168317280e-02,1.757322175732217440e-01,5.244755244755244794e-02,9.469302809573361401e-02,2.739726027397260122e-02,1.464968152866241990e-01,6.937799043062201076e-02,5.555555555555555247e-02,0.000000000000000000e+00,8.982035928143712600e-02,7.142857142857142461e-02,0.000000000000000000e+00,1.003120820329915230e-01,6.536769327467001345e-02,8.542713567839195499e-02,1.474617244157937213e-01,1.345414607358594306e-01,6.731436502428868318e-02,0.000000000000000000e+00,6.030701754385964924e-02,7.496823379923761577e-02,9.672727272727273118e-02,9.831460674157303792e-02,6.566738044254104290e-02,1.114285714285714324e-01,8.303249097472924223e-02,9.248554913294797231e-02,9.325486645540968789e-02,9.584664536741213658e-02,0.000000000000000000e+00,8.151658767772511360e-02,1.030042918454935619e-01,8.767576509511992855e-02,8.009708737864078276e-02,1.050420168067226906e-01,8.702859510982180469e-02,1.727493917274939284e-01,1.679347826086956541e-01,0.000000000000000000e+00,5.280528052805280592e-02,0.000000000000000000e+00,0.000000000000000000e+00,6.315789473684210731e-02,5.312499999999999861e-02,1.070559610705596049e-01,1.564374711582833533e-01,0.000000000000000000e+00,8.777429467084639503e-02,0.000000000000000000e+00,7.463349622390048899e-02,7.560975609756097338e-02,1.466165413533834505e-01,1.022222222222222282e-01,0.000000000000000000e+00,0.000000000000000000e+00,7.742430049827520033e-02,1.475409836065573743e-01,7.823129251700680631e-02,1.364452423698384320e-01,9.346951408232745395e-02,1.663090128755364827e-01,9.507829977628635965e-02,1.799804369090316214e-01,8.559139784946236118e-02,7.951198990323937732e-02,8.241758241758241621e-02,7.219251336898395432e-02,9.482758620689654694e-02,8.091286307053942306e-02,7.731607629427793282e-02,1.304347826086956486e-01,0.000000000000000000e+00,1.027027027027027084e-01,1.426630434782608647e-01,8.676092544987146216e-02,1.907284768211920667e-01,1.084905660377358527e-01,0.000000000000000000e+00,1.578298397040690526e-01,7.857142857142856984e-02,9.375000000000000000e-02,0.000000000000000000e+00,9.056603773584905037e-02,0.000000000000000000e+00,0.000000000000000000e+00,1.329305135951661665e-01,0.000000000000000000e+00,6.818181818181817677e-02,7.657909446618221816e-02,8.289054197662061585e-02,6.588447653429603534e-02,8.485193621867881397e-02,1.650589496248660304e-01,9.648562300319488139e-02,1.950748430709801917e-01,7.809847198641765853e-02,8.571428571428571508e-02,8.524426719840479116e-02,9.829237817576010061e-02,8.583186360964138728e-02,2.015005359056805945e-01,0.000000000000000000e+00,2.811244979919678630e-02,7.875894988066825531e-02,8.362369337979094763e-02,8.956916099773243323e-02,9.238969499555818587e-02,6.467065868263473238e-02,7.858048162230671374e-02,9.615384615384615918e-02,0.000000000000000000e+00,5.142857142857142766e-02,0.000000000000000000e+00,7.407407407407406996e-02,7.207207207207207145e-02,8.707865168539326295e-02,1.561148250098308987e-01,1.029350971475816445e-01,0.000000000000000000e+00,1.575492341356674042e-01,1.063644289450741132e-01,8.669354838709678046e-02,9.708737864077669755e-02,7.279693486590038676e-02,8.190476190476191076e-02,9.124087591240875872e-02,7.707509881422924813e-02,8.925869894099848489e-02,1.127012522361359598e-01,8.047945205479452302e-02,8.661417322834645549e-02,9.966777408637873814e-02,7.613469985358711778e-02,7.304347826086957096e-02,7.977736549165120872e-02,8.409785932721712542e-02,8.264462809917355601e-02,9.276437847866418618e-02,8.159722222222222376e-02,9.665427509293680886e-02,8.167330677290836338e-02
9.824198552223371850e-02,8.596620132255694546e-02,1.184668989547038309e-01,5.939226519337016674e-02,8.883826879271070065e-02,8.291457286432160623e-02,0.000000000000000000e+00,0.000000000000000000e+00,0.000000000000000000e+00,9.352517985611510931e-02,1.010638297872340358e-01,8.082191780821917915e-02,9.183673469387755584e-02,0.000000000000000000e+00,9.350649350649350988e-02,1.048387096774193589e-01,9.977324263038549190e-02,7.714491708723864027e-02,1.085714285714285687e-01,1.629213483146067509e-01,1.274787535410764894e-01,0.000000000000000000e+00,8.229243203526818984e-02,6.230031948881788878e-02,1.131498470948012203e-01,0.000000000000000000e+00,2.965299684542586633e-01,1.072555205047318605e-01,1.139674378748928851e-01,1.049210770659238651e-01,6.896551724137930939e-02,8.899876390605686305e-02,9.164969450101832782e-02,3.089887640449437978e-01,7.898773006134969521e-02,1.101000909918107423e-01,8.024691358024690913e-02,3.104189044038668244e-01,1.194852941176470645e-01,7.755775577557755263e-02,5.590062111801242378e-02,1.043613707165109011e-01,8.955223880597014408e-02,3.188405797101449002e-01,2.631578947368420907e-01,0.000000000000000000e+00,8.682170542635658794e-02,1.013824884792626779e-01,2.850521436848204027e-01,8.839779005524861510e-02,8.547008547008547175e-02,9.045226130653266639e-02,3.258196721311475419e-01,1.169230769230769212e-01,5.194805194805195148e-02,8.216432865731462809e-02,8.421052631578947179e-02,1.061224489795918324e-01,1.090909090909090856e-01,7.407407407407406996e-02,5.347593582887700397e-02,8.751062022090060066e-02,7.805596465390279848e-02,6.802721088435374763e-02,8.710330857528697512e-02,5.925925925925926152e-02,2.837653478854024747e-01,1.322957198443579785e-01,1.516853932584269760e-01,2.614213197969543212e-01,3.465553235908142016e-01,3.095238095238095344e-01,8.439716312056737280e-02,1.103542234332425126e-01,1.092530657748049111e-01,1.216589861751152107e-01,2.404371584699453446e-01,2.731132075471698339e-01,6.927710843373494076e-02,7.617187500000000000e-02,8.496732026143791194e-02,1.096774193548387122e-01,1.149425287356321823e-01,7.627118644067797104e-02,1.081504702194357320e-01,1.075581395348837177e-01,1.378881987577639801e-01,0.000000000000000000e+00,8.885941644562334041e-02,2.124492557510148927e-01,9.263657957244655905e-02,8.933717579250720353e-02,8.730158730158729674e-02,1.006289308176100683e-01,1.330472103004291806e-01,6.981317600786626776e-02,8.129285014691478573e-02,2.864157119476268276e-01,2.687651331719128067e-01,9.304932735426009460e-02,2.832733812949640440e-01,2.647058823529411797e-01,2.747440273037542458e-01,7.723577235772358107e-02,7.941176470588234837e-02,7.462686567164178442e-02,2.170212765957446888e-01,0.000000000000000000e+00,9.795918367346938271e-02,0.000000000000000000e+00,9.251101321585902815e-02,2.314814814814814825e-01,7.735849056603773255e-02,9.876543209876542662e-02,1.059506531204644358e-01,6.617647058823529493e-02,1.127049180327868855e-01,2.410291130670277615e-01,1.025641025641025605e-01,8.823529411764706454e-02,8.640406607369759129e-02,1.025416301489921189e-01,2.559055118110236116e-01,9.180977542932629298e-02,8.762886597938143729e-02,8.528784648187633100e-02,1.365269461077844304e-01,7.874865156418554835e-02,8.390022675736961977e-02,1.009463722397476310e-01,0.000000000000000000e+00,9.386281588447653590e-02,0.000000000000000000e+00,8.471615720524017235e-02,9.513888888888888395e-02,7.570977917981072669e-02,1.398601398601398704e-01,9.704641350210969908e-02,1.155234657039711232e-01,7.670043415340087323e-02,9.698996655518395127e-02,9.903201787043931781e-02,6.563706563706563080e-02,8.444444444444444697e-02,1.104651162790697694e-01,0.000000000000000000e+00,1.100917431192660612e-01,0.000000000000000000e+00,0.000000000000000000e+00,1.015831134564643828e-01,9.200968523002421573e-02,8.847497089639115575e-02,9.793814432989690622e-02,6.175771971496436807e-02,1.443600233781414388e-01,1.127819548872180389e-01,1.098039215686274495e-01,6.504065040650407192e-02,9.022556390977443108e-02,1.381215469613259750e-01,7.341772151898734444e-02,1.056338028169014065e-01,9.734513274336283051e-02,8.286252354048964652e-02,1.055276381909547728e-01,0.000000000000000000e+00,1.185567010309278302e-01,0.000000000000000000e+00,1.176470588235294101e-01,7.394366197183098455e-02,1.986111111111110994e-01,0.000000000000000000e+00,0.000000000000000000e+00,5.464480874316939712e-02,6.666666666666666574e-02,9.933774834437085477e-02,2.402597402597402565e-01,7.995365005793743374e-02,1.030534351145038219e-01,1.160071942446043169e-01,6.956521739130434867e-02,8.484848484848485362e-02,9.098862642169729120e-02,2.290076335877862523e-01,1.059322033898305038e-01,1.237623762376237613e-01,3.236363636363636109e-01,0.000000000000000000e+00,9.210526315789473173e-02,1.232876712328767055e-01,0.000000000000000000e+00,2.079815809669992299e-01,2.410147991543340473e-01,2.573839662447257592e-01,8.280254777070063243e-02,7.440811724915445680e-02,3.211428571428571188e-01,0.000000000000000000e+00,1.095041322314049548e-01,9.181141439205955934e-02,2.737789203084832756e-01,2.197125256673511384e-01,6.068601583113456682e-02,1.072507552870090586e-01,7.608695652173913526e-02,5.978260869565217572e-02,1.014040561622464864e-01,2.541233964569334369e-01,0.000000000000000000e+00,9.339774557165861357e-02,1.052631578947368363e-01,1.925976696367374952e-01,3.070175438596491335e-01,1.252955082742316650e-01,7.782672540381790904e-02,3.964757709251101603e-02,7.821229050279329686e-02,0.000000000000000000e+00,1.837837837837837940e-01,0.000000000000000000e+00,0.000000000000000000e+00,1.363636363636363535e-01,1.996497373029772204e-01,1.209302325581395332e-01,8.419083255378859154e-02,0.000000000000000000e+00,1.023391812865497019e-01,0.000000000000000000e+00,1.074918566775244361e-01,1.482412060301507573e-01,7.453416149068323171e-02,1.270358306188925090e-01,0.000000000000000000e+00,0.000000000000000000e+00,1.141586360266864386e-01,6.944444444444444753e-02,9.657320872274142987e-02,2.327485380116958991e-01,1.183765501691093625e-01,9.845559845559845313e-02,1.035502958579881672e-01,1.045792079207920749e-01,9.582689335394126151e-02,1.421130952380952328e-01,1.097046413502109768e-01,1.098003629764065375e-01,9.275362318840579823e-02,1.011235955056179747e-01,1.006436512580456411e-01,8.871989860583016918e-02,0.000000000000000000e+00,9.714285714285714191e-02,9.870129870129870642e-02,1.163055872291904186e-01,7.021791767554479147e-02,1.111111111111111049e-01,0.000000000000000000e+00,1.053921568627450983e-01,9.034907597535934975e-02,2.217252396166134176e-01,0.000000000000000000e+00,1.046153846153846101e-01,0.000000000000000000e+00,0.000000000000000000e+00,4.371584699453551909e-02,0.000000000000000000e+00,2.281249999999999944e-01,3.076208178438661900e-01,8.816705336426913786e-02,2.111801242236024945e-01,2.744702320887991709e-01,9.968847352024921837e-02,1.042600896860986504e-01,9.475806451612903136e-02,1.880733944954128545e-01,1.144414168937329668e-01,8.480565371024735566e-02,9.361069836552748935e-02,9.263392857142857539e-02,7.012195121951220189e-02,0.000000000000000000e+00,1.735537190082644676e-01,1.153846153846153910e-01,8.497723823975721069e-02,9.708737864077669755e-02,9.070422535211267179e-02,3.178947368421052855e-01,2.919847328244274953e-01,2.500000000000000000e-01,0.000000000000000000e+00,2.735042735042735318e-01,0.000000000000000000e+00,1.232686980609418309e-01,1.098901098901098883e-01,9.265175718849839870e-02,9.309309309309309055e-02,1.875000000000000000e-01,0.000000000000000000e+00,7.913669064748200810e-02,1.862891207153502260e-01,1.167192429022081979e-01,1.121212121212121215e-01,1.111111111111111049e-01,8.831908831908831525e-02,1.153846153846153910e-01,1.329787234042553168e-01,1.286863270777479917e-01,1.117318435754189876e-01,1.063829787234042562e-01,1.239669421487603340e-01,9.971509971509971704e-02,1.117478510028653282e-01,1.261829652996845352e-01,1.127167630057803460e-01,1.194029850746268634e-01,1.351351351351351426e-01,1.038961038961039030e-01,1.321428571428571452e-01,1.111111111111111049e-01,1.265060240963855331e-01
1.276595744680850963e-01,1.250000000000000000e-01,1.063829787234042562e-01,8.791208791208791895e-02,1.639344262295081844e-01,1.545454545454545414e-01,0.000000000000000000e+00,0.000000000000000000e+00,0.000000000000000000e+00,1.400000000000000133e-01,1.686046511627906919e-01,1.145833333333333287e-01,1.555555555555555580e-01,0.000000000000000000e+00,1.727272727272727293e-01,8.749999999999999445e-02,1.314432989690721698e-01,1.709183673469387710e-01,1.875000000000000000e-01,3.061224489795918435e-01,2.307692307692307820e-01,0.000000000000000000e+00,1.397590361445783247e-01,8.529411764705882582e-02,2.450980392156862642e-01,0.000000000000000000e+00,3.893805309734513220e-01,1.603773584905660299e-01,1.280788177339901579e-01,1.498470948012232407e-01,1.428571428571428492e-01,1.673469387755102122e-01,6.875000000000000555e-02,4.516908212560386549e-01,1.212871287128712838e-01,1.186440677966101725e-01,1.152416356877323383e-01,4.354243542435424219e-01,1.366459627329192628e-01,6.549118387909319550e-02,1.499999999999999944e-01,1.507537688442210921e-01,1.034482758620689641e-01,3.907815631262525069e-01,4.719101123595505487e-01,0.000000000000000000e+00,1.232091690544412643e-01,2.112676056338028130e-01,3.458333333333333259e-01,1.499999999999999944e-01,1.101449275362318819e-01,8.064516129032257841e-02,3.904109589041095951e-01,1.958762886597938124e-01,1.818181818181818232e-01,1.129943502824858753e-01,1.967213114754098324e-01,1.470588235294117696e-01,1.744966442953020114e-01,8.205128205128205121e-02,1.724137931034482873e-01,1.447721179624665011e-01,1.413043478260869457e-01,1.428571428571428492e-01,1.227272727272727265e-01,8.219178082191780366e-02,4.170212765957446721e-01,2.124999999999999944e-01,2.365591397849462485e-01,4.017857142857143016e-01,4.309523809523809756e-01,4.670658682634730718e-01,1.339712918660287133e-01,1.255605381165919299e-01,2.080291970802919665e-01,2.089136490250696476e-01,3.888888888888888951e-01,4.158576051779935279e-01,1.206030150753768793e-01,1.057692307692307682e-01,1.290322580645161255e-01,1.366459627329192628e-01,1.871921182266009787e-01,1.325301204819277212e-01,1.176470588235294101e-01,1.960784313725490169e-01,1.589147286821705474e-01,0.000000000000000000e+00,1.581196581196581130e-01,2.511210762331838597e-01,1.777777777777777846e-01,1.636363636363636354e-01,1.547169811320754651e-01,1.559888579387186669e-01,2.264150943396226467e-01,1.264367816091954144e-01,1.122448979591836732e-01,4.306930693069306870e-01,4.122807017543859698e-01,1.472602739726027454e-01,4.145569620253164445e-01,5.047619047619047450e-01,4.825581395348837455e-01,1.146341463414634193e-01,1.271929824561403577e-01,1.707317073170731836e-01,4.186046511627907196e-01,0.000000000000000000e+00,1.547619047619047672e-01,0.000000000000000000e+00,1.166666666666666685e-01,3.272058823529411797e-01,1.400000000000000133e-01,1.839999999999999969e-01,1.569767441860465129e-01,1.283783783783783716e-01,1.886792452830188815e-01,3.333333333333333148e-01,1.595744680851063912e-01,1.343283582089552231e-01,1.535433070866141780e-01,1.571428571428571397e-01,4.126984126984126755e-01,1.392111368909512703e-01,1.940298507462686617e-01,1.198630136986301303e-01,1.843137254901960898e-01,1.129568106312292403e-01,1.268292682926829285e-01,1.666666666666666574e-01,0.000000000000000000e+00,1.666666666666666574e-01,0.000000000000000000e+00,1.680911680911680861e-01,1.498881431767337680e-01,1.300000000000000044e-01,2.450980392156862642e-01,1.404761904761904767e-01,1.739130434782608647e-01,1.173469387755102095e-01,2.134831460674157244e-01,1.666666666666666574e-01,8.333333333333332871e-02,1.258278145695364281e-01,2.045454545454545581e-01,0.000000000000000000e+00,9.836065573770491621e-02,0.000000000000000000e+00,0.000000000000000000e+00,1.379310344827586188e-01,1.352785145888594220e-01,1.336032388663967729e-01,2.054794520547945091e-01,1.023622047244094474e-01,2.246963562753036547e-01,1.442786069651741387e-01,9.523809523809523281e-02,7.594936708860759722e-02,2.325581395348837177e-01,2.102803738317756965e-01,1.000000000000000056e-01,1.486486486486486569e-01,1.753246753246753276e-01,1.315789473684210453e-01,1.666666666666666574e-01,0.000000000000000000e+00,1.842105263157894635e-01,0.000000000000000000e+00,1.575757575757575635e-01,1.466666666666666674e-01,3.136363636363636576e-01,0.000000000000000000e+00,0.000000000000000000e+00,1.153846153846153910e-01,6.400000000000000133e-02,1.587301587301587213e-01,3.249299719887955296e-01,1.467889908256880815e-01,1.447368421052631637e-01,1.702127659574468044e-01,1.891891891891891997e-01,1.764705882352941291e-01,8.231707317073171104e-02,4.130434782608695676e-01,1.449275362318840632e-01,1.444954128440366914e-01,5.952380952380952328e-01,0.000000000000000000e+00,1.333333333333333315e-01,1.229508196721311453e-01,0.000000000000000000e+00,3.371040723981900689e-01,3.657587548638132069e-01,4.814814814814814548e-01,2.238095238095238193e-01,1.276595744680850963e-01,4.457364341085271464e-01,0.000000000000000000e+00,1.826086956521739135e-01,1.512605042016806622e-01,3.809523809523809312e-01,3.432835820895522305e-01,8.979591836734693300e-02,2.096774193548387177e-01,1.607142857142857262e-01,1.694915254237288060e-01,1.374045801526717625e-01,4.145785876993166030e-01,0.000000000000000000e+00,1.849710982658959446e-01,1.531531531531531432e-01,2.362030905077262821e-01,4.062500000000000000e-01,3.238095238095238249e-01,1.210526315789473700e-01,1.194029850746268634e-01,1.302521008403361436e-01,0.000000000000000000e+00,3.571428571428571508e-01,0.000000000000000000e+00,0.000000000000000000e+00,2.272727272727272652e-01,3.576642335766423431e-01,2.608695652173912971e-01,8.805031446540879936e-02,0.000000000000000000e+00,1.100917431192660612e-01,0.000000000000000000e+00,1.754385964912280604e-01,2.015503875968992220e-01,1.382978723404255372e-01,1.518987341772151944e-01,0.000000000000000000e+00,0.000000000000000000e+00,1.255605381165919299e-01,1.100000000000000006e-01,1.135225375626043448e-01,3.739495798319327768e-01,1.522157996146435432e-01,1.776315789473684181e-01,1.612903225806451568e-01,1.446808510638297740e-01,1.293532338308457652e-01,2.088452088452088518e-01,1.590909090909090884e-01,1.174603174603174593e-01,1.058823529411764691e-01,1.585365853658536606e-01,1.225296442687747039e-01,1.290322580645161255e-01,0.000000000000000000e+00,1.052631578947368363e-01,1.217391304347826136e-01,1.731448763250883482e-01,3.809523809523809867e-02,1.111111111111111049e-01,0.000000000000000000e+00,1.694915254237288060e-01,1.470588235294117696e-01,3.050505050505050719e-01,0.000000000000000000e+00,1.900000000000000022e-01,0.000000000000000000e+00,0.000000000000000000e+00,5.555555555555555247e-02,0.000000000000000000e+00,4.019607843137255054e-01,3.783783783783783994e-01,2.083333333333333426e-01,2.989690721649484462e-01,3.966666666666666674e-01,1.615120274914089438e-01,1.342756183745583143e-01,1.217105263157894773e-01,2.901554404145077481e-01,1.651376146788990917e-01,1.383285302593660060e-01,1.240506329113924000e-01,1.335740072202166173e-01,1.715210355987054902e-01,0.000000000000000000e+00,4.390243902439024404e-01,1.384615384615384692e-01,1.173469387755102095e-01,1.258278145695364281e-01,1.328790459965928372e-01,4.285714285714285476e-01,4.834437086092715496e-01,5.000000000000000000e-01,0.000000000000000000e+00,4.062500000000000000e-01,0.000000000000000000e+00,2.145922746781115942e-01,1.408450704225352179e-01,1.173913043478260892e-01,1.879699248120300648e-01,3.145539906103286265e-01,0.000000000000000000e+00,1.315789473684210453e-01,3.465909090909091161e-01,1.359223300970873738e-01,1.609195402298850552e-01,2.727272727272727071e-01,2.195121951219512202e-01,2.244897959183673464e-01,1.965811965811965767e-01,1.025641025641025605e-01,1.923076923076923184e-01,2.159999999999999976e-01,2.321428571428571508e-01,1.785714285714285754e-01,2.357723577235772416e-01,2.584269662921348520e-01,1.282051282051281937e-01,1.461538461538461620e-01,1.698113207547169712e-01,1.923076923076923184e-01,2.021276595744680715e-01,1.392405063291139167e-01,1.827956989247311870e-01
1.325301204819277212e-01,1.712538226299694100e-01,2.022471910112359494e-01,1.935483870967741882e-01,2.241379310344827624e-01,2.095238095238095288e-01,0.000000000000000000e+00,0.000000000000000000e+00,0.000000000000000000e+00,2.333333333333333370e-01,1.629629629629629761e-01,2.575757575757575690e-01,1.363636363636363535e-01,0.000000000000000000e+00,2.523364485981308136e-01,2.297297297297297425e-01,1.692789968652037569e-01,1.607142857142857262e-01,2.553191489361701927e-01,2.857142857142856984e-01,1.428571428571428492e-01,0.000000000000000000e+00,1.348973607038123079e-01,1.494252873563218509e-01,1.641791044776119424e-01,0.000000000000000000e+00,5.000000000000000000e-01,1.842105263157894635e-01,1.468750000000000056e-01,2.058823529411764608e-01,4.761904761904761640e-02,1.581920903954802393e-01,1.000000000000000056e-01,4.148606811145510997e-01,1.600000000000000033e-01,2.195121951219512202e-01,1.357466063348416185e-01,3.809523809523809312e-01,2.170542635658914699e-01,1.825842696629213502e-01,1.190476190476190410e-01,1.768292682926829174e-01,1.951219512195122019e-01,3.941798941798941858e-01,4.525547445255474477e-01,0.000000000000000000e+00,1.991869918699187003e-01,3.725490196078431460e-01,4.411764705882352811e-01,1.538461538461538547e-01,1.565495207667731703e-01,8.510638297872340219e-02,3.893805309734513220e-01,2.459016393442622905e-01,1.147540983606557402e-01,1.250000000000000000e-01,3.157894736842105088e-01,2.151898734177215278e-01,2.564102564102563875e-01,1.612903225806451568e-01,2.500000000000000000e-01,1.632653061224489666e-01,1.561643835616438325e-01,1.515151515151515194e-01,1.561771561771561900e-01,1.785714285714285754e-01,3.387096774193548154e-01,1.718750000000000000e-01,2.419354838709677491e-01,4.297520661157024913e-01,4.183381088825214866e-01,4.054054054054054279e-01,1.931464174454828597e-01,2.070707070707070718e-01,1.400000000000000133e-01,1.496062992125984370e-01,5.217391304347825942e-01,4.130019120458890969e-01,2.415730337078651757e-01,1.483050847457627053e-01,1.685393258426966245e-01,1.785714285714285754e-01,2.193548387096774244e-01,1.250000000000000000e-01,2.402597402597402565e-01,2.533333333333333548e-01,1.880733944954128545e-01,0.000000000000000000e+00,1.223404255319148898e-01,2.289156626506023973e-01,2.408759124087591352e-01,2.708333333333333148e-01,1.704545454545454419e-01,1.464788732394366189e-01,3.103448275862069061e-01,1.375464684014869876e-01,2.269503546099290725e-01,5.367647058823529216e-01,6.052631578947368363e-01,1.809954751131221673e-01,3.716475095785440885e-01,4.583333333333333148e-01,6.825396825396825573e-01,1.205882352941176489e-01,2.119402985074626822e-01,2.105263157894736725e-01,3.888888888888888951e-01,0.000000000000000000e+00,1.209677419354838745e-01,0.000000000000000000e+00,2.195121951219512202e-01,3.934065934065933967e-01,1.799999999999999933e-01,1.780821917808219079e-01,1.180555555555555525e-01,1.322314049586776896e-01,1.565217391304347949e-01,3.743315508021390348e-01,1.799999999999999933e-01,1.635944700460829626e-01,1.522842639593908753e-01,1.407407407407407496e-01,4.193548387096774355e-01,2.011661807580174821e-01,2.162162162162162282e-01,1.868686868686868785e-01,3.162790697674418561e-01,2.050209205020920578e-01,2.097902097902097918e-01,1.639344262295081844e-01,0.000000000000000000e+00,1.923076923076923184e-01,0.000000000000000000e+00,2.234042553191489255e-01,1.974683544303797444e-01,1.397849462365591267e-01,2.236842105263157909e-01,2.350746268656716542e-01,1.686746987951807109e-01,2.238805970149253810e-01,2.399999999999999911e-01,1.011904761904761918e-01,1.384615384615384692e-01,1.228070175438596423e-01,2.692307692307692180e-01,0.000000000000000000e+00,2.857142857142856984e-01,0.000000000000000000e+00,0.000000000000000000e+00,2.204301075268817189e-01,1.921824104234527708e-01,1.528384279475982488e-01,3.488372093023255904e-01,2.551020408163265363e-01,2.333333333333333370e-01,2.040816326530612290e-01,2.299465240641711261e-01,1.267605633802816878e-01,2.000000000000000111e-01,1.976744186046511531e-01,1.753554502369668311e-01,1.801801801801801717e-01,2.689655172413792927e-01,1.751824817518248256e-01,1.808510638297872453e-01,0.000000000000000000e+00,2.727272727272727071e-01,0.000000000000000000e+00,2.320000000000000118e-01,1.891891891891891997e-01,3.067846607669616477e-01,0.000000000000000000e+00,0.000000000000000000e+00,7.317073170731706877e-02,1.775700934579439172e-01,2.721088435374149905e-01,3.707482993197279142e-01,1.535433070866141780e-01,2.835820895522387919e-01,2.093862815884476591e-01,2.765957446808510745e-01,1.842105263157894635e-01,1.950354609929078054e-01,2.820512820512820484e-01,1.111111111111111049e-01,1.842900302114803546e-01,4.411764705882352811e-01,0.000000000000000000e+00,2.162162162162162282e-01,1.929824561403508665e-01,0.000000000000000000e+00,3.278145695364238499e-01,3.316582914572864249e-01,4.000000000000000222e-01,1.494252873563218509e-01,1.339712918660287133e-01,4.354066985645932975e-01,0.000000000000000000e+00,1.703703703703703665e-01,1.525423728813559421e-01,4.318181818181818232e-01,4.166666666666666852e-01,1.300000000000000044e-01,3.200000000000000067e-01,1.914893617021276584e-01,1.702127659574468044e-01,1.753246753246753276e-01,3.691099476439790306e-01,0.000000000000000000e+00,2.461538461538461675e-01,2.371134020618556604e-01,3.105413105413105668e-01,4.912280701754385692e-01,2.727272727272727071e-01,2.147651006711409349e-01,1.617647058823529493e-01,1.374045801526717625e-01,0.000000000000000000e+00,5.000000000000000000e-01,0.000000000000000000e+00,0.000000000000000000e+00,2.187500000000000000e-01,3.521126760563380031e-01,3.947368421052631637e-01,1.696113074204947113e-01,0.000000000000000000e+00,1.354166666666666574e-01,0.000000000000000000e+00,1.523809523809523947e-01,1.818181818181818232e-01,1.341463414634146423e-01,2.040816326530612290e-01,0.000000000000000000e+00,0.000000000000000000e+00,1.570680628272251300e-01,2.358490566037735880e-01,1.472527472527472570e-01,3.045454545454545636e-01,1.419491525423728917e-01,2.481203007518796855e-01,2.054794520547945091e-01,1.678657074340527688e-01,1.831395348837209225e-01,1.965317919075144637e-01,2.686567164179104461e-01,2.057761732851985659e-01,1.707317073170731836e-01,1.592356687898089096e-01,1.542168674698795316e-01,1.347150259067357581e-01,0.000000000000000000e+00,3.499999999999999778e-01,2.479999999999999982e-01,2.041884816753926635e-01,1.530612244897959218e-01,2.419354838709677491e-01,0.000000000000000000e+00,1.619047619047619124e-01,1.378446115288220475e-01,3.617021276595744905e-01,0.000000000000000000e+00,2.926829268292682751e-01,0.000000000000000000e+00,0.000000000000000000e+00,1.749999999999999889e-01,0.000000000000000000e+00,3.220338983050847204e-01,3.714285714285714413e-01,2.403100775193798555e-01,2.560975609756097615e-01,3.866666666666666585e-01,1.804511278195488622e-01,1.456310679611650394e-01,2.155172413793103314e-01,3.103448275862069061e-01,2.604166666666666852e-01,2.240663900414937848e-01,1.731843575418994530e-01,1.620553359683794548e-01,2.222222222222222099e-01,0.000000000000000000e+00,2.051282051282051211e-01,1.886792452830188815e-01,1.201201201201201191e-01,1.626016260162601590e-01,2.086330935251798635e-01,3.963963963963963999e-01,4.471544715447154372e-01,4.687500000000000000e-01,0.000000000000000000e+00,4.285714285714285476e-01,0.000000000000000000e+00,1.292134831460674260e-01,1.818181818181818232e-01,1.480519480519480457e-01,1.415094339622641473e-01,3.369272237196765385e-01,0.000000000000000000e+00,2.608695652173912971e-01,2.500000000000000000e-01,1.954022988505747238e-01,1.805555555555555525e-01,1.666666666666666574e-01,2.244897959183673464e-01,1.549295774647887203e-01,2.000000000000000111e-01,2.702702702702702853e-01,1.600000000000000033e-01,3.030303030303030387e-01,2.236842105263157909e-01,1.414141414141414088e-01,2.020202020202020166e-01,2.575757575757575690e-01,2.857142857142856984e-01,2.750000000000000222e-01,2.000000000000000111e-01,1.641791044776119424e-01,2.537313432835821003e-01,1.627906976744186163e-01,2.187500000000000000e-01
1.463730569948186455e-01,3.527675276752767486e-01,9.881422924901185623e-02,7.044673539518900296e-02,1.014851485148514920e-01,1.133144475920679906e-01,0.000000000000000000e+00,0.000000000000000000e+00,0.000000000000000000e+00,1.102941176470588203e-01,1.153119092627599290e-01,1.284552845528455223e-01,1.884057971014492794e-01,0.000000000000000000e+00,2.122093023255813837e-01,1.446808510638297740e-01,1.741521539871677404e-01,1.146752205292702470e-01,2.359550561797752743e-01,4.477611940298507204e-02,1.082802547770700674e-01,0.000000000000000000e+00,8.941755537325676850e-02,9.059233449477352429e-02,3.166023166023165802e-01,0.000000000000000000e+00,1.122448979591836732e-01,1.784511784511784438e-01,3.939144736842105088e-01,1.155080213903743325e-01,1.372549019607843257e-01,9.224598930481282821e-02,3.492647058823529216e-01,9.107468123861565956e-02,9.106984969053934231e-02,3.065902578796561584e-01,1.805054151624548853e-01,1.260869565217391242e-01,1.219512195121951192e-01,1.208487084870848716e-01,5.797101449275362389e-02,2.368839427662957076e-01,7.812500000000000000e-02,1.045801526717557300e-01,1.347517730496453903e-01,0.000000000000000000e+00,2.810248198558847332e-01,1.022727272727272790e-01,9.831254585473220287e-02,4.318181818181818232e-01,1.390220517737296158e-01,8.108108108108108558e-02,1.096938775510204050e-01,3.964912280701754499e-01,2.096774193548387177e-01,7.762557077625570345e-02,1.075949367088607639e-01,1.453900709219858034e-01,1.335149863760217992e-01,1.655172413793103425e-01,3.510638297872340496e-01,9.946714031971580494e-02,1.046931407942238296e-01,6.910569105691057035e-02,1.623646960865945121e-01,3.361702127659574324e-01,2.731277533039647709e-01,3.909774436090225347e-01,2.153284671532846584e-01,7.552870090634440647e-02,1.241379310344827569e-01,1.027667984189723355e-01,1.280539174389216384e-01,1.213592233009708754e-01,8.953341740226986034e-02,3.998178506375227870e-01,6.474820143884892076e-02,1.343195266272189381e-01,2.598039215686274717e-01,6.651634723788049652e-02,7.853403141361256501e-02,1.095890410958904049e-01,1.260794473229706336e-01,1.432926829268292568e-01,1.697819314641744459e-01,3.885714285714285676e-01,3.482466747279323038e-01,0.000000000000000000e+00,1.139053254437869811e-01,1.312000000000000111e-01,1.160493827160493790e-01,1.499999999999999944e-01,9.147869674185463151e-02,1.963190184049079801e-01,1.261682242990654068e-01,7.173913043478261087e-02,9.744094488188975722e-02,1.090909090909090856e-01,1.111111111111111049e-01,1.311881188118811936e-01,1.047058823529411764e-01,1.107205623901581781e-01,8.857808857808857628e-02,4.594594594594594850e-01,3.484062268346923563e-01,6.079999999999999849e-01,1.117318435754189876e-01,0.000000000000000000e+00,1.105527638190954842e-01,0.000000000000000000e+00,1.116751269035533012e-01,1.198501872659176043e-01,4.127579737335834720e-01,3.831111111111111245e-01,1.436567164179104461e-01,4.770240700218818519e-01,1.049107142857142877e-01,1.004531722054380627e-01,1.923076923076923184e-01,1.343669250645994906e-01,6.373292867981790455e-02,3.675126903553299629e-01,8.500000000000000611e-02,1.402439024390244038e-01,1.526315789473684237e-01,1.294871794871794990e-01,2.669172932330827197e-01,2.162849872773536797e-01,1.427412814274128250e-01,8.960573476702508866e-02,0.000000000000000000e+00,1.371841155234657106e-01,0.000000000000000000e+00,1.301498127340824096e-01,1.355072463768116076e-01,1.543408360128617485e-01,3.754045307443365509e-01,3.157024793388429895e-01,1.365638766519823855e-01,1.556982343499197508e-01,1.742738589211618172e-01,1.296958855098389873e-01,4.324324324324324564e-01,3.957894736842105243e-01,1.499999999999999944e-01,0.000000000000000000e+00,1.360946745562130189e-01,0.000000000000000000e+00,0.000000000000000000e+00,1.694444444444444531e-01,1.250000000000000000e-01,1.506849315068493067e-01,1.280487804878048808e-01,2.180451127819548751e-01,1.317406143344709846e-01,2.222222222222222099e-01,8.211143695014662403e-02,1.660079051383399340e-01,9.677419354838709409e-02,1.439999999999999891e-01,1.508152173913043514e-01,1.649484536082474195e-01,9.417040358744394046e-02,1.109865470852017949e-01,9.523809523809523281e-02,0.000000000000000000e+00,1.428571428571428492e-01,0.000000000000000000e+00,1.279826464208242975e-01,1.021276595744680799e-01,1.184000000000000052e-01,0.000000000000000000e+00,0.000000000000000000e+00,2.000000000000000111e-01,1.315068493150684803e-01,1.238317757009345793e-01,1.098696461824953396e-01,1.035169210351692126e-01,1.173184357541899453e-01,3.690587138863000716e-01,6.837606837606838295e-02,1.250000000000000000e-01,1.970181043663471743e-01,2.601626016260162877e-01,7.339449541284404077e-02,1.413133832086450603e-01,9.523809523809523281e-02,0.000000000000000000e+00,1.231884057971014551e-01,1.196013289036544913e-01,0.000000000000000000e+00,1.083188908145580609e-01,8.133333333333332693e-02,9.189189189189189699e-02,8.514492753623188748e-02,6.495098039215686792e-02,1.081460674157303375e-01,0.000000000000000000e+00,1.982378854625550524e-01,1.458333333333333426e-01,1.248142644873699858e-01,1.090909090909090856e-01,7.602339181286549286e-02,1.206581352833638043e-01,1.268656716417910502e-01,1.447368421052631637e-01,1.118820468343451890e-01,1.241483724451173387e-01,0.000000000000000000e+00,1.465968586387434436e-01,1.275964391691394584e-01,1.164062500000000028e-01,5.714285714285714107e-02,1.542416452442159358e-01,1.460573476702508866e-01,5.181347150259067030e-02,9.927360774818401457e-02,0.000000000000000000e+00,2.888888888888888618e-01,0.000000000000000000e+00,0.000000000000000000e+00,3.027522935779816682e-01,9.917355371900826722e-02,1.488095238095238082e-01,6.236323851203501301e-02,0.000000000000000000e+00,1.093247588424437339e-01,0.000000000000000000e+00,3.720930232558139483e-01,3.549107142857143016e-01,1.023890784982935120e-01,1.312741312741312616e-01,0.000000000000000000e+00,0.000000000000000000e+00,1.211101766190075674e-01,4.140127388535031622e-02,1.195851128737034780e-01,4.216073781291172773e-02,1.686372121966397131e-01,9.817351598173515437e-02,2.403746097814776217e-01,8.898015058179328807e-02,1.524229074889867919e-01,4.012021036814425456e-01,3.682008368200836990e-01,1.223814773980154286e-01,1.398601398601398704e-01,2.521551724137930939e-01,1.428571428571428492e-01,1.085164835164835195e-01,0.000000000000000000e+00,1.729729729729729826e-01,1.193548387096774188e-01,3.924050632911392222e-01,5.828220858895705181e-02,1.198156682027649717e-01,0.000000000000000000e+00,8.146067415730337546e-02,1.527480371163454642e-01,1.048034934497816539e-01,0.000000000000000000e+00,2.908496732026144005e-01,0.000000000000000000e+00,0.000000000000000000e+00,5.806451612903226062e-02,0.000000000000000000e+00,1.174242424242424310e-01,1.075650118203309719e-01,3.586206896551724088e-01,1.996336996336996461e-01,1.224489795918367319e-01,9.900990099009901457e-02,3.391959798994975128e-01,1.175115207373271936e-01,1.134020618556701027e-01,1.333333333333333315e-01,3.718309859154929620e-01,1.114836546521374705e-01,1.434210526315789491e-01,1.188658669574700066e-01,0.000000000000000000e+00,2.578125000000000000e-01,1.818181818181818232e-01,1.023102310231023132e-01,1.291028446389496653e-01,3.846153846153846367e-01,1.205479452054794565e-01,9.241706161137440423e-02,1.120000000000000023e-01,0.000000000000000000e+00,4.385964912280701511e-02,0.000000000000000000e+00,3.787878787878787845e-01,6.265822784810126667e-01,1.500732064421669010e-01,1.072858286629303493e-01,1.165289256198347168e-01,0.000000000000000000e+00,5.999999999999999778e-02,8.843537414965986498e-02,1.505376344086021556e-01,1.694915254237288060e-01,1.258064516129032140e-01,1.962962962962963021e-01,1.518151815181518205e-01,1.343749999999999944e-01,1.022364217252396124e-01,1.474926253687315614e-01,1.390728476821191939e-01,1.325301204819277212e-01,1.587301587301587213e-01,1.467065868263472961e-01,1.764705882352941291e-01,2.042682926829268164e-01,1.440443213296399017e-01,1.652661064425770265e-01,1.163636363636363635e-01,1.717171717171717127e-01,1.543209876543209791e-01,1.805555555555555525e-01
9.764705882352940625e-02,2.546862265688671356e-01,1.057692307692307682e-01,5.008347245409015130e-02,8.921438082556591709e-02,7.246376811594203160e-02,0.000000000000000000e+00,0.000000000000000000e+00,0.000000000000000000e+00,1.023622047244094474e-01,8.574490889603429700e-02,1.069023569023569015e-01,9.154929577464789026e-02,0.000000000000000000e+00,1.290322580645161255e-01,1.400000000000000133e-01,1.058458813108945906e-01,8.886430678466077093e-02,1.575757575757575635e-01,7.812500000000000000e-02,9.206349206349206948e-02,0.000000000000000000e+00,8.027788498649170157e-02,5.770046669495120656e-02,1.886120996441281172e-01,0.000000000000000000e+00,1.064891846921797031e-01,8.448275862068965747e-02,2.651610204935173631e-01,9.001551991722710200e-02,1.181818181818181795e-01,9.209621993127148354e-02,2.020618556701030966e-01,1.109099139882299689e-01,9.087237479806138662e-02,2.214003944773175470e-01,1.265098537825810610e-01,9.053778080326753408e-02,9.419496166484118971e-02,9.402079722703639286e-02,6.716417910447761153e-02,1.573221757322175729e-01,6.502242152466367053e-02,1.027371578552680881e-01,9.032258064516128504e-02,0.000000000000000000e+00,1.993464052287581834e-01,8.918918918918919414e-02,1.104590956161546483e-01,2.232704402515723330e-01,8.823529411764706454e-02,9.259259259259258745e-02,1.009732360097323617e-01,2.172284644194756587e-01,1.017699115044247843e-01,7.645259938837919989e-02,9.090909090909091161e-02,1.157684630738523013e-01,9.290322580645161976e-02,1.221311475409836006e-01,2.039660056657223719e-01,7.133243606998654340e-02,7.625362619146290599e-02,5.841121495327102758e-02,9.230769230769231282e-02,2.399999999999999911e-01,1.862182116488925454e-01,2.208201892744479367e-01,1.627486437613019921e-01,1.028315946348733190e-01,9.369287020109688668e-02,9.505334626576139589e-02,9.983831851253031908e-02,8.715251690458301892e-02,5.236593059936908712e-02,2.066772655007949044e-01,6.130268199233716159e-02,1.058891789962286001e-01,1.859296482412060303e-01,6.659077973819009511e-02,7.667473769168683950e-02,6.633291614518148360e-02,9.669811320754717610e-02,7.350689127105666798e-02,1.257861635220125784e-01,2.187028657616892913e-01,2.390364422483014228e-01,0.000000000000000000e+00,8.031837916063676308e-02,9.714285714285714191e-02,9.322974472807990520e-02,1.186186186186186237e-01,8.157276995305164091e-02,1.089494163424124529e-01,8.196721311475409222e-02,6.863270777479893447e-02,8.158029758850691981e-02,8.175355450236966581e-02,1.195840554592721011e-01,9.677419354838709409e-02,1.094890510948905160e-01,1.145484949832775851e-01,8.429561200923788022e-02,2.867956265769553981e-01,2.362903225806451679e-01,3.041474654377880338e-01,1.039325842696629254e-01,0.000000000000000000e+00,8.533653846153846367e-02,0.000000000000000000e+00,1.008403361344537841e-01,1.180510137344669697e-01,2.515400410677617882e-01,2.819444444444444420e-01,9.349220898258478463e-02,2.445595854922279766e-01,8.823529411764706454e-02,1.114527286702536452e-01,1.480804387568555869e-01,9.665071770334927870e-02,6.201550387596899139e-02,2.588179218303146012e-01,9.585492227979273971e-02,1.123188405797101441e-01,1.387434554973822065e-01,1.102310231023102272e-01,2.096242584047462165e-01,1.368038740920096974e-01,1.014432989690721709e-01,7.182320441988949977e-02,0.000000000000000000e+00,1.113490364025695872e-01,0.000000000000000000e+00,9.376609994848016105e-02,1.092503987240829311e-01,9.290540540540540015e-02,2.300556586270872117e-01,2.279549718574108708e-01,8.333333333333332871e-02,1.112877583465818748e-01,1.291512915129151284e-01,7.232027550581145159e-02,2.572463768115941796e-01,2.272159800249687889e-01,8.333333333333332871e-02,0.000000000000000000e+00,9.162303664921465918e-02,0.000000000000000000e+00,0.000000000000000000e+00,1.275690999291282657e-01,9.507557289127255284e-02,1.024135681669928188e-01,8.125000000000000278e-02,1.363636363636363535e-01,1.065336337302864450e-01,1.156773211567732051e-01,6.823184152604548636e-02,8.388520971302428075e-02,1.126760563380281716e-01,9.154315605928509125e-02,1.281163434903047071e-01,6.728232189973615274e-02,8.453608247422680910e-02,1.018372703412073477e-01,8.720112517580871914e-02,0.000000000000000000e+00,1.048109965635738855e-01,0.000000000000000000e+00,7.674943566591421740e-02,8.749999999999999445e-02,1.174072564207093300e-01,0.000000000000000000e+00,0.000000000000000000e+00,1.229235880398671099e-01,1.253263707571801444e-01,9.180327868852458661e-02,1.035353535353535359e-01,8.207147183525136114e-02,9.230769230769231282e-02,2.512512512512512508e-01,8.527131782945736316e-02,7.801418439716312214e-02,1.284308648368720773e-01,1.382113821138211407e-01,4.347826086956521618e-02,9.890109890109889668e-02,7.058823529411764608e-02,0.000000000000000000e+00,1.038961038961039030e-01,9.010339734121122768e-02,0.000000000000000000e+00,1.029970451667370224e-01,8.759124087591241281e-02,1.068702290076335853e-01,6.950122649223221261e-02,5.817513778322106616e-02,8.457711442786070011e-02,0.000000000000000000e+00,1.150054764512595806e-01,8.387942332896461406e-02,1.106471816283924881e-01,9.861111111111110772e-02,7.168204400283889610e-02,1.048076923076923100e-01,9.868421052631579093e-02,9.144542772861356805e-02,9.788001804239963854e-02,1.028001534330648253e-01,0.000000000000000000e+00,1.015473887814313386e-01,1.275440976933514270e-01,1.148365465213746911e-01,6.077348066298342288e-02,1.393152302243211293e-01,1.138101664417453945e-01,4.619565217391304046e-02,8.873505349276274157e-02,0.000000000000000000e+00,2.200000000000000011e-01,0.000000000000000000e+00,0.000000000000000000e+00,2.068965517241379282e-01,8.193041526374859884e-02,1.262376237623762387e-01,7.633973710819008662e-02,0.000000000000000000e+00,1.065449010654490047e-01,0.000000000000000000e+00,2.129587675577707395e-01,2.163522012578616427e-01,8.912655971479500894e-02,6.666666666666666574e-02,0.000000000000000000e+00,0.000000000000000000e+00,9.790761942360837189e-02,6.143790849673202298e-02,8.064516129032257841e-02,6.048109965635738855e-02,9.792191435768261842e-02,8.219178082191780366e-02,1.714801444043321244e-01,8.423545331529093405e-02,1.023482498892334946e-01,2.396127470754336464e-01,1.922141119221411065e-01,1.045932484781405686e-01,9.625668449197860577e-02,1.626187961985216535e-01,7.417218543046358303e-02,7.644628099173553237e-02,0.000000000000000000e+00,9.627329192546583980e-02,8.486562942008486765e-02,2.682160804020100597e-01,7.356948228882834173e-02,8.752735229759299462e-02,0.000000000000000000e+00,7.177615571776155279e-02,9.172724125995153355e-02,1.064145346681497906e-01,0.000000000000000000e+00,2.151675485008818223e-01,0.000000000000000000e+00,0.000000000000000000e+00,6.289308176100628922e-02,0.000000000000000000e+00,6.920415224913495367e-02,9.095860566448801809e-02,2.592178770949720712e-01,1.535806729939603044e-01,1.061684460260972768e-01,8.452312964020559927e-02,2.585301837270341241e-01,7.898979043524986809e-02,9.629629629629629650e-02,1.192052980132450313e-01,2.515400410677617882e-01,9.951060358890700952e-02,9.890109890109889668e-02,1.017675415104445646e-01,0.000000000000000000e+00,1.634241245136186793e-01,7.458563535911602593e-02,7.758976475443664367e-02,6.950672645739910949e-02,2.554347826086956763e-01,9.126466753585397995e-02,8.717948717948717507e-02,8.720930232558139761e-02,0.000000000000000000e+00,7.432432432432432845e-02,0.000000000000000000e+00,2.158385093167701774e-01,2.500000000000000000e-01,1.107491856677524367e-01,8.824693312227938069e-02,9.956331877729257540e-02,0.000000000000000000e+00,5.325443786982248656e-02,7.167530224525042737e-02,1.115537848605577670e-01,1.115311909262759887e-01,1.067961165048543631e-01,1.034482758620689641e-01,9.448818897637795144e-02,8.838821490467937969e-02,1.013513513513513570e-01,9.001636661211129264e-02,9.561752988047808599e-02,8.157099697885196454e-02,9.604519774011299749e-02,9.880749574105621158e-02,8.909090909090909560e-02,9.803921568627450844e-02,9.538950715421304349e-02,1.159169550173010377e-01,9.489051094890510463e-02,9.411764705882352811e-02,1.119842829076620888e-01,1.023765996343692919e-01
2.000000000000000111e-01,5.606060606060605522e-01,2.000000000000000111e-01,1.153846153846153910e-01,1.111111111111111049e-01,0.000000000000000000e+00,0.000000000000000000e+00,0.000000000000000000e+00,0.000000000000000000e+00,2.000000000000000111e-01,1.904761904761904656e-01,2.272727272727272652e-01,4.000000000000000222e-01,0.000000000000000000e+00,2.142857142857142738e-01,2.307692307692307820e-01,2.115384615384615363e-01,2.068965517241379282e-01,2.307692307692307820e-01,2.000000000000000111e-01,5.000000000000000000e-01,0.000000000000000000e+00,9.677419354838709409e-02,8.510638297872340219e-02,4.000000000000000222e-01,0.000000000000000000e+00,0.000000000000000000e+00,0.000000000000000000e+00,6.101694915254237683e-01,1.555555555555555580e-01,0.000000000000000000e+00,1.904761904761904656e-01,2.500000000000000000e-01,1.428571428571428492e-01,1.090909090909090856e-01,5.142857142857142350e-01,1.199999999999999956e-01,6.818181818181817677e-02,1.111111111111111049e-01,1.000000000000000056e-01,0.000000000000000000e+00,3.333333333333333148e-01,0.000000000000000000e+00,1.525423728813559421e-01,1.739130434782608647e-01,0.000000000000000000e+00,3.194444444444444198e-01,2.857142857142856984e-01,2.575757575757575690e-01,2.999999999999999889e-01,3.030303030303030387e-02,0.000000000000000000e+00,2.000000000000000111e-01,6.153846153846154188e-01,3.333333333333333148e-01,1.000000000000000056e-01,0.000000000000000000e+00,2.222222222222222099e-01,4.000000000000000222e-01,2.000000000000000111e-01,0.000000000000000000e+00,1.276595744680850963e-01,1.428571428571428492e-01,3.333333333333333148e-01,2.857142857142856984e-01,5.000000000000000000e-01,4.000000000000000222e-01,6.315789473684210176e-01,3.333333333333333148e-01,7.692307692307692735e-02,2.272727272727272652e-01,1.428571428571428492e-01,1.964285714285714246e-01,2.272727272727272652e-01,1.891891891891891997e-01,3.947368421052631637e-01,1.000000000000000000e+00,2.727272727272727071e-01,2.424242424242424310e-01,8.000000000000000167e-02,6.666666666666666574e-02,1.176470588235294101e-01,1.739130434782608647e-01,0.000000000000000000e+00,1.499999999999999944e-01,4.545454545454545303e-01,2.972972972972973138e-01,0.000000000000000000e+00,1.749999999999999889e-01,7.407407407407406996e-02,0.000000000000000000e+00,1.363636363636363535e-01,7.692307692307692735e-02,1.904761904761904656e-01,0.000000000000000000e+00,9.090909090909091161e-02,1.694915254237288060e-01,2.083333333333333426e-01,2.352941176470588203e-01,1.224489795918367319e-01,1.025641025641025605e-01,8.333333333333332871e-02,1.666666666666666574e-01,5.892857142857143016e-01,3.934426229508196649e-01,7.500000000000000000e-01,4.285714285714285476e-01,0.000000000000000000e+00,5.882352941176470507e-02,0.000000000000000000e+00,2.222222222222222099e-01,2.000000000000000111e-01,6.250000000000000000e-01,3.548387096774193727e-01,5.882352941176470507e-02,3.846153846153846367e-01,2.500000000000000000e-01,1.111111111111111049e-01,4.347826086956521618e-02,8.196721311475409222e-02,1.052631578947368363e-01,3.333333333333333148e-01,1.666666666666666574e-01,1.718750000000000000e-01,4.285714285714285476e-01,2.000000000000000111e-01,3.400000000000000244e-01,1.538461538461538547e-01,2.786885245901639108e-01,1.111111111111111049e-01,0.000000000000000000e+00,2.857142857142856984e-01,0.000000000000000000e+00,1.162790697674418589e-01,1.833333333333333204e-01,1.538461538461538547e-01,4.000000000000000222e-01,2.820512820512820484e-01,1.428571428571428492e-01,2.173913043478260809e-01,4.000000000000000222e-01,3.571428571428571230e-02,1.250000000000000000e-01,4.166666666666666852e-01,5.000000000000000000e-01,0.000000000000000000e+00,0.000000000000000000e+00,0.000000000000000000e+00,0.000000000000000000e+00,1.875000000000000000e-01,1.034482758620689641e-01,2.000000000000000111e-01,3.333333333333333148e-01,2.500000000000000000e-01,1.186440677966101725e-01,3.913043478260869734e-01,9.375000000000000000e-02,1.666666666666666574e-01,5.000000000000000000e-01,4.347826086956521618e-02,1.333333333333333315e-01,0.000000000000000000e+00,1.428571428571428492e-01,2.200000000000000011e-01,1.875000000000000000e-01,0.000000000000000000e+00,1.250000000000000000e-01,0.000000000000000000e+00,5.555555555555555247e-02,0.000000000000000000e+00,1.764705882352941291e-01,0.000000000000000000e+00,0.000000000000000000e+00,0.000000000000000000e+00,4.761904761904761640e-02,5.882352941176470507e-02,1.864406779661016977e-01,7.547169811320754429e-02,1.000000000000000056e-01,3.414634146341463672e-01,2.000000000000000111e-01,0.000000000000000000e+00,1.190476190476190410e-01,2.857142857142856984e-01,0.000000000000000000e+00,2.195121951219512202e-01,3.333333333333333148e-01,0.000000000000000000e+00,3.333333333333333148e-01,0.000000000000000000e+00,0.000000000000000000e+00,2.500000000000000000e-01,9.677419354838709409e-02,0.000000000000000000e+00,5.263157894736841813e-02,1.562500000000000000e-01,1.666666666666666574e-01,0.000000000000000000e+00,3.529411764705882582e-01,0.000000000000000000e+00,2.222222222222222099e-01,2.666666666666666630e-01,1.176470588235294101e-01,1.153846153846153910e-01,1.428571428571428492e-01,1.666666666666666574e-01,8.928571428571428770e-02,1.833333333333333204e-01,0.000000000000000000e+00,3.076923076923077094e-01,2.000000000000000111e-01,2.272727272727272652e-01,0.000000000000000000e+00,1.923076923076923184e-01,1.282051282051281937e-01,0.000000000000000000e+00,1.627906976744186163e-01,0.000000000000000000e+00,5.000000000000000000e-01,0.000000000000000000e+00,0.000000000000000000e+00,6.666666666666666297e-01,1.904761904761904656e-01,0.000000000000000000e+00,2.272727272727272652e-01,0.000000000000000000e+00,2.727272727272727071e-01,0.000000000000000000e+00,4.199999999999999845e-01,5.294117647058823595e-01,0.000000000000000000e+00,0.000000000000000000e+00,0.000000000000000000e+00,0.000000000000000000e+00,7.317073170731706877e-02,6.250000000000000000e-02,1.621621621621621712e-01,2.702702702702702853e-02,1.914893617021276584e-01,8.333333333333332871e-02,4.199999999999999845e-01,1.499999999999999944e-01,2.096774193548387177e-01,5.396825396825396526e-01,6.666666666666666297e-01,1.612903225806451568e-01,3.750000000000000000e-01,3.478260869565217295e-01,2.931034482758620441e-01,1.666666666666666574e-01,0.000000000000000000e+00,0.000000000000000000e+00,1.250000000000000000e-01,3.611111111111111049e-01,0.000000000000000000e+00,1.111111111111111049e-01,0.000000000000000000e+00,1.111111111111111049e-01,1.489361702127659504e-01,2.264150943396226467e-01,0.000000000000000000e+00,4.375000000000000000e-01,0.000000000000000000e+00,0.000000000000000000e+00,0.000000000000000000e+00,0.000000000000000000e+00,3.333333333333333148e-01,1.111111111111111049e-01,5.625000000000000000e-01,2.692307692307692180e-01,2.647058823529411797e-01,1.489361702127659504e-01,2.631578947368420907e-01,2.051282051282051211e-01,1.219512195121951192e-01,2.222222222222222099e-01,4.347826086956521618e-01,2.222222222222222099e-01,1.875000000000000000e-01,1.395348837209302306e-01,0.000000000000000000e+00,5.714285714285713969e-01,2.857142857142856984e-01,1.228070175438596423e-01,2.500000000000000000e-01,3.924050632911392222e-01,2.727272727272727071e-01,1.875000000000000000e-01,0.000000000000000000e+00,0.000000000000000000e+00,1.428571428571428492e-01,0.000000000000000000e+00,5.238095238095238360e-01,8.571428571428570953e-01,1.147540983606557402e-01,1.666666666666666574e-01,1.230769230769230838e-01,0.000000000000000000e+00,1.111111111111111049e-01,9.677419354838709409e-02,0.000000000000000000e+00,1.000000000000000056e-01,7.692307692307692735e-02,3.333333333333333148e-01,1.333333333333333315e-01,3.529411764705882582e-01,2.800000000000000266e-01,9.090909090909091161e-02,2.307692307692307820e-01,1.875000000000000000e-01,1.875000000000000000e-01,2.857142857142856984e-01,7.142857142857142461e-02,1.875000000000000000e-01,2.857142857142856984e-01,2.857142857142856984e-01,2.777777777777777901e-01,3.076923076923077094e-01,1.538461538461538547e-01,2.105263157894736725e-01
2.727272727272727071e-01,5.000000000000000000e-01,3.750000000000000000e-01,4.090909090909091161e-01,5.769230769230768718e-01,3.636363636363636465e-01,0.000000000000000000e+00,0.000000000000000000e+00,0.000000000000000000e+00,4.000000000000000222e-01,2.941176470588235392e-01,4.000000000000000222e-01,4.000000000000000222e-01,0.000000000000000000e+00,6.521739130434782705e-01,6.999999999999999556e-01,3.157894736842105088e-01,3.508771929824561209e-01,4.166666666666666852e-01,1.000000000000000000e+00,6.666666666666666297e-01,0.000000000000000000e+00,3.095238095238095344e-01,2.619047619047619180e-01,3.333333333333333148e-01,0.000000000000000000e+00,8.947368421052631637e-01,4.000000000000000222e-01,5.000000000000000000e-01,4.000000000000000222e-01,0.000000000000000000e+00,4.000000000000000222e-01,5.555555555555555802e-01,8.846153846153845812e-01,3.928571428571428492e-01,5.000000000000000000e-01,3.076923076923077094e-01,9.487179487179486781e-01,5.714285714285713969e-01,2.926829268292682751e-01,0.000000000000000000e+00,2.999999999999999889e-01,4.000000000000000222e-01,9.295774647887323772e-01,9.130434782608695121e-01,0.000000000000000000e+00,4.821428571428571508e-01,7.500000000000000000e-01,8.720930232558139483e-01,7.500000000000000000e-01,2.222222222222222099e-01,0.000000000000000000e+00,9.473684210526315264e-01,4.615384615384615641e-01,3.333333333333333148e-01,3.846153846153846367e-01,4.000000000000000222e-01,6.250000000000000000e-01,4.166666666666666852e-01,4.347826086956521618e-01,8.333333333333333703e-01,3.076923076923077094e-01,3.478260869565217295e-01,7.142857142857143016e-01,2.777777777777777901e-01,5.000000000000000000e-01,8.750000000000000000e-01,7.619047619047618625e-01,5.555555555555555802e-01,7.600000000000000089e-01,9.062500000000000000e-01,7.647058823529411242e-01,4.000000000000000222e-01,4.166666666666666852e-01,3.666666666666666408e-01,4.062500000000000000e-01,1.000000000000000000e+00,7.916666666666666297e-01,1.333333333333333315e-01,4.166666666666666435e-02,5.151515151515151381e-01,4.736842105263157632e-01,2.727272727272727071e-01,3.750000000000000000e-01,3.928571428571428492e-01,6.666666666666666297e-01,5.128205128205127750e-01,0.000000000000000000e+00,2.222222222222222099e-01,7.037037037037037202e-01,3.125000000000000000e-01,4.444444444444444198e-01,4.871794871794871695e-01,2.580645161290322509e-01,5.454545454545454142e-01,4.062500000000000000e-01,5.250000000000000222e-01,9.130434782608695121e-01,9.666666666666666741e-01,5.151515151515151381e-01,8.035714285714286031e-01,9.200000000000000400e-01,7.600000000000000089e-01,2.558139534883721034e-01,4.920634920634920362e-01,5.000000000000000000e-01,1.000000000000000000e+00,0.000000000000000000e+00,3.333333333333333148e-01,0.000000000000000000e+00,5.000000000000000000e-01,7.066666666666666652e-01,3.157894736842105088e-01,5.102040816326530726e-01,3.846153846153846367e-01,5.000000000000000000e-01,4.375000000000000000e-01,6.969696969696970168e-01,2.272727272727272652e-01,3.561643835616438158e-01,5.312500000000000000e-01,5.384615384615384359e-01,9.090909090909090606e-01,4.339622641509434109e-01,4.545454545454545303e-01,4.594594594594594850e-01,4.666666666666666741e-01,4.444444444444444198e-01,4.313725490196078649e-01,5.000000000000000000e-01,0.000000000000000000e+00,2.222222222222222099e-01,0.000000000000000000e+00,5.428571428571428159e-01,4.716981132075471761e-01,1.250000000000000000e-01,6.923076923076922906e-01,6.046511627906976383e-01,8.000000000000000444e-01,3.870967741935483764e-01,2.500000000000000000e-01,3.695652173913043237e-01,4.285714285714285476e-01,6.363636363636363535e-01,6.250000000000000000e-01,0.000000000000000000e+00,3.750000000000000000e-01,0.000000000000000000e+00,0.000000000000000000e+00,2.727272727272727071e-01,3.939393939393939226e-01,2.399999999999999911e-01,6.666666666666666297e-01,5.000000000000000000e-01,5.999999999999999778e-01,3.125000000000000000e-01,2.424242424242424310e-01,5.555555555555555802e-01,2.500000000000000000e-01,5.999999999999999778e-01,3.703703703703703498e-01,4.000000000000000222e-01,4.375000000000000000e-01,2.258064516129032195e-01,3.333333333333333148e-01,0.000000000000000000e+00,4.117647058823529216e-01,0.000000000000000000e+00,2.666666666666666630e-01,4.444444444444444198e-01,7.260273972602739878e-01,0.000000000000000000e+00,0.000000000000000000e+00,1.428571428571428492e-01,5.000000000000000000e-01,4.799999999999999822e-01,6.734693877551020114e-01,3.506493506493506551e-01,4.615384615384615641e-01,5.652173913043477826e-01,2.500000000000000000e-01,7.500000000000000000e-01,4.339622641509434109e-01,1.000000000000000000e+00,6.666666666666666297e-01,4.772727272727272929e-01,1.000000000000000000e+00,0.000000000000000000e+00,8.000000000000000444e-01,3.750000000000000000e-01,0.000000000000000000e+00,6.774193548387096309e-01,5.925925925925925597e-01,1.000000000000000000e+00,4.736842105263157632e-01,2.250000000000000056e-01,9.782608695652174058e-01,0.000000000000000000e+00,3.333333333333333148e-01,4.736842105263157632e-01,8.846153846153845812e-01,8.000000000000000444e-01,1.818181818181818232e-01,3.333333333333333148e-01,0.000000000000000000e+00,5.000000000000000000e-01,2.962962962962962798e-01,8.536585365853658347e-01,0.000000000000000000e+00,4.761904761904761640e-01,3.333333333333333148e-01,6.666666666666666297e-01,9.230769230769231282e-01,5.555555555555555802e-01,4.745762711864406902e-01,0.000000000000000000e+00,2.999999999999999889e-01,0.000000000000000000e+00,6.666666666666666297e-01,0.000000000000000000e+00,0.000000000000000000e+00,5.000000000000000000e-01,6.538461538461538547e-01,7.272727272727272929e-01,2.702702702702702853e-01,0.000000000000000000e+00,2.727272727272727071e-01,0.000000000000000000e+00,4.687500000000000000e-01,5.294117647058823595e-01,2.999999999999999889e-01,5.000000000000000000e-01,0.000000000000000000e+00,0.000000000000000000e+00,2.745098039215686514e-01,2.307692307692307820e-01,3.333333333333333148e-01,8.260869565217391353e-01,3.283582089552238847e-01,4.347826086956521618e-01,3.589743589743589758e-01,4.848484848484848619e-01,4.727272727272727182e-01,6.136363636363636465e-01,5.000000000000000000e-01,4.857142857142857095e-01,4.000000000000000222e-01,3.529411764705882582e-01,2.765957446808510745e-01,3.939393939393939226e-01,0.000000000000000000e+00,7.500000000000000000e-01,8.000000000000000444e-01,5.312500000000000000e-01,5.000000000000000000e-01,4.285714285714285476e-01,0.000000000000000000e+00,2.500000000000000000e-01,3.414634146341463672e-01,7.951807228915662717e-01,0.000000000000000000e+00,6.666666666666666297e-01,0.000000000000000000e+00,0.000000000000000000e+00,2.000000000000000111e-01,0.000000000000000000e+00,8.571428571428570953e-01,8.823529411764705621e-01,4.583333333333333148e-01,6.956521739130434590e-01,8.363636363636363091e-01,3.548387096774193727e-01,5.666666666666666519e-01,4.651162790697674354e-01,5.833333333333333703e-01,4.545454545454545303e-01,4.489795918367346927e-01,3.584905660377358250e-01,4.062500000000000000e-01,4.150943396226415283e-01,0.000000000000000000e+00,5.000000000000000000e-01,7.500000000000000000e-01,2.894736842105263275e-01,2.500000000000000000e-01,4.035087719298245390e-01,9.333333333333333481e-01,9.444444444444444198e-01,1.000000000000000000e+00,0.000000000000000000e+00,1.000000000000000000e+00,0.000000000000000000e+00,4.782608695652174058e-01,1.666666666666666574e-01,3.333333333333333148e-01,3.272727272727272707e-01,7.391304347826086474e-01,0.000000000000000000e+00,4.444444444444444198e-01,7.857142857142856984e-01,2.777777777777777901e-01,5.454545454545454142e-01,4.736842105263157632e-01,2.500000000000000000e-01,5.833333333333333703e-01,7.692307692307692735e-01,5.000000000000000000e-01,5.999999999999999778e-01,5.384615384615384359e-01,6.250000000000000000e-01,2.999999999999999889e-01,5.500000000000000444e-01,5.000000000000000000e-01,4.761904761904761640e-01,5.294117647058823595e-01,5.714285714285713969e-01,5.000000000000000000e-01,5.454545454545454142e-01,4.444444444444444198e-01,1.538461538461538547e-01
0.000000000000000000e+00,0.000000000000000000e+00,0.000000000000000000e+00,0.000000000000000000e+00,0.000000000000000000e+00,0.000000000000000000e+00,0.000000000000000000e+00,0.000000000000000000e+00,0.000000000000000000e+00,0.000000000000000000e+00,0.000000000000000000e+00,0.000000000000000000e+00,0.000000000000000000e+00,0.000000000000000000e+00,0.000000000000000000e+00,0.000000000000000000e+00,0.000000000000000000e+00,0.000000000000000000e+00,0.000000000000000000e+00,0.000000000000000000e+00,0.000000000000000000e+00,0.000000000000000000e+00,0.000000000000000000e+00,0.000000000000000000e+00,0.000000000000000000e+00,0.000000000000000000e+00,0.000000000000000000e+00,0.000000000000000000e+00,0.000000000000000000e+00,0.000000000000000000e+00,0.000000000000000000e+00,0.000000000000000000e+00,0.000000000000000000e+00,0.000000000000000000e+00,0.000000000000000000e+00,0.000000000000000000e+00,0.000000000000000000e+00,0.000000000000000000e+00,0.000000000000000000e+00,0.000000000000000000e+00,0.000000000000000000e+00,0.000000000000000000e+00,0.000000000000000000e+00,0.000000000000000000e+00,0.000000000000000000e+00,0.000000000000000000e+00,0.000000000000000000e+00,0.000000000000000000e+00,0.000000000000000000e+00,0.000000000000000000e+00,0.000000000000000000e+00,0.000000000000000000e+00,0.000000000000000000e+00,0.000000000000000000e+00,0.000000000000000000e+00,0.000000000000000000e+00,0.000000000000000000e+00,0.000000000000000000e+00,0.000000000000000000e+00,0.000000000000000000e+00,0.000000000000000000e+00,0.000000000000000000e+00,0.000000000000000000e+00,0.000000000000000000e+00,0.000000000000000000e+00,0.000000000000000000e+00,0.000000000000000000e+00,0.000000000000000000e+00,0.000000000000000000e+00,0.000000000000000000e+00,0.000000000000000000e+00,0.000000000000000000e+00,0.000000000000000000e+00,0.000000000000000000e+00,0.000000000000000000e+00,0.000000000000000000e+00,0.000000000000000000e+00,0.000000000000000000e+00,0.000000000000000000e+00,0.000000000000000000e+00,0.000000000000000000e+00,0.000000000000000000e+00,0.000000000000000000e+00,0.000000000000000000e+00,0.000000000000000000e+00,0.000000000000000000e+00,0.000000000000000000e+00,0.000000000000000000e+00,0.000000000000000000e+00,0.000000000000000000e+00,0.000000000000000000e+00,0.000000000000000000e+00,0.000000000000000000e+00,0.000000000000000000e+00,0.000000000000000000e+00,0.000000000000000000e+00,0.000000000000000000e+00,0.000000000000000000e+00,0.000000000000000000e+00,0.000000000000000000e+00,0.000000000000000000e+00,0.000000000000000000e+00,0.000000000000000000e+00,0.000000000000000000e+00,0.000000000000000000e+00,0.000000000000000000e+00,0.000000000000000000e+00,0.000000000000000000e+00,0.000000000000000000e+00,0.000000000000000000e+00,0.000000000000000000e+00,0.000000000000000000e+00,0.000000000000000000e+00,0.000000000000000000e+00,0.000000000000000000e+00,0.000000000000000000e+00,0.000000000000000000e+00,0.000000000000000000e+00,0.000000000000000000e+00,0.000000000000000000e+00,0.000000000000000000e+00,0.000000000000000000e+00,0.000000000000000000e+00,0.000000000000000000e+00,0.000000000000000000e+00,0.000000000000000000e+00,0.000000000000000000e+00,0.000000000000000000e+00,0.000000000000000000e+00,0.000000000000000000e+00,0.000000000000000000e+00,0.000000000000000000e+00,0.000000000000000000e+00,0.000000000000000000e+00,0.000000000000000000e+00,0.000000000000000000e+00,0.000000000000000000e+00,0.000000000000000000e+00,0.000000000000000000e+00,0.000000000000000000e+00,0.000000000000000000e+00,0.000000000000000000e+00,0.000000000000000000e+00,0.000000000000000000e+00,0.000000000000000000e+00,0.000000000000000000e+00,0.000000000000000000e+00,0.000000000000000000e+00,0.000000000000000000e+00,0.000000000000000000e+00,0.000000000000000000e+00,0.000000000000000000e+00,0.000000000000000000e+00,0.000000000000000000e+00,0.000000000000000000e+00,0.000000000000000000e+00,0.000000000000000000e+00,0.000000000000000000e+00,0.000000000000000000e+00,0.000000000000000000e+00,0.000000000000000000e+00,0.000000000000000000e+00,0.000000000000000000e+00,0.000000000000000000e+00,0.000000000000000000e+00,0.000000000000000000e+00,0.000000000000000000e+00,0.000000000000000000e+00,0.000000000000000000e+00,0.000000000000000000e+00,0.000000000000000000e+00,0.000000000000000000e+00,0.000000000000000000e+00,0.000000000000000000e+00,0.000000000000000000e+00,0.000000000000000000e+00,0.000000000000000000e+00,0.000000000000000000e+00,0.000000000000000000e+00,0.000000000000000000e+00,0.000000000000000000e+00,0.000000000000000000e+00,0.000000000000000000e+00,0.000000000000000000e+00,0.000000000000000000e+00,0.000000000000000000e+00,0.000000000000000000e+00,0.000000000000000000e+00,0.000000000000000000e+00,0.000000000000000000e+00,0.000000000000000000e+00,0.000000000000000000e+00,0.000000000000000000e+00,0.000000000000000000e+00,0.000000000000000000e+00,0.000000000000000000e+00,0.000000000000000000e+00,0.000000000000000000e+00,0.000000000000000000e+00,0.000000000000000000e+00,0.000000000000000000e+00,0.000000000000000000e+00,0.000000000000000000e+00,0.000000000000000000e+00,0.000000000000000000e+00,0.000000000000000000e+00,0.000000000000000000e+00,0.000000000000000000e+00,0.000000000000000000e+00,0.000000000000000000e+00,0.000000000000000000e+00,0.000000000000000000e+00,0.000000000000000000e+00,0.000000000000000000e+00,0.000000000000000000e+00,0.000000000000000000e+00,0.000000000000000000e+00,0.000000000000000000e+00,0.000000000000000000e+00,0.000000000000000000e+00,0.000000000000000000e+00,0.000000000000000000e+00,0.000000000000000000e+00,0.000000000000000000e+00,0.000000000000000000e+00,0.000000000000000000e+00,0.000000000000000000e+00,0.000000000000000000e+00,0.000000000000000000e+00,0.000000000000000000e+00,0.000000000000000000e+00,0.000000000000000000e+00,0.000000000000000000e+00,0.000000000000000000e+00,0.000000000000000000e+00,0.000000000000000000e+00,0.000000000000000000e+00,0.000000000000000000e+00,0.000000000000000000e+00,0.000000000000000000e+00,0.000000000000000000e+00,0.000000000000000000e+00,0.000000000000000000e+00,0.000000000000000000e+00,0.000000000000000000e+00,0.000000000000000000e+00,0.000000000000000000e+00,0.000000000000000000e+00,0.000000000000000000e+00,0.000000000000000000e+00,0.000000000000000000e+00,0.000000000000000000e+00,0.000000000000000000e+00,0.000000000000000000e+00,0.000000000000000000e+00,0.000000000000000000e+00,0.000000000000000000e+00,0.000000000000000000e+00,0.000000000000000000e+00,0.000000000000000000e+00,0.000000000000000000e+00,0.000000000000000000e+00,0.000000000000000000e+00,0.000000000000000000e+00,0.000000000000000000e+00,0.000000000000000000e+00,0.000000000000000000e+00,0.000000000000000000e+00,0.000000000000000000e+00,0.000000000000000000e+00,0.000000000000000000e+00,0.000000000000000000e+00,0.000000000000000000e+00,0.000000000000000000e+00,0.000000000000000000e+00,0.000000000000000000e+00,0.000000000000000000e+00,0.000000000000000000e+00,0.000000000000000000e+00,0.000000000000000000e+00,0.000000000000000000e+00,0.000000000000000000e+00,0.000000000000000000e+00,0.000000000000000000e+00,0.000000000000000000e+00,0.000000000000000000e+00,0.000000000000000000e+00,0.000000000000000000e+00,0.000000000000000000e+00,0.000000000000000000e+00,0.000000000000000000e+00,0.000000000000000000e+00,0.000000000000000000e+00,0.000000000000000000e+00,0.000000000000000000e+00,0.000000000000000000e+00,0.000000000000000000e+00,0.000000000000000000e+00,0.000000000000000000e+00,0.000000000000000000e+00,0.000000000000000000e+00,0.000000000000000000e+00,0.000000000000000000e+00,0.000000000000000000e+00,0.000000000000000000e+00,0.000000000000000000e+00,0.000000000000000000e+00,0.000000000000000000e+00,0.000000000000000000e+00,0.000000000000000000e+00,0.000000000000000000e+00,0.000000000000000000e+00,0.000000000000000000e+00,0.000000000000000000e+00,0.000000000000000000e+00,0.000000000000000000e+00,0.000000000000000000e+00,0.000000000000000000e+00,0.000000000000000000e+00,0.000000000000000000e+00
4.726027397260273988e-01,2.204081632653061285e-01,3.684210526315789269e-01,2.187500000000000000e-01,1.076923076923076983e-01,1.363636363636363535e-01,0.000000000000000000e+00,0.000000000000000000e+00,0.000000000000000000e+00,0.000000000000000000e+00,3.452380952380952328e-01,2.892561983471074183e-01,3.846153846153846367e-01,0.000000000000000000e+00,2.962962962962962798e-01,2.608695652173912971e-01,2.272727272727272652e-01,2.603305785123967153e-01,3.170731707317073211e-01,1.379310344827586188e-01,2.926829268292682751e-01,0.000000000000000000e+00,1.549295774647887203e-01,2.107843137254901966e-01,3.035714285714285476e-01,0.000000000000000000e+00,8.510638297872340219e-02,4.736842105263157632e-01,2.410256410256410298e-01,4.044943820224718989e-01,4.285714285714285476e-01,2.500000000000000000e-01,3.975903614457831359e-01,1.955307262569832283e-01,2.211538461538461453e-01,2.028985507246376940e-01,2.079207920792079112e-01,1.694915254237288060e-01,2.933333333333333348e-01,5.607476635514018204e-01,5.000000000000000000e-01,4.016393442622950838e-01,1.799999999999999933e-01,1.483253588516746380e-01,1.060606060606060635e-01,0.000000000000000000e+00,2.415458937198067535e-01,3.478260869565217295e-01,1.686746987951807109e-01,3.181818181818181768e-01,3.121019108280254639e-01,7.142857142857143016e-01,1.311475409836065642e-01,2.682926829268292845e-01,6.363636363636363535e-01,1.250000000000000000e-01,5.000000000000000000e-01,3.061224489795918435e-01,2.837837837837837718e-01,4.672131147540983798e-01,2.000000000000000111e-01,2.095808383233532801e-01,2.590673575129533446e-01,1.428571428571428492e-01,5.073529411764705621e-01,1.914893617021276584e-01,1.100000000000000006e-01,1.917808219178082085e-01,3.750000000000000000e-01,1.186440677966101725e-01,1.917808219178082085e-01,2.337662337662337608e-01,3.614035087719298378e-01,2.441860465116278966e-01,1.985815602836879523e-01,1.586206896551724255e-01,9.523809523809523281e-02,1.926910299003322391e-01,1.612903225806451568e-01,4.850299401197604721e-01,2.441314553990610314e-01,2.187500000000000000e-01,2.258064516129032195e-01,5.263157894736841813e-01,1.595744680851063912e-01,2.380952380952380820e-01,1.972789115646258473e-01,0.000000000000000000e+00,4.000000000000000222e-01,3.185840707964601726e-01,3.428571428571428603e-01,3.174603174603174427e-01,2.013888888888888951e-01,2.090395480225988589e-01,3.571428571428571508e-01,1.764705882352941291e-01,1.987951807228915679e-01,2.399999999999999911e-01,1.463414634146341375e-01,2.428571428571428548e-01,2.148148148148148195e-01,2.278481012658227778e-01,9.523809523809523281e-02,2.562814070351758788e-01,1.717557251908397031e-01,5.263157894736841813e-02,8.000000000000000167e-02,0.000000000000000000e+00,5.972222222222222099e-01,0.000000000000000000e+00,4.838709677419354982e-01,2.084942084942084939e-01,1.666666666666666574e-01,2.355769230769230727e-01,3.181818181818181768e-01,1.100000000000000006e-01,2.537313432835821003e-01,2.383177570093457931e-01,2.844036697247706580e-01,4.095940959409594129e-01,1.923076923076923184e-01,2.032967032967032961e-01,1.333333333333333315e-01,4.068441064638783078e-01,2.647058823529411797e-01,4.897959183673469274e-01,2.699386503067484622e-01,2.340425531914893664e-01,2.564102564102563875e-01,5.000000000000000000e-01,0.000000000000000000e+00,3.863636363636363535e-01,0.000000000000000000e+00,2.473118279569892497e-01,2.509803921568627416e-01,2.272727272727272652e-01,1.777777777777777846e-01,2.488479262672811110e-01,1.764705882352941291e-01,2.247191011235954994e-01,2.439024390243902385e-01,5.196078431372549433e-01,2.777777777777777901e-01,2.933333333333333348e-01,5.238095238095238360e-01,0.000000000000000000e+00,5.925925925925925597e-01,0.000000000000000000e+00,0.000000000000000000e+00,2.561983471074379959e-01,3.087248322147650992e-01,5.960264900662252119e-01,2.777777777777777901e-01,1.643835616438356073e-01,2.564102564102563875e-01,2.970297029702970160e-01,2.265625000000000000e-01,2.682926829268292845e-01,1.666666666666666574e-01,2.291666666666666574e-01,1.916666666666666796e-01,2.608695652173912971e-01,2.871287128712871062e-01,4.149999999999999800e-01,1.272727272727272596e-01,0.000000000000000000e+00,1.190476190476190410e-01,0.000000000000000000e+00,4.936708860759493889e-01,2.000000000000000111e-01,2.130434782608695565e-01,0.000000000000000000e+00,0.000000000000000000e+00,5.555555555555555802e-01,4.712643678160919336e-01,1.168831168831168804e-01,1.497584541062801922e-01,2.227488151658767734e-01,2.857142857142856984e-01,1.978021978021977934e-01,1.666666666666666574e-01,5.000000000000000000e-01,1.772151898734177222e-01,6.250000000000000000e-02,3.333333333333333148e-01,2.413793103448275967e-01,2.045454545454545581e-01,0.000000000000000000e+00,4.615384615384615641e-01,4.736842105263157632e-01,0.000000000000000000e+00,1.920000000000000040e-01,2.968750000000000000e-01,2.571428571428571175e-01,2.115384615384615363e-01,4.726027397260273988e-01,1.698113207547169712e-01,0.000000000000000000e+00,4.883720930232557933e-01,5.892857142857143016e-01,1.616161616161616299e-01,1.451612903225806550e-01,5.213675213675214026e-01,1.237113402061855716e-01,2.105263157894736725e-01,5.333333333333333259e-01,2.152466367713004591e-01,2.008368200836820050e-01,0.000000000000000000e+00,5.121951219512195230e-01,2.777777777777777901e-01,2.199170124481327759e-01,1.600000000000000033e-01,3.333333333333333148e-01,2.010309278350515538e-01,2.500000000000000000e-01,2.465753424657534110e-01,0.000000000000000000e+00,1.666666666666666574e-01,0.000000000000000000e+00,0.000000000000000000e+00,2.307692307692307820e-01,8.749999999999999445e-02,3.076923076923077094e-01,1.644736842105263275e-01,0.000000000000000000e+00,2.941176470588235392e-01,0.000000000000000000e+00,2.251308900523560086e-01,2.000000000000000111e-01,3.043478260869565410e-01,1.860465116279069742e-01,0.000000000000000000e+00,0.000000000000000000e+00,5.044247787610619538e-01,2.631578947368420907e-01,5.592705167173251946e-01,1.549295774647887203e-01,3.419913419913420127e-01,1.927710843373494076e-01,2.142857142857142738e-01,2.426778242677824216e-01,4.285714285714285476e-01,2.079646017699114946e-01,3.939393939393939226e-01,1.587301587301587213e-01,5.000000000000000000e-01,2.500000000000000000e-01,6.162790697674418450e-01,3.892617449664429463e-01,0.000000000000000000e+00,9.090909090909091161e-02,2.222222222222222099e-01,1.811023622047244208e-01,1.250000000000000000e-01,3.823529411764705621e-01,0.000000000000000000e+00,3.026315789473684181e-01,2.882882882882882858e-01,1.938325991189427389e-01,0.000000000000000000e+00,2.037037037037036924e-01,0.000000000000000000e+00,0.000000000000000000e+00,2.222222222222222099e-01,0.000000000000000000e+00,2.000000000000000111e-01,2.173913043478260809e-01,2.048192771084337283e-01,2.314814814814814825e-01,9.929078014184397616e-02,1.883116883116883189e-01,2.446043165467625957e-01,2.246376811594202882e-01,2.407407407407407274e-01,2.619047619047619180e-01,1.621621621621621712e-01,2.272727272727272652e-01,4.788732394366196909e-01,1.918604651162790775e-01,0.000000000000000000e+00,3.913043478260869734e-01,1.666666666666666574e-01,4.978723404255319118e-01,6.477272727272727071e-01,1.615384615384615474e-01,1.860465116279069742e-01,2.058823529411764608e-01,2.631578947368420907e-01,0.000000000000000000e+00,2.142857142857142738e-01,0.000000000000000000e+00,2.413793103448275967e-01,1.515151515151515194e-01,4.785714285714285920e-01,2.028985507246376940e-01,1.659388646288209590e-01,0.000000000000000000e+00,2.727272727272727071e-01,2.127659574468085124e-01,3.285714285714285698e-01,1.515151515151515194e-01,2.765957446808510745e-01,2.272727272727272652e-01,2.444444444444444364e-01,2.203389830508474534e-01,3.181818181818181768e-01,3.333333333333333148e-01,1.973684210526315819e-01,2.933333333333333348e-01,1.875000000000000000e-01,3.174603174603174427e-01,2.105263157894736725e-01,2.033898305084745894e-01,2.399999999999999911e-01,3.043478260869565410e-01,2.459016393442622905e-01,2.739726027397260122e-01,2.241379310344827624e-01,2.407407407407407274e-01
0.000000000000000000e+00,0.000000000000000000e+00,0.000000000000000000e+00,0.000000000000000000e+00,0.000000000000000000e+00,0.000000000000000000e+00,0.000000000000000000e+00,0.000000000000000000e+00,0.000000000000000000e+00,0.000000000000000000e+00,0.000000000000000000e+00,0.000000000000000000e+00,0.000000000000000000e+00,0.000000000000000000e+00,0.000000000000000000e+00,0.000000000000000000e+00,0.000000000000000000e+00,0.000000000000000000e+00,0.000000000000000000e+00,0.000000000000000000e+00,0.000000000000000000e+00,0.000000000000000000e+00,0.000000000000000000e+00,0.000000000000000000e+00,0.000000000000000000e+00,0.000000000000000000e+00,0.000000000000000000e+00,0.000000000000000000e+00,0.000000000000000000e+00,0.000000000000000000e+00,0.000000000000000000e+00,0.000000000000000000e+00,0.000000000000000000e+00,0.000000000000000000e+00,0.000000000000000000e+00,0.000000000000000000e+00,0.000000000000000000e+00,0.000000000000000000e+00,0.000000000000000000e+00,0.000000000000000000e+00,0.000000000000000000e+00,0.000000000000000000e+00,0.000000000000000000e+00,0.000000000000000000e+00,0.000000000000000000e+00,0.000000000000000000e+00,0.000000000000000000e+00,0.000000000000000000e+00,0.000000000000000000e+00,0.000000000000000000e+00,0.000000000000000000e+00,0.000000000000000000e+00,0.000000000000000000e+00,0.000000000000000000e+00,0.000000000000000000e+00,0.000000000000000000e+00,0.000000000000000000e+00,0.000000000000000000e+00,0.000000000000000000e+00,0.000000000000000000e+00,0.000000000000000000e+00,0.000000000000000000e+00,0.000000000000000000e+00,0.000000000000000000e+00,0.000000000000000000e+00,0.000000000000000000e+00,0.000000000000000000e+00,0.000000000000000000e+00,0.000000000000000000e+00,0.000000000000000000e+00,0.000000000000000000e+00,0.000000000000000000e+00,0.000000000000000000e+00,0.000000000000000000e+00,0.000000000000000000e+00,0.000000000000000000e+00,0.000000000000000000e+00,0.000000000000000000e+00,0.000000000000000000e+00,0.000000000000000000e+00,0.000000000000000000e+00,0.000000000000000000e+00,0.000000000000000000e+00,0.000000000000000000e+00,0.000000000000000000e+00,0.000000000000000000e+00,0.000000000000000000e+00,0.000000000000000000e+00,0.000000000000000000e+00,0.000000000000000000e+00,0.000000000000000000e+00,0.000000000000000000e+00,0.000000000000000000e+00,0.000000000000000000e+00,0.000000000000000000e+00,0.000000000000000000e+00,0.000000000000000000e+00,0.000000000000000000e+00,0.000000000000000000e+00,0.000000000000000000e+00,0.000000000000000000e+00,0.000000000000000000e+00,0.000000000000000000e+00,0.000000000000000000e+00,0.000000000000000000e+00,0.000000000000000000e+00,0.000000000000000000e+00,0.000000000000000000e+00,0.000000000000000000e+00,0.000000000000000000e+00,0.000000000000000000e+00,0.000000000000000000e+00,0.000000000000000000e+00,0.000000000000000000e+00,0.000000000000000000e+00,0.000000000000000000e+00,0.000000000000000000e+00,0.000000000000000000e+00,0.000000000000000000e+00,0.000000000000000000e+00,0.000000000000000000e+00,0.000000000000000000e+00,0.000000000000000000e+00,0.000000000000000000e+00,0.000000000000000000e+00,0.000000000000000000e+00,0.000000000000000000e+00,0.000000000000000000e+00,0.000000000000000000e+00,0.000000000000000000e+00,0.000000000000000000e+00,0.000000000000000000e+00,0.000000000000000000e+00,0.000000000000000000e+00,0.000000000000000000e+00,0.000000000000000000e+00,0.000000000000000000e+00,0.000000000000000000e+00,0.000000000000000000e+00,0.000000000000000000e+00,0.000000000000000000e+00,0.000000000000000000e+00,0.000000000000000000e+00,0.000000000000000000e+00,0.000000000000000000e+00,0.000000000000000000e+00,0.000000000000000000e+00,0.000000000000000000e+00,0.000000000000000000e+00,0.000000000000000000e+00,0.000000000000000000e+00,0.000000000000000000e+00,0.000000000000000000e+00,0.000000000000000000e+00,0.000000000000000000e+00,0.000000000000000000e+00,0.000000000000000000e+00,0.000000000000000000e+00,0.000000000000000000e+00,0.000000000000000000e+00,0.000000000000000000e+00,0.000000000000000000e+00,0.000000000000000000e+00,0.000000000000000000e+00,0.000000000000000000e+00,0.000000000000000000e+00,0.000000000000000000e+00,0.000000000000000000e+00,0.000000000000000000e+00,0.000000000000000000e+00,0.000000000000000000e+00,0.000000000000000000e+00,0.000000000000000000e+00,0.000000000000000000e+00,0.000000000000000000e+00,0.000000000000000000e+00,0.000000000000000000e+00,0.000000000000000000e+00,0.000000000000000000e+00,0.000000000000000000e+00,0.000000000000000000e+00,0.000000000000000000e+00,0.000000000000000000e+00,0.000000000000000000e+00,0.000000000000000000e+00,0.000000000000000000e+00,0.000000000000000000e+00,0.000000000000000000e+00,0.000000000000000000e+00,0.000000000000000000e+00,0.000000000000000000e+00,0.000000000000000000e+00,0.000000000000000000e+00,0.000000000000000000e+00,0.000000000000000000e+00,0.000000000000000000e+00,0.000000000000000000e+00,0.000000000000000000e+00,0.000000000000000000e+00,0.000000000000000000e+00,0.000000000000000000e+00,0.000000000000000000e+00,0.000000000000000000e+00,0.000000000000000000e+00,0.000000000000000000e+00,0.000000000000000000e+00,0.000000000000000000e+00,0.000000000000000000e+00,0.000000000000000000e+00,0.000000000000000000e+00,0.000000000000000000e+00,0.000000000000000000e+00,0.000000000000000000e+00,0.000000000000000000e+00,0.000000000000000000e+00,0.000000000000000000e+00,0.000000000000000000e+00,0.000000000000000000e+00,0.000000000000000000e+00,0.000000000000000000e+00,0.000000000000000000e+00,0.000000000000000000e+00,0.000000000000000000e+00,0.000000000000000000e+00,0.000000000000000000e+00,0.000000000000000000e+00,0.000000000000000000e+00,0.000000000000000000e+00,0.000000000000000000e+00,0.000000000000000000e+00,0.000000000000000000e+00,0.000000000000000000e+00,0.000000000000000000e+00,0.000000000000000000e+00,0.000000000000000000e+00,0.000000000000000000e+00,0.000000000000000000e+00,0.000000000000000000e+00,0.000000000000000000e+00,0.000000000000000000e+00,0.000000000000000000e+00,0.000000000000000000e+00,0.000000000000000000e+00,0.000000000000000000e+00,0.000000000000000000e+00,0.000000000000000000e+00,0.000000000000000000e+00,0.000000000000000000e+00,0.000000000000000000e+00,0.000000000000000000e+00,0.000000000000000000e+00,0.000000000000000000e+00,0.000000000000000000e+00,0.000000000000000000e+00,0.000000000000000000e+00,0.000000000000000000e+00,0.000000000000000000e+00,0.000000000000000000e+00,0.000000000000000000e+00,0.000000000000000000e+00,0.000000000000000000e+00,0.000000000000000000e+00,0.000000000000000000e+00,0.000000000000000000e+00,0.000000000000000000e+00,0.000000000000000000e+00,0.000000000000000000e+00,0.000000000000000000e+00,0.000000000000000000e+00,0.000000000000000000e+00,0.000000000000000000e+00,0.000000000000000000e+00,0.000000000000000000e+00,0.000000000000000000e+00,0.000000000000000000e+00,0.000000000000000000e+00,0.000000000000000000e+00,0.000000000000000000e+00,0.000000000000000000e+00,0.000000000000000000e+00,0.000000000000000000e+00,0.000000000000000000e+00,0.000000000000000000e+00,0.000000000000000000e+00,0.000000000000000000e+00,0.000000000000000000e+00,0.000000000000000000e+00,0.000000000000000000e+00,0.000000000000000000e+00,0.000000000000000000e+00,0.000000000000000000e+00,0.000000000000000000e+00,0.000000000000000000e+00,0.000000000000000000e+00,0.000000000000000000e+00,0.000000000000000000e+00,0.000000000000000000e+00,0.000000000000000000e+00,0.000000000000000000e+00,0.000000000000000000e+00,0.000000000000000000e+00,0.000000000000000000e+00,0.000000000000000000e+00,0.000000000000000000e+00,0.000000000000000000e+00,0.000000000000000000e+00,0.000000000000000000e+00,0.000000000000000000e+00,0.000000000000000000e+00,0.000000000000000000e+00,0.000000000000000000e+00,0.000000000000000000e+00,0.000000000000000000e+00,0.000000000000000000e+00,0.000000000000000000e+00,0.000000000000000000e+00,0.000000000000000000e+00,0.000000000000000000e+00,0.000000000000000000e+00,0.000000000000000000e+00
7.419354838709677491e-01,4.583333333333333148e-01,4.615384615384615641e-01,3.225806451612903136e-01,3.529411764705882582e-01,1.000000000000000056e-01,0.000000000000000000e+00,0.000000000000000000e+00,0.000000000000000000e+00,6.666666666666666297e-01,5.416666666666666297e-01,3.703703703703703498e-01,5.714285714285713969e-01,0.000000000000000000e+00,4.285714285714285476e-01,5.000000000000000000e-01,3.333333333333333148e-01,2.790697674418604612e-01,4.545454545454545303e-01,0.000000000000000000e+00,3.333333333333333148e-01,0.000000000000000000e+00,4.509803921568627527e-01,3.947368421052631637e-01,4.444444444444444198e-01,0.000000000000000000e+00,2.000000000000000111e-01,9.285714285714286031e-01,3.673469387755102233e-01,5.555555555555555802e-01,7.500000000000000000e-01,2.399999999999999911e-01,6.666666666666666297e-01,2.647058823529411797e-01,3.750000000000000000e-01,4.473684210526315819e-01,3.666666666666666408e-01,1.578947368421052544e-01,6.875000000000000000e-01,7.777777777777777901e-01,5.000000000000000000e-01,5.500000000000000444e-01,4.000000000000000222e-01,2.093023255813953598e-01,3.076923076923077094e-01,0.000000000000000000e+00,3.599999999999999867e-01,2.000000000000000111e-01,3.375000000000000222e-01,4.000000000000000222e-01,4.782608695652174058e-01,8.750000000000000000e-01,5.000000000000000000e-01,3.750000000000000000e-01,6.999999999999999556e-01,4.583333333333333148e-01,3.750000000000000000e-01,4.736842105263157632e-01,4.545454545454545303e-01,8.571428571428570953e-01,4.285714285714285476e-01,2.000000000000000111e-01,3.076923076923077094e-01,4.000000000000000222e-01,7.800000000000000266e-01,6.666666666666666297e-01,1.666666666666666574e-01,4.705882352941176405e-01,3.636363636363636465e-01,0.000000000000000000e+00,3.214285714285714524e-01,1.578947368421052544e-01,5.370370370370370905e-01,5.294117647058823595e-01,2.999999999999999889e-01,2.500000000000000000e-01,1.428571428571428492e-01,2.253521126760563431e-01,3.157894736842105088e-01,7.586206896551723755e-01,3.076923076923077094e-01,3.888888888888888951e-01,3.809523809523809312e-01,5.333333333333333259e-01,5.000000000000000000e-01,5.000000000000000000e-01,3.611111111111111049e-01,0.000000000000000000e+00,4.242424242424242542e-01,4.583333333333333148e-01,4.444444444444444198e-01,6.315789473684210176e-01,3.333333333333333148e-01,3.548387096774193727e-01,2.000000000000000111e-01,3.055555555555555802e-01,2.452830188679245293e-01,3.333333333333333148e-01,2.999999999999999889e-01,2.758620689655172376e-01,3.437500000000000000e-01,1.304347826086956486e-01,2.941176470588235392e-01,3.541666666666666852e-01,2.264150943396226467e-01,0.000000000000000000e+00,0.000000000000000000e+00,0.000000000000000000e+00,1.000000000000000000e+00,0.000000000000000000e+00,6.666666666666666297e-01,2.666666666666666630e-01,2.500000000000000000e-01,3.428571428571428603e-01,3.750000000000000000e-01,1.875000000000000000e-01,3.076923076923077094e-01,3.076923076923077094e-01,2.608695652173912971e-01,6.166666666666666963e-01,3.928571428571428492e-01,2.820512820512820484e-01,0.000000000000000000e+00,6.774193548387096309e-01,6.666666666666666297e-01,5.999999999999999778e-01,4.166666666666666852e-01,3.235294117647058987e-01,3.800000000000000044e-01,8.000000000000000444e-01,0.000000000000000000e+00,6.666666666666666297e-01,0.000000000000000000e+00,3.260869565217391353e-01,3.157894736842105088e-01,4.285714285714285476e-01,2.727272727272727071e-01,2.857142857142856984e-01,6.666666666666666297e-01,3.750000000000000000e-01,4.285714285714285476e-01,7.142857142857143016e-01,1.428571428571428492e-01,3.846153846153846367e-01,1.000000000000000000e+00,0.000000000000000000e+00,5.000000000000000000e-01,0.000000000000000000e+00,0.000000000000000000e+00,2.647058823529411797e-01,4.285714285714285476e-01,7.692307692307692735e-01,5.714285714285713969e-01,2.857142857142856984e-01,4.117647058823529216e-01,2.500000000000000000e-01,2.820512820512820484e-01,1.666666666666666574e-01,3.750000000000000000e-01,5.999999999999999778e-01,3.703703703703703498e-01,9.090909090909091161e-02,3.478260869565217295e-01,6.888888888888888840e-01,3.333333333333333148e-01,0.000000000000000000e+00,2.000000000000000111e-01,0.000000000000000000e+00,7.619047619047618625e-01,3.333333333333333148e-01,3.076923076923077094e-01,0.000000000000000000e+00,0.000000000000000000e+00,5.714285714285713969e-01,8.823529411764705621e-01,2.727272727272727071e-01,2.857142857142856984e-01,3.442622950819672067e-01,3.333333333333333148e-01,3.043478260869565410e-01,3.333333333333333148e-01,5.000000000000000000e-01,5.000000000000000000e-01,0.000000000000000000e+00,2.857142857142856984e-01,1.724137931034482873e-01,1.666666666666666574e-01,0.000000000000000000e+00,1.000000000000000000e+00,8.181818181818182323e-01,0.000000000000000000e+00,1.914893617021276584e-01,5.161290322580645018e-01,2.500000000000000000e-01,3.499999999999999778e-01,4.901960784313725283e-01,2.000000000000000111e-01,0.000000000000000000e+00,7.692307692307692735e-01,7.647058823529411242e-01,2.857142857142856984e-01,2.272727272727272652e-01,5.555555555555555802e-01,2.758620689655172376e-01,1.666666666666666574e-01,4.285714285714285476e-01,3.673469387755102233e-01,2.000000000000000111e-01,0.000000000000000000e+00,6.666666666666666297e-01,3.571428571428571508e-01,2.413793103448275967e-01,4.000000000000000222e-01,4.761904761904761640e-01,3.673469387755102233e-01,4.000000000000000222e-01,3.499999999999999778e-01,0.000000000000000000e+00,2.000000000000000111e-01,0.000000000000000000e+00,0.000000000000000000e+00,1.666666666666666574e-01,2.105263157894736725e-01,6.250000000000000000e-01,4.242424242424242542e-01,0.000000000000000000e+00,3.076923076923077094e-01,0.000000000000000000e+00,3.548387096774193727e-01,3.076923076923077094e-01,2.500000000000000000e-01,3.333333333333333148e-01,0.000000000000000000e+00,0.000000000000000000e+00,6.949152542372881713e-01,0.000000000000000000e+00,7.578947368421052877e-01,3.928571428571428492e-01,5.476190476190476719e-01,2.727272727272727071e-01,4.615384615384615641e-01,2.999999999999999889e-01,5.686274509803921351e-01,3.636363636363636465e-01,2.857142857142856984e-01,4.242424242424242542e-01,6.250000000000000000e-01,3.599999999999999867e-01,7.230769230769230616e-01,4.523809523809523836e-01,0.000000000000000000e+00,4.000000000000000222e-01,0.000000000000000000e+00,3.225806451612903136e-01,2.500000000000000000e-01,2.500000000000000000e-01,0.000000000000000000e+00,2.999999999999999889e-01,3.030303030303030387e-01,3.833333333333333592e-01,0.000000000000000000e+00,3.333333333333333148e-01,0.000000000000000000e+00,0.000000000000000000e+00,1.250000000000000000e-01,0.000000000000000000e+00,0.000000000000000000e+00,3.499999999999999778e-01,6.470588235294117974e-01,2.857142857142856984e-01,3.333333333333333148e-01,3.750000000000000000e-01,3.548387096774193727e-01,3.333333333333333148e-01,3.157894736842105088e-01,3.750000000000000000e-01,3.513513513513513709e-01,4.047619047619047672e-01,7.500000000000000000e-01,2.500000000000000000e-01,0.000000000000000000e+00,0.000000000000000000e+00,1.666666666666666574e-01,7.692307692307692735e-01,6.250000000000000000e-01,3.809523809523809312e-01,1.250000000000000000e-01,9.090909090909091161e-02,0.000000000000000000e+00,0.000000000000000000e+00,0.000000000000000000e+00,0.000000000000000000e+00,3.333333333333333148e-01,0.000000000000000000e+00,5.961538461538461453e-01,2.857142857142856984e-01,3.750000000000000000e-01,0.000000000000000000e+00,2.857142857142856984e-01,2.500000000000000000e-01,2.999999999999999889e-01,5.833333333333333703e-01,4.444444444444444198e-01,4.210526315789473450e-01,4.000000000000000222e-01,3.125000000000000000e-01,5.555555555555555802e-01,9.090909090909091161e-02,6.363636363636363535e-01,2.941176470588235392e-01,3.636363636363636465e-01,3.157894736842105088e-01,3.333333333333333148e-01,6.999999999999999556e-01,3.125000000000000000e-01,1.428571428571428492e-01,3.333333333333333148e-01,2.500000000000000000e-01,3.846153846153846367e-01,3.333333333333333148e-01
1.342134213421342093e-01,1.129788897576231438e-01,1.304347826086956486e-01,9.230769230769231282e-02,1.158021712907117001e-01,1.138686131386861256e-01,0.000000000000000000e+00,0.000000000000000000e+00,0.000000000000000000e+00,1.007462686567164173e-01,1.100823045267489697e-01,1.218487394957983166e-01,1.244813278008298774e-01,0.000000000000000000e+00,1.360000000000000098e-01,1.399548532731376971e-01,1.192214111922141051e-01,1.150716776443239109e-01,1.424418604651162823e-01,1.961538461538461509e-01,1.239669421487603340e-01,0.000000000000000000e+00,9.617658651951123405e-02,8.670279283034597329e-02,1.334622823984526196e-01,0.000000000000000000e+00,3.694493783303730017e-01,1.051724137931034503e-01,1.358457493426818707e-01,1.263335204941044287e-01,9.178743961352657521e-02,1.215864759427828373e-01,1.167630057803468180e-01,3.325802078626299285e-01,1.129777404451910994e-01,1.369936034115138701e-01,1.287356321839080442e-01,3.425742574257426010e-01,1.383095499451152677e-01,1.159966499162479042e-01,9.310344827586207461e-02,1.149825783972125426e-01,9.523809523809523281e-02,3.318197694725811830e-01,3.117154811715481255e-01,0.000000000000000000e+00,1.279926335174954022e-01,1.629213483146067509e-01,3.229813664596273282e-01,1.375000000000000111e-01,1.203146691346598796e-01,8.259587020648967437e-02,3.079399141630901338e-01,1.309090909090909194e-01,9.887640449438202250e-02,7.343412526997840362e-02,1.587301587301587213e-01,1.420118343195266308e-01,1.453804347826087029e-01,1.183986371379897734e-01,1.391304347826086973e-01,1.111111111111111049e-01,1.067438973934629748e-01,7.218683651804670698e-02,1.303018723729461315e-01,1.243781094527363212e-01,2.905844155844156118e-01,1.252653927813163481e-01,1.577981651376146877e-01,3.127690100430415843e-01,3.136922424756252714e-01,3.058823529411764941e-01,1.204921510394569434e-01,1.177275838466803615e-01,1.113043478260869606e-01,1.226513569937369569e-01,3.659420289855072617e-01,3.179401063532045768e-01,6.714060031595577016e-02,1.000000000000000056e-01,9.736632083000798521e-02,1.189376443418013879e-01,1.546961325966850764e-01,9.337860780984720555e-02,1.538461538461538547e-01,1.352657004830917775e-01,1.524947294448348589e-01,0.000000000000000000e+00,1.297653958944281483e-01,2.025974025974026094e-01,1.142857142857142821e-01,1.338842975206611663e-01,1.203974284044418419e-01,1.327094853253934503e-01,1.457286432160803946e-01,1.052072263549415493e-01,1.128948731227343294e-01,3.251072961373390746e-01,3.154246100519930707e-01,1.372180451127819611e-01,3.189333333333333464e-01,3.195164075993091601e-01,3.350568769389865587e-01,1.008540056933712875e-01,1.336833602584814318e-01,1.306306306306306286e-01,2.575757575757575690e-01,0.000000000000000000e+00,1.209039548022598914e-01,0.000000000000000000e+00,1.488764044943820253e-01,2.953546767106088877e-01,1.005025125628140753e-01,1.448374760994263766e-01,1.376146788990825764e-01,1.067864271457085873e-01,1.288546255506607952e-01,2.938901778808971632e-01,1.150131694468832372e-01,1.344051446945337680e-01,8.556925308194343605e-02,1.426441351888667886e-01,2.776349614395887122e-01,1.243882544861337619e-01,1.390243902439024515e-01,1.211160431198478188e-01,1.544660846205506977e-01,1.275720164609053520e-01,1.219305673158340431e-01,9.414225941422593724e-02,0.000000000000000000e+00,1.158129175946547851e-01,0.000000000000000000e+00,1.504381694255111923e-01,1.529229578010065926e-01,1.380417335473515250e-01,1.290983606557377095e-01,1.346153846153846090e-01,1.162790697674418589e-01,1.443932411674347105e-01,1.031128404669260645e-01,1.003536693191865586e-01,1.121673003802281382e-01,1.224489795918367319e-01,5.357142857142856845e-02,0.000000000000000000e+00,1.031746031746031689e-01,0.000000000000000000e+00,0.000000000000000000e+00,1.473759884974838175e-01,1.097178683385579973e-01,1.067484662576687060e-01,1.515151515151515194e-01,1.193467336683417118e-01,1.715442092154420839e-01,1.208791208791208799e-01,1.247327156094084066e-01,1.298174442190669353e-01,1.288135593220338937e-01,1.425891181988742928e-01,1.229619565217391353e-01,1.142098273572377115e-01,1.332655137334689821e-01,1.201650335224342392e-01,1.124260355029585851e-01,0.000000000000000000e+00,1.265377855887521996e-01,0.000000000000000000e+00,1.185682326621923938e-01,8.695652173913043237e-02,2.526071842410196888e-01,0.000000000000000000e+00,0.000000000000000000e+00,7.189542483660130157e-02,9.623430962343096362e-02,1.292134831460674260e-01,3.323338330834582632e-01,1.153499549414238462e-01,1.407766990291262066e-01,1.440162271805273952e-01,9.469696969696969613e-02,1.025641025641025605e-01,1.192982456140350839e-01,2.406015037593984829e-01,1.200923787528868358e-01,1.211401425178147279e-01,3.039443155452435930e-01,0.000000000000000000e+00,8.974358974358974395e-02,9.405255878284923821e-02,0.000000000000000000e+00,2.821978021978022166e-01,2.634238787113076241e-01,3.700787401574803237e-01,1.011904761904761918e-01,9.976798143851507705e-02,3.083032490974729201e-01,0.000000000000000000e+00,1.243628950050968407e-01,1.046831955922865043e-01,2.952973720608575436e-01,3.173333333333333561e-01,7.768361581920904535e-02,1.419878296146044605e-01,1.259541984732824305e-01,1.306990881458966469e-01,1.283205763169743274e-01,3.149327671620665292e-01,0.000000000000000000e+00,1.276171485543369788e-01,1.353032659409020289e-01,2.104795737122557853e-01,2.834467120181405897e-01,1.858064516129032395e-01,1.367032967032967006e-01,6.077348066298342288e-02,9.500000000000000111e-02,0.000000000000000000e+00,2.371134020618556604e-01,0.000000000000000000e+00,0.000000000000000000e+00,1.421568627450980338e-01,2.407221664994984855e-01,1.666666666666666574e-01,9.911242603550296515e-02,0.000000000000000000e+00,1.184615384615384653e-01,0.000000000000000000e+00,1.218206157965194131e-01,1.472556894243641223e-01,1.015228426395939076e-01,1.422121896162528154e-01,0.000000000000000000e+00,0.000000000000000000e+00,1.187666539779215769e-01,7.866666666666666252e-02,1.185830081056739732e-01,2.580645161290322509e-01,1.185273870098772775e-01,1.177094379639448546e-01,1.460739030023094631e-01,1.247042919905373415e-01,1.216442953020134277e-01,1.444582814445828090e-01,1.129032258064516098e-01,1.116402116402116368e-01,1.707317073170731836e-01,1.222857142857142893e-01,1.180487804878048719e-01,1.149575440888308264e-01,0.000000000000000000e+00,1.246458923512747813e-01,1.267175572519083915e-01,1.308593750000000000e-01,8.744710860366713967e-02,1.408450704225352179e-01,0.000000000000000000e+00,9.840425531914893942e-02,1.167259786476868288e-01,2.962417096536477668e-01,0.000000000000000000e+00,1.258741258741258862e-01,0.000000000000000000e+00,0.000000000000000000e+00,8.132530120481927527e-02,0.000000000000000000e+00,2.902584493041749369e-01,3.129516397998888255e-01,1.523482245131729806e-01,2.451669595782073885e-01,3.238372093023255682e-01,1.298701298701298579e-01,1.297567061759201390e-01,1.061662198391420953e-01,2.385786802030456788e-01,1.330275229357798239e-01,1.251256281407035209e-01,1.180327868852459050e-01,1.295496607032695924e-01,1.102783725910064239e-01,0.000000000000000000e+00,2.663755458515283947e-01,1.406250000000000000e-01,1.237484981978374116e-01,1.033333333333333326e-01,1.416943020801929576e-01,2.848101265822785000e-01,2.987164527421236615e-01,3.115577889447236348e-01,0.000000000000000000e+00,2.732240437158470203e-01,0.000000000000000000e+00,1.677419354838709797e-01,8.253968253968253788e-02,1.291526689063083322e-01,1.214838972686506369e-01,2.397003745318352086e-01,0.000000000000000000e+00,1.126760563380281716e-01,2.124125874125874225e-01,1.216494845360824723e-01,1.289062500000000000e-01,1.264822134387351693e-01,1.039697542533081220e-01,1.453488372093023340e-01,1.335676625659051042e-01,1.490384615384615363e-01,1.428571428571428492e-01,1.522556390977443663e-01,1.269592476489028177e-01,1.202872531418312380e-01,1.385135135135135143e-01,1.328545780969479229e-01,1.532567049808429005e-01,1.435562805872756809e-01,1.271585557299843017e-01,1.194852941176470645e-01,1.166007905138339990e-01,1.339285714285714246e-01,1.333333333333333315e-01
1.518324607329842868e-01,3.664921465968586367e-01,1.194029850746268634e-01,6.818181818181817677e-02,1.465517241379310220e-01,1.204819277108433728e-01,0.000000000000000000e+00,0.000000000000000000e+00,0.000000000000000000e+00,1.212121212121212155e-01,1.093750000000000000e-01,1.496598639455782309e-01,0.000000000000000000e+00,0.000000000000000000e+00,1.454545454545454475e-01,1.940298507462686617e-01,1.111111111111111049e-01,1.975308641975308532e-01,1.692307692307692402e-01,6.250000000000000000e-02,1.549295774647887203e-01,0.000000000000000000e+00,1.812499999999999944e-01,1.808873720136518759e-01,4.175824175824175977e-01,0.000000000000000000e+00,1.265822784810126667e-01,2.361111111111111049e-01,3.814432989690721421e-01,1.305970149253731227e-01,1.176470588235294101e-01,2.233502538071066024e-01,2.846715328467153139e-01,1.397058823529411797e-01,1.943462897526501698e-01,2.953020134228188098e-01,1.315789473684210453e-01,9.523809523809523281e-02,1.742424242424242542e-01,1.560283687943262443e-01,1.000000000000000056e-01,2.473684210526315708e-01,5.405405405405405705e-02,1.000000000000000056e-01,8.256880733944954587e-02,0.000000000000000000e+00,3.086816720257234969e-01,2.173913043478260809e-01,1.000000000000000056e-01,3.636363636363636465e-01,1.130434782608695649e-01,1.578947368421052544e-01,1.360000000000000098e-01,3.939393939393939226e-01,1.891891891891891997e-01,1.261261261261261146e-01,1.842105263157894635e-01,1.944444444444444475e-01,1.944444444444444475e-01,2.179487179487179516e-01,4.363636363636363424e-01,1.608391608391608329e-01,2.296819787985865668e-01,2.361111111111111049e-01,1.504424778761062065e-01,4.761904761904761640e-01,2.062499999999999889e-01,3.353658536585366057e-01,1.573033707865168496e-01,1.095890410958904049e-01,1.103448275862068950e-01,1.000000000000000056e-01,1.529051987767583998e-01,1.094890510948905160e-01,1.722488038277512068e-01,3.626760563380281854e-01,7.692307692307692735e-02,1.052631578947368363e-01,4.850299401197604721e-01,7.894736842105262720e-02,1.379310344827586188e-01,2.129629629629629650e-01,1.564625850340136126e-01,1.521739130434782705e-01,1.602564102564102699e-01,2.784810126582278333e-01,3.084112149532710068e-01,0.000000000000000000e+00,9.523809523809523281e-02,1.079545454545454558e-01,1.123595505617977497e-01,1.444444444444444309e-01,1.890547263681592038e-01,1.645161290322580683e-01,2.115384615384615363e-01,1.360000000000000098e-01,1.422924901185770863e-01,1.057692307692307682e-01,1.298701298701298579e-01,1.829787234042553057e-01,9.132420091324200406e-02,1.273885350318471332e-01,1.285714285714285587e-01,4.030769230769230549e-01,3.648648648648648574e-01,6.500000000000000222e-01,1.311475409836065642e-01,0.000000000000000000e+00,1.339285714285714246e-01,0.000000000000000000e+00,1.162790697674418589e-01,1.079812206572769995e-01,6.904761904761904656e-01,3.762711864406779738e-01,1.474358974358974395e-01,4.015748031496063075e-01,1.162790697674418589e-01,1.344262295081967151e-01,2.302631578947368363e-01,1.091811414392059587e-01,2.147239263803681075e-01,3.421052631578947456e-01,1.272727272727272596e-01,1.540469973890339350e-01,2.241379310344827624e-01,1.486486486486486569e-01,2.666666666666666630e-01,1.188118811881188064e-01,1.394557823129251584e-01,1.392405063291139167e-01,0.000000000000000000e+00,2.187500000000000000e-01,0.000000000000000000e+00,1.384615384615384692e-01,1.651917404129793487e-01,1.428571428571428492e-01,3.333333333333333148e-01,3.803680981595092270e-01,7.142857142857142461e-02,1.564245810055865937e-01,1.341463414634146423e-01,1.013986013986013929e-01,5.625000000000000000e-01,5.488721804511278446e-01,2.272727272727272652e-01,0.000000000000000000e+00,1.489361702127659504e-01,0.000000000000000000e+00,0.000000000000000000e+00,8.227848101265822223e-02,1.149425287356321823e-01,1.701030927835051609e-01,1.499999999999999944e-01,1.538461538461538547e-01,1.274509803921568540e-01,1.265822784810126667e-01,1.421568627450980338e-01,8.571428571428571508e-02,1.724137931034482873e-01,1.631205673758865382e-01,1.129032258064516098e-01,5.376344086021505458e-02,1.515151515151515194e-01,1.456692913385826682e-01,2.978723404255319007e-01,0.000000000000000000e+00,1.489361702127659504e-01,0.000000000000000000e+00,1.538461538461538547e-01,2.131147540983606425e-01,1.405405405405405483e-01,0.000000000000000000e+00,0.000000000000000000e+00,2.692307692307692180e-01,1.649484536082474195e-01,9.615384615384615918e-02,1.259541984732824305e-01,2.323759791122715357e-01,2.580645161290322509e-01,3.035143769968051131e-01,4.545454545454545581e-02,1.219512195121951192e-01,1.195219123505976144e-01,8.571428571428571508e-02,1.718750000000000000e-01,1.042944785276073566e-01,1.481481481481481399e-01,0.000000000000000000e+00,2.051282051282051211e-01,1.904761904761904656e-01,0.000000000000000000e+00,1.428571428571428492e-01,1.128205128205128221e-01,1.000000000000000056e-01,1.385542168674698815e-01,1.128205128205128221e-01,9.950248756218905977e-02,0.000000000000000000e+00,2.358490566037735880e-01,1.445783132530120418e-01,1.122994652406417160e-01,1.392405063291139167e-01,1.179775280898876372e-01,1.562500000000000000e-01,5.555555555555555247e-02,1.363636363636363535e-01,1.012269938650306733e-01,1.127596439169139403e-01,0.000000000000000000e+00,1.633986928104575187e-01,2.500000000000000000e-01,1.662337662337662336e-01,1.162790697674418589e-01,1.881188118811881194e-01,1.307189542483660205e-01,1.153846153846153910e-01,2.420091324200913108e-01,0.000000000000000000e+00,2.500000000000000000e-01,0.000000000000000000e+00,0.000000000000000000e+00,4.062500000000000000e-01,1.382113821138211407e-01,2.857142857142856984e-01,1.134453781512605036e-01,0.000000000000000000e+00,1.084337349397590383e-01,0.000000000000000000e+00,4.393442622950819443e-01,3.723404255319148759e-01,2.328767123287671104e-01,1.384615384615384692e-01,0.000000000000000000e+00,0.000000000000000000e+00,1.231231231231231238e-01,1.428571428571428492e-01,1.359447004608294873e-01,6.666666666666666574e-02,1.533018867924528239e-01,2.153846153846153966e-01,2.852459016393442681e-01,1.571815718157181518e-01,2.019543973941368142e-01,3.809523809523809312e-01,2.884615384615384359e-01,8.778625954198472636e-02,1.481481481481481399e-01,2.666666666666666630e-01,1.510791366906474864e-01,1.192660550458715663e-01,0.000000000000000000e+00,1.351351351351351426e-01,1.730769230769230727e-01,3.399014778325122887e-01,9.890109890109889668e-02,1.186440677966101725e-01,0.000000000000000000e+00,1.388888888888888951e-01,1.419939577039275036e-01,1.310160427807486594e-01,0.000000000000000000e+00,3.411764705882353033e-01,0.000000000000000000e+00,0.000000000000000000e+00,1.521739130434782705e-01,0.000000000000000000e+00,1.111111111111111049e-01,8.974358974358974395e-02,4.173913043478260643e-01,2.123287671232876594e-01,1.421568627450980338e-01,1.673306772908366435e-01,3.682170542635658794e-01,1.764705882352941291e-01,8.571428571428571508e-02,1.325301204819277212e-01,3.021582733812949728e-01,1.002949852507374617e-01,1.195652173913043514e-01,2.137096774193548432e-01,0.000000000000000000e+00,2.121212121212121271e-01,7.272727272727272374e-02,5.757575757575757874e-02,1.953125000000000000e-01,3.516949152542372947e-01,1.075268817204301092e-01,9.166666666666666019e-02,1.428571428571428492e-01,0.000000000000000000e+00,5.882352941176470507e-02,0.000000000000000000e+00,3.274853801169590461e-01,6.140350877192982670e-01,1.473988439306358478e-01,1.770186335403726718e-01,1.606648199445983305e-01,0.000000000000000000e+00,9.756097560975610095e-02,7.647058823529412352e-02,1.728395061728394966e-01,1.285714285714285587e-01,1.034482758620689641e-01,1.355932203389830504e-01,1.643835616438356073e-01,1.744186046511627952e-01,1.111111111111111049e-01,1.562500000000000000e-01,2.077922077922078059e-01,2.083333333333333426e-01,2.043010752688172171e-01,1.529411764705882470e-01,1.684210526315789436e-01,1.477272727272727348e-01,1.801801801801801717e-01,2.022471910112359494e-01,1.829268292682926789e-01,1.518987341772151944e-01,2.816901408450704358e-01,2.083333333333333426e-01
1.224289911851126345e-01,2.990769230769230735e-01,1.111111111111111049e-01,4.306864064602961006e-02,8.143939393939393645e-02,4.250000000000000305e-02,0.000000000000000000e+00,0.000000000000000000e+00,0.000000000000000000e+00,1.136363636363636326e-01,7.441860465116278966e-02,9.552599758162030885e-02,9.027777777777777624e-02,0.000000000000000000e+00,1.741293532338308581e-01,1.209964412811387890e-01,9.879839786381842959e-02,1.109079829372333903e-01,1.936936936936936859e-01,7.386363636363636742e-02,1.355932203389830504e-01,0.000000000000000000e+00,9.452137266706803209e-02,9.492753623188406042e-02,2.566371681415929307e-01,0.000000000000000000e+00,1.157270029673590495e-01,1.043956043956043994e-01,3.414804469273742815e-01,1.097008159564823171e-01,1.185185185185185230e-01,1.008771929824561348e-01,2.608695652173912971e-01,1.182634730538922180e-01,1.166347992351816493e-01,2.619808306709265344e-01,1.035196687370600471e-01,1.138392857142857123e-01,1.259720062208398161e-01,1.052631578947368363e-01,5.524861878453038444e-02,1.946902654867256610e-01,8.437500000000000555e-02,1.167415009621552285e-01,1.074681238615664836e-01,0.000000000000000000e+00,2.414275717284814493e-01,1.126126126126126142e-01,1.094407696933253210e-01,3.560209424083769503e-01,8.333333333333332871e-02,6.190476190476190688e-02,1.194331983805668046e-01,2.849462365591398094e-01,1.412639405204461074e-01,9.191759112519809483e-02,8.612440191387560340e-02,1.756756756756756854e-01,1.243042671614100203e-01,1.517730496453900679e-01,3.256880733944954032e-01,9.370199692780338541e-02,8.915834522111269755e-02,8.408408408408409029e-02,1.335548172757475005e-01,3.008595988538682042e-01,2.410256410256410298e-01,3.007518796992481036e-01,1.766467065868263520e-01,8.747044917257683350e-02,1.131939437635183787e-01,1.131498470948012203e-01,1.144414168937329668e-01,9.987029831387808643e-02,8.257804632426989089e-02,2.960979342004590453e-01,5.128205128205128027e-02,1.197576887232059684e-01,2.385786802030456788e-01,9.090909090909091161e-02,8.687002652519894286e-02,6.716417910447761153e-02,1.332436069986541183e-01,7.199999999999999456e-02,1.059322033898305038e-01,3.148558758314856099e-01,3.130081300813007950e-01,0.000000000000000000e+00,9.247842170160296138e-02,1.062176165803108835e-01,1.028225806451612961e-01,1.479591836734693855e-01,1.172707889125799569e-01,1.171605789110957974e-01,8.606557377049180169e-02,8.857395925597874586e-02,9.531772575250836710e-02,8.741258741258740861e-02,1.041095890410958930e-01,1.046966731898238689e-01,1.113189897100093501e-01,1.028416779431664402e-01,9.726962457337884338e-02,3.324555628703094179e-01,2.706480304955527494e-01,3.055555555555555802e-01,1.510204081632653128e-01,0.000000000000000000e+00,9.347826086956521896e-02,0.000000000000000000e+00,1.133603238866396773e-01,1.127049180327868855e-01,2.971830985915492884e-01,3.362068965517241437e-01,1.039156626506024111e-01,2.928452579034941938e-01,8.521739130434782816e-02,1.108280254777070095e-01,1.512345679012345734e-01,1.120418848167539227e-01,7.227488151658767457e-02,3.379204892966360951e-01,1.234042553191489339e-01,1.322013341419041865e-01,1.180811808118081147e-01,1.178992497320471566e-01,2.582253240279162587e-01,1.453608247422680522e-01,1.031518624641833831e-01,8.231707317073171104e-02,0.000000000000000000e+00,1.111111111111111049e-01,0.000000000000000000e+00,1.093620546810273458e-01,1.095804633688165358e-01,1.119592875318066172e-01,2.999999999999999889e-01,2.524137931034483029e-01,7.142857142857142461e-02,8.856088560885608252e-02,1.250000000000000000e-01,1.022408963585434150e-01,3.750000000000000000e-01,2.724077328646748453e-01,1.250000000000000000e-01,0.000000000000000000e+00,8.968609865470851539e-02,0.000000000000000000e+00,0.000000000000000000e+00,9.215017064846416084e-02,9.893455098934550440e-02,1.455696202531645556e-01,1.356783919597989996e-01,1.165644171779141036e-01,1.162190082644628114e-01,1.737931034482758652e-01,5.645161290322580488e-02,9.187279151943462951e-02,6.962025316455695834e-02,1.306179775280899014e-01,1.013874066168623245e-01,1.054687500000000000e-01,1.142857142857142821e-01,1.115075825156110617e-01,7.709251101321586142e-02,0.000000000000000000e+00,1.649214659685863948e-01,0.000000000000000000e+00,7.628524046434494166e-02,8.083832335329341201e-02,1.094694425789120157e-01,0.000000000000000000e+00,0.000000000000000000e+00,1.224489795918367319e-01,1.121281464530892447e-01,8.253358925143954028e-02,1.197511664074650123e-01,1.027900146842878060e-01,1.236363636363636415e-01,3.323802716225875420e-01,4.575163398692810163e-02,1.142857142857142821e-01,1.270247229326513239e-01,1.629213483146067509e-01,8.394160583941605303e-02,1.063122923588039892e-01,9.318996415770609831e-02,0.000000000000000000e+00,8.791208791208791895e-02,1.073985680190930742e-01,0.000000000000000000e+00,1.034482758620689641e-01,7.384615384615385303e-02,1.124031007751938038e-01,8.201438848920863944e-02,5.752636625119846719e-02,1.236872812135355881e-01,0.000000000000000000e+00,1.352833638025594254e-01,1.090534979423868345e-01,1.339387060158910292e-01,1.355140186915887723e-01,5.675368898978433441e-02,1.291727140783744676e-01,1.169590643274853736e-01,9.905660377358491142e-02,9.812108559498956828e-02,1.240024554941682039e-01,0.000000000000000000e+00,1.054313099041533502e-01,1.048593350383631717e-01,1.159334126040428015e-01,7.234042553191488700e-02,1.081081081081081141e-01,1.123139377537212408e-01,6.046511627906976660e-02,1.062992125984252023e-01,0.000000000000000000e+00,4.093264248704663322e-01,0.000000000000000000e+00,0.000000000000000000e+00,3.478260869565217295e-01,4.901960784313725422e-02,1.282051282051281937e-01,8.368200836820083310e-02,0.000000000000000000e+00,1.038251366120218622e-01,0.000000000000000000e+00,3.060109289617486406e-01,3.242718446601941529e-01,9.171597633136094330e-02,8.970099667774086849e-02,0.000000000000000000e+00,0.000000000000000000e+00,9.465020576131687180e-02,9.466019417475728115e-02,1.051136363636363674e-01,5.341880341880341637e-02,1.066734074823053602e-01,1.041666666666666713e-01,1.988105352591333919e-01,9.867374005305039331e-02,1.354385964912280804e-01,3.312995729103111464e-01,2.911877394636015470e-01,1.110139860139860157e-01,1.260273972602739823e-01,1.983471074380165344e-01,1.202156334231805901e-01,8.932714617169373872e-02,0.000000000000000000e+00,1.015228426395939076e-01,1.103286384976525786e-01,3.142580019398641955e-01,8.496732026143791194e-02,1.157894736842105254e-01,0.000000000000000000e+00,7.900677200902934960e-02,9.910979228486646586e-02,1.081402257872846051e-01,0.000000000000000000e+00,2.860962566844919563e-01,0.000000000000000000e+00,0.000000000000000000e+00,8.173076923076923184e-02,0.000000000000000000e+00,1.313432835820895483e-01,1.018181818181818216e-01,3.437500000000000000e-01,1.910112359550561745e-01,1.139742319127849401e-01,1.025416301489921189e-01,3.054234062797335780e-01,8.196721311475409222e-02,9.052333804809052642e-02,1.502732240437158473e-01,2.658763759525825665e-01,1.006493506493506551e-01,1.043956043956043994e-01,1.027633851468048309e-01,0.000000000000000000e+00,2.207792207792207695e-01,6.808510638297872453e-02,8.846657929226736661e-02,1.082024432809773062e-01,3.109608884596813394e-01,1.297709923664122078e-01,1.053639846743295028e-01,9.836065573770491621e-02,0.000000000000000000e+00,7.407407407407406996e-02,0.000000000000000000e+00,3.105134474327628236e-01,3.381642512077294715e-01,1.164021164021163957e-01,8.969465648854961504e-02,1.081812035158891128e-01,0.000000000000000000e+00,5.701754385964911964e-02,9.142053445850914506e-02,1.836734693877551117e-01,1.131578947368421101e-01,1.261261261261261146e-01,1.212121212121212155e-01,1.263440860215053752e-01,1.022099447513812182e-01,1.124401913875598125e-01,1.312335958005249326e-01,9.366391184573003015e-02,1.175059952038369354e-01,1.295843520782395952e-01,1.146067415730337019e-01,1.242236024844720482e-01,1.652892561983471120e-01,1.402714932126696845e-01,1.048387096774193589e-01,1.324675324675324561e-01,1.350482315112540299e-01,1.493975903614457867e-01,1.229508196721311453e-01
3.172413793103448509e-01,2.233009708737864196e-01,5.588235294117647189e-01,6.190476190476190688e-01,3.088235294117647189e-01,5.714285714285713969e-01,0.000000000000000000e+00,0.000000000000000000e+00,0.000000000000000000e+00,4.500000000000000111e-01,7.627118644067796271e-01,5.098039215686274161e-01,6.400000000000000133e-01,0.000000000000000000e+00,3.207547169811320598e-01,3.529411764705882582e-01,6.538461538461538547e-01,2.108108108108108225e-01,2.758620689655172376e-01,4.000000000000000222e-01,3.928571428571428492e-01,0.000000000000000000e+00,2.655367231638418035e-01,2.820512820512820484e-01,3.030303030303030387e-01,0.000000000000000000e+00,2.399999999999999911e-01,3.333333333333333148e-01,1.907216494845360710e-01,3.121387283236994326e-01,3.333333333333333148e-01,2.828282828282828176e-01,2.075471698113207641e-01,1.818181818181818232e-01,2.500000000000000000e-01,1.794871794871794879e-01,6.206896551724138122e-01,2.197802197802197766e-01,2.575757575757575690e-01,3.888888888888888951e-01,4.615384615384615641e-01,2.363636363636363591e-01,5.111111111111110716e-01,2.095238095238095288e-01,1.199999999999999956e-01,0.000000000000000000e+00,1.927083333333333426e-01,2.962962962962962798e-01,2.405063291139240556e-01,2.857142857142856984e-01,6.105263157894736947e-01,8.333333333333332871e-02,2.816901408450704358e-01,1.964285714285714246e-01,2.413793103448275967e-01,2.985074626865671377e-01,2.000000000000000111e-01,1.162790697674418589e-01,3.454545454545454586e-01,3.260869565217391353e-01,3.030303030303030387e-01,2.097902097902097918e-01,2.242424242424242431e-01,4.500000000000000111e-01,2.968750000000000000e-01,1.499999999999999944e-01,1.979166666666666574e-01,7.142857142857142461e-02,2.368421052631578816e-01,1.749999999999999889e-01,1.990049751243781195e-01,3.294117647058823484e-01,2.676767676767676796e-01,6.629213483146066954e-01,2.815533980582524132e-01,2.131147540983606425e-01,3.214285714285714524e-01,1.985559566787003516e-01,2.405063291139240556e-01,4.239999999999999880e-01,3.173652694610778480e-01,2.999999999999999889e-01,4.157303370786517016e-01,3.658536585365853577e-01,2.826086956521738913e-01,1.875000000000000000e-01,2.213740458015267254e-01,0.000000000000000000e+00,3.689320388349514590e-01,2.717391304347825942e-01,3.703703703703703498e-01,3.538461538461538658e-01,2.521008403361344463e-01,6.410256410256410797e-01,4.090909090909091161e-01,3.412698412698412787e-01,3.173652694610778480e-01,1.851851851851851749e-01,2.916666666666666852e-01,2.424242424242424310e-01,2.374999999999999889e-01,2.873563218390804419e-01,2.727272727272727071e-01,2.670454545454545303e-01,2.371134020618556604e-01,2.105263157894736725e-01,2.000000000000000111e-01,0.000000000000000000e+00,2.999999999999999889e-01,0.000000000000000000e+00,3.030303030303030387e-01,2.816326530612244805e-01,2.318840579710144956e-01,1.392405063291139167e-01,6.666666666666666297e-01,4.500000000000000111e-01,6.231884057971014412e-01,2.411067193675889286e-01,2.666666666666666630e-01,2.959999999999999853e-01,2.747252747252747485e-01,2.266666666666666552e-01,9.090909090909091161e-02,2.746113989637305464e-01,3.666666666666666408e-01,3.333333333333333148e-01,2.238805970149253810e-01,4.714285714285714191e-01,4.949494949494949725e-01,2.413793103448275967e-01,0.000000000000000000e+00,3.243243243243243423e-01,0.000000000000000000e+00,5.652173913043477826e-01,4.954128440366972752e-01,6.969696969696970168e-01,2.857142857142856984e-01,2.303664921465968518e-01,8.620689655172413257e-01,4.819277108433734913e-01,7.750000000000000222e-01,3.309859154929577496e-01,5.555555555555555247e-02,1.499999999999999944e-01,1.851851851851851749e-01,0.000000000000000000e+00,2.399999999999999911e-01,0.000000000000000000e+00,0.000000000000000000e+00,5.779816513761467656e-01,6.503496503496503101e-01,3.240740740740740700e-01,3.043478260869565410e-01,6.470588235294117974e-01,2.734375000000000000e-01,4.268292682926829174e-01,4.480000000000000093e-01,5.161290322580645018e-01,6.896551724137930939e-02,3.118279569892473124e-01,5.473684210526316152e-01,5.348837209302325091e-01,2.873563218390804419e-01,2.560975609756097615e-01,3.913043478260869734e-01,0.000000000000000000e+00,3.043478260869565410e-01,0.000000000000000000e+00,3.239436619718309984e-01,8.000000000000000167e-02,2.135922330097087263e-01,0.000000000000000000e+00,0.000000000000000000e+00,1.875000000000000000e-01,4.772727272727272929e-01,5.492957746478873693e-01,1.724137931034482873e-01,2.333333333333333370e-01,4.000000000000000222e-01,2.061855670103092675e-01,2.777777777777777901e-01,4.000000000000000222e-01,6.423841059602648507e-01,3.333333333333333148e-01,2.666666666666666630e-01,6.113989637305698999e-01,1.142857142857142821e-01,0.000000000000000000e+00,1.363636363636363535e-01,2.340425531914893664e-01,0.000000000000000000e+00,2.099999999999999922e-01,2.660550458715596478e-01,9.677419354838709409e-02,2.105263157894736725e-01,1.721311475409836034e-01,2.105263157894736725e-01,0.000000000000000000e+00,2.153846153846153966e-01,2.380952380952380820e-01,2.448979591836734637e-01,2.909090909090908950e-01,5.984848484848485084e-01,2.000000000000000111e-01,6.111111111111111605e-01,7.500000000000000000e-01,4.615384615384615641e-01,2.149532710280373793e-01,0.000000000000000000e+00,3.132530120481927804e-01,4.666666666666666741e-01,2.805429864253393690e-01,2.000000000000000111e-01,2.909090909090908950e-01,5.536723163841807960e-01,3.636363636363636465e-01,2.192982456140350755e-01,0.000000000000000000e+00,1.612903225806451568e-01,0.000000000000000000e+00,0.000000000000000000e+00,9.090909090909091161e-02,4.923076923076923350e-01,4.000000000000000222e-01,2.781456953642383878e-01,0.000000000000000000e+00,6.792452830188678847e-01,0.000000000000000000e+00,1.783439490445859754e-01,1.730769230769230727e-01,1.470588235294117696e-01,2.619047619047619180e-01,0.000000000000000000e+00,0.000000000000000000e+00,3.279569892473118142e-01,2.894736842105263275e-01,3.190661478599221557e-01,1.089108910891089105e-01,3.526785714285714524e-01,2.816901408450704358e-01,2.260273972602739601e-01,3.534883720930232509e-01,3.216080402010050299e-01,1.842105263157894635e-01,1.785714285714285754e-01,6.326530612244898322e-01,3.055555555555555802e-01,4.444444444444444198e-01,2.955665024630542148e-01,3.865546218487395103e-01,0.000000000000000000e+00,5.652173913043477826e-01,2.985074626865671377e-01,2.479999999999999982e-01,3.529411764705882582e-01,4.761904761904761640e-02,0.000000000000000000e+00,1.960784313725490169e-01,6.538461538461538547e-01,3.076923076923077094e-01,0.000000000000000000e+00,2.500000000000000000e-01,0.000000000000000000e+00,0.000000000000000000e+00,2.999999999999999889e-01,0.000000000000000000e+00,3.513513513513513709e-01,2.911392405063291111e-01,1.194029850746268634e-01,1.777777777777777846e-01,2.000000000000000111e-01,2.366412213740458070e-01,2.000000000000000111e-01,2.213114754098360615e-01,4.537037037037037202e-01,3.658536585365853577e-01,3.197278911564626069e-01,5.113122171945700956e-01,2.421875000000000000e-01,1.944444444444444475e-01,0.000000000000000000e+00,7.692307692307692735e-02,7.500000000000000000e-01,3.729729729729729937e-01,3.050847457627118842e-01,2.037735849056603876e-01,3.278688524590163689e-01,2.166666666666666741e-01,3.529411764705882582e-01,0.000000000000000000e+00,1.904761904761904656e-01,0.000000000000000000e+00,1.981132075471698228e-01,4.545454545454545303e-01,2.500000000000000000e-01,2.835051546391752497e-01,2.325581395348837177e-01,0.000000000000000000e+00,2.916666666666666852e-01,2.857142857142856984e-01,2.807017543859648967e-01,2.321428571428571508e-01,2.083333333333333426e-01,2.708333333333333148e-01,2.826086956521738913e-01,3.050847457627118842e-01,3.478260869565217295e-01,2.807017543859648967e-01,3.148148148148148251e-01,2.857142857142856984e-01,4.193548387096774355e-01,3.461538461538461453e-01,2.777777777777777901e-01,1.904761904761904656e-01,2.999999999999999889e-01,3.220338983050847204e-01,3.777777777777777679e-01,3.125000000000000000e-01,3.478260869565217295e-01,2.500000000000000000e-01
1.049382716049382658e-01,2.168674698795180766e-01,1.916666666666666796e-01,9.053497942386831698e-02,1.011904761904761918e-01,1.965811965811965767e-01,0.000000000000000000e+00,0.000000000000000000e+00,0.000000000000000000e+00,3.061224489795918435e-01,2.119565217391304324e-01,1.509433962264150886e-01,2.950819672131147486e-01,0.000000000000000000e+00,1.206896551724137984e-01,8.641975308641974829e-02,2.500000000000000000e-01,7.293666026871400976e-02,2.413793103448275967e-01,8.620689655172414367e-02,1.061946902654867242e-01,0.000000000000000000e+00,7.645875251509054449e-02,6.935123042505593471e-02,2.543859649122807154e-01,0.000000000000000000e+00,1.274509803921568540e-01,7.692307692307692735e-02,2.947368421052631304e-01,8.266666666666666607e-02,4.651162790697674354e-02,8.135593220338982468e-02,2.065217391304347838e-01,1.255924170616113666e-01,5.513307984790874472e-02,2.166666666666666741e-01,3.107692307692307421e-01,1.122448979591836732e-01,1.322751322751322678e-01,1.121495327102803724e-01,1.176470588235294101e-01,1.776859504132231315e-01,2.386363636363636465e-01,1.076320939334637905e-01,1.503267973856209083e-01,0.000000000000000000e+00,2.128099173553719137e-01,1.571428571428571397e-01,9.842519685039370636e-02,3.888888888888888951e-01,2.187500000000000000e-01,5.633802816901408578e-02,1.438848920863309289e-01,2.427184466019417508e-01,8.695652173913043237e-02,8.805031446540879936e-02,8.888888888888889228e-02,1.666666666666666574e-01,1.265060240963855331e-01,1.115702479338843006e-01,2.857142857142856984e-01,9.012875536480687011e-02,8.928571428571428770e-02,6.451612903225806273e-02,1.334702258726899460e-01,2.018348623853211121e-01,1.981566820276497720e-01,2.391304347826087029e-01,9.433962264150944077e-02,7.194244604316546443e-02,9.453781512605041737e-02,8.910891089108910479e-02,1.045081967213114804e-01,2.142857142857142738e-01,8.620689655172414367e-02,3.105882352941176650e-01,1.666666666666666574e-01,9.850746268656716820e-02,1.443298969072164817e-01,7.936507936507936067e-02,7.045454545454545026e-02,8.496732026143791194e-02,1.487603305785124008e-01,8.955223880597014408e-02,1.403508771929824483e-01,2.047244094488188948e-01,2.814569536423841001e-01,0.000000000000000000e+00,2.254098360655737709e-01,1.082089552238805902e-01,1.345029239766081797e-01,1.891891891891891997e-01,8.421052631578947179e-02,2.790697674418604612e-01,1.066666666666666735e-01,6.557377049180328210e-02,8.256880733944954587e-02,1.062499999999999972e-01,1.153846153846153910e-01,9.667673716012084584e-02,8.357348703170028315e-02,1.121076233183856546e-01,1.024096385542168641e-01,3.597430406852248352e-01,2.705223880597014685e-01,3.095238095238095344e-01,1.392405063291139167e-01,0.000000000000000000e+00,1.038961038961039030e-01,0.000000000000000000e+00,2.985074626865671585e-02,1.318864774624373959e-01,2.463054187192118272e-01,2.452830188679245293e-01,2.161016949152542443e-01,6.391752577319587125e-01,1.967213114754098324e-01,1.059063136456211834e-01,1.400966183574879342e-01,1.189358372456963964e-01,6.530612244897959773e-02,2.802850356294536716e-01,8.791208791208791895e-02,9.255533199195170591e-02,2.048192771084337283e-01,1.150684931506849307e-01,2.071428571428571563e-01,3.047337278106508895e-01,1.996007984031936133e-01,1.018518518518518462e-01,0.000000000000000000e+00,1.208791208791208799e-01,0.000000000000000000e+00,1.843971631205673645e-01,1.983739837398373895e-01,2.189781021897810320e-01,1.818181818181818232e-01,2.052980132450331063e-01,2.417582417582417598e-01,2.222222222222222099e-01,1.979166666666666574e-01,7.956989247311828384e-02,3.750000000000000000e-01,3.020134228187919545e-01,1.799999999999999933e-01,0.000000000000000000e+00,1.636363636363636354e-01,0.000000000000000000e+00,0.000000000000000000e+00,2.293233082706766790e-01,2.245370370370370350e-01,9.815950920245399003e-02,9.836065573770491621e-02,2.560975609756097615e-01,1.413969335604770006e-01,1.898734177215190000e-01,1.289062500000000000e-01,3.589743589743589758e-01,5.882352941176470507e-02,8.695652173913043237e-02,2.070063694267516019e-01,2.857142857142856984e-01,9.326424870466321071e-02,1.142857142857142821e-01,9.009009009009008584e-02,0.000000000000000000e+00,1.596638655462184753e-01,0.000000000000000000e+00,7.446808510638297518e-02,1.095890410958904049e-01,1.173913043478260892e-01,0.000000000000000000e+00,0.000000000000000000e+00,8.333333333333332871e-02,9.740259740259740728e-02,2.395833333333333426e-01,1.453362255965292837e-01,9.074733096085409179e-02,8.450704225352112520e-02,2.993348115299334644e-01,1.428571428571428492e-01,5.555555555555555247e-02,2.806236080178173831e-01,3.076923076923077094e-01,1.095890410958904049e-01,2.316384180790960479e-01,1.153846153846153910e-01,0.000000000000000000e+00,1.282051282051281937e-01,1.000000000000000056e-01,0.000000000000000000e+00,1.069767441860465101e-01,9.219858156028368223e-02,1.153846153846153910e-01,1.194690265486725717e-01,7.594936708860759722e-02,1.189591078066914442e-01,0.000000000000000000e+00,1.118012422360248476e-01,1.250000000000000000e-01,1.214574898785425044e-01,1.000000000000000056e-01,1.321428571428571452e-01,1.377777777777777768e-01,1.612903225806451568e-01,2.222222222222222099e-01,1.695568400770712802e-01,1.306930693069306981e-01,0.000000000000000000e+00,8.376963350785340823e-02,1.052631578947368363e-01,9.129511677282377280e-02,1.470588235294117627e-02,1.756756756756756854e-01,1.879562043795620363e-01,3.508771929824561209e-02,1.013071895424836610e-01,0.000000000000000000e+00,1.612903225806451568e-01,0.000000000000000000e+00,0.000000000000000000e+00,2.999999999999999889e-01,1.647727272727272652e-01,1.153846153846153910e-01,7.795698924731182811e-02,0.000000000000000000e+00,1.818181818181818232e-01,0.000000000000000000e+00,2.556053811659192987e-01,3.314917127071823066e-01,9.756097560975610095e-02,1.354166666666666574e-01,0.000000000000000000e+00,0.000000000000000000e+00,9.109730848861283259e-02,5.263157894736841813e-02,1.175595238095238082e-01,6.840390879478827624e-02,1.305841924398625509e-01,7.514450867052023531e-02,2.112676056338028130e-01,9.309791332263242514e-02,9.961685823754788671e-02,2.103092783505154661e-01,2.567567567567567433e-01,2.500000000000000000e-01,1.400000000000000133e-01,3.220338983050847204e-01,9.357798165137615198e-02,1.003344481605351196e-01,0.000000000000000000e+00,1.666666666666666574e-01,8.461538461538462008e-02,2.514970059880239361e-01,1.020408163265306145e-01,1.097560975609756101e-01,0.000000000000000000e+00,1.023622047244094474e-01,2.234848484848484806e-01,1.205035971223021585e-01,0.000000000000000000e+00,2.807017543859648967e-01,0.000000000000000000e+00,0.000000000000000000e+00,6.557377049180328210e-02,0.000000000000000000e+00,1.340206185567010266e-01,1.104815864022662825e-01,2.047619047619047561e-01,2.040816326530612290e-01,1.064516129032258007e-01,1.111111111111111049e-01,2.065868263473053801e-01,8.333333333333332871e-02,1.767241379310344751e-01,1.376146788990825764e-01,2.990196078431372473e-01,2.186836518046709199e-01,9.446254071661237817e-02,8.683473389355741978e-02,0.000000000000000000e+00,9.803921568627450844e-02,2.179487179487179516e-01,9.033613445378151086e-02,8.743169398907103818e-02,2.680412371134020533e-01,1.148648648648648712e-01,1.117647058823529466e-01,1.219512195121951192e-01,0.000000000000000000e+00,0.000000000000000000e+00,0.000000000000000000e+00,2.633928571428571508e-01,3.690476190476190688e-01,1.209677419354838745e-01,8.768267223382046616e-02,1.200787401574803098e-01,0.000000000000000000e+00,6.410256410256409687e-02,1.218487394957983166e-01,1.782178217821782096e-01,1.588785046728971861e-01,1.451612903225806550e-01,9.836065573770491621e-02,1.359223300970873738e-01,1.838235294117647189e-01,1.379310344827586188e-01,1.071428571428571369e-01,1.449275362318840632e-01,1.079136690647481966e-01,1.597222222222222099e-01,1.503759398496240518e-01,1.634615384615384637e-01,1.838235294117647189e-01,1.495327102803738206e-01,1.366906474820143991e-01,1.827956989247311870e-01,1.801801801801801717e-01,8.870967741935484319e-02,1.571428571428571397e-01
3.804347826086956763e-01,3.008130081300813274e-01,7.037037037037037202e-01,6.712328767123287854e-01,3.777777777777777679e-01,7.419354838709677491e-01,0.000000000000000000e+00,0.000000000000000000e+00,0.000000000000000000e+00,7.692307692307692735e-01,7.692307692307692735e-01,5.454545454545454142e-01,9.166666666666666297e-01,0.000000000000000000e+00,3.636363636363636465e-01,5.000000000000000000e-01,7.280701754385965341e-01,4.217687074829932214e-01,4.000000000000000222e-01,5.555555555555555802e-01,1.851851851851851749e-01,0.000000000000000000e+00,3.838383838383838120e-01,4.382022471910112515e-01,4.333333333333333481e-01,0.000000000000000000e+00,3.636363636363636465e-01,1.724137931034482873e-01,3.611111111111111049e-01,3.814432989690721421e-01,6.666666666666666297e-01,5.156250000000000000e-01,2.820512820512820484e-01,3.548387096774193727e-01,3.669064748201438797e-01,2.868852459016393297e-01,6.813186813186813406e-01,4.117647058823529216e-01,6.111111111111111605e-01,4.328358208955223607e-01,5.000000000000000000e-01,2.711864406779661008e-01,8.823529411764705621e-01,3.622047244094488416e-01,2.222222222222222099e-01,0.000000000000000000e+00,3.357664233576642121e-01,3.333333333333333148e-01,3.257575757575757458e-01,2.999999999999999889e-01,6.129032258064516236e-01,4.375000000000000000e-01,2.999999999999999889e-01,1.739130434782608647e-01,3.571428571428571508e-01,4.500000000000000111e-01,5.333333333333333259e-01,3.714285714285714413e-01,4.523809523809523836e-01,2.318840579710144956e-01,3.181818181818181768e-01,3.061224489795918435e-01,3.111111111111111160e-01,6.153846153846154188e-01,2.991452991452991372e-01,3.913043478260869734e-01,3.018867924528301772e-01,2.500000000000000000e-01,5.714285714285713969e-01,4.444444444444444198e-01,2.844827586206896686e-01,3.076923076923077094e-01,2.945205479452054909e-01,7.246376811594202882e-01,4.705882352941176405e-01,3.488372093023255904e-01,2.727272727272727071e-01,3.169398907103825325e-01,2.777777777777777901e-01,4.235294117647058765e-01,3.015873015873015706e-01,3.235294117647058987e-01,4.150943396226415283e-01,3.636363636363636465e-01,3.035714285714285476e-01,1.481481481481481399e-01,2.359550561797752743e-01,0.000000000000000000e+00,5.764705882352940680e-01,2.727272727272727071e-01,5.945945945945946276e-01,4.594594594594594850e-01,4.199999999999999845e-01,7.179487179487179516e-01,6.999999999999999556e-01,5.204081632653061451e-01,4.086956521739130710e-01,2.999999999999999889e-01,4.571428571428571286e-01,3.153153153153153143e-01,2.999999999999999889e-01,4.531250000000000000e-01,3.095238095238095344e-01,3.628318584070796549e-01,4.000000000000000222e-01,2.222222222222222099e-01,8.333333333333332871e-02,0.000000000000000000e+00,2.972972972972973138e-01,0.000000000000000000e+00,2.857142857142856984e-01,3.173652694610778480e-01,2.830188679245282946e-01,3.163265306122449161e-01,7.843137254901960675e-01,6.181818181818181657e-01,7.924528301886792914e-01,2.925170068027210801e-01,3.548387096774193727e-01,3.888888888888888951e-01,4.406779661016949068e-01,3.670886075949367222e-01,2.173913043478260809e-01,3.935483870967741993e-01,3.125000000000000000e-01,3.139534883720930258e-01,2.325581395348837177e-01,7.083333333333333703e-01,6.594202898550725056e-01,4.090909090909091161e-01,0.000000000000000000e+00,4.166666666666666852e-01,0.000000000000000000e+00,6.181818181818181657e-01,6.089385474860334879e-01,7.297297297297297147e-01,4.500000000000000111e-01,2.079999999999999905e-01,8.260869565217391353e-01,6.883116883116883189e-01,7.741935483870967527e-01,4.683544303797468333e-01,5.000000000000000000e-01,2.000000000000000111e-01,4.166666666666666852e-01,0.000000000000000000e+00,2.500000000000000000e-01,0.000000000000000000e+00,0.000000000000000000e+00,7.179487179487179516e-01,7.399999999999999911e-01,3.750000000000000000e-01,2.000000000000000111e-01,6.341463414634146423e-01,4.460431654676259017e-01,4.705882352941176405e-01,6.666666666666666297e-01,6.842105263157894912e-01,6.875000000000000000e-01,4.444444444444444198e-01,7.500000000000000000e-01,6.136363636363636465e-01,3.421052631578947456e-01,2.871287128712871062e-01,5.000000000000000000e-01,0.000000000000000000e+00,5.151515151515151381e-01,0.000000000000000000e+00,3.095238095238095344e-01,3.809523809523809312e-01,3.453237410071942626e-01,0.000000000000000000e+00,0.000000000000000000e+00,2.999999999999999889e-01,4.318181818181818232e-01,6.590909090909090606e-01,4.529914529914529919e-01,3.680555555555555802e-01,3.750000000000000000e-01,3.482142857142856984e-01,3.076923076923077094e-01,2.500000000000000000e-01,6.403508771929824483e-01,1.000000000000000000e+00,2.857142857142856984e-01,7.398373983739837678e-01,2.941176470588235392e-01,0.000000000000000000e+00,2.777777777777777901e-01,4.166666666666666852e-01,0.000000000000000000e+00,3.405797101449275499e-01,2.241379310344827624e-01,3.333333333333333148e-01,4.035087719298245390e-01,3.483146067415730518e-01,3.880597014925373234e-01,0.000000000000000000e+00,3.191489361702127825e-01,3.714285714285714413e-01,2.727272727272727071e-01,2.903225806451613100e-01,6.619718309859154992e-01,5.079365079365079083e-01,8.000000000000000444e-01,6.153846153846154188e-01,5.890410958904109817e-01,2.533333333333333548e-01,0.000000000000000000e+00,2.972972972972973138e-01,4.666666666666666741e-01,4.068965517241379115e-01,4.545454545454545303e-01,3.142857142857142794e-01,6.069364161849710726e-01,5.882352941176470784e-01,5.000000000000000000e-01,0.000000000000000000e+00,2.142857142857142738e-01,0.000000000000000000e+00,0.000000000000000000e+00,5.555555555555555802e-01,6.056338028169013787e-01,2.999999999999999889e-01,4.285714285714285476e-01,0.000000000000000000e+00,8.000000000000000444e-01,0.000000000000000000e+00,3.820224719101123489e-01,1.666666666666666574e-01,3.846153846153846367e-01,4.444444444444444198e-01,0.000000000000000000e+00,0.000000000000000000e+00,3.495145631067961278e-01,4.736842105263157632e-01,3.333333333333333148e-01,3.636363636363636465e-01,4.360902255639097502e-01,3.793103448275861878e-01,3.695652173913043237e-01,3.560606060606060774e-01,4.086956521739130710e-01,3.018867924528301772e-01,2.500000000000000000e-01,7.978723404255319007e-01,3.870967741935483764e-01,5.192307692307692735e-01,2.822580645161290591e-01,4.090909090909091161e-01,0.000000000000000000e+00,5.000000000000000000e-01,3.243243243243243423e-01,2.736842105263158076e-01,3.225806451612903136e-01,6.666666666666666297e-01,0.000000000000000000e+00,4.615384615384615641e-01,7.368421052631578538e-01,3.907284768211920500e-01,0.000000000000000000e+00,4.444444444444444198e-01,0.000000000000000000e+00,0.000000000000000000e+00,5.000000000000000000e-01,0.000000000000000000e+00,3.913043478260869734e-01,3.300000000000000155e-01,1.739130434782608647e-01,5.178571428571429047e-01,2.771084337349397630e-01,3.548387096774193727e-01,2.999999999999999889e-01,3.440860215053763715e-01,5.937500000000000000e-01,5.555555555555555802e-01,3.362831858407079877e-01,6.689189189189189699e-01,2.592592592592592449e-01,3.428571428571428603e-01,0.000000000000000000e+00,0.000000000000000000e+00,7.647058823529411242e-01,4.621848739495798553e-01,3.953488372093023062e-01,2.921348314606741492e-01,3.611111111111111049e-01,2.826086956521738913e-01,3.333333333333333148e-01,0.000000000000000000e+00,1.111111111111111049e-01,0.000000000000000000e+00,2.758620689655172376e-01,2.666666666666666630e-01,3.767123287671232945e-01,3.333333333333333148e-01,3.619631901840490995e-01,0.000000000000000000e+00,5.000000000000000000e-01,4.594594594594594850e-01,4.411764705882352811e-01,3.333333333333333148e-01,6.071428571428570953e-01,2.500000000000000000e-01,5.999999999999999778e-01,4.615384615384615641e-01,4.666666666666666741e-01,3.333333333333333148e-01,4.000000000000000222e-01,4.814814814814814548e-01,4.090909090909091161e-01,4.722222222222222099e-01,3.428571428571428603e-01,5.000000000000000000e-01,3.750000000000000000e-01,5.957446808510638014e-01,4.864864864864865135e-01,4.117647058823529216e-01,2.571428571428571175e-01,4.642857142857143016e-01
1.134831460674157327e-01,1.068825910931174156e-01,1.141304347826086890e-01,8.844621513944223024e-02,1.024734982332155542e-01,9.530791788856304847e-02,0.000000000000000000e+00,0.000000000000000000e+00,0.000000000000000000e+00,9.964412811387900193e-02,1.018711018711018768e-01,1.128903122497998401e-01,8.888888888888889228e-02,0.000000000000000000e+00,1.480938416422287462e-01,1.587628865979381354e-01,9.777967549103330769e-02,1.107180756986204523e-01,9.970674486803518533e-02,1.783439490445859754e-01,1.113013698630136994e-01,0.000000000000000000e+00,1.007167106752168972e-01,8.883455582722087074e-02,9.694793536804308109e-02,0.000000000000000000e+00,3.273026315789473450e-01,1.168000000000000010e-01,1.137521222410865923e-01,1.039248203427307893e-01,8.823529411764706454e-02,1.054292929292929282e-01,8.582834331337325928e-02,2.730390055722246023e-01,1.101895734597156395e-01,1.336633663366336711e-01,1.036269430051813406e-01,2.800729040097205136e-01,1.140684410646387870e-01,9.303370786516854118e-02,7.662835249042145025e-02,1.145339652448657125e-01,8.230452674897119347e-02,2.665764546684709080e-01,2.699905926622765961e-01,0.000000000000000000e+00,1.088585279858968746e-01,1.425061425061425191e-01,2.737075800824611549e-01,1.324324324324324398e-01,1.129538323621694373e-01,8.264462809917355601e-02,2.762557077625570900e-01,9.153713298791019137e-02,6.768558951965066017e-02,1.088580576307363879e-01,9.677419354838709409e-02,1.437246963562752999e-01,1.002386634844868729e-01,1.099084096586178116e-01,6.024096385542168641e-02,9.682947729220223176e-02,9.931090393190109000e-02,9.494949494949495028e-02,1.012658227848101250e-01,1.115311909262759887e-01,2.163786626596543861e-01,1.088295687885010299e-01,1.472081218274111647e-01,2.507246376811594346e-01,2.538798249104655680e-01,2.506619593998234974e-01,1.058134671685487249e-01,1.048445408532176493e-01,1.119402985074626905e-01,9.136799596163554249e-02,2.573529411764705621e-01,2.527557036657267497e-01,6.223717409587888744e-02,9.523809523809523281e-02,8.755942947702059775e-02,7.568807339449541705e-02,1.386973180076628287e-01,8.681672025723473352e-02,1.316568047337278169e-01,1.242514970059880181e-01,1.225554106910039104e-01,0.000000000000000000e+00,1.125186289120715388e-01,1.837191934279313044e-01,1.074380165289256228e-01,1.273291925465838414e-01,1.093380614657210453e-01,9.794893260778568533e-02,1.322505800464037207e-01,1.031746031746031689e-01,1.186868686868686878e-01,2.744916820702402727e-01,2.994100294985250765e-01,1.231213872832369882e-01,2.693670886075949511e-01,2.486100079428117671e-01,2.792140641158221137e-01,8.446338628438589125e-02,1.088246933122279381e-01,9.426229508196720674e-02,2.518337408312958381e-01,0.000000000000000000e+00,7.623318385650224016e-02,0.000000000000000000e+00,1.036585365853658486e-01,2.468948803392911340e-01,8.652988403211418766e-02,1.111613194758246659e-01,8.747855917667238246e-02,8.019801980198019986e-02,1.153061224489795866e-01,2.575045207956600524e-01,9.636363636363635965e-02,1.255293405928614714e-01,9.715475364330326824e-02,1.171084337349397597e-01,2.412177985948477654e-01,1.119266055045871622e-01,1.348039215686274439e-01,9.490740740740741255e-02,1.412462908011869467e-01,1.065192083818393420e-01,1.160243407707910734e-01,7.707129094412330794e-02,0.000000000000000000e+00,1.154639175257732020e-01,0.000000000000000000e+00,1.323106423777564711e-01,1.212686567164179136e-01,9.760273972602739878e-02,1.159929701230228427e-01,1.192579505300353365e-01,1.208226221079691520e-01,1.250996015936254868e-01,8.695652173913043237e-02,8.506944444444444753e-02,9.126213592233009542e-02,9.208972845336481361e-02,1.131386861313868619e-01,0.000000000000000000e+00,1.111111111111111049e-01,0.000000000000000000e+00,0.000000000000000000e+00,1.247457627118644108e-01,1.064690026954177859e-01,1.071871127633209353e-01,1.436031331592689253e-01,1.154708520179372200e-01,1.444411147737488799e-01,1.190476190476190410e-01,1.073729420186113059e-01,1.113207547169811351e-01,9.235668789808916535e-02,1.258223684210526272e-01,1.148097826086956486e-01,1.076523994811932616e-01,1.220703125000000000e-01,1.068931068931068956e-01,1.039671682626538973e-01,0.000000000000000000e+00,1.276978417266187160e-01,0.000000000000000000e+00,9.444444444444444198e-02,9.381237524950099271e-02,2.139303482587064653e-01,0.000000000000000000e+00,0.000000000000000000e+00,5.136986301369862729e-02,1.069518716577540079e-01,1.543340380549682866e-01,2.393344709897611000e-01,1.015303119482048322e-01,1.360381861575178930e-01,1.214073339940535123e-01,7.751937984496123923e-02,8.928571428571428770e-02,1.078293483356774496e-01,1.757812500000000000e-01,7.276995305164318806e-02,1.126489811610918851e-01,2.526096033402922547e-01,0.000000000000000000e+00,6.211180124223602411e-02,1.129476584022038599e-01,0.000000000000000000e+00,2.352708580466587596e-01,1.931279620853080525e-01,2.632850241545893755e-01,1.010971786833855801e-01,9.855233853006681310e-02,2.663043478260869734e-01,0.000000000000000000e+00,1.107561235356762513e-01,9.568733153638814271e-02,2.516823687752355321e-01,2.500000000000000000e-01,8.130646282140374659e-02,1.222707423580785963e-01,1.013513513513513570e-01,1.068249258160237358e-01,1.251569694432816959e-01,2.592958209937479275e-01,0.000000000000000000e+00,1.024667931688804517e-01,1.038011695906432691e-01,1.759045419553502687e-01,2.355658198614318799e-01,1.448931116389548801e-01,1.174334140435835394e-01,6.367924528301886766e-02,8.129619101762365629e-02,0.000000000000000000e+00,1.672025723472668757e-01,0.000000000000000000e+00,0.000000000000000000e+00,9.049773755656108365e-02,2.220019821605550003e-01,1.802030456852792006e-01,1.025260029717681987e-01,0.000000000000000000e+00,1.210762331838565048e-01,0.000000000000000000e+00,8.885017421602788013e-02,1.190781049935979580e-01,9.328968903436989091e-02,9.016393442622951115e-02,0.000000000000000000e+00,0.000000000000000000e+00,1.035019455252918219e-01,7.568238213399504366e-02,1.085935341254490177e-01,2.248301420630018643e-01,1.061758442348646192e-01,1.009564293304994753e-01,1.120927664273881769e-01,1.110006626905235272e-01,1.164556962025316417e-01,1.178115015974440932e-01,9.839816933638444174e-02,1.040339702760084972e-01,1.104199066874027996e-01,9.468085106382978511e-02,1.044921875000000000e-01,9.055374592833875802e-02,0.000000000000000000e+00,1.234939759036144530e-01,1.034965034965034947e-01,9.803921568627450844e-02,1.016713091922005624e-01,1.299019607843137358e-01,0.000000000000000000e+00,8.982035928143712600e-02,1.035940803382663783e-01,2.376933895921237716e-01,0.000000000000000000e+00,1.069692058346839586e-01,0.000000000000000000e+00,0.000000000000000000e+00,8.011049723756906438e-02,0.000000000000000000e+00,2.200357781753130570e-01,2.679671457905544174e-01,1.106679960119641010e-01,1.890790546047269871e-01,2.806731813246471363e-01,1.256544502617800985e-01,1.041916167664670712e-01,1.117346938775510140e-01,1.833631484794275568e-01,1.210762331838565048e-01,1.067869008068343673e-01,1.062648691514670868e-01,1.213017751479289891e-01,1.116161616161616132e-01,0.000000000000000000e+00,1.960784313725490169e-01,9.114583333333332871e-02,1.167711598746081492e-01,8.691099476439791138e-02,1.030030030030029964e-01,2.533936651583710287e-01,2.303433001107419720e-01,2.419354838709677491e-01,0.000000000000000000e+00,2.110552763819095456e-01,0.000000000000000000e+00,9.932785660941000072e-02,9.090909090909091161e-02,1.064597618188379696e-01,1.062745098039215713e-01,2.085541256623769935e-01,0.000000000000000000e+00,1.124121779859484777e-01,1.825192802056555264e-01,1.046931407942238296e-01,1.042830540037243958e-01,1.215686274509803905e-01,1.356521739130434889e-01,1.172161172161172160e-01,1.350364963503649651e-01,1.167763157894736864e-01,1.312384473197781842e-01,1.138059701492537268e-01,1.007633587786259527e-01,1.100478468899521584e-01,1.121351766513056791e-01,1.028368794326241092e-01,1.035087719298245640e-01,1.208981001727115756e-01,1.111111111111111049e-01,1.268781302170283731e-01,1.088180112570356489e-01,8.823529411764706454e-02,9.642857142857143293e-02
1.082191780821917804e-01,1.443798449612403167e-01,1.041666666666666713e-01,1.085714285714285687e-01,1.778975741239892105e-01,1.204379562043795676e-01,0.000000000000000000e+00,0.000000000000000000e+00,0.000000000000000000e+00,5.376344086021505458e-02,5.263157894736841813e-02,7.190635451505016096e-02,4.273504273504273587e-02,0.000000000000000000e+00,1.050583657587548653e-01,9.268292682926829174e-02,6.680584551148224803e-02,1.702127659574468044e-01,1.176470588235294101e-01,1.159420289855072478e-01,1.083916083916083850e-01,0.000000000000000000e+00,1.696202531645569500e-01,1.751563896336014170e-01,1.484098939929328620e-01,0.000000000000000000e+00,7.661290322580645296e-02,9.126984126984126477e-02,1.652739090064995475e-01,9.645909645909646335e-02,1.038961038961039030e-01,1.590574374079528619e-01,1.396011396011395955e-01,9.013785790031812739e-02,1.490740740740740811e-01,1.391304347826086973e-01,8.149171270718232052e-02,8.978328173374612586e-02,1.014150943396226467e-01,9.056956115779644934e-02,7.339449541284404077e-02,1.442495126705652941e-01,7.142857142857142461e-02,9.666381522668947290e-02,7.859078590785907592e-02,0.000000000000000000e+00,1.558011049723757036e-01,7.006369426751592189e-02,9.003984063745019972e-02,1.417322834645669272e-01,9.492988133764833358e-02,5.970149253731343170e-02,8.620689655172414367e-02,1.680327868852458939e-01,9.633027522935780351e-02,1.566579634464752013e-01,5.696202531645569445e-02,1.343283582089552231e-01,9.014084507042254002e-02,8.637236084452974694e-02,1.688311688311688319e-01,1.705282669138090956e-01,1.855855855855855774e-01,1.597938144329896781e-01,8.464223385689353951e-02,1.013824884792626779e-01,1.060903732809430206e-01,1.878306878306878203e-01,1.821705426356589053e-01,8.552631578947368640e-02,8.937437934458788980e-02,7.391304347826087306e-02,9.915809167446211492e-02,7.258064516129032751e-02,1.600000000000000033e-01,1.564705882352941113e-01,5.555555555555555247e-02,1.122177954847277531e-01,2.887700534759358173e-01,7.509386733416771598e-02,1.582914572864321523e-01,1.454545454545454475e-01,1.093189964157706140e-01,8.474576271186440302e-02,1.416803953871499100e-01,1.827242524916943556e-01,1.435045317220543792e-01,0.000000000000000000e+00,1.185308848080133537e-01,1.066176470588235253e-01,7.207207207207207145e-02,9.240924092409240342e-02,1.382007822685788756e-01,6.448202959830866277e-02,8.235294117647058709e-02,1.702610669693530032e-01,1.333333333333333315e-01,5.405405405405405705e-02,7.509881422924900851e-02,1.364256480218281053e-01,9.768637532133675472e-02,1.161731207289293799e-01,7.837837837837838273e-02,1.489563567362428842e-01,1.405550581915845920e-01,1.566265060240963902e-01,8.205128205128205121e-02,0.000000000000000000e+00,1.213872832369942145e-01,0.000000000000000000e+00,8.888888888888889228e-02,8.732612055641421345e-02,2.025862068965517127e-01,1.597989949748743754e-01,8.602150537634409289e-02,1.058823529411764691e-01,8.000000000000000167e-02,8.970727101038715456e-02,2.986425339366515774e-01,1.125281320330082518e-01,1.786310517529215436e-01,1.731182795698924803e-01,5.617977528089887485e-02,8.141592920353982188e-02,1.228070175438596423e-01,9.563994374120955710e-02,1.367924528301886766e-01,8.207934336525307684e-02,9.712586719524281265e-02,8.225108225108225535e-02,0.000000000000000000e+00,7.407407407407406996e-02,0.000000000000000000e+00,8.986175115207373221e-02,9.317803660565723844e-02,8.730158730158729674e-02,1.866666666666666752e-01,1.628959276018099589e-01,7.177033492822966487e-02,8.496732026143791194e-02,5.676855895196506602e-02,9.180651530108588365e-02,1.739130434782608647e-01,1.830238726790451020e-01,9.923664122137404453e-02,0.000000000000000000e+00,7.051282051282051211e-02,0.000000000000000000e+00,0.000000000000000000e+00,1.017543859649122778e-01,9.513513513513513487e-02,1.057971014492753575e-01,9.554140127388535686e-02,4.456824512534818955e-02,1.381486676016830395e-01,1.143410852713178244e-01,1.489001692047377257e-01,6.796116504854368690e-02,1.037037037037037007e-01,1.227722772277227703e-01,1.047765793528505351e-01,7.868852459016394130e-02,1.152173913043478271e-01,1.024165707710011503e-01,1.833810888252148941e-01,0.000000000000000000e+00,1.168831168831168804e-01,0.000000000000000000e+00,7.692307692307692735e-02,1.806722689075630217e-01,8.782435129740519264e-02,0.000000000000000000e+00,0.000000000000000000e+00,3.630136986301369939e-01,5.397727272727272790e-02,9.459459459459459985e-02,9.502262443438913575e-02,1.655266757865937188e-01,1.314285714285714224e-01,1.638981173864894891e-01,7.446808510638297518e-02,1.147540983606557402e-01,1.038812785388127796e-01,9.615384615384615918e-02,1.262626262626262708e-01,8.003597122302158473e-02,1.094527363184079616e-01,0.000000000000000000e+00,4.827586206896551657e-02,7.766990291262135249e-02,0.000000000000000000e+00,1.165048543689320426e-01,7.823613086770982161e-02,5.999999999999999778e-02,1.204379562043795676e-01,1.629901960784313764e-01,6.581352833638025313e-02,0.000000000000000000e+00,8.611111111111111049e-02,1.026392961876832904e-01,1.055999999999999994e-01,8.771929824561403022e-02,6.615384615384616029e-02,1.149674620390455509e-01,7.031250000000000000e-02,6.617647058823529493e-02,7.285429141716566470e-02,8.397600685518423480e-02,0.000000000000000000e+00,9.600000000000000200e-02,1.384083044982699073e-01,9.064609450337511587e-02,6.770833333333332871e-02,1.704180064308681575e-01,9.219858156028368223e-02,1.148325358851674666e-01,2.114361702127659504e-01,0.000000000000000000e+00,1.294964028776978415e-01,0.000000000000000000e+00,0.000000000000000000e+00,1.208791208791208799e-01,6.829268292682927344e-02,1.428571428571428492e-01,1.507150715071507163e-01,0.000000000000000000e+00,8.000000000000000167e-02,0.000000000000000000e+00,1.760416666666666796e-01,1.518624641833810907e-01,1.782945736434108641e-01,8.588957055214724301e-02,0.000000000000000000e+00,0.000000000000000000e+00,1.112107623318385613e-01,1.099290780141844032e-01,8.921694480102695946e-02,1.255961844197138189e-01,1.181434599156118148e-01,1.383495145631067902e-01,1.188475390156062406e-01,1.759329779131759419e-01,6.744868035190615396e-02,1.558203483043079651e-01,1.589743589743589647e-01,9.794437726723095872e-02,6.273062730627305961e-02,2.244389027431421546e-01,9.937402190923318168e-02,1.606864274570982964e-01,0.000000000000000000e+00,5.594405594405594401e-02,1.700879765395894305e-01,1.563909774436090250e-01,1.194029850746268634e-01,1.104972375690607689e-01,0.000000000000000000e+00,1.560509554140127320e-01,8.019639934533551173e-02,7.982456140350877027e-02,0.000000000000000000e+00,1.772151898734177222e-01,0.000000000000000000e+00,0.000000000000000000e+00,1.094890510948905160e-01,0.000000000000000000e+00,1.199999999999999956e-01,1.051980198019801943e-01,1.316455696202531722e-01,1.693121693121693028e-01,9.686609686609685965e-02,1.591981132075471761e-01,1.808972503617944927e-01,1.653454133635334222e-01,1.021276595744680799e-01,1.135371179039301320e-01,1.216361679224973041e-01,9.953488372093023673e-02,9.126466753585397995e-02,1.538461538461538547e-01,0.000000000000000000e+00,6.194690265486725578e-02,8.717948717948717507e-02,9.145299145299144727e-02,7.368421052631578261e-02,1.627278865631330285e-01,6.376811594202898281e-02,7.430340557275541546e-02,8.333333333333332871e-02,0.000000000000000000e+00,7.317073170731706877e-02,0.000000000000000000e+00,1.775700934579439172e-01,1.589403973509933843e-01,1.121039805036555675e-01,1.470852017937219758e-01,9.789569990850868764e-02,0.000000000000000000e+00,1.149425287356321823e-01,1.462365591397849496e-01,8.411214953271027583e-02,1.013824884792626779e-01,6.896551724137930939e-02,1.031746031746031689e-01,7.317073170731706877e-02,8.677685950413223381e-02,1.111111111111111049e-01,1.033210332103321055e-01,1.353711790393013203e-01,1.176470588235294101e-01,6.938775510204081565e-02,1.130434782608695649e-01,1.199999999999999956e-01,1.020408163265306145e-01,1.120689655172413812e-01,9.583333333333333981e-02,1.133004926108374388e-01,1.085972850678733059e-01,1.367521367521367659e-01,1.153846153846153910e-01
3.001179245283018826e-01,1.491228070175438514e-01,1.464354527938342976e-01,8.969315499606608788e-02,9.974747474747475140e-02,1.150729335494327377e-01,0.000000000000000000e+00,0.000000000000000000e+00,0.000000000000000000e+00,1.260869565217391242e-01,1.516436903499469857e-01,1.555004135649296904e-01,1.093117408906882637e-01,0.000000000000000000e+00,1.404109589041095951e-01,1.454918032786885196e-01,1.258134490238611847e-01,1.374494671076809948e-01,1.608391608391608329e-01,9.556313993174062049e-02,1.290877796901893360e-01,0.000000000000000000e+00,1.184982401251466616e-01,1.063922942206654981e-01,1.061776061776061736e-01,0.000000000000000000e+00,7.003257328990228348e-02,3.193548387096774022e-01,1.043000914913083249e-01,2.674285714285714044e-01,2.570093457943924964e-01,1.239173884077281879e-01,2.375138734739178636e-01,9.853842527109854532e-02,1.321566939302625809e-01,1.332350049164208461e-01,1.413043478260869457e-01,8.786610878661087198e-02,1.491416309012875419e-01,3.119560238204305835e-01,1.795774647887324049e-01,1.991967871485943731e-01,9.775967413441954967e-02,1.063829787234042562e-01,9.540229885057471826e-02,0.000000000000000000e+00,1.331496786042240532e-01,1.524926686217008831e-01,1.112303290414878437e-01,1.509433962264150886e-01,1.580531861515303560e-01,2.653721682847896557e-01,8.684546615581098528e-02,1.278625954198473191e-01,2.487922705314009608e-01,1.261261261261261146e-01,2.019543973941368142e-01,1.367346938775510223e-01,1.653543307086614289e-01,3.012048192771084598e-01,1.030303030303030276e-01,1.204444444444444512e-01,1.371964209629314146e-01,9.533898305084745339e-02,3.196553139105457464e-01,1.425287356321839061e-01,7.633587786259542207e-02,1.176470588235294101e-01,1.134380453752181495e-01,8.592592592592591949e-02,8.845315904139433583e-02,8.541666666666666852e-02,2.330097087378640852e-01,1.617763679619349804e-01,1.251526251526251521e-01,1.072818232351306217e-01,1.523437500000000000e-01,1.021814006888633747e-01,8.028545941123996221e-02,3.227069351230424932e-01,1.216051884880421513e-01,1.177884615384615363e-01,1.616814874696847204e-01,2.864238410596026685e-01,1.505728314238952426e-01,1.262848751835536076e-01,1.150385604113110527e-01,0.000000000000000000e+00,2.313604919292851780e-01,1.776133209990749251e-01,1.562099871959026776e-01,1.923714759535655183e-01,1.354961832061068738e-01,1.264266900790166903e-01,1.286089238845144478e-01,1.122112211221122091e-01,1.150855365474339059e-01,9.442548350398179136e-02,8.833922261484099259e-02,1.267166042446941365e-01,1.019473081328751418e-01,9.924306139613120470e-02,9.459459459459459985e-02,1.437795953508394231e-01,1.371428571428571497e-01,1.256038647342995196e-01,7.967032967032966484e-02,0.000000000000000000e+00,2.485811577752553847e-01,0.000000000000000000e+00,2.789317507418397901e-01,1.146744412050534484e-01,1.180625630676084697e-01,1.224096385542168680e-01,1.409135082604470457e-01,8.067940552016984734e-02,1.153846153846153910e-01,1.247974068071312781e-01,1.223709369024856553e-01,3.056015909844216338e-01,1.143073429220287651e-01,1.338582677165354451e-01,5.263157894736841813e-02,2.357690754945498679e-01,1.840796019900497460e-01,2.581486310299869746e-01,1.338797814207650372e-01,1.531213191990577205e-01,1.581920903954802393e-01,2.495344506517690741e-01,0.000000000000000000e+00,1.300813008130081438e-01,0.000000000000000000e+00,1.436781609195402210e-01,1.446297014346646093e-01,1.113172541743970290e-01,1.124031007751938038e-01,1.276978417266187160e-01,1.428571428571428492e-01,1.657544956997654417e-01,1.075471698113207586e-01,2.572968118545128080e-01,1.079913606911447055e-01,1.054461181923522645e-01,2.390572390572390515e-01,0.000000000000000000e+00,2.532299741602067056e-01,0.000000000000000000e+00,0.000000000000000000e+00,1.525423728813559421e-01,1.435969868173258002e-01,3.063241106719367668e-01,1.795580110497237702e-01,1.459119496855345866e-01,1.570482497634815566e-01,1.440944881889763829e-01,1.289844329132690814e-01,1.081081081081081141e-01,8.362369337979094763e-02,1.357702349869451819e-01,1.666666666666666574e-01,1.022880215343203170e-01,1.586794462193823196e-01,2.693942614240170119e-01,9.024745269286754690e-02,0.000000000000000000e+00,1.364421416234887774e-01,0.000000000000000000e+00,2.904368358913813619e-01,1.052631578947368363e-01,1.376929325751421740e-01,0.000000000000000000e+00,0.000000000000000000e+00,2.057761732851985659e-01,2.456375838926174449e-01,1.320960698689956359e-01,1.105237866410379577e-01,1.235569422776911092e-01,1.774647887323943796e-01,1.330971659919028272e-01,9.871244635193132666e-02,2.366412213740458070e-01,1.335372069317023458e-01,4.587155963302752548e-02,8.163265306122448328e-02,1.405214317277949654e-01,9.808102345415778411e-02,0.000000000000000000e+00,2.589928057553956831e-01,2.491909385113268705e-01,0.000000000000000000e+00,1.119179837676206740e-01,2.054521276595744628e-01,9.776536312849161414e-02,1.125541125541125592e-01,2.343934040047114253e-01,1.011477761836441919e-01,0.000000000000000000e+00,3.082524271844659935e-01,2.783357245337159114e-01,9.852216748768473364e-02,1.124828532235939704e-01,2.426075268817204367e-01,1.277407054337464376e-01,1.107142857142857095e-01,1.381578947368421184e-01,1.628008752735229658e-01,1.172723866616710436e-01,0.000000000000000000e+00,2.934362934362934605e-01,1.451612903225806550e-01,1.100993377483443642e-01,1.102150537634408595e-01,1.562913907284768089e-01,1.419642857142857095e-01,6.760563380281689461e-02,1.324461343472750352e-01,0.000000000000000000e+00,3.278688524590164105e-02,0.000000000000000000e+00,0.000000000000000000e+00,1.161825726141078874e-01,9.624413145539906234e-02,1.542416452442159358e-01,1.326990485728593017e-01,0.000000000000000000e+00,1.464174454828660321e-01,0.000000000000000000e+00,1.174512601046124594e-01,1.105590062111801303e-01,1.392857142857142905e-01,1.569086651053864245e-01,0.000000000000000000e+00,0.000000000000000000e+00,3.143080531665363719e-01,9.882005899705015306e-02,2.855902777777777901e-01,6.721536351165981193e-02,1.466117796073464208e-01,1.114864864864864857e-01,1.280701754385965008e-01,1.331321260898725711e-01,2.648503796337650651e-01,1.008230452674897110e-01,1.034482758620689641e-01,1.278488048916064379e-01,2.210708117443868637e-01,1.353065539112050797e-01,2.743009320905459569e-01,2.084487534626038863e-01,0.000000000000000000e+00,1.314285714285714224e-01,1.355685131195335236e-01,1.212121212121212155e-01,1.228304405874499350e-01,1.363636363636363535e-01,0.000000000000000000e+00,1.162514827995255046e-01,1.506598240469208261e-01,1.079999999999999988e-01,0.000000000000000000e+00,1.233644859813084055e-01,0.000000000000000000e+00,0.000000000000000000e+00,7.187499999999999445e-02,0.000000000000000000e+00,1.245487364620938564e-01,1.181818181818181795e-01,1.460176991150442527e-01,1.093189964157706140e-01,1.173991571342564710e-01,1.356335514574658063e-01,1.206328279499011141e-01,1.345338983050847481e-01,1.260583254938852371e-01,1.399317406143344711e-01,1.213367609254498714e-01,1.393346379647749378e-01,3.231707317073170826e-01,1.190998902305159118e-01,0.000000000000000000e+00,1.463414634146341375e-01,1.244019138755980830e-01,3.025451559934318468e-01,2.704471101417666445e-01,1.310679611650485410e-01,1.016311166875784183e-01,1.043593130779392336e-01,1.052631578947368363e-01,0.000000000000000000e+00,7.894736842105262720e-02,0.000000000000000000e+00,1.143344709897610861e-01,1.140065146579804511e-01,2.740504082357117510e-01,1.312217194570135803e-01,1.197679237463738083e-01,0.000000000000000000e+00,9.249999999999999889e-02,1.124567474048442928e-01,1.357285429141716626e-01,1.502242152466367608e-01,1.520467836257309857e-01,1.066398390342052360e-01,1.233140655105973010e-01,9.729729729729730270e-02,1.392857142857142905e-01,1.145038167938931262e-01,1.286764705882352811e-01,1.501706484641638362e-01,1.497227356746765325e-01,1.419031719532554137e-01,1.466431095406360297e-01,1.502683363148479556e-01,1.343042071197410869e-01,1.143911439114391193e-01,1.259259259259259134e-01,1.185682326621923938e-01,1.431334622823984548e-01,1.365384615384615252e-01
2.251655629139072967e-01,2.016806722689075682e-01,1.481481481481481399e-01,5.594405594405594817e-01,5.368421052631578982e-01,3.975903614457831359e-01,0.000000000000000000e+00,0.000000000000000000e+00,0.000000000000000000e+00,4.594594594594594850e-01,2.124999999999999944e-01,3.303571428571428492e-01,2.631578947368420907e-01,0.000000000000000000e+00,2.878787878787879007e-01,3.673469387755102233e-01,3.076923076923077094e-01,4.984709480122324066e-01,2.000000000000000111e-01,3.333333333333333148e-01,3.870967741935483764e-01,0.000000000000000000e+00,6.116207951070335991e-01,5.845588235294117974e-01,2.321428571428571508e-01,0.000000000000000000e+00,2.372881355932203451e-01,2.181818181818181712e-01,1.859296482412060303e-01,2.857142857142856984e-01,1.739130434782608647e-01,5.257142857142856895e-01,1.785714285714285754e-01,2.251308900523560086e-01,5.653594771241829964e-01,2.285714285714285643e-01,1.782945736434108641e-01,2.279411764705882304e-01,4.000000000000000222e-01,2.452830188679245293e-01,5.000000000000000000e-01,2.575757575757575690e-01,3.269230769230769273e-01,2.205882352941176405e-01,1.590909090909090884e-01,0.000000000000000000e+00,2.363636363636363591e-01,3.541666666666666852e-01,2.074829931972789199e-01,2.999999999999999889e-01,2.139534883720930203e-01,3.142857142857142794e-01,2.222222222222222099e-01,3.260869565217391353e-01,3.442622950819672067e-01,5.775862068965517127e-01,8.571428571428571508e-02,3.506493506493506551e-01,3.026315789473684181e-01,2.333333333333333370e-01,3.589743589743589758e-01,5.665236051502146042e-01,5.899280575539568305e-01,6.769230769230769607e-01,2.509803921568627416e-01,1.666666666666666574e-01,1.724137931034482873e-01,2.358490566037735880e-01,3.454545454545454586e-01,8.695652173913043237e-02,2.105263157894736725e-01,3.055555555555555802e-01,2.569169960474308456e-01,1.451612903225806550e-01,5.638297872340425343e-01,2.395833333333333426e-01,3.200000000000000067e-01,2.768361581920903980e-01,5.511811023622047445e-01,1.928571428571428659e-01,6.191950464396285270e-01,6.483516483516483797e-01,3.109243697478991653e-01,3.466666666666666785e-01,3.680555555555555802e-01,3.181818181818181768e-01,1.677419354838709797e-01,0.000000000000000000e+00,2.900763358778625789e-01,3.519999999999999796e-01,3.623188405797101441e-01,1.940298507462686617e-01,5.026178010471203939e-01,2.301255230125522910e-01,5.294117647058823595e-01,5.405405405405405705e-01,5.063829787234042090e-01,2.470588235294117752e-01,2.631578947368420907e-01,4.574898785425101089e-01,1.729729729729729826e-01,2.764227642276422814e-01,2.272727272727272652e-01,2.236842105263157909e-01,1.897233201581027540e-01,1.600000000000000033e-01,2.187500000000000000e-01,0.000000000000000000e+00,2.580645161290322509e-01,0.000000000000000000e+00,2.500000000000000000e-01,2.323529411764705954e-01,3.125000000000000000e-01,2.248803827751196249e-01,3.389830508474576121e-01,9.473684210526316096e-02,2.674418604651162545e-01,2.103448275862069006e-01,5.106382978723403854e-01,2.379518072289156516e-01,6.203208556149732988e-01,2.065727699530516548e-01,3.684210526315789269e-01,2.599277978339349926e-01,3.333333333333333148e-01,3.024691358024691468e-01,3.051948051948051854e-01,1.891891891891891997e-01,2.996108949416342315e-01,3.877551020408163129e-01,0.000000000000000000e+00,1.791044776119402882e-01,0.000000000000000000e+00,2.596153846153846367e-01,2.655737704918032516e-01,2.968750000000000000e-01,2.542372881355932090e-01,2.992424242424242542e-01,2.833333333333333259e-01,1.854838709677419373e-01,3.333333333333333148e-01,2.735426008968609990e-01,1.764705882352941291e-01,2.839506172839506015e-01,3.333333333333333148e-01,0.000000000000000000e+00,3.191489361702127825e-01,0.000000000000000000e+00,0.000000000000000000e+00,2.037037037037036924e-01,3.187250996015936200e-01,2.708333333333333148e-01,2.857142857142856984e-01,2.325581395348837177e-01,3.418530351437699677e-01,2.999999999999999889e-01,5.225806451612903247e-01,2.173913043478260809e-01,7.073170731707316694e-01,4.142857142857143127e-01,3.028169014084506894e-01,2.328767123287671104e-01,3.658536585365853577e-01,2.456140350877192846e-01,6.463414634146341653e-01,0.000000000000000000e+00,3.466666666666666785e-01,0.000000000000000000e+00,3.404255319148936088e-01,7.627118644067796271e-01,2.797202797202797409e-01,0.000000000000000000e+00,0.000000000000000000e+00,4.814814814814814548e-01,2.686567164179104461e-01,2.696629213483145993e-01,1.600000000000000033e-01,5.843520782396087743e-01,3.714285714285714413e-01,1.759259259259259300e-01,5.517241379310344751e-01,2.800000000000000266e-01,1.878453038674033071e-01,2.307692307692307820e-01,5.781250000000000000e-01,3.120567375886524886e-01,2.830188679245282946e-01,0.000000000000000000e+00,1.600000000000000033e-01,3.239436619718309984e-01,0.000000000000000000e+00,2.214285714285714191e-01,2.115384615384615363e-01,2.826086956521738913e-01,6.122448979591836871e-01,5.388888888888888618e-01,2.837837837837837718e-01,0.000000000000000000e+00,2.038834951456310607e-01,2.022471910112359494e-01,2.962962962962962798e-01,2.804878048780488076e-01,2.091503267973856273e-01,3.255813953488372325e-01,3.666666666666666408e-01,1.785714285714285754e-01,2.591093117408906910e-01,2.746913580246913567e-01,0.000000000000000000e+00,3.017241379310344751e-01,3.571428571428571508e-01,2.949640287769784153e-01,3.409090909090908839e-01,3.703703703703703498e-01,2.521008403361344463e-01,5.098039215686274161e-01,5.555555555555555802e-01,0.000000000000000000e+00,1.071428571428571369e-01,0.000000000000000000e+00,0.000000000000000000e+00,3.499999999999999778e-01,1.875000000000000000e-01,2.750000000000000222e-01,5.577889447236180631e-01,0.000000000000000000e+00,2.881355932203389925e-01,0.000000000000000000e+00,2.325581395348837177e-01,1.690140845070422504e-01,8.524590163934425702e-01,5.000000000000000000e-01,0.000000000000000000e+00,0.000000000000000000e+00,2.376681614349775706e-01,5.882352941176470784e-01,2.371794871794871695e-01,5.240641711229946376e-01,4.018987341772151667e-01,6.293103448275861878e-01,2.788461538461538547e-01,6.335078534031413078e-01,2.481751824817518270e-01,2.447257383966244815e-01,3.243243243243243423e-01,2.487046632124352286e-01,3.484848484848485084e-01,3.603603603603603434e-01,2.798507462686566916e-01,4.767441860465116421e-01,0.000000000000000000e+00,3.529411764705882582e-01,5.000000000000000000e-01,2.066115702479338900e-01,6.162790697674418450e-01,3.617021276595744905e-01,0.000000000000000000e+00,6.265060240963855609e-01,2.851851851851852082e-01,2.411347517730496326e-01,0.000000000000000000e+00,1.973684210526315819e-01,0.000000000000000000e+00,0.000000000000000000e+00,6.739130434782608647e-01,0.000000000000000000e+00,3.432835820895522305e-01,2.222222222222222099e-01,1.818181818181818232e-01,2.173913043478260809e-01,2.245989304812834320e-01,5.023474178403756207e-01,2.202380952380952328e-01,5.423728813559322015e-01,2.956521739130434923e-01,3.906250000000000000e-01,1.832460732984293184e-01,3.266129032258064391e-01,2.482758620689655138e-01,5.720338983050847759e-01,0.000000000000000000e+00,1.578947368421052544e-01,2.093023255813953598e-01,2.274678111587982721e-01,3.170731707317073211e-01,2.298507462686567027e-01,2.328767123287671104e-01,2.934782608695652439e-01,3.928571428571428492e-01,0.000000000000000000e+00,3.599999999999999867e-01,0.000000000000000000e+00,3.070175438596491335e-01,2.380952380952380820e-01,2.861736334405144966e-01,5.437956204379561509e-01,2.637362637362637430e-01,0.000000000000000000e+00,6.842105263157894912e-01,5.102040816326530726e-01,2.531645569620253333e-01,2.985074626865671377e-01,3.714285714285714413e-01,3.333333333333333148e-01,2.413793103448275967e-01,2.794117647058823595e-01,3.684210526315789269e-01,2.380952380952380820e-01,2.923076923076923239e-01,3.048780487804877981e-01,2.533333333333333548e-01,3.142857142857142794e-01,3.076923076923077094e-01,2.950819672131147486e-01,2.535211267605633756e-01,3.205128205128205399e-01,1.967213114754098324e-01,2.424242424242424310e-01,2.467532467532467522e-01,4.262295081967212851e-01
9.893704006541291507e-02,2.366930917327293438e-01,8.870967741935484319e-02,3.163841807909604370e-02,7.922535211267606181e-02,6.822612085769980128e-02,0.000000000000000000e+00,0.000000000000000000e+00,0.000000000000000000e+00,1.011235955056179747e-01,8.177905308464848699e-02,7.288317256162915592e-02,8.955223880597014408e-02,0.000000000000000000e+00,9.948979591836734637e-02,1.111111111111111049e-01,9.717097170971709941e-02,6.626173384870237548e-02,2.070312500000000000e-01,6.185567010309278579e-02,1.041666666666666713e-01,0.000000000000000000e+00,7.878151260504201447e-02,6.502636203866432596e-02,2.035175879396984855e-01,0.000000000000000000e+00,6.466512702078522357e-02,8.958837772397094945e-02,3.023255813953488191e-01,7.456503728251864804e-02,4.635761589403973593e-02,7.326007326007326348e-02,1.863013698630137105e-01,1.023411371237458178e-01,6.705882352941176794e-02,2.088650100738750903e-01,1.179117911791179169e-01,9.455587392550143799e-02,8.794326241134751976e-02,8.061420345489443695e-02,3.921568627450980338e-02,1.624850657108721508e-01,6.442577030812324246e-02,9.396355353075171168e-02,7.575757575757575968e-02,0.000000000000000000e+00,1.984078383343539365e-01,1.115537848605577670e-01,8.869395711500974167e-02,2.275132275132275006e-01,8.321775312066574670e-02,5.327868852459016064e-02,9.507640067911714288e-02,2.624113475177304866e-01,1.063122923588039892e-01,6.122448979591836593e-02,6.008583690987124443e-02,1.186943620178041586e-01,7.285974499089253875e-02,8.427672955974842284e-02,2.328767123287671104e-01,6.675479180436219573e-02,7.340553549939830835e-02,4.748603351955307111e-02,9.526525955504848431e-02,2.239747634069400584e-01,2.167042889390519145e-01,2.569060773480663085e-01,1.516709511568123392e-01,6.147540983606557263e-02,8.852258852258852728e-02,1.041095890410958930e-01,8.183508989460631933e-02,9.002169197396962808e-02,7.119476268412439079e-02,2.664692820133234830e-01,6.622516556291391243e-02,9.750102417042195990e-02,1.674107142857142738e-01,7.644787644787644221e-02,7.126567844925883743e-02,6.776859504132230760e-02,8.546059933407325337e-02,7.990867579908675356e-02,8.700440528634360848e-02,2.655935613682092744e-01,2.214765100671141074e-01,0.000000000000000000e+00,9.131905298759865341e-02,9.963985594237695365e-02,7.705192629815744987e-02,7.584830339321357862e-02,9.352517985611510931e-02,1.084570690768237589e-01,8.771929824561403022e-02,6.088280060882800271e-02,7.102272727272727904e-02,8.986928104575163390e-02,9.490740740740741255e-02,7.883817427385891863e-02,8.792965627498001979e-02,7.363420427553443726e-02,8.296296296296296058e-02,2.959483264826776039e-01,2.326934264107038963e-01,2.532467532467532201e-01,9.215017064846416084e-02,0.000000000000000000e+00,9.644670050761421087e-02,0.000000000000000000e+00,8.856088560885608252e-02,8.657243816254417412e-02,2.237569060773480778e-01,2.708200890019071827e-01,8.823529411764706454e-02,2.603369065849923669e-01,5.697151424287855842e-02,7.199100112485939951e-02,1.175637393767705319e-01,9.107551487414188018e-02,5.176211453744493374e-02,2.718727404193781449e-01,4.794520547945205213e-02,1.076408254322364783e-01,5.860805860805860801e-02,8.699551569506726312e-02,1.864864864864864968e-01,1.263636363636363724e-01,8.666256914566687619e-02,4.761904761904761640e-02,0.000000000000000000e+00,9.392265193370165355e-02,0.000000000000000000e+00,8.489208633093525691e-02,1.011049723756906049e-01,7.511737089201878104e-02,2.500000000000000000e-01,2.125668449197860854e-01,7.835820895522388474e-02,1.131428571428571422e-01,1.016166281755196271e-01,7.177033492822966487e-02,2.655826558265582671e-01,2.775974025974026205e-01,9.661835748792270417e-02,0.000000000000000000e+00,8.873720136518771506e-02,0.000000000000000000e+00,0.000000000000000000e+00,1.125000000000000028e-01,9.210526315789473173e-02,1.011450381679389332e-01,5.859375000000000000e-02,9.157509157509156894e-02,1.000935453695042110e-01,1.360874848116646330e-01,5.725971370143149303e-02,7.365439093484418831e-02,6.818181818181817677e-02,9.529025191675793982e-02,9.230769230769231282e-02,9.461966604823747462e-02,7.636887608069163613e-02,9.872611464968153450e-02,6.626506024096386060e-02,0.000000000000000000e+00,7.368421052631578261e-02,0.000000000000000000e+00,8.273894436519257933e-02,6.094182825484764643e-02,8.458542014468559134e-02,0.000000000000000000e+00,0.000000000000000000e+00,8.673469387755101956e-02,7.276119402985074813e-02,8.261617900172117668e-02,9.873248832555037158e-02,6.832007487131493140e-02,8.139534883720930813e-02,2.261580381471389734e-01,4.736842105263158048e-02,9.500000000000000111e-02,1.184593023255813976e-01,1.736526946107784519e-01,4.892966360856269153e-02,9.362435381964388792e-02,5.882352941176470507e-02,0.000000000000000000e+00,4.072398190045248972e-02,9.274193548387096864e-02,0.000000000000000000e+00,8.446163765312701688e-02,5.952380952380952051e-02,6.093189964157706001e-02,7.646356033452807177e-02,5.600000000000000117e-02,7.350096711798839721e-02,0.000000000000000000e+00,1.134521880064829763e-01,7.766990291262135249e-02,1.001926782273603045e-01,6.012024048096192147e-02,6.500541711809317003e-02,9.274193548387096864e-02,9.693877551020407823e-02,5.172413793103448204e-02,6.873479318734793120e-02,9.114719748559454993e-02,0.000000000000000000e+00,9.454061251664447330e-02,8.999999999999999667e-02,9.342560553633218190e-02,4.814814814814814825e-02,1.111111111111111049e-01,8.604794099569759713e-02,7.194244604316546443e-02,7.640638119227539937e-02,0.000000000000000000e+00,2.000000000000000111e-01,0.000000000000000000e+00,0.000000000000000000e+00,2.201257861635220192e-01,5.819295558958652304e-02,1.215686274509803905e-01,4.363636363636363980e-02,0.000000000000000000e+00,1.036866359447004560e-01,0.000000000000000000e+00,2.716049382716049232e-01,2.490974729241877128e-01,6.702412868632708076e-02,7.430340557275541546e-02,0.000000000000000000e+00,0.000000000000000000e+00,9.447004608294930217e-02,5.520169851380042625e-02,8.679245283018867385e-02,4.622641509433961932e-02,1.049999999999999961e-01,7.485875706214689673e-02,1.896938013442867887e-01,6.578947368421052266e-02,9.675443968156766106e-02,2.855484619849100181e-01,2.564102564102563875e-01,9.316303531179563613e-02,9.138381201044386282e-02,1.687943262411347456e-01,8.208594881699661505e-02,6.719367588932806390e-02,0.000000000000000000e+00,1.071428571428571369e-01,8.067940552016984734e-02,2.692307692307692180e-01,5.794392523364486070e-02,7.142857142857142461e-02,0.000000000000000000e+00,7.218309859154929675e-02,8.970276008492568398e-02,6.948798328108672651e-02,0.000000000000000000e+00,1.938775510204081565e-01,0.000000000000000000e+00,0.000000000000000000e+00,6.250000000000000000e-02,0.000000000000000000e+00,9.090909090909091161e-02,9.574468085106382920e-02,2.333848531684698524e-01,1.604010025062656553e-01,8.666100254885301946e-02,7.511737089201878104e-02,2.394849785407725251e-01,7.034082668600434574e-02,7.581227436823104182e-02,9.468822170900692559e-02,2.336512261580381555e-01,8.683779355543419509e-02,9.009009009009008584e-02,7.548638132295719394e-02,0.000000000000000000e+00,1.751412429378531033e-01,6.785714285714285199e-02,6.719367588932806390e-02,5.990783410138248583e-02,2.693484914735461144e-01,1.085814360770577941e-01,6.716417910447761153e-02,9.259259259259258745e-02,0.000000000000000000e+00,7.407407407407406996e-02,0.000000000000000000e+00,2.592178770949720712e-01,2.642276422764227584e-01,9.570112589559877370e-02,8.179723502304148131e-02,7.407407407407406996e-02,0.000000000000000000e+00,3.076923076923077094e-02,6.901041666666667129e-02,1.542857142857142760e-01,8.020050125313282763e-02,9.176470588235294268e-02,8.675799086757990386e-02,9.734513274336283051e-02,1.212121212121212155e-01,8.755760368663594029e-02,8.705357142857142461e-02,9.808612440191387394e-02,9.207708779443254943e-02,6.921241050119331106e-02,8.252427184466019916e-02,1.103286384976525786e-01,9.405940594059405968e-02,9.147609147609148117e-02,9.268292682926829174e-02,8.226221079691516114e-02,1.276041666666666574e-01,1.071428571428571369e-01,1.086956521739130405e-01
4.062500000000000000e-01,5.384615384615384359e-01,5.000000000000000000e-01,2.941176470588235392e-01,4.500000000000000111e-01,4.375000000000000000e-01,0.000000000000000000e+00,0.000000000000000000e+00,0.000000000000000000e+00,1.000000000000000000e+00,6.500000000000000222e-01,4.090909090909091161e-01,5.714285714285713969e-01,0.000000000000000000e+00,3.809523809523809312e-01,5.000000000000000000e-01,2.999999999999999889e-01,3.636363636363636465e-01,4.285714285714285476e-01,8.000000000000000444e-01,5.714285714285713969e-01,0.000000000000000000e+00,3.333333333333333148e-01,2.200000000000000011e-01,1.333333333333333315e-01,0.000000000000000000e+00,8.000000000000000444e-01,2.727272727272727071e-01,4.347826086956521618e-01,4.375000000000000000e-01,5.999999999999999778e-01,4.054054054054054279e-01,4.285714285714285476e-01,8.656716417910447214e-01,3.157894736842105088e-01,4.761904761904761640e-01,4.324324324324324564e-01,8.125000000000000000e-01,7.600000000000000089e-01,1.836734693877551117e-01,2.500000000000000000e-01,2.999999999999999889e-01,3.333333333333333148e-01,9.019607843137255054e-01,8.181818181818182323e-01,0.000000000000000000e+00,4.444444444444444198e-01,3.750000000000000000e-01,8.659793814432990011e-01,1.000000000000000000e+00,2.391304347826087029e-01,4.444444444444444198e-01,1.000000000000000000e+00,5.000000000000000000e-01,4.285714285714285476e-01,2.608695652173912971e-01,7.272727272727272929e-01,3.846153846153846367e-01,2.307692307692307820e-01,3.499999999999999778e-01,1.666666666666666574e-01,2.602739726027397116e-01,4.576271186440677985e-01,5.000000000000000000e-01,2.622950819672131284e-01,3.333333333333333148e-01,8.064516129032257563e-01,5.652173913043477826e-01,5.384615384615384359e-01,8.518518518518518601e-01,9.111111111111110938e-01,8.518518518518518601e-01,3.382352941176470784e-01,4.166666666666666852e-01,5.416666666666666297e-01,4.000000000000000222e-01,8.181818181818182323e-01,8.557692307692307265e-01,2.500000000000000000e-01,1.632653061224489666e-01,2.444444444444444364e-01,3.928571428571428492e-01,4.285714285714285476e-01,4.545454545454545303e-01,4.324324324324324564e-01,5.000000000000000000e-01,3.823529411764705621e-01,0.000000000000000000e+00,3.200000000000000067e-01,6.285714285714285587e-01,3.043478260869565410e-01,2.941176470588235392e-01,3.529411764705882582e-01,3.409090909090908839e-01,1.666666666666666574e-01,2.558139534883721034e-01,4.583333333333333148e-01,8.620689655172413257e-01,1.000000000000000000e+00,4.199999999999999845e-01,7.678571428571429047e-01,8.421052631578946901e-01,8.076923076923077094e-01,3.333333333333333148e-01,3.559322033898305038e-01,2.500000000000000000e-01,8.750000000000000000e-01,0.000000000000000000e+00,2.999999999999999889e-01,0.000000000000000000e+00,7.500000000000000000e-01,7.777777777777777901e-01,1.818181818181818232e-01,4.651162790697674354e-01,5.384615384615384359e-01,2.727272727272727071e-01,3.809523809523809312e-01,7.349397590361446131e-01,2.800000000000000266e-01,2.352941176470588203e-01,4.000000000000000222e-01,3.235294117647058987e-01,9.000000000000000222e-01,3.846153846153846367e-01,3.750000000000000000e-01,3.404255319148936088e-01,4.500000000000000111e-01,3.478260869565217295e-01,2.058823529411764608e-01,1.000000000000000000e+00,0.000000000000000000e+00,6.666666666666666297e-01,0.000000000000000000e+00,4.313725490196078649e-01,4.189189189189189144e-01,3.333333333333333148e-01,6.250000000000000000e-01,3.584905660377358250e-01,5.000000000000000000e-01,4.545454545454545303e-01,5.000000000000000000e-01,3.243243243243243423e-01,4.285714285714285476e-01,3.846153846153846367e-01,1.111111111111111049e-01,0.000000000000000000e+00,4.000000000000000222e-01,0.000000000000000000e+00,0.000000000000000000e+00,2.758620689655172376e-01,4.130434782608695676e-01,2.413793103448275967e-01,6.666666666666666297e-01,3.703703703703703498e-01,4.626865671641791078e-01,4.054054054054054279e-01,5.000000000000000000e-01,3.636363636363636465e-01,1.000000000000000000e+00,4.687500000000000000e-01,2.399999999999999911e-01,1.875000000000000000e-01,3.076923076923077094e-01,2.553191489361701927e-01,5.714285714285713969e-01,0.000000000000000000e+00,4.705882352941176405e-01,0.000000000000000000e+00,2.142857142857142738e-01,3.333333333333333148e-01,7.012987012987013102e-01,0.000000000000000000e+00,0.000000000000000000e+00,2.222222222222222099e-01,3.333333333333333148e-01,4.615384615384615641e-01,7.384615384615385025e-01,3.717948717948718063e-01,1.428571428571428492e-01,3.846153846153846367e-01,5.000000000000000000e-01,6.666666666666666297e-01,5.106382978723403854e-01,5.000000000000000000e-01,2.857142857142856984e-01,4.615384615384615641e-01,5.999999999999999778e-01,0.000000000000000000e+00,3.333333333333333148e-01,2.857142857142856984e-01,0.000000000000000000e+00,6.913580246913579863e-01,7.317073170731707155e-01,8.333333333333333703e-01,3.200000000000000067e-01,3.823529411764705621e-01,9.444444444444444198e-01,0.000000000000000000e+00,1.666666666666666574e-01,2.666666666666666630e-01,8.275862068965517127e-01,8.125000000000000000e-01,2.702702702702702853e-01,5.185185185185184897e-01,3.333333333333333148e-01,5.000000000000000000e-01,2.923076923076923239e-01,8.484848484848485084e-01,0.000000000000000000e+00,3.529411764705882582e-01,5.333333333333333259e-01,5.972222222222222099e-01,8.888888888888888395e-01,4.375000000000000000e-01,4.878048780487804770e-01,5.999999999999999778e-01,3.142857142857142794e-01,0.000000000000000000e+00,5.000000000000000000e-01,0.000000000000000000e+00,0.000000000000000000e+00,3.333333333333333148e-01,7.812500000000000000e-01,5.999999999999999778e-01,3.396226415094339424e-01,0.000000000000000000e+00,5.000000000000000000e-01,0.000000000000000000e+00,3.421052631578947456e-01,5.000000000000000000e-01,9.090909090909091161e-02,6.999999999999999556e-01,0.000000000000000000e+00,0.000000000000000000e+00,3.191489361702127825e-01,4.117647058823529216e-01,3.239436619718309984e-01,8.222222222222221877e-01,4.057971014492753881e-01,5.263157894736841813e-01,5.128205128205127750e-01,4.487179487179487336e-01,4.426229508196721230e-01,3.589743589743589758e-01,5.000000000000000000e-01,4.516129032258064391e-01,2.857142857142856984e-01,3.333333333333333148e-01,2.800000000000000266e-01,2.812500000000000000e-01,0.000000000000000000e+00,3.333333333333333148e-01,5.263157894736841813e-01,3.571428571428571508e-01,5.000000000000000000e-01,4.285714285714285476e-01,0.000000000000000000e+00,6.428571428571429047e-01,3.287671232876712146e-01,6.288659793814432852e-01,0.000000000000000000e+00,5.000000000000000000e-01,0.000000000000000000e+00,0.000000000000000000e+00,4.000000000000000222e-01,0.000000000000000000e+00,7.142857142857143016e-01,7.666666666666667185e-01,5.999999999999999778e-01,6.896551724137931494e-01,8.421052631578946901e-01,3.333333333333333148e-01,4.146341463414633943e-01,3.636363636363636465e-01,7.187500000000000000e-01,3.846153846153846367e-01,4.181818181818181546e-01,3.972602739726027177e-01,2.258064516129032195e-01,3.035714285714285476e-01,0.000000000000000000e+00,8.000000000000000444e-01,6.666666666666666297e-01,1.785714285714285754e-01,2.631578947368420907e-01,4.218750000000000000e-01,9.444444444444444198e-01,8.695652173913043237e-01,6.666666666666666297e-01,0.000000000000000000e+00,1.000000000000000000e+00,0.000000000000000000e+00,5.454545454545454142e-01,3.333333333333333148e-01,4.310344827586206629e-01,4.782608695652174058e-01,5.882352941176470784e-01,0.000000000000000000e+00,4.000000000000000222e-01,5.312500000000000000e-01,5.833333333333333703e-01,5.882352941176470784e-01,5.294117647058823595e-01,6.666666666666666297e-01,5.000000000000000000e-01,4.666666666666666741e-01,6.250000000000000000e-01,5.238095238095238360e-01,5.333333333333333259e-01,2.105263157894736725e-01,5.882352941176470784e-01,2.777777777777777901e-01,4.500000000000000111e-01,2.500000000000000000e-01,6.250000000000000000e-01,7.222222222222222099e-01,4.615384615384615641e-01,4.000000000000000222e-01,2.800000000000000266e-01,3.333333333333333148e-01
2.336548767416934680e-01,1.388986320589266910e-01,1.527531083481349916e-01,8.794788273615634921e-02,9.613259668508286615e-02,9.273182957393483195e-02,0.000000000000000000e+00,0.000000000000000000e+00,0.000000000000000000e+00,1.328903654485049934e-01,1.329639889196675973e-01,1.502849002849002968e-01,1.245551601423487559e-01,0.000000000000000000e+00,1.361573373676248089e-01,1.370143149284253625e-01,1.055729984301412849e-01,1.111837802485284438e-01,1.069518716577540079e-01,7.324840764331209952e-02,1.177266576454668451e-01,0.000000000000000000e+00,1.049851436117530540e-01,9.568011424491253136e-02,1.143911439114391193e-01,0.000000000000000000e+00,1.041990668740279957e-01,2.327221438645980245e-01,1.201977938379611976e-01,2.443102647468648470e-01,2.033195020746887960e-01,1.337616822429906482e-01,2.062737642585551201e-01,1.017988552739166053e-01,1.125044786814761721e-01,1.394840402273720970e-01,1.160714285714285754e-01,8.682811577082102938e-02,1.419413919413919367e-01,2.244418331374853082e-01,1.456310679611650394e-01,1.992395437262357294e-01,9.363295880149813399e-02,9.818636647904940840e-02,9.765258215962441257e-02,0.000000000000000000e+00,1.363265306122448950e-01,1.470588235294117696e-01,1.181646763042111942e-01,1.355932203389830504e-01,1.303462321792260570e-01,2.782152230971128848e-01,8.225108225108225535e-02,1.302876480541455273e-01,2.000000000000000111e-01,1.085271317829457349e-01,2.292682926829268386e-01,1.363636363636363535e-01,1.489817792068595936e-01,2.507225433526011349e-01,8.749999999999999445e-02,1.159255036107943726e-01,1.195304162219850558e-01,7.400722021660649519e-02,2.433998712169993528e-01,1.358490566037735825e-01,8.722958827634333390e-02,1.205151793928242870e-01,1.484848484848484973e-01,1.207897793263646991e-01,7.803254437869822091e-02,7.939189189189188589e-02,2.147192716236722421e-01,1.356913183279742641e-01,9.436913451511991235e-02,9.523809523809523281e-02,7.516339869281045416e-02,9.872611464968153450e-02,9.660377358490565558e-02,2.610641471904525113e-01,1.171232876712328813e-01,9.528688524590163411e-02,1.223479490806223535e-01,2.191235059760956172e-01,1.490066225165563030e-01,1.023513139695712282e-01,1.423877327491785416e-01,0.000000000000000000e+00,1.854942233632862758e-01,1.674946770759403736e-01,1.407982261640798316e-01,2.059701492537313328e-01,1.288981288981289053e-01,1.180866965620328835e-01,1.147186147186147198e-01,1.250566379700951414e-01,1.197735191637630675e-01,9.906542056074765790e-02,1.068917018284106929e-01,1.354903943377148701e-01,9.692898272552782912e-02,1.021465581051073240e-01,1.132623426911907039e-01,1.315602836879432580e-01,1.333097595473833052e-01,9.649122807017543324e-02,9.047619047619047394e-02,0.000000000000000000e+00,2.211434735706580279e-01,0.000000000000000000e+00,1.875000000000000000e-01,1.314869588599085759e-01,1.231569817866435407e-01,1.221252973830293381e-01,1.170033670033669981e-01,8.052434456928839190e-02,9.918200408997955575e-02,1.204521370540445058e-01,1.046025104602510414e-01,2.287781797940439676e-01,1.059765865680837998e-01,1.367221735319894826e-01,1.049250535331905793e-01,2.332743362831858347e-01,1.804511278195488622e-01,2.314969393433500278e-01,1.259668508287292710e-01,1.391569324530218255e-01,1.495016611295681142e-01,2.216312056737588521e-01,0.000000000000000000e+00,1.351351351351351426e-01,0.000000000000000000e+00,1.436607529208135114e-01,1.379767827529021496e-01,1.017214397496087608e-01,7.678883071553228856e-02,1.433720464557468877e-01,9.420289855072463969e-02,1.454932576295244750e-01,8.465608465608465139e-02,2.017200938232994456e-01,1.252408477842003875e-01,8.881922675026122926e-02,1.689189189189189144e-01,0.000000000000000000e+00,2.660332541567695941e-01,0.000000000000000000e+00,0.000000000000000000e+00,1.346381969157769976e-01,1.053471667996807720e-01,2.567027952082144848e-01,1.571753986332574127e-01,1.368778280542986558e-01,1.481280520889853569e-01,1.500711237553342681e-01,1.139564660691421288e-01,1.099796334012219934e-01,1.097922848664688450e-01,1.193916349809885924e-01,1.496110113704368638e-01,1.240963855421686746e-01,1.428571428571428492e-01,2.384648555411815474e-01,8.603491271820448705e-02,0.000000000000000000e+00,1.099554234769687944e-01,0.000000000000000000e+00,1.735159817351598077e-01,1.000000000000000056e-01,1.372206703910614500e-01,0.000000000000000000e+00,0.000000000000000000e+00,1.754385964912280604e-01,2.339181286549707472e-01,1.184792219274977965e-01,1.145708582834331357e-01,1.026408930029948235e-01,1.670329670329670224e-01,1.317523056653491509e-01,8.480565371024735566e-02,2.165605095541401348e-01,1.262309758281110195e-01,4.263565891472868158e-02,6.666666666666666574e-02,1.137440758293838811e-01,8.029197080291970712e-02,0.000000000000000000e+00,2.748091603053435250e-01,1.859296482412060303e-01,0.000000000000000000e+00,1.146686522710349959e-01,1.838949171901770319e-01,8.884297520661156577e-02,1.071687183200579346e-01,1.752371442835746473e-01,8.317580340264650596e-02,0.000000000000000000e+00,2.209405501330967136e-01,2.140540540540540604e-01,1.137043686415320221e-01,1.384615384615384692e-01,1.996455995274660500e-01,1.346678798908098329e-01,1.117824773413897271e-01,1.639344262295081844e-01,1.507223740726278682e-01,1.110762472544712942e-01,0.000000000000000000e+00,2.090680100755667459e-01,1.546511627906976827e-01,1.226950354609929045e-01,7.865168539325842478e-02,1.465614430665163337e-01,1.370328425821064622e-01,9.662921348314607028e-02,1.132554596241747147e-01,0.000000000000000000e+00,1.095100864553314179e-01,0.000000000000000000e+00,0.000000000000000000e+00,1.098039215686274495e-01,9.523809523809523281e-02,1.215596330275229425e-01,1.213406873143826892e-01,0.000000000000000000e+00,1.243842364532019712e-01,0.000000000000000000e+00,1.059907834101382479e-01,9.410430839002267844e-02,8.918128654970759739e-02,1.101083032490974695e-01,0.000000000000000000e+00,0.000000000000000000e+00,2.307433568785738354e-01,1.002227171492204860e-01,2.192540322580645296e-01,7.983917288914417487e-02,1.265927977839335083e-01,8.471615720524017235e-02,1.417513304305757227e-01,1.129263399254800820e-01,2.374072627879734443e-01,1.164095371669004175e-01,1.265206812652068247e-01,1.050072921730675762e-01,2.569536423841059514e-01,1.189083820662767965e-01,2.125960969840331172e-01,1.654676258992805737e-01,0.000000000000000000e+00,1.385041551246537495e-01,1.209781209781209815e-01,1.262477980035232039e-01,8.033573141486810565e-02,1.221804511278195421e-01,0.000000000000000000e+00,1.173120728929384904e-01,1.227053140096618367e-01,1.381933438985736839e-01,0.000000000000000000e+00,1.052631578947368363e-01,0.000000000000000000e+00,0.000000000000000000e+00,7.733333333333333726e-02,0.000000000000000000e+00,8.135593220338982468e-02,1.127497621313035270e-01,1.409691629955947267e-01,1.055806938159879332e-01,1.128634795465746632e-01,1.261304140885292635e-01,1.375545851528384156e-01,1.225919439579684772e-01,1.261329305135951706e-01,1.197982345523329190e-01,1.413870246085011106e-01,1.384094754653130421e-01,2.639915522703273343e-01,1.207598371777476309e-01,0.000000000000000000e+00,1.690140845070422504e-01,1.113636363636363591e-01,2.450469238790406734e-01,2.023346303501945553e-01,1.348283499446290279e-01,8.724100327153762324e-02,8.113804004214962562e-02,7.692307692307692735e-02,0.000000000000000000e+00,6.111111111111110911e-02,0.000000000000000000e+00,9.025787965616045849e-02,1.029411764705882304e-01,2.331091898815241814e-01,1.338276836158192040e-01,1.222429906542056022e-01,0.000000000000000000e+00,9.979209979209979764e-02,1.013250194855806752e-01,1.252204585537918802e-01,1.233644859813084055e-01,9.555189456342669252e-02,1.086956521739130405e-01,1.217838765008576324e-01,1.164021164021163957e-01,1.141479099678456566e-01,1.116279069767441845e-01,1.250000000000000000e-01,1.029411764705882304e-01,1.150159744408945639e-01,1.119515885022692864e-01,1.153184165232357949e-01,1.187607573149741802e-01,1.071428571428571369e-01,1.217948717948717924e-01,1.162393162393162427e-01,1.136363636363636326e-01,1.524288107202680098e-01,1.130434782608695649e-01
1.600000000000000033e-01,1.070559610705596049e-01,1.176470588235294101e-01,1.213592233009708754e-01,1.556886227544910239e-01,8.799999999999999489e-02,0.000000000000000000e+00,0.000000000000000000e+00,0.000000000000000000e+00,1.333333333333333315e-01,1.375000000000000111e-01,1.497584541062801922e-01,8.108108108108108558e-02,0.000000000000000000e+00,1.264367816091954144e-01,3.389830508474576121e-01,9.870129870129870642e-02,1.493506493506493449e-01,1.343283582089552231e-01,1.034482758620689641e-01,1.129032258064516098e-01,0.000000000000000000e+00,1.285714285714285587e-01,1.247002398081534791e-01,9.890109890109889668e-02,0.000000000000000000e+00,1.214953271028037379e-01,2.750000000000000222e-01,1.195928753180661580e-01,2.012195121951219634e-01,1.395348837209302306e-01,1.818181818181818232e-01,1.267605633802816878e-01,9.653465346534653713e-02,1.151079136690647542e-01,1.237113402061855716e-01,9.025270758122744263e-02,9.055118110236221041e-02,1.708860759493670833e-01,1.820512820512820429e-01,1.458333333333333426e-01,1.183673469387755139e-01,1.125000000000000028e-01,6.479481641468683162e-02,1.466666666666666674e-01,0.000000000000000000e+00,1.219512195121951192e-01,1.724137931034482873e-01,1.353065539112050797e-01,6.976744186046511531e-02,1.219512195121951192e-01,2.222222222222222099e-01,7.594936708860759722e-02,1.315789473684210453e-01,1.325301204819277212e-01,9.790209790209790375e-02,3.499999999999999778e-01,1.875000000000000000e-01,2.027972027972027858e-01,1.347150259067357581e-01,4.081632653061224164e-02,1.084010840108401152e-01,9.772727272727273207e-02,8.749999999999999445e-02,1.743697478991596550e-01,1.047619047619047644e-01,1.047619047619047644e-01,1.153846153846153910e-01,1.239669421487603340e-01,1.188118811881188064e-01,6.699751861042183010e-02,1.288343558282208645e-01,2.117117117117117142e-01,1.441860465116279189e-01,1.186440677966101725e-01,1.164179104477611887e-01,1.388888888888888951e-01,1.103999999999999981e-01,7.729468599033816056e-02,2.018927444794952619e-01,1.236442516268980440e-01,8.805031446540879936e-02,1.472081218274111647e-01,1.779661016949152519e-01,1.401869158878504551e-01,8.196721311475409222e-02,1.203007518796992414e-01,0.000000000000000000e+00,1.446808510638297740e-01,1.196172248803827748e-01,1.313868613138686192e-01,1.568627450980392135e-01,1.768292682926829174e-01,1.069518716577540079e-01,9.523809523809523281e-02,1.377245508982035960e-01,1.672025723472668757e-01,8.333333333333332871e-02,9.473684210526316096e-02,1.192307692307692374e-01,9.473684210526316096e-02,9.743589743589743668e-02,1.515151515151515194e-01,8.144796380090497945e-02,8.258928571428571230e-02,6.122448979591836593e-02,1.129032258064516098e-01,0.000000000000000000e+00,9.803921568627450844e-02,0.000000000000000000e+00,7.142857142857142461e-02,1.240875912408759135e-01,9.696969696969696961e-02,1.276041666666666574e-01,1.508379888268156499e-01,1.073825503355704675e-01,7.142857142857142461e-02,1.462365591397849496e-01,9.497206703910614223e-02,1.688524590163934525e-01,1.411290322580645296e-01,1.257142857142857229e-01,9.836065573770491621e-02,1.575492341356674042e-01,2.318840579710144956e-01,1.985018726591760430e-01,1.460674157303370746e-01,1.317567567567567433e-01,1.333333333333333315e-01,2.000000000000000111e-01,0.000000000000000000e+00,2.000000000000000111e-01,0.000000000000000000e+00,1.473087818696883766e-01,1.279069767441860517e-01,1.272727272727272596e-01,8.860759493670886111e-02,8.870967741935484319e-02,9.876543209876542662e-02,1.354166666666666574e-01,1.518987341772151944e-01,1.336116910229644961e-01,1.525423728813559421e-01,6.711409395973154390e-02,3.260869565217391353e-01,0.000000000000000000e+00,2.800000000000000266e-01,0.000000000000000000e+00,0.000000000000000000e+00,1.185567010309278302e-01,1.178082191780821936e-01,1.557971014492753603e-01,2.666666666666666630e-01,1.920529801324503405e-01,1.245353159851301100e-01,1.737288135593220428e-01,1.152263374485596736e-01,1.428571428571428492e-01,1.351351351351351426e-01,1.363636363636363535e-01,1.093117408906882637e-01,8.799999999999999489e-02,1.576086956521739191e-01,2.106741573033707737e-01,9.219858156028368223e-02,0.000000000000000000e+00,1.621621621621621712e-01,0.000000000000000000e+00,1.631205673758865382e-01,6.849315068493150305e-02,9.976247030878859778e-02,0.000000000000000000e+00,0.000000000000000000e+00,9.090909090909091161e-02,1.526717557251908441e-01,2.095808383233532801e-01,1.122994652406417160e-01,1.322314049586776896e-01,1.718750000000000000e-01,1.447721179624665011e-01,2.702702702702702853e-01,1.785714285714285754e-01,1.331444759206798778e-01,5.405405405405405705e-02,4.109589041095890183e-02,1.035353535353535359e-01,9.722222222222222376e-02,0.000000000000000000e+00,1.250000000000000000e-01,1.062499999999999972e-01,0.000000000000000000e+00,1.302325581395348819e-01,1.282051282051281937e-01,1.269841269841269771e-01,1.776649746192893453e-01,1.441441441441441429e-01,7.407407407407406996e-02,0.000000000000000000e+00,2.000000000000000111e-01,2.300000000000000100e-01,1.636363636363636354e-01,1.586206896551724255e-01,1.576576576576576572e-01,1.897435897435897356e-01,8.771929824561403022e-02,8.510638297872340219e-02,1.336405529953917093e-01,9.853249475890984987e-02,0.000000000000000000e+00,1.719457013574660631e-01,1.801801801801801717e-01,1.262626262626262708e-01,1.000000000000000056e-01,1.090909090909090856e-01,1.277173913043478382e-01,1.090909090909090856e-01,1.228668941979522145e-01,0.000000000000000000e+00,8.333333333333332871e-02,0.000000000000000000e+00,0.000000000000000000e+00,1.111111111111111049e-01,7.558139534883720478e-02,1.343283582089552231e-01,1.285714285714285587e-01,0.000000000000000000e+00,1.300000000000000044e-01,0.000000000000000000e+00,8.620689655172414367e-02,1.190476190476190410e-01,8.943089430894309022e-02,1.549295774647887203e-01,0.000000000000000000e+00,0.000000000000000000e+00,1.917293233082706660e-01,1.310344827586207017e-01,1.658615136876006313e-01,9.328358208955224440e-02,1.374570446735395302e-01,1.111111111111111049e-01,9.830508474576271638e-02,1.266794625719769585e-01,1.951871657754010725e-01,1.024390243902438963e-01,8.064516129032257841e-02,1.009463722397476310e-01,2.427184466019417508e-01,7.594936708860759722e-02,1.546961325966850764e-01,9.863945578231292366e-02,0.000000000000000000e+00,1.521739130434782705e-01,2.338709677419354704e-01,8.116883116883116811e-02,9.160305343511450371e-02,1.494252873563218509e-01,0.000000000000000000e+00,1.317365269461077959e-01,1.244444444444444409e-01,1.017699115044247843e-01,0.000000000000000000e+00,1.578947368421052544e-01,0.000000000000000000e+00,0.000000000000000000e+00,1.451612903225806550e-01,0.000000000000000000e+00,1.219512195121951192e-01,1.065292096219931234e-01,1.533742331288343586e-01,1.010101010101010083e-01,1.051051051051051094e-01,1.423841059602649062e-01,1.064638783269961919e-01,1.117824773413897271e-01,9.574468085106382920e-02,1.683168316831683275e-01,9.589041095890410427e-02,1.425120772946859848e-01,2.005988023952095800e-01,1.279761904761904656e-01,0.000000000000000000e+00,1.428571428571428492e-01,1.470588235294117696e-01,1.947115384615384637e-01,1.228070175438596423e-01,1.081081081081081141e-01,1.133333333333333276e-01,6.870229007633588125e-02,1.000000000000000056e-01,0.000000000000000000e+00,6.060606060606060774e-02,0.000000000000000000e+00,1.219512195121951192e-01,8.474576271186440302e-02,2.069672131147541061e-01,1.490384615384615363e-01,1.444141689373296955e-01,0.000000000000000000e+00,1.166666666666666685e-01,1.361256544502617849e-01,1.300000000000000044e-01,1.477272727272727348e-01,1.250000000000000000e-01,1.369863013698630061e-01,9.638554216867470381e-02,1.238095238095238138e-01,1.125000000000000028e-01,1.123595505617977497e-01,1.666666666666666574e-01,1.349206349206349131e-01,1.009174311926605561e-01,8.737864077669903196e-02,7.936507936507936067e-02,9.090909090909091161e-02,9.090909090909091161e-02,5.504587155963303058e-02,7.317073170731706877e-02,1.584158415841584178e-01,7.766990291262135249e-02,1.340206185567010266e-01
1.803944315545243648e-01,9.958677685950413638e-02,1.001926782273603045e-01,6.440677966101694685e-02,7.425742574257425399e-02,5.934718100890207931e-02,0.000000000000000000e+00,0.000000000000000000e+00,0.000000000000000000e+00,7.287449392712549989e-02,1.019522776572668044e-01,9.393183707398171378e-02,8.203125000000000000e-02,0.000000000000000000e+00,1.044520547945205491e-01,9.473684210526316096e-02,8.822191905411551349e-02,6.674806674806674223e-02,8.645533141210375028e-02,5.485232067510548842e-02,8.103130755064456847e-02,0.000000000000000000e+00,6.720741599073001837e-02,7.568293775190326755e-02,6.072106261859582660e-02,0.000000000000000000e+00,5.144694533762057820e-02,1.699115044247787587e-01,7.516339869281045416e-02,1.678200692041522391e-01,1.173184357541899453e-01,8.500000000000000611e-02,1.686615886833514599e-01,6.426099851705388555e-02,8.344429649356413514e-02,8.775731310942579133e-02,8.217522658610272590e-02,5.567300916138125111e-02,8.833522083805209202e-02,1.728007181328545805e-01,5.645161290322580488e-02,1.098454027664768073e-01,8.685968819599108881e-02,6.147384497899961719e-02,7.633587786259542207e-02,0.000000000000000000e+00,9.055690072639224764e-02,8.206686930091185161e-02,7.072135785007072073e-02,9.271523178807947185e-02,1.078244274809160297e-01,2.061855670103092675e-01,5.012531328320801727e-02,6.054279749478079509e-02,1.492842535787320957e-01,6.060606060606060774e-02,1.485148514851485080e-01,8.113590263691683457e-02,9.661229611041405319e-02,1.843478260869565177e-01,7.242339832869081062e-02,8.691406250000000000e-02,6.438896189224704858e-02,5.092592592592592310e-02,1.862315957023477908e-01,8.939708939708940205e-02,4.496253122398001512e-02,8.604651162790698249e-02,7.473309608540924798e-02,8.591549295774647543e-02,5.519053876478317855e-02,5.711422845691382921e-02,1.636817992503123709e-01,1.029976940814757852e-01,5.921490352628077519e-02,6.194196428571428770e-02,6.225680933852140164e-02,6.625802685347344234e-02,6.200177147918511933e-02,1.827646038172353882e-01,4.974271012006861031e-02,5.535055350553505504e-02,1.124595469255663394e-01,1.485623003194888048e-01,9.171861086375779348e-02,8.025682182985553748e-02,8.327598072952512032e-02,0.000000000000000000e+00,1.266932270916334702e-01,8.820882088208821525e-02,1.208935611038107760e-01,1.084337349397590383e-01,6.610499027867790256e-02,9.445407279029462144e-02,6.617647058823529493e-02,6.783253842077371920e-02,6.468716861081653946e-02,7.314285714285714834e-02,6.341463414634146423e-02,8.521626856036151887e-02,6.440071556350626669e-02,7.101086048454469113e-02,5.965621840242669310e-02,9.769392033542977083e-02,8.903821923561529295e-02,5.555555555555555247e-02,4.507042253521127001e-02,0.000000000000000000e+00,1.529411764705882470e-01,0.000000000000000000e+00,1.661341853035143701e-01,7.895564642969486735e-02,8.530805687203792120e-02,9.399720800372265983e-02,9.125117591721543242e-02,5.136612021857923233e-02,6.193693693693693575e-02,7.841584158415841610e-02,7.178464606181456098e-02,1.659001314060446763e-01,6.525037936267071015e-02,8.583037074657186294e-02,3.225806451612903136e-02,1.554726368159203842e-01,1.194029850746268634e-01,2.010981468771448066e-01,9.072715143428952689e-02,1.047381546134663333e-01,1.098039215686274495e-01,1.612244897959183576e-01,0.000000000000000000e+00,9.624413145539906234e-02,0.000000000000000000e+00,9.659659659659659836e-02,1.042868920032976043e-01,9.945750452079565873e-02,3.992015968063872267e-02,8.941517641372644098e-02,8.310991957104557626e-02,1.144278606965174194e-01,7.818181818181818565e-02,1.261538461538461442e-01,7.792207792207792028e-02,6.593406593406593574e-02,1.496350364963503765e-01,0.000000000000000000e+00,1.611111111111111216e-01,0.000000000000000000e+00,0.000000000000000000e+00,1.018050541516245522e-01,7.692307692307692735e-02,1.965124077800134150e-01,1.148036253776435062e-01,1.136919315403422948e-01,8.515573227302850046e-02,1.146179401993355496e-01,6.989247311827956333e-02,8.256880733944954587e-02,5.813953488372092943e-02,7.427055702917771673e-02,9.184423218221896001e-02,8.852005532503458285e-02,8.855721393034825251e-02,1.768707482993197300e-01,6.419400855920114057e-02,0.000000000000000000e+00,8.781362007168458383e-02,0.000000000000000000e+00,1.336898395721925203e-01,7.439824945295404890e-02,8.087291399229781796e-02,0.000000000000000000e+00,0.000000000000000000e+00,1.146496815286624227e-01,1.802403204272363113e-01,8.869987849331713303e-02,8.422664624808576250e-02,7.181442643787734614e-02,7.268170426065162504e-02,8.428128231644260726e-02,7.916666666666666297e-02,1.586206896551724255e-01,8.785140562248995588e-02,2.690582959641255739e-02,5.316455696202531528e-02,9.412711182622686412e-02,4.906542056074766206e-02,0.000000000000000000e+00,1.619718309859154992e-01,1.459537572254335225e-01,0.000000000000000000e+00,8.247882300490413932e-02,1.241787122207621552e-01,5.384615384615384914e-02,7.130730050933786757e-02,1.208659049909801553e-01,6.641221374045801207e-02,0.000000000000000000e+00,1.997780244173140984e-01,1.726907630522088455e-01,7.251631617113850348e-02,1.021505376344086086e-01,1.367461430575035164e-01,9.167544783983140599e-02,6.639004149377593367e-02,1.013071895424836610e-01,1.095571095571095527e-01,7.145543437382474716e-02,0.000000000000000000e+00,1.713729308666017415e-01,9.797822706065319187e-02,7.617360496014172200e-02,5.882352941176470507e-02,1.005434782608695676e-01,1.172476233589859612e-01,4.191616766467065602e-02,5.184705119896305947e-02,0.000000000000000000e+00,2.555910543130990309e-02,0.000000000000000000e+00,0.000000000000000000e+00,5.583756345177665059e-02,8.205689277899343159e-02,6.703910614525139533e-02,7.284079084287201078e-02,0.000000000000000000e+00,7.255520504731861886e-02,0.000000000000000000e+00,6.310679611650485410e-02,7.681940700808626010e-02,4.633204633204632966e-02,6.485355648535565121e-02,0.000000000000000000e+00,0.000000000000000000e+00,1.713747645951035903e-01,5.089820359281437001e-02,1.670637284097677144e-01,4.815303430079155567e-02,8.979723205664628949e-02,4.529616724738676214e-02,7.823960880195598988e-02,5.910425844346549329e-02,1.611855460820137975e-01,6.864006864006863551e-02,8.291457286432160623e-02,8.146528157463094055e-02,1.749571183533447649e-01,6.323687031082529664e-02,1.523309258043335501e-01,1.122881355932203451e-01,0.000000000000000000e+00,9.364548494983276905e-02,8.270676691729322849e-02,7.854785478547854360e-02,6.083086053412462696e-02,8.785529715762273317e-02,0.000000000000000000e+00,6.572769953051643688e-02,9.149338374291114684e-02,8.611875737318128166e-02,0.000000000000000000e+00,7.633587786259542207e-02,0.000000000000000000e+00,0.000000000000000000e+00,7.119741100323624672e-02,0.000000000000000000e+00,5.870020964360587318e-02,6.934306569343065552e-02,9.963547995139732105e-02,7.486136783733826627e-02,6.851037083595222510e-02,8.708357685563997141e-02,8.887468030690537368e-02,6.819452207937394539e-02,7.878245299910474619e-02,6.451612903225806273e-02,9.961261759822910566e-02,9.769167353668589682e-02,1.841779975278121095e-01,6.752954417557681388e-02,0.000000000000000000e+00,8.438818565400843519e-02,1.005154639175257769e-01,1.784282277465918110e-01,1.381733021077283241e-01,8.319948602634115453e-02,5.477707006369426923e-02,5.771643663739021296e-02,5.603448275862069061e-02,0.000000000000000000e+00,3.797468354430379861e-02,0.000000000000000000e+00,7.058823529411764608e-02,9.554140127388535686e-02,1.686244789693065460e-01,6.896551724137930939e-02,8.599290780141843893e-02,0.000000000000000000e+00,5.714285714285714107e-02,7.571288102261553021e-02,6.262626262626262708e-02,7.862903225806451568e-02,7.474747474747474307e-02,9.812108559498956828e-02,6.205673758865248163e-02,6.639004149377593367e-02,7.971014492753622505e-02,8.974358974358974395e-02,8.843537414965986498e-02,1.014234875444839923e-01,9.157509157509156894e-02,7.908611599297012129e-02,8.639705882352941013e-02,1.002004008016032094e-01,7.424960505529225319e-02,7.481751824817518826e-02,6.730769230769230449e-02,8.541666666666666852e-02,8.928571428571428770e-02,8.662900188323917339e-02
1.646884272997032606e-01,3.552338530066815325e-01,1.830357142857142738e-01,1.072088724584103481e-01,1.766666666666666663e-01,1.279069767441860517e-01,0.000000000000000000e+00,0.000000000000000000e+00,0.000000000000000000e+00,1.538461538461538547e-01,1.114058355437665820e-01,1.827111984282907553e-01,1.637931034482758563e-01,0.000000000000000000e+00,2.364532019704433385e-01,2.527472527472527375e-01,1.394799054373522529e-01,1.493256262042389204e-01,2.083333333333333426e-01,1.150442477876106179e-01,1.715481171548117190e-01,0.000000000000000000e+00,1.539196940726577367e-01,1.183431952662721831e-01,2.018779342723004688e-01,0.000000000000000000e+00,2.131782945736434010e-01,1.875000000000000000e-01,3.535469107551487689e-01,1.543026706231453993e-01,1.384615384615384692e-01,1.428571428571428492e-01,3.277310924369747913e-01,1.691176470588235392e-01,1.700404858299595090e-01,3.592233009708737934e-01,1.562021439509954090e-01,1.517128874388254389e-01,1.743341404358353386e-01,1.481056257175660251e-01,6.542056074766354479e-02,2.511415525114155112e-01,1.150000000000000050e-01,1.860245514636449382e-01,1.636363636363636354e-01,0.000000000000000000e+00,2.947368421052631304e-01,2.100840336134453812e-01,1.994863013698630061e-01,3.559322033898305038e-01,1.308304891922639490e-01,1.284403669724770714e-01,2.018072289156626620e-01,3.268292682926829396e-01,1.818181818181818232e-01,1.310160427807486594e-01,2.480620155038759655e-01,2.388888888888889006e-01,1.438356164383561564e-01,1.968325791855203566e-01,3.070866141732283561e-01,1.418355184743742559e-01,1.380753138075313802e-01,1.711229946524064072e-01,1.685744016649323718e-01,3.248407643312101745e-01,3.126338329764453694e-01,4.093749999999999889e-01,2.887931034482758563e-01,2.191780821917808098e-01,1.525252525252525360e-01,1.592039800995024845e-01,1.711899791231732693e-01,9.626719056974460120e-02,1.181959564541213009e-01,2.840236686390532617e-01,2.521739130434782483e-01,2.080808080808080884e-01,3.185840707964601726e-01,1.066282420749279508e-01,1.290000000000000036e-01,1.808873720136518759e-01,1.564356435643564358e-01,1.438848920863309289e-01,1.663551401869158841e-01,3.234042553191489588e-01,3.414634146341463672e-01,0.000000000000000000e+00,1.324626865671641729e-01,1.632231404958677801e-01,1.566951566951566843e-01,2.449799196787148525e-01,1.679748822605965364e-01,1.541850220264317228e-01,1.632653061224489666e-01,1.166429587482219060e-01,1.639344262295081844e-01,1.852861035422343206e-01,2.113821138211382233e-01,1.726618705035971313e-01,1.712230215827338087e-01,2.127139364303178570e-01,2.172774869109947715e-01,3.737142857142857211e-01,3.290845886442642088e-01,3.488372093023255904e-01,1.884057971014492794e-01,0.000000000000000000e+00,1.684210526315789436e-01,0.000000000000000000e+00,2.173913043478260809e-01,2.049050632911392500e-01,2.924791086350975178e-01,4.039735099337748436e-01,1.333333333333333315e-01,3.061224489795918435e-01,1.864864864864864968e-01,2.062737642585551201e-01,2.481389578163771814e-01,1.606133979015335056e-01,1.353383458646616466e-01,3.498145859085290410e-01,1.575757575757575635e-01,1.925025329280648512e-01,3.067484662576687171e-01,1.627906976744186163e-01,3.415841584158416100e-01,1.811697574893010032e-01,1.676706827309236980e-01,1.193415637860082285e-01,0.000000000000000000e+00,1.808510638297872453e-01,0.000000000000000000e+00,1.710362047440699140e-01,1.671641791044776171e-01,1.380753138075313802e-01,3.230088495575221264e-01,3.636363636363636465e-01,1.458333333333333426e-01,1.561264822134387220e-01,1.534883720930232676e-01,1.371681415929203451e-01,3.737373737373737570e-01,2.888888888888888618e-01,2.301587301587301460e-01,0.000000000000000000e+00,1.560283687943262443e-01,0.000000000000000000e+00,0.000000000000000000e+00,1.707746478873239382e-01,1.202672605790645888e-01,1.656050955414012649e-01,2.246376811594202882e-01,1.779935275080906099e-01,1.896938013442867887e-01,1.768172888015717148e-01,1.290877796901893360e-01,1.282051282051281937e-01,1.946902654867256610e-01,1.569506726457399193e-01,1.793650793650793662e-01,1.102941176470588203e-01,1.638554216867469937e-01,1.628532974427994717e-01,1.328413284132841377e-01,0.000000000000000000e+00,2.365145228215767559e-01,0.000000000000000000e+00,1.259842519685039353e-01,1.488095238095238082e-01,2.060085836909871237e-01,0.000000000000000000e+00,0.000000000000000000e+00,2.293577981651376274e-01,1.469534050179211460e-01,1.666666666666666574e-01,1.629013079667062935e-01,1.532625189681335320e-01,1.627906976744186163e-01,3.986206896551723888e-01,1.700000000000000122e-01,1.789473684210526327e-01,1.444174757281553312e-01,1.682242990654205517e-01,1.656441717791410917e-01,1.302998965873836679e-01,1.337579617834394885e-01,0.000000000000000000e+00,1.419354838709677435e-01,8.540925266903914848e-02,0.000000000000000000e+00,1.890989988876529415e-01,1.198224852071005930e-01,1.447368421052631637e-01,1.326315789473684337e-01,1.335149863760217992e-01,1.804123711340206160e-01,0.000000000000000000e+00,2.114803625377643381e-01,1.617161716171617025e-01,2.144177449168206961e-01,1.971830985915492829e-01,1.169871794871794879e-01,2.185628742514970080e-01,1.101694915254237267e-01,1.166666666666666685e-01,1.483198146002317475e-01,1.852487135506003524e-01,0.000000000000000000e+00,1.313868613138686192e-01,1.678321678321678390e-01,1.917670682730923670e-01,1.604938271604938183e-01,2.260273972602739601e-01,1.348195329087048810e-01,1.275167785234899431e-01,1.550151975683890515e-01,0.000000000000000000e+00,5.142857142857142350e-01,0.000000000000000000e+00,0.000000000000000000e+00,3.624999999999999889e-01,1.774647887323943796e-01,2.236024844720496951e-01,1.336573511543134862e-01,0.000000000000000000e+00,1.340206185567010266e-01,0.000000000000000000e+00,3.032104637336504038e-01,3.246753246753246724e-01,1.219512195121951192e-01,1.406250000000000000e-01,0.000000000000000000e+00,0.000000000000000000e+00,1.609907120743034048e-01,1.087613293051359481e-01,1.432791728212703120e-01,1.504587155963302836e-01,1.556567957479119135e-01,1.345646437994723055e-01,2.801204819277108293e-01,1.471365638766519712e-01,1.679473106476399580e-01,3.568232662192393767e-01,3.617021276595744905e-01,1.202185792349726723e-01,1.973094170403587311e-01,2.465753424657534110e-01,1.596774193548387011e-01,1.597096188747731405e-01,0.000000000000000000e+00,2.105263157894736725e-01,1.644295302013422944e-01,3.501683501683501842e-01,1.272084805653710127e-01,1.063829787234042562e-01,0.000000000000000000e+00,1.696969696969697072e-01,1.462043111527647488e-01,2.170172084130018997e-01,0.000000000000000000e+00,3.225806451612903136e-01,0.000000000000000000e+00,0.000000000000000000e+00,8.849557522123893682e-02,0.000000000000000000e+00,1.956521739130434867e-01,1.820546163849154631e-01,3.687500000000000222e-01,2.285714285714285643e-01,1.891891891891891997e-01,1.483050847457627053e-01,3.582887700534759245e-01,1.513583441138421637e-01,1.407249466950959427e-01,2.148760330578512456e-01,3.623188405797101441e-01,1.630648330058939166e-01,1.637519872813990585e-01,1.559633027522935866e-01,0.000000000000000000e+00,2.547169811320754707e-01,1.265822784810126667e-01,1.486220472440945017e-01,1.428571428571428492e-01,3.653846153846153633e-01,1.529411764705882470e-01,1.683168316831683275e-01,1.194029850746268634e-01,0.000000000000000000e+00,1.944444444444444475e-01,0.000000000000000000e+00,3.542116630669546185e-01,3.565217391304347783e-01,1.820754716981131949e-01,1.405660377358490531e-01,1.781668383110195653e-01,0.000000000000000000e+00,8.823529411764706454e-02,1.270588235294117518e-01,1.621621621621621712e-01,1.441860465116279189e-01,1.461988304093567170e-01,1.506276150627615107e-01,1.415525114155251063e-01,1.683168316831683275e-01,1.387559808612440215e-01,1.504424778761062065e-01,9.644670050761421087e-02,2.355769230769230727e-01,1.367924528301886766e-01,1.683168316831683275e-01,1.652542372881355970e-01,1.557788944723618174e-01,1.926229508196721230e-01,1.598173515981735071e-01,1.732673267326732547e-01,1.990049751243781195e-01,1.782178217821782096e-01,1.302083333333333426e-01
1.090629800307219704e-01,8.585858585858585634e-02,1.720698254364089741e-01,1.345776031434184616e-01,7.839721254355400126e-02,1.687388987566607323e-01,0.000000000000000000e+00,0.000000000000000000e+00,0.000000000000000000e+00,1.448598130841121379e-01,2.114914425427872890e-01,1.849836779107725815e-01,1.897435897435897356e-01,0.000000000000000000e+00,1.092436974789915971e-01,1.114130434782608647e-01,2.325708061002178528e-01,8.618052014278429485e-02,1.178707224334600706e-01,8.936170212765957854e-02,7.051282051282051211e-02,0.000000000000000000e+00,8.729743857814950547e-02,9.501466275659824212e-02,8.254716981132075027e-02,0.000000000000000000e+00,7.459207459207459201e-02,8.388520971302428075e-02,1.113972955569864781e-01,9.541697971450037452e-02,7.096774193548387177e-02,6.463195691202872073e-02,4.741379310344827347e-02,7.701863354037266629e-02,7.829373650107991633e-02,8.817498291182501724e-02,2.477341389728096588e-01,6.698564593301435666e-02,1.088534107402031881e-01,1.240310077519379828e-01,8.108108108108108558e-02,7.535885167464115297e-02,1.350000000000000089e-01,6.670061099796334436e-02,5.362318840579709950e-02,0.000000000000000000e+00,9.611829944547134463e-02,1.000000000000000056e-01,8.574091332712022173e-02,9.311740890688259553e-02,2.187679907887161712e-01,7.203389830508474811e-02,7.814992025518341379e-02,5.783132530120482090e-02,6.133333333333332998e-02,6.965944272445820373e-02,5.999999999999999778e-02,9.677419354838709409e-02,1.206896551724137984e-01,1.111111111111111049e-01,1.192307692307692374e-01,6.962415280345039814e-02,6.475225225225225700e-02,6.720430107526881303e-02,8.937691521961184382e-02,7.967032967032966484e-02,4.597701149425287293e-02,5.547445255474452858e-02,7.555555555555555636e-02,6.510851419031719878e-02,4.962054874489200268e-02,7.170294494238156624e-02,8.624454148471616399e-02,2.326203208556149871e-01,6.570512820512820762e-02,9.167842031029618810e-02,6.250000000000000000e-02,6.735159817351597800e-02,5.633802816901408578e-02,1.463595839524517161e-01,7.005347593582887666e-02,6.510851419031719878e-02,1.160042964554242745e-01,6.712962962962963631e-02,1.252653927813163481e-01,5.091649694501018675e-02,7.678244972577696892e-02,0.000000000000000000e+00,1.569767441860465129e-01,7.003444316877152631e-02,1.476121562952243116e-01,1.000000000000000056e-01,7.601351351351351426e-02,2.284974093264248718e-01,1.021671826625386997e-01,1.001461988304093581e-01,8.402203856749311528e-02,6.020558002936857861e-02,7.172131147540983243e-02,7.520661157024793875e-02,6.240601503759398566e-02,4.587155963302752548e-02,7.611940298507462177e-02,1.259754738015607667e-01,1.172122492080253375e-01,6.617647058823529493e-02,5.860805860805860801e-02,0.000000000000000000e+00,7.765451664025356526e-02,0.000000000000000000e+00,7.011070110701106417e-02,9.083333333333333537e-02,7.951482479784366397e-02,8.418367346938775142e-02,2.118279569892473069e-01,2.091254752851711141e-01,1.871508379888268125e-01,8.483563096500530698e-02,8.029197080291970712e-02,1.142038477282030229e-01,6.342913776015857152e-02,1.022727272727272790e-01,6.818181818181817677e-02,1.023872679045092771e-01,9.756097560975610095e-02,1.020408163265306145e-01,8.619246861924685643e-02,2.232558139534883690e-01,1.998936735778840956e-01,6.532663316582915103e-02,0.000000000000000000e+00,1.264367816091954144e-01,0.000000000000000000e+00,1.891064871481028253e-01,1.705110809588421539e-01,1.996161228406909682e-01,6.860158311345646021e-02,8.999370673379483709e-02,1.864951768488745942e-01,2.187500000000000000e-01,1.945137157107231785e-01,8.035190615835777206e-02,5.633802816901408578e-02,8.856682769726248461e-02,5.188679245283019104e-02,0.000000000000000000e+00,9.893992932862190337e-02,0.000000000000000000e+00,0.000000000000000000e+00,2.351375332741792445e-01,1.835585585585585711e-01,8.219178082191780366e-02,6.666666666666666574e-02,1.984374999999999889e-01,1.137675185490519408e-01,1.614213197969543157e-01,1.197771587743732546e-01,2.152588555858310493e-01,6.603773584905660299e-02,7.724867724867724716e-02,2.294264339152119747e-01,2.275985663082437382e-01,9.056122448979592177e-02,8.910891089108910479e-02,8.102766798418972738e-02,0.000000000000000000e+00,6.318082788671024186e-02,0.000000000000000000e+00,9.433962264150944077e-02,5.347593582887700397e-02,8.546543277082199741e-02,0.000000000000000000e+00,0.000000000000000000e+00,6.103286384976525786e-02,1.305903398926654690e-01,1.819484240687679055e-01,8.761329305135952261e-02,6.647157190635451240e-02,7.668711656441717928e-02,1.025641025641025605e-01,7.216494845360824084e-02,1.009174311926605561e-01,2.317073170731707432e-01,1.000000000000000056e-01,5.538461538461538630e-02,2.294767162746039479e-01,3.892215568862275599e-02,0.000000000000000000e+00,6.122448979591836593e-02,8.947368421052631637e-02,0.000000000000000000e+00,7.486631016042780140e-02,5.436573311367380590e-02,4.388714733542319751e-02,7.268722466960352013e-02,5.403288958496475780e-02,5.905130687318489724e-02,0.000000000000000000e+00,7.080924855491330105e-02,8.041958041958041647e-02,8.262910798122065359e-02,6.077348066298342288e-02,1.792014856081708407e-01,9.493670886075949999e-02,1.880000000000000004e-01,1.607843137254902077e-01,1.764080765143464513e-01,6.999041227229146900e-02,0.000000000000000000e+00,7.632600258732212539e-02,1.252485089463220569e-01,7.544052863436123690e-02,5.666666666666666380e-02,1.067615658362989356e-01,1.970965940815186945e-01,6.959706959706959961e-02,5.702479338842975087e-02,0.000000000000000000e+00,1.724137931034482735e-02,0.000000000000000000e+00,0.000000000000000000e+00,5.952380952380952051e-02,1.428571428571428492e-01,9.508196721311475141e-02,8.285163776493256749e-02,0.000000000000000000e+00,1.823308270676691767e-01,0.000000000000000000e+00,8.895899053627760733e-02,8.888888888888889228e-02,6.982543640897755088e-02,9.264305177111716028e-02,0.000000000000000000e+00,0.000000000000000000e+00,9.248554913294797231e-02,6.766917293233082331e-02,1.097934200459066562e-01,4.455869751499571402e-02,1.252983293556085842e-01,7.033639143730886778e-02,1.009174311926605561e-01,6.595448211797491633e-02,1.052934407364787134e-01,7.736389684813753387e-02,6.204379562043795676e-02,1.903204708960104519e-01,9.619686800894854117e-02,1.379781420765027189e-01,8.162374508948057328e-02,7.829181494661921481e-02,0.000000000000000000e+00,2.129277566539923838e-01,8.712121212121212710e-02,1.191992720655141030e-01,8.015267175572518554e-02,8.615384615384615030e-02,0.000000000000000000e+00,6.044905008635578780e-02,1.908223534756928741e-01,9.121785540999514941e-02,0.000000000000000000e+00,9.567198177676537740e-02,0.000000000000000000e+00,0.000000000000000000e+00,5.429864253393665297e-02,0.000000000000000000e+00,6.280193236714975979e-02,6.318252730109204240e-02,6.499261447562776350e-02,8.004778972520908142e-02,8.029801324503310633e-02,7.852564102564102422e-02,6.861063464837049986e-02,7.588652482269503396e-02,1.170960187353630028e-01,8.436213991769547782e-02,1.337883959044368631e-01,1.858267716535433045e-01,1.039076376554174119e-01,8.900144717800288763e-02,0.000000000000000000e+00,3.888888888888888951e-02,2.352941176470588203e-01,1.399891481280520766e-01,7.522123893805310324e-02,1.112977740445191127e-01,6.434782608695652217e-02,6.491499227202472688e-02,3.614457831325301046e-02,0.000000000000000000e+00,2.962962962962963076e-02,0.000000000000000000e+00,7.434554973821989876e-02,1.228668941979522145e-01,9.627791563275434061e-02,8.293204922418405400e-02,8.268156424581005193e-02,0.000000000000000000e+00,6.462585034013605678e-02,7.424593967517401083e-02,8.128078817733989936e-02,8.510638297872340219e-02,6.791569086651054465e-02,9.610983981693363432e-02,9.219858156028368223e-02,7.710843373493976582e-02,9.280742459396751354e-02,9.153318077803203334e-02,8.551068883610450644e-02,7.968127490039840499e-02,7.802874743326489171e-02,5.821205821205821529e-02,9.843400447427293198e-02,1.027568922305764354e-01,9.166666666666666019e-02,9.030837004405285751e-02,7.317073170731706877e-02,9.462915601023018375e-02,1.186046511627907030e-01,1.333333333333333315e-01
1.215434083601286130e-01,1.140162880411487306e-01,1.960396039603960472e-01,2.020440251572327151e-01,1.495448634590377246e-01,2.279874213836478036e-01,0.000000000000000000e+00,0.000000000000000000e+00,0.000000000000000000e+00,1.923076923076923184e-01,2.240259740259740173e-01,2.257194244604316669e-01,2.066420664206642110e-01,0.000000000000000000e+00,1.263537906137184030e-01,1.518691588785046620e-01,2.275334608030592787e-01,1.189499589827727605e-01,1.141975308641975245e-01,1.825095057034220591e-01,1.312056737588652433e-01,0.000000000000000000e+00,1.096829477292202287e-01,1.092134831460674221e-01,7.361963190184049599e-02,0.000000000000000000e+00,9.893992932862190337e-02,1.288135593220338937e-01,9.365708622398413730e-02,1.128563118091913953e-01,1.083743842364532084e-01,1.273486430062630570e-01,7.100591715976331542e-02,7.234251968503936647e-02,1.214482126489459246e-01,1.015169194865810920e-01,2.405630198336532188e-01,9.630200308166410317e-02,1.443786982248520812e-01,1.567695961995249354e-01,1.314741035856573648e-01,1.014354066985645869e-01,1.909547738693467278e-01,8.149959250203749062e-02,1.002415458937198078e-01,0.000000000000000000e+00,1.204030226700251865e-01,1.419753086419753008e-01,8.717748240813134875e-02,1.025641025641025605e-01,2.743810005053057277e-01,1.052631578947368363e-01,8.521303258145362935e-02,6.666666666666666574e-02,8.888888888888889228e-02,9.194097616345062174e-02,1.161971830985915471e-01,1.148225469728601233e-01,1.607629427792915400e-01,1.169811320754716999e-01,1.073825503355704675e-01,1.091897233201580969e-01,1.125737630503858416e-01,9.936575052854122736e-02,9.421841541755889005e-02,8.207343412526997561e-02,7.096247960848287017e-02,7.818411097099621510e-02,9.352517985611510931e-02,1.404833836858006002e-01,7.979936160510715804e-02,8.757637474541751788e-02,1.242990654205607531e-01,2.773246329526916631e-01,1.089783281733746195e-01,9.555555555555556024e-02,8.474576271186440302e-02,9.050707547169811740e-02,7.782805429864253499e-02,1.883706844336765496e-01,1.184035476718403590e-01,8.521970705725699646e-02,1.660412757973733500e-01,9.752066115702479054e-02,1.531766753698868555e-01,7.704918032786885196e-02,1.107871720116618136e-01,0.000000000000000000e+00,1.764705882352941291e-01,1.019503546099290725e-01,2.000000000000000111e-01,1.161178509532062447e-01,1.229454306377383288e-01,2.340229885057471260e-01,1.515151515151515194e-01,1.445378151260504340e-01,1.415525114155251063e-01,8.551068883610450644e-02,9.250398724082935231e-02,1.234652114597544342e-01,9.040928527794746261e-02,8.651162790697673743e-02,8.759954493742889980e-02,1.104518484710177995e-01,1.189213085764809913e-01,8.994708994708994210e-02,7.038123167155425908e-02,0.000000000000000000e+00,1.040609137055837630e-01,0.000000000000000000e+00,1.028037383177570069e-01,1.061390532544378706e-01,8.169934640522875935e-02,9.465648854961832004e-02,1.961503208065994430e-01,1.907327586206896686e-01,1.931818181818181768e-01,9.874826147426982170e-02,1.132958801498127333e-01,1.431076815152577952e-01,1.029065200314218387e-01,1.161915008068854227e-01,7.246376811594203160e-02,1.217236783651710341e-01,1.301939058171745212e-01,1.229681978798586595e-01,1.064406779661016961e-01,2.535211267605633756e-01,1.998207885304659481e-01,9.297052154195011020e-02,0.000000000000000000e+00,1.496598639455782309e-01,0.000000000000000000e+00,2.226741230299949248e-01,2.033830044301248585e-01,1.884057971014492794e-01,8.134920634920635163e-02,1.167176350662589152e-01,1.928374655647382974e-01,2.495726495726495742e-01,2.071563088512241024e-01,1.165532879818594048e-01,8.755760368663594029e-02,8.258064516129032251e-02,1.007462686567164173e-01,0.000000000000000000e+00,1.100628930817610096e-01,0.000000000000000000e+00,0.000000000000000000e+00,2.374045801526717681e-01,2.277698525915358985e-01,1.158493248045486812e-01,1.710144927536231818e-01,2.477650063856960405e-01,1.445047489823609310e-01,1.781059947871416194e-01,1.617647058823529493e-01,2.093541202672605794e-01,9.966777408637873814e-02,1.077586206896551657e-01,2.271364317841079450e-01,2.294832826747720267e-01,1.458333333333333426e-01,1.186726659167604003e-01,1.023622047244094474e-01,0.000000000000000000e+00,1.211498973305954879e-01,0.000000000000000000e+00,1.117445838084378529e-01,1.106471816283924881e-01,1.144827586206896564e-01,0.000000000000000000e+00,0.000000000000000000e+00,4.195804195804195974e-02,1.570827489481065875e-01,2.442922374429223609e-01,9.299781181619255765e-02,1.090225563909774376e-01,1.657142857142857029e-01,1.190855927698032946e-01,1.376518218623481726e-01,8.076923076923077371e-02,2.429696287964004386e-01,1.659192825112107694e-01,9.336609336609336118e-02,2.325983571119757953e-01,7.725321888412017834e-02,0.000000000000000000e+00,1.129032258064516098e-01,1.024844720496894401e-01,0.000000000000000000e+00,1.096470588235294169e-01,7.471698113207547731e-02,4.189944134078212035e-02,1.201382886776145159e-01,8.661417322834645549e-02,6.953125000000000278e-02,0.000000000000000000e+00,9.022556390977443108e-02,9.442060085836910532e-02,1.096296296296296324e-01,1.162790697674418589e-01,2.223006351446718543e-01,1.320541760722347691e-01,1.544401544401544368e-01,2.307692307692307820e-01,2.118561710398444986e-01,9.083333333333333537e-02,0.000000000000000000e+00,9.368421052631578649e-02,1.696869851729818912e-01,1.052173913043478320e-01,7.046070460704606520e-02,1.407702523240371983e-01,2.312030075187969935e-01,1.097560975609756101e-01,1.066336019838809712e-01,0.000000000000000000e+00,5.136986301369862729e-02,0.000000000000000000e+00,0.000000000000000000e+00,7.741935483870968082e-02,1.946386946386946259e-01,9.627329192546583980e-02,1.422246817930271079e-01,0.000000000000000000e+00,2.225609756097561009e-01,0.000000000000000000e+00,7.956240676280457169e-02,8.977900552486188512e-02,8.413001912045889319e-02,1.425485961123110212e-01,0.000000000000000000e+00,0.000000000000000000e+00,1.240208877284595251e-01,1.200545702592087371e-01,1.275605214152700229e-01,7.462686567164178442e-02,1.442105263157894834e-01,1.010575793184488869e-01,1.118051217988757090e-01,1.082266910420475320e-01,1.424287856071964065e-01,8.591549295774647543e-02,7.142857142857142461e-02,2.204454597372929869e-01,1.111111111111111049e-01,1.523255813953488247e-01,1.075306479859894915e-01,1.103896103896103847e-01,0.000000000000000000e+00,2.275280898876404501e-01,1.057401812688821691e-01,1.131687242798353893e-01,1.081871345029239706e-01,1.306413301662707749e-01,0.000000000000000000e+00,9.543568464730289858e-02,2.282690854119425461e-01,9.612403100775193665e-02,0.000000000000000000e+00,1.020408163265306145e-01,0.000000000000000000e+00,0.000000000000000000e+00,9.121621621621621434e-02,0.000000000000000000e+00,8.560311284046692726e-02,9.443800695249131294e-02,8.611825192802056994e-02,9.030418250950569825e-02,9.775840597758406192e-02,1.069908814589665691e-01,9.504132231404958941e-02,1.151279199110122331e-01,1.468777484608619066e-01,1.334431630971993354e-01,1.190476190476190410e-01,2.193708609271523280e-01,1.243455497382199015e-01,1.379104477611940160e-01,0.000000000000000000e+00,5.752212389380530894e-02,2.234636871508379752e-01,1.672777268560953212e-01,1.173469387755102095e-01,1.186790505675954649e-01,9.103260869565217572e-02,6.482758620689654805e-02,9.039548022598870025e-02,0.000000000000000000e+00,8.387096774193548987e-02,0.000000000000000000e+00,8.540630182421227179e-02,7.666666666666666075e-02,1.270740590853905172e-01,1.233347657928663549e-01,9.938971229293809551e-02,0.000000000000000000e+00,8.333333333333332871e-02,9.313725490196078649e-02,1.046770601336302897e-01,1.013215859030836968e-01,1.046277665995975908e-01,1.111111111111111049e-01,1.015452538631346630e-01,1.106557377049180307e-01,1.155303030303030248e-01,8.494208494208493887e-02,1.051693404634581053e-01,1.247803163444639735e-01,9.883720930232557655e-02,1.015325670498084254e-01,9.505703422053231322e-02,1.184738955823293194e-01,1.070110701107011009e-01,1.151919866444073431e-01,9.143968871595330172e-02,1.470588235294117696e-01,1.184210526315789408e-01,9.462365591397849107e-02
7.187500000000000000e-01,3.829787234042553168e-01,4.166666666666666852e-01,5.357142857142856984e-01,3.333333333333333148e-01,1.666666666666666574e-01,0.000000000000000000e+00,0.000000000000000000e+00,0.000000000000000000e+00,5.000000000000000000e-01,5.000000000000000000e-01,6.428571428571429047e-01,1.666666666666666574e-01,0.000000000000000000e+00,4.000000000000000222e-01,8.000000000000000444e-01,5.106382978723403854e-01,4.576271186440677985e-01,5.555555555555555802e-01,3.333333333333333148e-01,5.454545454545454142e-01,0.000000000000000000e+00,6.086956521739130821e-01,5.757575757575758013e-01,3.333333333333333148e-01,0.000000000000000000e+00,1.818181818181818232e-01,7.857142857142856984e-01,2.083333333333333426e-01,7.399999999999999911e-01,1.000000000000000000e+00,5.937500000000000000e-01,8.888888888888888395e-01,2.702702702702702853e-01,4.615384615384615641e-01,3.111111111111111160e-01,4.333333333333333481e-01,3.142857142857142794e-01,5.000000000000000000e-01,8.421052631578946901e-01,5.999999999999999778e-01,5.483870967741935054e-01,5.000000000000000000e-01,4.081632653061224580e-01,3.499999999999999778e-01,0.000000000000000000e+00,4.285714285714285476e-01,5.555555555555555802e-01,3.684210526315789269e-01,5.000000000000000000e-01,5.476190476190476719e-01,7.500000000000000000e-01,2.352941176470588203e-01,2.500000000000000000e-01,8.000000000000000444e-01,6.666666666666666297e-01,2.857142857142856984e-01,5.000000000000000000e-01,2.500000000000000000e-01,9.354838709677418818e-01,2.857142857142856984e-01,3.666666666666666408e-01,4.444444444444444198e-01,2.857142857142856984e-01,8.958333333333333703e-01,1.666666666666666574e-01,1.600000000000000033e-01,2.777777777777777901e-01,2.000000000000000111e-01,5.333333333333333259e-01,3.541666666666666852e-01,2.000000000000000111e-01,7.500000000000000000e-01,4.285714285714285476e-01,5.517241379310344751e-01,2.500000000000000000e-01,3.333333333333333148e-01,3.648648648648648574e-01,4.090909090909091161e-01,8.684210526315789824e-01,5.000000000000000000e-01,4.666666666666666741e-01,4.444444444444444198e-01,8.750000000000000000e-01,4.594594594594594850e-01,0.000000000000000000e+00,1.351351351351351426e-01,0.000000000000000000e+00,7.647058823529411242e-01,6.470588235294117974e-01,8.823529411764705621e-01,8.888888888888888395e-01,4.722222222222222099e-01,4.509803921568627527e-01,6.666666666666666297e-01,3.589743589743589758e-01,4.878048780487804770e-01,4.375000000000000000e-01,3.750000000000000000e-01,5.151515151515151381e-01,3.513513513513513709e-01,2.727272727272727071e-01,3.478260869565217295e-01,2.452830188679245293e-01,3.692307692307692513e-01,3.333333333333333148e-01,6.250000000000000000e-01,0.000000000000000000e+00,1.000000000000000000e+00,0.000000000000000000e+00,1.000000000000000000e+00,3.499999999999999778e-01,4.375000000000000000e-01,2.790697674418604612e-01,6.999999999999999556e-01,2.962962962962962798e-01,3.333333333333333148e-01,4.705882352941176405e-01,6.216216216216216006e-01,8.125000000000000000e-01,3.888888888888888951e-01,3.250000000000000111e-01,2.222222222222222099e-01,6.184210526315789824e-01,2.857142857142856984e-01,8.536585365853658347e-01,2.903225806451613100e-01,4.615384615384615641e-01,4.426229508196721230e-01,1.000000000000000000e+00,0.000000000000000000e+00,4.545454545454545303e-01,0.000000000000000000e+00,3.157894736842105088e-01,5.084745762711864181e-01,2.999999999999999889e-01,6.666666666666666297e-01,4.324324324324324564e-01,6.999999999999999556e-01,5.517241379310344751e-01,4.545454545454545303e-01,8.363636363636363091e-01,5.714285714285713969e-01,3.529411764705882582e-01,5.000000000000000000e-01,0.000000000000000000e+00,9.000000000000000222e-01,0.000000000000000000e+00,0.000000000000000000e+00,3.666666666666666408e-01,5.999999999999999778e-01,6.585365853658536883e-01,1.666666666666666574e-01,5.714285714285713969e-01,5.081967213114754189e-01,4.761904761904761640e-01,6.153846153846154188e-01,4.285714285714285476e-01,2.500000000000000000e-01,2.631578947368420907e-01,4.444444444444444198e-01,2.857142857142856984e-01,5.555555555555555802e-01,7.755102040816326259e-01,5.000000000000000000e-01,0.000000000000000000e+00,4.375000000000000000e-01,0.000000000000000000e+00,8.750000000000000000e-01,5.000000000000000000e-01,4.107142857142856984e-01,0.000000000000000000e+00,0.000000000000000000e+00,7.500000000000000000e-01,8.823529411764705621e-01,4.615384615384615641e-01,4.285714285714285476e-01,5.416666666666666297e-01,7.142857142857143016e-01,2.368421052631578816e-01,3.333333333333333148e-01,1.000000000000000000e+00,3.571428571428571508e-01,2.000000000000000111e-01,8.000000000000000444e-01,5.111111111111110716e-01,2.000000000000000111e-01,0.000000000000000000e+00,1.000000000000000000e+00,8.888888888888888395e-01,0.000000000000000000e+00,3.750000000000000000e-01,7.241379310344827624e-01,5.000000000000000000e-01,3.888888888888888951e-01,7.878787878787878451e-01,5.217391304347825942e-01,0.000000000000000000e+00,8.571428571428570953e-01,8.000000000000000444e-01,3.666666666666666408e-01,2.857142857142856984e-01,8.333333333333333703e-01,4.137931034482758563e-01,6.666666666666666297e-01,0.000000000000000000e+00,5.555555555555555802e-01,3.269230769230769273e-01,0.000000000000000000e+00,8.421052631578946901e-01,4.000000000000000222e-01,3.384615384615384803e-01,4.000000000000000222e-01,7.083333333333333703e-01,4.642857142857143016e-01,5.000000000000000000e-01,3.953488372093023062e-01,0.000000000000000000e+00,2.500000000000000000e-01,0.000000000000000000e+00,0.000000000000000000e+00,0.000000000000000000e+00,3.571428571428571508e-01,5.555555555555555802e-01,5.294117647058823595e-01,0.000000000000000000e+00,8.000000000000000444e-01,0.000000000000000000e+00,2.380952380952380820e-01,5.714285714285713969e-01,3.333333333333333148e-01,4.166666666666666852e-01,0.000000000000000000e+00,0.000000000000000000e+00,8.703703703703703498e-01,6.666666666666666297e-01,9.200000000000000400e-01,2.962962962962962798e-01,4.727272727272727182e-01,1.000000000000000000e+00,4.761904761904761640e-01,4.745762711864406902e-01,7.777777777777777901e-01,3.658536585365853577e-01,7.142857142857143016e-01,5.555555555555555802e-01,7.500000000000000000e-01,4.444444444444444198e-01,8.846153846153845812e-01,6.216216216216216006e-01,0.000000000000000000e+00,3.750000000000000000e-01,6.153846153846154188e-01,2.187500000000000000e-01,7.142857142857143016e-01,5.999999999999999778e-01,0.000000000000000000e+00,5.000000000000000000e-01,5.609756097560976151e-01,3.958333333333333148e-01,0.000000000000000000e+00,4.285714285714285476e-01,0.000000000000000000e+00,0.000000000000000000e+00,5.000000000000000000e-01,0.000000000000000000e+00,3.636363636363636465e-01,3.243243243243243423e-01,2.307692307692307820e-01,3.636363636363636465e-01,2.800000000000000266e-01,4.893617021276595591e-01,4.736842105263157632e-01,3.902439024390244038e-01,5.600000000000000533e-01,5.000000000000000000e-01,3.499999999999999778e-01,4.318181818181818232e-01,6.666666666666666297e-01,4.166666666666666852e-01,0.000000000000000000e+00,0.000000000000000000e+00,0.000000000000000000e+00,8.163265306122449161e-01,9.047619047619047672e-01,3.943661971830985657e-01,2.727272727272727071e-01,4.166666666666666852e-01,1.666666666666666574e-01,0.000000000000000000e+00,5.999999999999999778e-01,0.000000000000000000e+00,5.000000000000000000e-01,5.555555555555555802e-01,8.235294117647058432e-01,4.375000000000000000e-01,3.584905660377358250e-01,0.000000000000000000e+00,5.999999999999999778e-01,4.166666666666666852e-01,3.157894736842105088e-01,6.666666666666666297e-01,6.111111111111111605e-01,5.625000000000000000e-01,2.727272727272727071e-01,4.000000000000000222e-01,4.761904761904761640e-01,5.999999999999999778e-01,3.750000000000000000e-01,4.761904761904761640e-01,5.999999999999999778e-01,7.222222222222222099e-01,3.333333333333333148e-01,6.363636363636363535e-01,3.888888888888888951e-01,3.478260869565217295e-01,4.117647058823529216e-01,5.333333333333333259e-01,4.615384615384615641e-01,5.333333333333333259e-01
0.000000000000000000e+00,0.000000000000000000e+00,0.000000000000000000e+00,0.000000000000000000e+00,0.000000000000000000e+00,0.000000000000000000e+00,0.000000000000000000e+00,0.000000000000000000e+00,0.000000000000000000e+00,0.000000000000000000e+00,0.000000000000000000e+00,0.000000000000000000e+00,0.000000000000000000e+00,0.000000000000000000e+00,0.000000000000000000e+00,0.000000000000000000e+00,0.000000000000000000e+00,0.000000000000000000e+00,0.000000000000000000e+00,0.000000000000000000e+00,0.000000000000000000e+00,0.000000000000000000e+00,0.000000000000000000e+00,0.000000000000000000e+00,0.000000000000000000e+00,0.000000000000000000e+00,0.000000000000000000e+00,0.000000000000000000e+00,0.000000000000000000e+00,0.000000000000000000e+00,0.000000000000000000e+00,0.000000000000000000e+00,0.000000000000000000e+00,0.000000000000000000e+00,0.000000000000000000e+00,0.000000000000000000e+00,0.000000000000000000e+00,0.000000000000000000e+00,0.000000000000000000e+00,0.000000000000000000e+00,0.000000000000000000e+00,0.000000000000000000e+00,0.000000000000000000e+00,0.000000000000000000e+00,0.000000000000000000e+00,0.000000000000000000e+00,0.000000000000000000e+00,0.000000000000000000e+00,0.000000000000000000e+00,0.000000000000000000e+00,0.000000000000000000e+00,0.000000000000000000e+00,0.000000000000000000e+00,0.000000000000000000e+00,0.000000000000000000e+00,0.000000000000000000e+00,0.000000000000000000e+00,0.000000000000000000e+00,0.000000000000000000e+00,0.000000000000000000e+00,0.000000000000000000e+00,0.000000000000000000e+00,0.000000000000000000e+00,0.000000000000000000e+00,0.000000000000000000e+00,0.000000000000000000e+00,0.000000000000000000e+00,0.000000000000000000e+00,0.000000000000000000e+00,0.000000000000000000e+00,0.000000000000000000e+00,0.000000000000000000e+00,0.000000000000000000e+00,0.000000000000000000e+00,0.000000000000000000e+00,0.000000000000000000e+00,0.000000000000000000e+00,0.000000000000000000e+00,0.000000000000000000e+00,0.000000000000000000e+00,0.000000000000000000e+00,0.000000000000000000e+00,0.000000000000000000e+00,0.000000000000000000e+00,0.000000000000000000e+00,0.000000000000000000e+00,0.000000000000000000e+00,0.000000000000000000e+00,0.000000000000000000e+00,0.000000000000000000e+00,0.000000000000000000e+00,0.000000000000000000e+00,0.000000000000000000e+00,0.000000000000000000e+00,0.000000000000000000e+00,0.000000000000000000e+00,0.000000000000000000e+00,0.000000000000000000e+00,0.000000000000000000e+00,0.000000000000000000e+00,0.000000000000000000e+00,0.000000000000000000e+00,0.000000000000000000e+00,0.000000000000000000e+00,0.000000000000000000e+00,0.000000000000000000e+00,0.000000000000000000e+00,0.000000000000000000e+00,0.000000000000000000e+00,0.000000000000000000e+00,0.000000000000000000e+00,0.000000000000000000e+00,0.000000000000000000e+00,0.000000000000000000e+00,0.000000000000000000e+00,0.000000000000000000e+00,0.000000000000000000e+00,0.000000000000000000e+00,0.000000000000000000e+00,0.000000000000000000e+00,0.000000000000000000e+00,0.000000000000000000e+00,0.000000000000000000e+00,0.000000000000000000e+00,0.000000000000000000e+00,0.000000000000000000e+00,0.000000000000000000e+00,0.000000000000000000e+00,0.000000000000000000e+00,0.000000000000000000e+00,0.000000000000000000e+00,0.000000000000000000e+00,0.000000000000000000e+00,0.000000000000000000e+00,0.000000000000000000e+00,0.000000000000000000e+00,0.000000000000000000e+00,0.000000000000000000e+00,0.000000000000000000e+00,0.000000000000000000e+00,0.000000000000000000e+00,0.000000000000000000e+00,0.000000000000000000e+00,0.000000000000000000e+00,0.000000000000000000e+00,0.000000000000000000e+00,0.000000000000000000e+00,0.000000000000000000e+00,0.000000000000000000e+00,0.000000000000000000e+00,0.000000000000000000e+00,0.000000000000000000e+00,0.000000000000000000e+00,0.000000000000000000e+00,0.000000000000000000e+00,0.000000000000000000e+00,0.000000000000000000e+00,0.000000000000000000e+00,0.000000000000000000e+00,0.000000000000000000e+00,0.000000000000000000e+00,0.000000000000000000e+00,0.000000000000000000e+00,0.000000000000000000e+00,0.000000000000000000e+00,0.000000000000000000e+00,0.000000000000000000e+00,0.000000000000000000e+00,0.000000000000000000e+00,0.000000000000000000e+00,0.000000000000000000e+00,0.000000000000000000e+00,0.000000000000000000e+00,0.000000000000000000e+00,0.000000000000000000e+00,0.000000000000000000e+00,0.000000000000000000e+00,0.000000000000000000e+00,0.000000000000000000e+00,0.000000000000000000e+00,0.000000000000000000e+00,0.000000000000000000e+00,0.000000000000000000e+00,0.000000000000000000e+00,0.000000000000000000e+00,0.000000000000000000e+00,0.000000000000000000e+00,0.000000000000000000e+00,0.000000000000000000e+00,0.000000000000000000e+00,0.000000000000000000e+00,0.000000000000000000e+00,0.000000000000000000e+00,0.000000000000000000e+00,0.000000000000000000e+00,0.000000000000000000e+00,0.000000000000000000e+00,0.000000000000000000e+00,0.000000000000000000e+00,0.000000000000000000e+00,0.000000000000000000e+00,0.000000000000000000e+00,0.000000000000000000e+00,0.000000000000000000e+00,0.000000000000000000e+00,0.000000000000000000e+00,0.000000000000000000e+00,0.000000000000000000e+00,0.000000000000000000e+00,0.000000000000000000e+00,0.000000000000000000e+00,0.000000000000000000e+00,0.000000000000000000e+00,0.000000000000000000e+00,0.000000000000000000e+00,0.000000000000000000e+00,0.000000000000000000e+00,0.000000000000000000e+00,0.000000000000000000e+00,0.000000000000000000e+00,0.000000000000000000e+00,0.000000000000000000e+00,0.000000000000000000e+00,0.000000000000000000e+00,0.000000000000000000e+00,0.000000000000000000e+00,0.000000000000000000e+00,0.000000000000000000e+00,0.000000000000000000e+00,0.000000000000000000e+00,0.000000000000000000e+00,0.000000000000000000e+00,0.000000000000000000e+00,0.000000000000000000e+00,0.000000000000000000e+00,0.000000000000000000e+00,0.000000000000000000e+00,0.000000000000000000e+00,0.000000000000000000e+00,0.000000000000000000e+00,0.000000000000000000e+00,0.000000000000000000e+00,0.000000000000000000e+00,0.000000000000000000e+00,0.000000000000000000e+00,0.000000000000000000e+00,0.000000000000000000e+00,0.000000000000000000e+00,0.000000000000000000e+00,0.000000000000000000e+00,0.000000000000000000e+00,0.000000000000000000e+00,0.000000000000000000e+00,0.000000000000000000e+00,0.000000000000000000e+00,0.000000000000000000e+00,0.000000000000000000e+00,0.000000000000000000e+00,0.000000000000000000e+00,0.000000000000000000e+00,0.000000000000000000e+00,0.000000000000000000e+00,0.000000000000000000e+00,0.000000000000000000e+00,0.000000000000000000e+00,0.000000000000000000e+00,0.000000000000000000e+00,0.000000000000000000e+00,0.000000000000000000e+00,0.000000000000000000e+00,0.000000000000000000e+00,0.000000000000000000e+00,0.000000000000000000e+00,0.000000000000000000e+00,0.000000000000000000e+00,0.000000000000000000e+00,0.000000000000000000e+00,0.000000000000000000e+00,0.000000000000000000e+00,0.000000000000000000e+00,0.000000000000000000e+00,0.000000000000000000e+00,0.000000000000000000e+00,0.000000000000000000e+00,0.000000000000000000e+00,0.000000000000000000e+00,0.000000000000000000e+00,0.000000000000000000e+00,0.000000000000000000e+00,0.000000000000000000e+00,0.000000000000000000e+00,0.000000000000000000e+00,0.000000000000000000e+00,0.000000000000000000e+00,0.000000000000000000e+00,0.000000000000000000e+00,0.000000000000000000e+00,0.000000000000000000e+00,0.000000000000000000e+00,0.000000000000000000e+00,0.000000000000000000e+00,0.000000000000000000e+00,0.000000000000000000e+00,0.000000000000000000e+00,0.000000000000000000e+00,0.000000000000000000e+00,0.000000000000000000e+00,0.000000000000000000e+00,0.000000000000000000e+00,0.000000000000000000e+00,0.000000000000000000e+00,0.000000000000000000e+00,0.000000000000000000e+00,0.000000000000000000e+00,0.000000000000000000e+00,0.000000000000000000e+00,0.000000000000000000e+00,0.000000000000000000e+00,0.000000000000000000e+00,0.000000000000000000e+00
1.389645776566757474e-01,1.214574898785425044e-01,2.467532467532467522e-01,1.813953488372093137e-01,1.203007518796992414e-01,1.752577319587628746e-01,0.000000000000000000e+00,0.000000000000000000e+00,0.000000000000000000e+00,1.842105263157894635e-01,1.464646464646464641e-01,2.318181818181818121e-01,1.864406779661016977e-01,0.000000000000000000e+00,1.203007518796992414e-01,1.900000000000000022e-01,1.662591687041564681e-01,1.232604373757455324e-01,1.690140845070422504e-01,1.176470588235294101e-01,1.165048543689320426e-01,0.000000000000000000e+00,1.271186440677966045e-01,9.113924050632911389e-02,1.322314049586776896e-01,0.000000000000000000e+00,1.140350877192982393e-01,9.174311926605505096e-02,1.196388261851015766e-01,1.464968152866241990e-01,2.380952380952380820e-01,1.330798479087452468e-01,1.284916201117318468e-01,1.230283911671924274e-01,1.323529411764705899e-01,9.068010075566750039e-02,1.861198738170347089e-01,9.594095940959410096e-02,1.250000000000000000e-01,1.536796536796536661e-01,1.071428571428571369e-01,1.077586206896551657e-01,1.666666666666666574e-01,9.943714821763602330e-02,1.011235955056179747e-01,0.000000000000000000e+00,1.281407035175879394e-01,2.083333333333333426e-01,1.228373702422145275e-01,8.333333333333332871e-02,2.099999999999999922e-01,1.093750000000000000e-01,7.751937984496123923e-02,1.047619047619047644e-01,1.025641025641025605e-01,1.082802547770700674e-01,1.521739130434782705e-01,1.975308641975308532e-01,1.447368421052631637e-01,1.644444444444444486e-01,1.076923076923076983e-01,1.191011235955056202e-01,9.799554565701558417e-02,5.194805194805195148e-02,1.279069767441860517e-01,1.956521739130434867e-01,1.034482758620689641e-01,9.090909090909091161e-02,1.509433962264150886e-01,1.746031746031745935e-01,1.059322033898305038e-01,1.023255813953488358e-01,1.387665198237885422e-01,1.794871794871794879e-01,7.232704402515723052e-02,9.162303664921465918e-02,7.407407407407406996e-02,1.300578034682080830e-01,1.428571428571428492e-01,1.801801801801801717e-01,1.106382978723404187e-01,1.165644171779141036e-01,1.404255319148936254e-01,1.130434782608695649e-01,1.598360655737705027e-01,7.017543859649122417e-02,8.766233766233766378e-02,0.000000000000000000e+00,1.538461538461538547e-01,1.367521367521367659e-01,2.295081967213114804e-01,1.846153846153846256e-01,1.366666666666666585e-01,2.000000000000000111e-01,1.052631578947368363e-01,1.443298969072164817e-01,1.620111731843575376e-01,1.052631578947368363e-01,6.040268456375839229e-02,1.005917159763313612e-01,1.130434782608695649e-01,1.192660550458715663e-01,1.502890173410404706e-01,1.370143149284253625e-01,1.581291759465478786e-01,1.666666666666666574e-01,1.034482758620689641e-01,0.000000000000000000e+00,8.333333333333332871e-02,0.000000000000000000e+00,7.812500000000000000e-02,1.264559068219633930e-01,1.179487179487179460e-01,1.355140186915887723e-01,1.804123711340206160e-01,2.222222222222222099e-01,1.346153846153846090e-01,1.210191082802547780e-01,8.045977011494252762e-02,1.507798960138648225e-01,9.583333333333333981e-02,1.041666666666666713e-01,1.058823529411764691e-01,1.726755218216318721e-01,2.686567164179104461e-01,1.398601398601398704e-01,1.082802547770700674e-01,1.802325581395348708e-01,1.609442060085836956e-01,9.803921568627450844e-02,0.000000000000000000e+00,1.515151515151515194e-01,0.000000000000000000e+00,1.818181818181818232e-01,1.920152091254752891e-01,1.470588235294117696e-01,8.510638297872340219e-02,1.381578947368421184e-01,1.481481481481481399e-01,2.111553784860557836e-01,1.558441558441558406e-01,1.004566210045662045e-01,1.097560975609756101e-01,1.164383561643835552e-01,1.166666666666666685e-01,0.000000000000000000e+00,2.162162162162162282e-01,0.000000000000000000e+00,0.000000000000000000e+00,1.916666666666666796e-01,1.620253164556962056e-01,1.016949152542372947e-01,1.898734177215190000e-01,2.094240837696335067e-01,1.365131578947368363e-01,1.152073732718894017e-01,1.358490566037735825e-01,1.704545454545454419e-01,1.632653061224489666e-01,1.082474226804123751e-01,1.735849056603773477e-01,1.590909090909090884e-01,1.779141104294478526e-01,1.442786069651741387e-01,9.701492537313433084e-02,0.000000000000000000e+00,2.156862745098039325e-01,0.000000000000000000e+00,1.073825503355704675e-01,1.038961038961039030e-01,1.277445109780439014e-01,0.000000000000000000e+00,0.000000000000000000e+00,7.142857142857142461e-02,1.329479768786127059e-01,1.811594202898550721e-01,1.127167630057803460e-01,1.109185441941074463e-01,1.756756756756756854e-01,1.323529411764705899e-01,2.340425531914893664e-01,1.000000000000000056e-01,2.091152815013404831e-01,1.190476190476190410e-01,5.555555555555555247e-02,1.678004535147392395e-01,8.108108108108108558e-02,0.000000000000000000e+00,5.000000000000000278e-02,8.527131782945736316e-02,0.000000000000000000e+00,1.264637002341920391e-01,9.937888198757763303e-02,1.166666666666666685e-01,1.614583333333333426e-01,1.159874608150470165e-01,9.929078014184397616e-02,0.000000000000000000e+00,8.823529411764706454e-02,1.029411764705882304e-01,1.481481481481481399e-01,1.491228070175438514e-01,1.836065573770491732e-01,1.581632653061224580e-01,1.555555555555555580e-01,1.481481481481481399e-01,1.791767554479418989e-01,1.247563352826510652e-01,0.000000000000000000e+00,1.260869565217391242e-01,1.764705882352941291e-01,1.487964989059080978e-01,1.594202898550724501e-01,1.418439716312056842e-01,2.159090909090909116e-01,1.136363636363636326e-01,9.937888198757763303e-02,0.000000000000000000e+00,1.086956521739130405e-01,0.000000000000000000e+00,0.000000000000000000e+00,8.333333333333332871e-02,1.675392670157068165e-01,1.744186046511627952e-01,1.338797814207650372e-01,0.000000000000000000e+00,1.868131868131868156e-01,0.000000000000000000e+00,9.859154929577464144e-02,1.056338028169014065e-01,7.000000000000000666e-02,1.714285714285714302e-01,0.000000000000000000e+00,0.000000000000000000e+00,1.222444889779559091e-01,1.118881118881118880e-01,1.107738998482549336e-01,1.333333333333333315e-01,1.116504854368932098e-01,1.195652173913043514e-01,1.081967213114754106e-01,1.083481349911190050e-01,1.738095238095238027e-01,9.036144578313252962e-02,9.302325581395348708e-02,1.360000000000000098e-01,1.296296296296296224e-01,1.552795031055900499e-01,9.446254071661237817e-02,1.071428571428571369e-01,0.000000000000000000e+00,2.941176470588235392e-01,1.044776119402985037e-01,9.523809523809523281e-02,7.751937984496123923e-02,1.267605633802816878e-01,0.000000000000000000e+00,9.352517985611510931e-02,1.415929203539822989e-01,1.534296028880866303e-01,0.000000000000000000e+00,1.980198019801980291e-01,0.000000000000000000e+00,0.000000000000000000e+00,3.030303030303030387e-02,0.000000000000000000e+00,1.477272727272727348e-01,1.261538461538461442e-01,1.024096385542168641e-01,1.042654028436018898e-01,1.245551601423487559e-01,1.290322580645161255e-01,1.223241590214067254e-01,1.277777777777777679e-01,1.456310679611650394e-01,1.792452830188679125e-01,1.508875739644970349e-01,1.976744186046511531e-01,1.313868613138686192e-01,8.493150684931506655e-02,0.000000000000000000e+00,1.086956521739130405e-01,8.571428571428571508e-02,1.755424063116370892e-01,1.071428571428571369e-01,1.333333333333333315e-01,1.111111111111111049e-01,9.289617486338798413e-02,1.190476190476190410e-01,0.000000000000000000e+00,1.956521739130434867e-01,0.000000000000000000e+00,1.048034934497816539e-01,4.285714285714285754e-02,1.512915129151291560e-01,1.344902386117136639e-01,1.188959660297239929e-01,0.000000000000000000e+00,9.803921568627450844e-02,1.318181818181818066e-01,2.597402597402597574e-02,9.375000000000000000e-02,8.333333333333332871e-02,8.433734939759035543e-02,1.279069767441860517e-01,9.375000000000000000e-02,8.490566037735848559e-02,9.615384615384615918e-02,1.010101010101010083e-01,1.393442622950819554e-01,7.058823529411764608e-02,1.166666666666666685e-01,1.208791208791208799e-01,9.473684210526316096e-02,6.617647058823529493e-02,7.339449541284404077e-02,1.010101010101010083e-01,1.008403361344537841e-01,1.473684210526315652e-01,1.491228070175438514e-01
0.000000000000000000e+00,0.000000000000000000e+00,0.000000000000000000e+00,0.000000000000000000e+00,0.000000000000000000e+00,0.000000000000000000e+00,0.000000000000000000e+00,0.000000000000000000e+00,0.000000000000000000e+00,0.000000000000000000e+00,0.000000000000000000e+00,0.000000000000000000e+00,0.000000000000000000e+00,0.000000000000000000e+00,0.000000000000000000e+00,0.000000000000000000e+00,0.000000000000000000e+00,0.000000000000000000e+00,0.000000000000000000e+00,0.000000000000000000e+00,0.000000000000000000e+00,0.000000000000000000e+00,0.000000000000000000e+00,0.000000000000000000e+00,0.000000000000000000e+00,0.000000000000000000e+00,0.000000000000000000e+00,0.000000000000000000e+00,0.000000000000000000e+00,0.000000000000000000e+00,0.000000000000000000e+00,0.000000000000000000e+00,0.000000000000000000e+00,0.000000000000000000e+00,0.000000000000000000e+00,0.000000000000000000e+00,0.000000000000000000e+00,0.000000000000000000e+00,0.000000000000000000e+00,0.000000000000000000e+00,0.000000000000000000e+00,0.000000000000000000e+00,0.000000000000000000e+00,0.000000000000000000e+00,0.000000000000000000e+00,0.000000000000000000e+00,0.000000000000000000e+00,0.000000000000000000e+00,0.000000000000000000e+00,0.000000000000000000e+00,0.000000000000000000e+00,0.000000000000000000e+00,0.000000000000000000e+00,0.000000000000000000e+00,0.000000000000000000e+00,0.000000000000000000e+00,0.000000000000000000e+00,0.000000000000000000e+00,0.000000000000000000e+00,0.000000000000000000e+00,0.000000000000000000e+00,0.000000000000000000e+00,0.000000000000000000e+00,0.000000000000000000e+00,0.000000000000000000e+00,0.000000000000000000e+00,0.000000000000000000e+00,0.000000000000000000e+00,0.000000000000000000e+00,0.000000000000000000e+00,0.000000000000000000e+00,0.000000000000000000e+00,0.000000000000000000e+00,0.000000000000000000e+00,0.000000000000000000e+00,0.000000000000000000e+00,0.000000000000000000e+00,0.000000000000000000e+00,0.000000000000000000e+00,0.000000000000000000e+00,0.000000000000000000e+00,0.000000000000000000e+00,0.000000000000000000e+00,0.000000000000000000e+00,0.000000000000000000e+00,0.000000000000000000e+00,0.000000000000000000e+00,0.000000000000000000e+00,0.000000000000000000e+00,0.000000000000000000e+00,0.000000000000000000e+00,0.000000000000000000e+00,0.000000000000000000e+00,0.000000000000000000e+00,0.000000000000000000e+00,0.000000000000000000e+00,0.000000000000000000e+00,0.000000000000000000e+00,0.000000000000000000e+00,0.000000000000000000e+00,0.000000000000000000e+00,0.000000000000000000e+00,0.000000000000000000e+00,0.000000000000000000e+00,0.000000000000000000e+00,0.000000000000000000e+00,0.000000000000000000e+00,0.000000000000000000e+00,0.000000000000000000e+00,0.000000000000000000e+00,0.000000000000000000e+00,0.000000000000000000e+00,0.000000000000000000e+00,0.000000000000000000e+00,0.000000000000000000e+00,0.000000000000000000e+00,0.000000000000000000e+00,0.000000000000000000e+00,0.000000000000000000e+00,0.000000000000000000e+00,0.000000000000000000e+00,0.000000000000000000e+00,0.000000000000000000e+00,0.000000000000000000e+00,0.000000000000000000e+00,0.000000000000000000e+00,0.000000000000000000e+00,0.000000000000000000e+00,0.000000000000000000e+00,0.000000000000000000e+00,0.000000000000000000e+00,0.000000000000000000e+00,0.000000000000000000e+00,0.000000000000000000e+00,0.000000000000000000e+00,0.000000000000000000e+00,0.000000000000000000e+00,0.000000000000000000e+00,0.000000000000000000e+00,0.000000000000000000e+00,0.000000000000000000e+00,0.000000000000000000e+00,0.000000000000000000e+00,0.000000000000000000e+00,0.000000000000000000e+00,0.000000000000000000e+00,0.000000000000000000e+00,0.000000000000000000e+00,0.000000000000000000e+00,0.000000000000000000e+00,0.000000000000000000e+00,0.000000000000000000e+00,0.000000000000000000e+00,0.000000000000000000e+00,0.000000000000000000e+00,0.000000000000000000e+00,0.000000000000000000e+00,0.000000000000000000e+00,0.000000000000000000e+00,0.000000000000000000e+00,0.000000000000000000e+00,0.000000000000000000e+00,0.000000000000000000e+00,0.000000000000000000e+00,0.000000000000000000e+00,0.000000000000000000e+00,0.000000000000000000e+00,0.000000000000000000e+00,0.000000000000000000e+00,0.000000000000000000e+00,0.000000000000000000e+00,0.000000000000000000e+00,0.000000000000000000e+00,0.000000000000000000e+00,0.000000000000000000e+00,0.000000000000000000e+00,0.000000000000000000e+00,0.000000000000000000e+00,0.000000000000000000e+00,0.000000000000000000e+00,0.000000000000000000e+00,0.000000000000000000e+00,0.000000000000000000e+00,0.000000000000000000e+00,0.000000000000000000e+00,0.000000000000000000e+00,0.000000000000000000e+00,0.000000000000000000e+00,0.000000000000000000e+00,0.000000000000000000e+00,0.000000000000000000e+00,0.000000000000000000e+00,0.000000000000000000e+00,0.000000000000000000e+00,0.000000000000000000e+00,0.000000000000000000e+00,0.000000000000000000e+00,0.000000000000000000e+00,0.000000000000000000e+00,0.000000000000000000e+00,0.000000000000000000e+00,0.000000000000000000e+00,0.000000000000000000e+00,0.000000000000000000e+00,0.000000000000000000e+00,0.000000000000000000e+00,0.000000000000000000e+00,0.000000000000000000e+00,0.000000000000000000e+00,0.000000000000000000e+00,0.000000000000000000e+00,0.000000000000000000e+00,0.000000000000000000e+00,0.000000000000000000e+00,0.000000000000000000e+00,0.000000000000000000e+00,0.000000000000000000e+00,0.000000000000000000e+00,0.000000000000000000e+00,0.000000000000000000e+00,0.000000000000000000e+00,0.000000000000000000e+00,0.000000000000000000e+00,0.000000000000000000e+00,0.000000000000000000e+00,0.000000000000000000e+00,0.000000000000000000e+00,0.000000000000000000e+00,0.000000000000000000e+00,0.000000000000000000e+00,0.000000000000000000e+00,0.000000000000000000e+00,0.000000000000000000e+00,0.000000000000000000e+00,0.000000000000000000e+00,0.000000000000000000e+00,0.000000000000000000e+00,0.000000000000000000e+00,0.000000000000000000e+00,0.000000000000000000e+00,0.000000000000000000e+00,0.000000000000000000e+00,0.000000000000000000e+00,0.000000000000000000e+00,0.000000000000000000e+00,0.000000000000000000e+00,0.000000000000000000e+00,0.000000000000000000e+00,0.000000000000000000e+00,0.000000000000000000e+00,0.000000000000000000e+00,0.000000000000000000e+00,0.000000000000000000e+00,0.000000000000000000e+00,0.000000000000000000e+00,0.000000000000000000e+00,0.000000000000000000e+00,0.000000000000000000e+00,0.000000000000000000e+00,0.000000000000000000e+00,0.000000000000000000e+00,0.000000000000000000e+00,0.000000000000000000e+00,0.000000000000000000e+00,0.000000000000000000e+00,0.000000000000000000e+00,0.000000000000000000e+00,0.000000000000000000e+00,0.000000000000000000e+00,0.000000000000000000e+00,0.000000000000000000e+00,0.000000000000000000e+00,0.000000000000000000e+00,0.000000000000000000e+00,0.000000000000000000e+00,0.000000000000000000e+00,0.000000000000000000e+00,0.000000000000000000e+00,0.000000000000000000e+00,0.000000000000000000e+00,0.000000000000000000e+00,0.000000000000000000e+00,0.000000000000000000e+00,0.000000000000000000e+00,0.000000000000000000e+00,0.000000000000000000e+00,0.000000000000000000e+00,0.000000000000000000e+00,0.000000000000000000e+00,0.000000000000000000e+00,0.000000000000000000e+00,0.000000000000000000e+00,0.000000000000000000e+00,0.000000000000000000e+00,0.000000000000000000e+00,0.000000000000000000e+00,0.000000000000000000e+00,0.000000000000000000e+00,0.000000000000000000e+00,0.000000000000000000e+00,0.000000000000000000e+00,0.000000000000000000e+00,0.000000000000000000e+00,0.000000000000000000e+00,0.000000000000000000e+00,0.000000000000000000e+00,0.000000000000000000e+00,0.000000000000000000e+00,0.000000000000000000e+00,0.000000000000000000e+00,0.000000000000000000e+00,0.000000000000000000e+00,0.000000000000000000e+00,0.000000000000000000e+00,0.000000000000000000e+00,0.000000000000000000e+00,0.000000000000000000e+00,0.000000000000000000e+00,0.000000000000000000e+00,0.000000000000000000e+00
1.169590643274853736e-01,9.110350727117194625e-02,1.844262295081967318e-01,1.532192339038304929e-01,1.286254728877679610e-01,1.860816944024205610e-01,0.000000000000000000e+00,0.000000000000000000e+00,0.000000000000000000e+00,1.737451737451737588e-01,1.857868020304568601e-01,1.848101265822784944e-01,1.706349206349206393e-01,0.000000000000000000e+00,1.036363636363636376e-01,1.202046035805626606e-01,1.827524575513851668e-01,9.521912350597609709e-02,1.360544217687074953e-01,1.335616438356164448e-01,8.963093145869947820e-02,0.000000000000000000e+00,8.965228320067029910e-02,1.105550500454959006e-01,7.028112449799196748e-02,0.000000000000000000e+00,8.556149732620320358e-02,9.814814814814815103e-02,9.210526315789473173e-02,1.197007481296758075e-01,6.486486486486486847e-02,1.125511596180081841e-01,6.611570247933884481e-02,7.681228996639462292e-02,1.122494432071269449e-01,9.151670951156812284e-02,2.235505080693365176e-01,9.241172051089406592e-02,1.266375545851528284e-01,1.393442622950819554e-01,1.092436974789915971e-01,8.508691674290942697e-02,1.719745222929936201e-01,9.027777777777777624e-02,8.667388949079089799e-02,0.000000000000000000e+00,1.121031746031746074e-01,1.460674157303370746e-01,9.297052154195011020e-02,6.428571428571427937e-02,2.240243284338570839e-01,6.644518272425249672e-02,6.371911573472041623e-02,7.265774378585086735e-02,8.355091383812010553e-02,7.572115384615384082e-02,1.408934707903780059e-01,1.012145748987854227e-01,1.432192648922686884e-01,1.197822141560798553e-01,8.709677419354838745e-02,1.015588096362777526e-01,8.507853403141361903e-02,8.842105263157894190e-02,1.097256857855361534e-01,8.607594936708860833e-02,5.749128919860627129e-02,7.077625570776255315e-02,7.299270072992700142e-02,1.222385861561119252e-01,7.560439560439560780e-02,8.341511285574092216e-02,1.254901960784313708e-01,2.125925925925925830e-01,9.388783868935098031e-02,7.781282860147213654e-02,9.890109890109889668e-02,8.533021624780830205e-02,6.082949308755760537e-02,1.304870715574263373e-01,8.841201716738197880e-02,7.579787234042553723e-02,1.302816901408450634e-01,8.644067796610169219e-02,1.380471380471380571e-01,5.494505494505494414e-02,1.147318397827562786e-01,0.000000000000000000e+00,1.685736079328756798e-01,8.566433566433566404e-02,1.549479166666666574e-01,1.043046357615894093e-01,1.049968374446552805e-01,2.048034934497816595e-01,1.055555555555555552e-01,1.050583657587548653e-01,9.492635024549918310e-02,6.844547563805104817e-02,1.146179401993355496e-01,9.748620478234211462e-02,8.659049909801563860e-02,8.105726872246696302e-02,9.037558685446009377e-02,1.104269293924466377e-01,8.832026413536937792e-02,8.474576271186440302e-02,6.010928961748633614e-02,0.000000000000000000e+00,9.383033419023135979e-02,0.000000000000000000e+00,7.803468208092485814e-02,1.067734401067734346e-01,6.986899563318776929e-02,9.311540366518078482e-02,1.608775137111517484e-01,1.866527632950990556e-01,1.542792792792792855e-01,9.778672032193158614e-02,6.999041227229146900e-02,1.121201536849458641e-01,7.313064913722268356e-02,9.989594172736732114e-02,8.500000000000000611e-02,1.070362473347547944e-01,1.371428571428571497e-01,1.306335728282168596e-01,8.846153846153846645e-02,2.109426499670402078e-01,1.944677284157586006e-01,9.055876685934489967e-02,0.000000000000000000e+00,1.525773195876288790e-01,0.000000000000000000e+00,1.973026973026973108e-01,1.827788649706457991e-01,1.839863713798977896e-01,5.468750000000000000e-02,9.802955665024630505e-02,2.010309278350515538e-01,1.834862385321101019e-01,1.659751037344398272e-01,9.857072449482504051e-02,8.897485493230174181e-02,6.374501992031872399e-02,1.052631578947368363e-01,0.000000000000000000e+00,8.411214953271027583e-02,0.000000000000000000e+00,0.000000000000000000e+00,2.196401799100449748e-01,1.871151113216485140e-01,1.135770234986945154e-01,1.485148514851485080e-01,2.082840236686390456e-01,1.247524752475247523e-01,1.461675579322638252e-01,1.350746268656716487e-01,1.779279279279279147e-01,9.032258064516128504e-02,9.712837837837837163e-02,2.175102599179206675e-01,1.857335127860026969e-01,9.656652360515020905e-02,1.115811739820200960e-01,1.014263074484944571e-01,0.000000000000000000e+00,9.208400646203554474e-02,0.000000000000000000e+00,9.445100354191263148e-02,4.385964912280701511e-02,9.812472743131268882e-02,0.000000000000000000e+00,0.000000000000000000e+00,3.928571428571428492e-02,1.250000000000000000e-01,2.002249718785151789e-01,1.001472754050073688e-01,8.823529411764706454e-02,1.304347826086956486e-01,9.825102880658435900e-02,1.308016877637130926e-01,9.183673469387755584e-02,2.173699705593719333e-01,1.308016877637130926e-01,7.035175879396984855e-02,2.181052631578947465e-01,6.633906633906633266e-02,0.000000000000000000e+00,1.184668989547038309e-01,8.744038155802862089e-02,0.000000000000000000e+00,1.007932804479701322e-01,7.046070460704606520e-02,7.733333333333333726e-02,9.252971137521222300e-02,6.477197620621281959e-02,6.127258444619010369e-02,0.000000000000000000e+00,9.517923362175524649e-02,9.872611464968153450e-02,1.014695591322603285e-01,1.024890190336749662e-01,1.711026615969581666e-01,1.127982646420824242e-01,1.777003484320557603e-01,1.896024464831804202e-01,1.721432074546346280e-01,9.346139637975618697e-02,0.000000000000000000e+00,9.949748743718593580e-02,1.510015408320493080e-01,1.056603773584905703e-01,9.401709401709401615e-02,1.128818061088977392e-01,1.927866036925719173e-01,7.671232876712329174e-02,7.801418439716312214e-02,0.000000000000000000e+00,5.574912891986062713e-02,0.000000000000000000e+00,0.000000000000000000e+00,5.670103092783505133e-02,1.535087719298245668e-01,8.307692307692307598e-02,1.025498891352549929e-01,0.000000000000000000e+00,1.789473684210526327e-01,0.000000000000000000e+00,6.870983687592684130e-02,8.169014084507042472e-02,5.745062836624775793e-02,1.002638522427440615e-01,0.000000000000000000e+00,0.000000000000000000e+00,9.296375266524520287e-02,7.877813504823151514e-02,1.079597438243366930e-01,8.569545154911008267e-02,1.192075218267293485e-01,8.500590318772137388e-02,8.661887694145758987e-02,9.608938547486033099e-02,1.174825174825174789e-01,6.857402361489554898e-02,4.213483146067415613e-02,1.935656836461125963e-01,1.195445920303605247e-01,1.281755196304849853e-01,8.251404494382022503e-02,8.667621776504297326e-02,0.000000000000000000e+00,1.708074534161490576e-01,9.076175040518638659e-02,1.031636863823933992e-01,8.823529411764706454e-02,1.081730769230769273e-01,0.000000000000000000e+00,7.430730478589420152e-02,2.024277043912888208e-01,1.157459601653513664e-01,0.000000000000000000e+00,1.059999999999999970e-01,0.000000000000000000e+00,0.000000000000000000e+00,8.695652173913043237e-02,0.000000000000000000e+00,7.984031936127744533e-02,8.588957055214724301e-02,8.768035516093229675e-02,9.172661870503596993e-02,8.754623921085080696e-02,9.687500000000000278e-02,9.460359760159893494e-02,9.366391184573003015e-02,1.352345906163753553e-01,1.137521222410865923e-01,1.098169717138103157e-01,2.016232379325074708e-01,1.076411960132890311e-01,8.190925162050677333e-02,0.000000000000000000e+00,2.314814814814814686e-02,2.236180904522613033e-01,1.344501718213058361e-01,8.740068104426787499e-02,1.081625797783003079e-01,7.008760951188985899e-02,8.620689655172414367e-02,8.962264150943395624e-02,0.000000000000000000e+00,8.040201005025125747e-02,0.000000000000000000e+00,7.859531772575251152e-02,9.831460674157303792e-02,1.095727848101265833e-01,1.027827648114901238e-01,9.991568296795952375e-02,0.000000000000000000e+00,5.555555555555555247e-02,8.860759493670886111e-02,1.178947368421052605e-01,7.415254237288135264e-02,8.174904942965779964e-02,1.080550098231827100e-01,1.166007905138339990e-01,9.739130434782608536e-02,9.323583180987203567e-02,9.075630252100840012e-02,1.027027027027027084e-01,8.605851979345954805e-02,9.090909090909091161e-02,1.064981949458483762e-01,7.915057915057914506e-02,8.206106870229007422e-02,8.207705192629816127e-02,1.064638783269961919e-01,1.054687500000000000e-01,9.670781893004115615e-02,1.098484848484848481e-01,8.210526315789473673e-02
1.322599194939620415e-01,1.070208728652751462e-01,2.084805653710247453e-01,1.876363636363636289e-01,1.345926800472254936e-01,2.053915275994865342e-01,0.000000000000000000e+00,0.000000000000000000e+00,0.000000000000000000e+00,1.865671641791044888e-01,2.208413001912045981e-01,2.310606060606060497e-01,1.918238993710691953e-01,0.000000000000000000e+00,1.497504159733777096e-01,1.413721413721413800e-01,2.353395061728394966e-01,1.222738648552020024e-01,1.428571428571428492e-01,1.594684385382059699e-01,1.154970760233918065e-01,0.000000000000000000e+00,1.154929577464788720e-01,1.101178382771231257e-01,1.009009009009008973e-01,0.000000000000000000e+00,1.153846153846153910e-01,9.779179810725552313e-02,1.091832416419805385e-01,1.261930010604453978e-01,8.530805687203792120e-02,1.233725976441413519e-01,8.508403361344538118e-02,9.196837286724926508e-02,1.274623406720741536e-01,1.149371800837598878e-01,2.515651678998292451e-01,1.051964512040557687e-01,1.413043478260869457e-01,1.494252873563218509e-01,1.202749140893470819e-01,9.767441860465116144e-02,1.903765690376569009e-01,1.002038043478260809e-01,1.175298804780876560e-01,0.000000000000000000e+00,1.281604184829991389e-01,1.328671328671328644e-01,1.145606954361999413e-01,5.059523809523809590e-02,2.801705756929637747e-01,1.167108753315649894e-01,8.991494532199270640e-02,8.749999999999999445e-02,6.540084388185654629e-02,8.921568627450980615e-02,1.514285714285714401e-01,1.291585127201565486e-01,1.360294117647058709e-01,1.213322759714512283e-01,8.831908831908831525e-02,1.079520213238560622e-01,1.107692307692307726e-01,1.135029354207436336e-01,1.221899927483683784e-01,1.003861003861003798e-01,8.069164265129682989e-02,9.180651530108588365e-02,1.264000000000000123e-01,2.150395778364116162e-01,7.861271676300578271e-02,8.461538461538462008e-02,1.325109430959013068e-01,2.495075508864084135e-01,8.983451536643026480e-02,9.734069242348218631e-02,1.357142857142857040e-01,1.034739454094292799e-01,1.029900332225913567e-01,1.674903898956617287e-01,1.036002939015429891e-01,7.336343115124153991e-02,1.592312971859986270e-01,1.024890190336749662e-01,1.505681818181818232e-01,6.610407876230661728e-02,1.101083032490974695e-01,0.000000000000000000e+00,1.793628808864266011e-01,8.564988730277986462e-02,1.729237770193401691e-01,1.288343558282208645e-01,1.264044943820224753e-01,2.274353876739562685e-01,1.121495327102803724e-01,1.291114383897889184e-01,1.420818944252590088e-01,9.302325581395348708e-02,1.058122205663189208e-01,1.513233601841196818e-01,9.382967873533910874e-02,8.444096950742767393e-02,9.876543209876542662e-02,1.191187453323375722e-01,1.356560415122312901e-01,1.043165467625899318e-01,8.571428571428571508e-02,0.000000000000000000e+00,1.010332950631458032e-01,0.000000000000000000e+00,8.510638297872340219e-02,1.338028169014084390e-01,8.884501480750246760e-02,9.458844929513415822e-02,1.924342105263157909e-01,2.106244175209692482e-01,1.927582534611288478e-01,1.221935958778063991e-01,9.005947323704333041e-02,1.358678716110937879e-01,9.945872801082543402e-02,1.277675276752767430e-01,1.081081081081081141e-01,1.258052292535051242e-01,1.438848920863309289e-01,1.426865671641791011e-01,1.113786875376279323e-01,2.733934611048478014e-01,2.394859813084112277e-01,8.523908523908524382e-02,0.000000000000000000e+00,1.583011583011582901e-01,0.000000000000000000e+00,2.375690607734806670e-01,2.526023594725884669e-01,2.200886262924667547e-01,7.032590051457976443e-02,1.077894736842105322e-01,1.745379876796714635e-01,2.311046511627906919e-01,1.789667896678966696e-01,9.820309235269536474e-02,9.252669039145906826e-02,1.078546307151230926e-01,1.037037037037037007e-01,0.000000000000000000e+00,1.179624664879356521e-01,0.000000000000000000e+00,0.000000000000000000e+00,2.566257272139624845e-01,1.922914019483269732e-01,1.323273360417875910e-01,1.465968586387434436e-01,2.531645569620253333e-01,1.400641960898745264e-01,1.914744933612858024e-01,1.585782638414217349e-01,1.984126984126984017e-01,9.969788519637462487e-02,1.082897684839432412e-01,2.549848942598187396e-01,2.164948453608247503e-01,1.491862567811934881e-01,1.223124701385570889e-01,7.824933687002652571e-02,0.000000000000000000e+00,1.343042071197410869e-01,0.000000000000000000e+00,1.036121673003802257e-01,1.077235772357723609e-01,1.253881987577639689e-01,0.000000000000000000e+00,0.000000000000000000e+00,4.892966360856269153e-02,1.463414634146341375e-01,3.072100313479623757e-01,1.430948419301164842e-01,1.128712871287128744e-01,1.370192307692307820e-01,1.184944237918215681e-01,9.266409266409265932e-02,1.296296296296296224e-01,2.656743346865133026e-01,1.168831168831168804e-01,8.810572687224670074e-02,2.412675549153762977e-01,8.445297504798464361e-02,0.000000000000000000e+00,7.189542483660130157e-02,1.259740259740259605e-01,0.000000000000000000e+00,1.268215833005120197e-01,8.040500297796307483e-02,8.775981524249422405e-02,1.047297297297297286e-01,8.342480790340285612e-02,8.338597599494630697e-02,0.000000000000000000e+00,1.000000000000000056e-01,1.152416356877323383e-01,1.187419768934531439e-01,1.198453608247422725e-01,2.091633466135458252e-01,1.514869888475836313e-01,2.175324675324675217e-01,1.908127208480565329e-01,2.227682227682227789e-01,1.116158338741077283e-01,0.000000000000000000e+00,9.395973154362416424e-02,1.555555555555555580e-01,1.319816373374139151e-01,1.044776119402985037e-01,1.274397244546498220e-01,2.665103556076592328e-01,1.166666666666666685e-01,1.047671840354767181e-01,0.000000000000000000e+00,6.969696969696970168e-02,0.000000000000000000e+00,0.000000000000000000e+00,7.222222222222221544e-02,2.476780185758513941e-01,1.256038647342995196e-01,1.297322253000923464e-01,0.000000000000000000e+00,2.210796915167095034e-01,0.000000000000000000e+00,8.907415533128565377e-02,1.105769230769230727e-01,8.414239482200647213e-02,1.194331983805668046e-01,0.000000000000000000e+00,0.000000000000000000e+00,1.161128974633797717e-01,1.007109004739336483e-01,1.197887715397443070e-01,7.292954264524104113e-02,1.384083044982699073e-01,1.049382716049382658e-01,1.271515824541921136e-01,1.319293899039950535e-01,1.525080906148867377e-01,8.506468051744413283e-02,9.523809523809523281e-02,2.139577594123048543e-01,1.233108108108108142e-01,1.663424124513618596e-01,1.012040351448096343e-01,1.127968337730870657e-01,0.000000000000000000e+00,2.463768115942029102e-01,1.050531914893617080e-01,1.341317365269460993e-01,8.993288590604027466e-02,1.307189542483660205e-01,0.000000000000000000e+00,8.522727272727272096e-02,2.366883116883116978e-01,1.483304042179261761e-01,0.000000000000000000e+00,1.474036850921273123e-01,0.000000000000000000e+00,0.000000000000000000e+00,8.783783783783784271e-02,0.000000000000000000e+00,1.099830795262267402e-01,1.086614173228346442e-01,1.030176899063475482e-01,1.122611464968152895e-01,1.232000000000000040e-01,1.321447299423177679e-01,9.509918319719953828e-02,1.056338028169014065e-01,1.745776347546258989e-01,1.375739644970414288e-01,1.331346249379036228e-01,2.271907681211683960e-01,1.097142857142857086e-01,1.269841269841269771e-01,0.000000000000000000e+00,5.555555555555555247e-02,2.068965517241379282e-01,1.532477635161415830e-01,1.159874608150470165e-01,1.177673874926943309e-01,1.218097447795823685e-01,1.081932773109243739e-01,8.597285067873303155e-02,0.000000000000000000e+00,1.190476190476190410e-01,0.000000000000000000e+00,9.420289855072463969e-02,1.279373368146214107e-01,1.380494505494505586e-01,1.211887302199922828e-01,1.128284389489953576e-01,0.000000000000000000e+00,8.955223880597014408e-02,1.155480033984706834e-01,9.426987060998151535e-02,8.152173913043478382e-02,1.020036429872495515e-01,1.217838765008576324e-01,1.148086522462562348e-01,1.040650406504065040e-01,1.197080291970802901e-01,9.475465313028764991e-02,1.131147540983606509e-01,1.052631578947368363e-01,1.140624999999999972e-01,1.252032520325203346e-01,1.290322580645161255e-01,1.284403669724770714e-01,1.137640449438202250e-01,1.080645161290322565e-01,1.237288135593220401e-01,1.291448516579406514e-01,1.201353637901861199e-01,1.232394366197183122e-01
1.562500000000000000e-01,1.373626373626373742e-01,3.243243243243243423e-01,3.544303797468354444e-01,1.147540983606557402e-01,3.265306122448979331e-01,0.000000000000000000e+00,0.000000000000000000e+00,0.000000000000000000e+00,4.090909090909091161e-01,3.200000000000000067e-01,3.162393162393162260e-01,3.913043478260869734e-01,0.000000000000000000e+00,1.000000000000000056e-01,2.222222222222222099e-01,4.084507042253521236e-01,1.256544502617800985e-01,2.195121951219512202e-01,4.285714285714285476e-01,2.105263157894736725e-01,0.000000000000000000e+00,1.118421052631578955e-01,1.578947368421052544e-01,1.190476190476190410e-01,0.000000000000000000e+00,1.666666666666666574e-01,1.515151515151515194e-01,2.201257861635220192e-01,1.538461538461538547e-01,1.578947368421052544e-01,1.219512195121951192e-01,1.343283582089552231e-01,1.666666666666666574e-01,1.578947368421052544e-01,1.824324324324324287e-01,4.523809523809523836e-01,2.018348623853211121e-01,2.542372881355932090e-01,1.975308641975308532e-01,3.076923076923077094e-01,1.685393258426966245e-01,3.243243243243243423e-01,1.208791208791208799e-01,1.451612903225806550e-01,0.000000000000000000e+00,1.856287425149700521e-01,1.428571428571428492e-01,1.372549019607843257e-01,0.000000000000000000e+00,3.546511627906976938e-01,1.250000000000000000e-01,1.136363636363636326e-01,2.187500000000000000e-01,1.000000000000000056e-01,1.754385964912280604e-01,2.068965517241379282e-01,1.395348837209302306e-01,1.818181818181818232e-01,1.772151898734177222e-01,3.571428571428571508e-01,1.000000000000000056e-01,1.296296296296296224e-01,1.111111111111111049e-01,1.549295774647887203e-01,1.612903225806451568e-01,1.392405063291139167e-01,1.923076923076923184e-01,2.307692307692307820e-01,3.181818181818181768e-01,1.056338028169014065e-01,1.199999999999999956e-01,2.108108108108108225e-01,4.259259259259259300e-01,8.910891089108910479e-02,2.571428571428571175e-01,3.703703703703703498e-02,1.096491228070175378e-01,1.395348837209302306e-01,2.027972027972027858e-01,1.629213483146067509e-01,8.888888888888889228e-02,1.749999999999999889e-01,1.086956521739130405e-01,1.807228915662650592e-01,1.304347826086956486e-01,1.157894736842105254e-01,0.000000000000000000e+00,2.592592592592592449e-01,1.086956521739130405e-01,3.548387096774193727e-01,2.727272727272727071e-01,1.322314049586776896e-01,3.666666666666666408e-01,2.380952380952380820e-01,1.550387596899224785e-01,1.625000000000000056e-01,5.405405405405405705e-02,1.304347826086956486e-01,1.666666666666666574e-01,1.470588235294117696e-01,1.232876712328767055e-01,1.147540983606557402e-01,2.550335570469798863e-01,2.324324324324324453e-01,1.538461538461538547e-01,1.000000000000000056e-01,0.000000000000000000e+00,1.777777777777777846e-01,0.000000000000000000e+00,1.052631578947368363e-01,1.061224489795918324e-01,9.890109890109889668e-02,1.751824817518248256e-01,3.647058823529411575e-01,4.516129032258064391e-01,3.866666666666666585e-01,1.911111111111111205e-01,9.638554216867470381e-02,2.333333333333333370e-01,1.287128712871287162e-01,2.026143790849673221e-01,9.090909090909091161e-02,1.602209944751381288e-01,3.333333333333333148e-01,2.230215827338129508e-01,1.696428571428571508e-01,3.586206896551724088e-01,3.080808080808080662e-01,1.842105263157894635e-01,0.000000000000000000e+00,2.571428571428571175e-01,0.000000000000000000e+00,3.581081081081081141e-01,3.253968253968254065e-01,6.250000000000000000e-01,1.190476190476190410e-01,1.466666666666666674e-01,4.193548387096774355e-01,3.026315789473684181e-01,3.207547169811320598e-01,1.788079470198675469e-01,1.515151515151515194e-01,2.666666666666666630e-01,8.000000000000000167e-02,0.000000000000000000e+00,2.592592592592592449e-01,0.000000000000000000e+00,0.000000000000000000e+00,4.000000000000000222e-01,4.266666666666666941e-01,2.542372881355932090e-01,7.407407407407406996e-02,4.000000000000000222e-01,1.966527196652719800e-01,4.218750000000000000e-01,1.818181818181818232e-01,4.193548387096774355e-01,9.523809523809523281e-02,2.159090909090909116e-01,3.785714285714285587e-01,4.776119402985074536e-01,2.461538461538461675e-01,1.677852348993288667e-01,1.351351351351351426e-01,0.000000000000000000e+00,1.521739130434782705e-01,0.000000000000000000e+00,2.535211267605633756e-01,1.923076923076923184e-01,1.530612244897959218e-01,0.000000000000000000e+00,0.000000000000000000e+00,1.304347826086956486e-01,2.452830188679245293e-01,4.242424242424242542e-01,2.035928143712574800e-01,1.387559808612440215e-01,5.714285714285714107e-02,1.712328767123287576e-01,1.578947368421052544e-01,2.666666666666666630e-01,4.013157894736842368e-01,4.545454545454545303e-01,1.851851851851851749e-01,4.090909090909091161e-01,1.199999999999999956e-01,0.000000000000000000e+00,4.285714285714285476e-01,2.978723404255319007e-01,0.000000000000000000e+00,1.965317919075144637e-01,8.247422680412370977e-02,1.666666666666666574e-01,1.898734177215190000e-01,1.008403361344537841e-01,2.298850574712643646e-01,0.000000000000000000e+00,1.904761904761904656e-01,2.857142857142856984e-01,7.142857142857142461e-02,1.481481481481481399e-01,3.046875000000000000e-01,1.785714285714285754e-01,4.137931034482758563e-01,5.833333333333333703e-01,3.636363636363636465e-01,1.173708920187793436e-01,0.000000000000000000e+00,1.333333333333333315e-01,1.794871794871794879e-01,1.377777777777777768e-01,1.481481481481481399e-01,1.250000000000000000e-01,3.080568720379147085e-01,3.333333333333333287e-02,9.523809523809523281e-02,0.000000000000000000e+00,9.090909090909091161e-02,0.000000000000000000e+00,0.000000000000000000e+00,1.250000000000000000e-01,3.037974683544303889e-01,2.258064516129032195e-01,1.940298507462686617e-01,0.000000000000000000e+00,4.354838709677419373e-01,0.000000000000000000e+00,1.895424836601307117e-01,1.228070175438596423e-01,6.060606060606060774e-02,3.076923076923077094e-01,0.000000000000000000e+00,0.000000000000000000e+00,2.380952380952380820e-01,1.886792452830188815e-01,2.142857142857142738e-01,1.666666666666666574e-01,2.242990654205607448e-01,2.033898305084745894e-01,2.269503546099290725e-01,1.571428571428571397e-01,2.031250000000000000e-01,1.347517730496453903e-01,1.875000000000000000e-01,4.560000000000000164e-01,1.818181818181818232e-01,2.209302325581395388e-01,2.056074766355140138e-01,1.485148514851485080e-01,0.000000000000000000e+00,1.666666666666666574e-01,1.960784313725490169e-01,1.711711711711711714e-01,1.454545454545454475e-01,2.727272727272727071e-01,0.000000000000000000e+00,1.718750000000000000e-01,3.404255319148936088e-01,2.463768115942029102e-01,0.000000000000000000e+00,1.458333333333333426e-01,0.000000000000000000e+00,0.000000000000000000e+00,1.333333333333333315e-01,0.000000000000000000e+00,1.250000000000000000e-01,1.031746031746031689e-01,9.259259259259258745e-02,1.521739130434782705e-01,1.157894736842105254e-01,1.111111111111111049e-01,1.727272727272727293e-01,1.551724137931034531e-01,3.035714285714285476e-01,1.799999999999999933e-01,1.885245901639344135e-01,3.499999999999999778e-01,1.666666666666666574e-01,1.914893617021276584e-01,0.000000000000000000e+00,0.000000000000000000e+00,5.161290322580645018e-01,1.875000000000000000e-01,2.096774193548387177e-01,1.848341232227488085e-01,2.407407407407407274e-01,2.321428571428571508e-01,2.000000000000000111e-01,0.000000000000000000e+00,2.999999999999999889e-01,0.000000000000000000e+00,1.546391752577319645e-01,2.777777777777777901e-01,1.176470588235294101e-01,1.296296296296296224e-01,1.527777777777777901e-01,0.000000000000000000e+00,1.666666666666666574e-01,1.250000000000000000e-01,2.500000000000000000e-01,1.777777777777777846e-01,2.045454545454545581e-01,1.818181818181818232e-01,2.000000000000000111e-01,2.444444444444444364e-01,2.835820895522387919e-01,1.964285714285714246e-01,2.258064516129032195e-01,1.860465116279069742e-01,1.923076923076923184e-01,1.400000000000000133e-01,1.428571428571428492e-01,2.456140350877192846e-01,2.089552238805970075e-01,2.115384615384615363e-01,2.765957446808510745e-01,2.790697674418604612e-01,2.923076923076923239e-01,1.272727272727272596e-01
5.555555555555555802e-01,8.979591836734693855e-01,4.285714285714285476e-01,2.222222222222222099e-01,6.666666666666666297e-01,6.153846153846154188e-01,0.000000000000000000e+00,0.000000000000000000e+00,0.000000000000000000e+00,2.500000000000000000e-01,3.636363636363636465e-01,4.230769230769230727e-01,5.000000000000000000e-01,0.000000000000000000e+00,7.500000000000000000e-01,6.250000000000000000e-01,3.409090909090908839e-01,4.833333333333333370e-01,6.666666666666666297e-01,4.000000000000000222e-01,5.000000000000000000e-01,0.000000000000000000e+00,6.590909090909090606e-01,4.509803921568627527e-01,8.000000000000000444e-01,0.000000000000000000e+00,5.555555555555555802e-01,5.999999999999999778e-01,9.259259259259259300e-01,5.833333333333333703e-01,2.500000000000000000e-01,4.864864864864865135e-01,6.086956521739130821e-01,5.142857142857142350e-01,4.920634920634920362e-01,7.464788732394366244e-01,3.870967741935483764e-01,5.263157894736841813e-01,6.153846153846154188e-01,5.000000000000000000e-01,0.000000000000000000e+00,8.095238095238095344e-01,3.636363636363636465e-01,7.179487179487179516e-01,5.333333333333333259e-01,0.000000000000000000e+00,7.945205479452054353e-01,5.999999999999999778e-01,6.304347826086956763e-01,1.000000000000000000e+00,4.705882352941176405e-01,1.000000000000000000e+00,2.000000000000000111e-01,1.000000000000000000e+00,7.142857142857143016e-01,4.444444444444444198e-01,2.222222222222222099e-01,5.999999999999999778e-01,3.333333333333333148e-01,6.315789473684210176e-01,1.000000000000000000e+00,4.888888888888888729e-01,4.210526315789473450e-01,2.999999999999999889e-01,4.799999999999999822e-01,1.000000000000000000e+00,9.615384615384615641e-01,9.523809523809523281e-01,6.470588235294117974e-01,7.500000000000000000e-01,4.814814814814814548e-01,7.391304347826086474e-01,5.192307692307692735e-01,3.125000000000000000e-01,4.062500000000000000e-01,9.722222222222222099e-01,1.000000000000000000e+00,5.373134328358208922e-01,8.148148148148147696e-01,4.347826086956521618e-01,4.444444444444444198e-01,6.666666666666666297e-01,5.200000000000000178e-01,6.666666666666666297e-01,4.814814814814814548e-01,1.000000000000000000e+00,9.166666666666666297e-01,0.000000000000000000e+00,3.461538461538461453e-01,3.888888888888888951e-01,5.999999999999999778e-01,5.555555555555555802e-01,4.827586206896551935e-01,4.285714285714285476e-01,4.285714285714285476e-01,3.750000000000000000e-01,5.000000000000000000e-01,4.285714285714285476e-01,7.500000000000000000e-01,4.390243902439024404e-01,4.102564102564102422e-01,5.714285714285713969e-01,5.625000000000000000e-01,9.206349206349205838e-01,9.242424242424241987e-01,1.000000000000000000e+00,8.000000000000000444e-01,0.000000000000000000e+00,3.333333333333333148e-01,0.000000000000000000e+00,1.000000000000000000e+00,5.789473684210526550e-01,8.888888888888888395e-01,9.107142857142856984e-01,5.789473684210526550e-01,9.090909090909090606e-01,2.000000000000000111e-01,6.190476190476190688e-01,6.521739130434782705e-01,5.600000000000000533e-01,5.000000000000000000e-01,8.727272727272726849e-01,5.999999999999999778e-01,4.864864864864865135e-01,5.000000000000000000e-01,5.217391304347825942e-01,7.714285714285714635e-01,4.516129032258064391e-01,5.818181818181817899e-01,5.000000000000000000e-01,0.000000000000000000e+00,7.500000000000000000e-01,0.000000000000000000e+00,6.764705882352941568e-01,4.920634920634920362e-01,6.999999999999999556e-01,1.000000000000000000e+00,7.846153846153846034e-01,2.500000000000000000e-01,6.999999999999999556e-01,3.333333333333333148e-01,5.000000000000000000e-01,1.000000000000000000e+00,9.375000000000000000e-01,8.000000000000000444e-01,0.000000000000000000e+00,5.000000000000000000e-01,0.000000000000000000e+00,0.000000000000000000e+00,4.062500000000000000e-01,3.250000000000000111e-01,5.000000000000000000e-01,7.777777777777777901e-01,6.666666666666666297e-01,5.576923076923077094e-01,5.000000000000000000e-01,2.999999999999999889e-01,4.000000000000000222e-01,8.571428571428570953e-01,6.363636363636363535e-01,5.555555555555555802e-01,5.000000000000000000e-01,4.090909090909091161e-01,4.047619047619047672e-01,4.500000000000000111e-01,0.000000000000000000e+00,3.333333333333333148e-01,0.000000000000000000e+00,7.142857142857143016e-01,6.666666666666666297e-01,5.625000000000000000e-01,0.000000000000000000e+00,0.000000000000000000e+00,1.000000000000000000e+00,2.500000000000000000e-01,6.500000000000000222e-01,6.097560975609755962e-01,6.078431372549019107e-01,5.000000000000000000e-01,9.361702127659574657e-01,7.500000000000000000e-01,3.333333333333333148e-01,5.999999999999999778e-01,8.000000000000000444e-01,7.142857142857143016e-01,4.500000000000000111e-01,3.333333333333333148e-01,0.000000000000000000e+00,5.000000000000000000e-01,4.285714285714285476e-01,0.000000000000000000e+00,4.871794871794871695e-01,3.809523809523809312e-01,4.000000000000000222e-01,5.999999999999999778e-01,5.428571428571428159e-01,5.263157894736841813e-01,0.000000000000000000e+00,5.882352941176470784e-01,5.000000000000000000e-01,7.407407407407406996e-01,6.250000000000000000e-01,4.400000000000000022e-01,6.363636363636363535e-01,5.000000000000000000e-01,3.750000000000000000e-01,3.582089552238805763e-01,5.531914893617021489e-01,0.000000000000000000e+00,6.538461538461538547e-01,4.615384615384615641e-01,4.259259259259259300e-01,5.000000000000000000e-01,1.000000000000000000e+00,4.358974358974359031e-01,3.750000000000000000e-01,4.722222222222222099e-01,0.000000000000000000e+00,1.000000000000000000e+00,0.000000000000000000e+00,0.000000000000000000e+00,7.500000000000000000e-01,5.000000000000000000e-01,8.571428571428570953e-01,5.777777777777777235e-01,0.000000000000000000e+00,5.000000000000000000e-01,0.000000000000000000e+00,9.111111111111110938e-01,1.000000000000000000e+00,6.153846153846154188e-01,8.000000000000000444e-01,0.000000000000000000e+00,0.000000000000000000e+00,5.999999999999999778e-01,5.789473684210526550e-01,3.636363636363636465e-01,3.103448275862069061e-01,5.999999999999999778e-01,5.000000000000000000e-01,7.826086956521739468e-01,5.400000000000000355e-01,5.000000000000000000e-01,9.473684210526315264e-01,8.571428571428570953e-01,3.157894736842105088e-01,5.555555555555555802e-01,7.142857142857143016e-01,5.625000000000000000e-01,5.000000000000000000e-01,0.000000000000000000e+00,5.000000000000000000e-01,6.363636363636363535e-01,8.604651162790697416e-01,5.000000000000000000e-01,5.555555555555555802e-01,0.000000000000000000e+00,5.000000000000000000e-01,4.693877551020408379e-01,5.483870967741935054e-01,0.000000000000000000e+00,9.090909090909090606e-01,0.000000000000000000e+00,0.000000000000000000e+00,4.444444444444444198e-01,0.000000000000000000e+00,6.666666666666666297e-01,6.285714285714285587e-01,9.411764705882352811e-01,8.965517241379310498e-01,9.411764705882352811e-01,5.370370370370370905e-01,9.024390243902439268e-01,5.531914893617021489e-01,3.499999999999999778e-01,8.333333333333333703e-01,8.979591836734693855e-01,3.599999999999999867e-01,5.862068965517240882e-01,4.883720930232557933e-01,0.000000000000000000e+00,8.750000000000000000e-01,4.285714285714285476e-01,2.765957446808510745e-01,4.444444444444444198e-01,8.399999999999999689e-01,5.833333333333333703e-01,6.999999999999999556e-01,0.000000000000000000e+00,0.000000000000000000e+00,0.000000000000000000e+00,0.000000000000000000e+00,8.846153846153845812e-01,8.571428571428570953e-01,5.945945945945946276e-01,5.208333333333333703e-01,6.600000000000000311e-01,0.000000000000000000e+00,2.000000000000000111e-01,4.347826086956521618e-01,5.000000000000000000e-01,5.999999999999999778e-01,5.714285714285713969e-01,5.333333333333333259e-01,5.333333333333333259e-01,7.692307692307692735e-01,5.833333333333333703e-01,4.210526315789473450e-01,6.666666666666666297e-01,6.153846153846154188e-01,7.500000000000000000e-01,7.777777777777777901e-01,6.999999999999999556e-01,7.500000000000000000e-01,6.666666666666666297e-01,5.714285714285713969e-01,5.500000000000000444e-01,5.384615384615384359e-01,4.285714285714285476e-01,7.333333333333332815e-01
1.032219570405727982e-01,2.172344689378757632e-01,1.125703564727954936e-01,6.608280254777069984e-02,1.031446540880503193e-01,8.669656203288490792e-02,0.000000000000000000e+00,0.000000000000000000e+00,0.000000000000000000e+00,1.021126760563380309e-01,6.989853438556933862e-02,1.184210526315789408e-01,8.333333333333332871e-02,0.000000000000000000e+00,1.264559068219633930e-01,1.022727272727272790e-01,9.061338289962825310e-02,1.007987828071510022e-01,1.662049861495844827e-01,8.365019011406843452e-02,1.034482758620689641e-01,0.000000000000000000e+00,1.064437194127243053e-01,9.535972754363558623e-02,1.546762589928057652e-01,0.000000000000000000e+00,1.001642036124794771e-01,9.878419452887537977e-02,2.192632046160674641e-01,1.157432803071859612e-01,6.565656565656566301e-02,1.194659170765987322e-01,1.942148760330578428e-01,1.026928343222272971e-01,1.183285064129085684e-01,2.190954773869346617e-01,9.520682862770847577e-02,8.018867924528301494e-02,1.229235880398671099e-01,9.146608315098468667e-02,5.185185185185185036e-02,1.470327723649247076e-01,7.051282051282051211e-02,1.056362991846862831e-01,1.109925293489861242e-01,0.000000000000000000e+00,1.859925788497217014e-01,1.169590643274853736e-01,9.937018894331700603e-02,1.939393939393939392e-01,9.633911368015414534e-02,6.191950464396284853e-02,9.047044632086852223e-02,1.766917293233082609e-01,8.733624454148471161e-02,9.154113557358053987e-02,1.230769230769230838e-01,1.151515151515151575e-01,8.988764044943819975e-02,9.585702680747359983e-02,2.291021671826625472e-01,1.019607843137254888e-01,1.094073767094902588e-01,7.032967032967032961e-02,9.118773946360153593e-02,2.536997885835095001e-01,1.821036106750392458e-01,2.381974248927038740e-01,1.190082644628099179e-01,1.061946902654867242e-01,7.712418300653595127e-02,7.555089192025184197e-02,9.961848240779991315e-02,7.100591715976331542e-02,8.256315465187923086e-02,1.945304437564499556e-01,1.194029850746268634e-01,9.836956521739130543e-02,2.201309328968903412e-01,7.324276432368576062e-02,9.926470588235293546e-02,8.523409363745498846e-02,1.023809523809523780e-01,7.705192629815744987e-02,1.368584758942457125e-01,2.159624413145539990e-01,2.182410423452768866e-01,0.000000000000000000e+00,7.364620938628159419e-02,1.001712328767123267e-01,1.008610086100860948e-01,1.184919210053859973e-01,1.040462427745664775e-01,8.943089430894309022e-02,1.063829787234042562e-01,9.196675900277008486e-02,1.105263157894736809e-01,1.014344262295081983e-01,8.441558441558441594e-02,1.274804570054119124e-01,8.685714285714285499e-02,1.130434782608695649e-01,7.629107981220657753e-02,2.492997198879551846e-01,2.301310043668122196e-01,2.282608695652173780e-01,1.026392961876832904e-01,0.000000000000000000e+00,7.025761124121779333e-02,0.000000000000000000e+00,7.588075880758807235e-02,1.028391167192428957e-01,2.330905306971904345e-01,2.416440831074977424e-01,7.534883720930232731e-02,1.869918699186991773e-01,7.483731019522776862e-02,1.041181041181041128e-01,1.529745042492917928e-01,9.221244705115673457e-02,9.176300578034682354e-02,2.494918699186991773e-01,7.090464547677260976e-02,1.002358490566037791e-01,1.051136363636363674e-01,1.082089552238805902e-01,2.136862491930277552e-01,1.369606003752345258e-01,1.127787307032590003e-01,6.786427145708583131e-02,0.000000000000000000e+00,1.156186612576064893e-01,0.000000000000000000e+00,1.150971599402092621e-01,1.144414168937329668e-01,7.336523125996810557e-02,1.963927855711422865e-01,2.634949679780420606e-01,1.184573002754820970e-01,1.103395061728395105e-01,6.866197183098592116e-02,6.910387873383860846e-02,2.151300236406619437e-01,2.087499999999999911e-01,9.756097560975610095e-02,0.000000000000000000e+00,8.695652173913043237e-02,0.000000000000000000e+00,0.000000000000000000e+00,1.181262729124236271e-01,8.253358925143954028e-02,9.523809523809523281e-02,1.267217630853994526e-01,1.116389548693586670e-01,1.189801699716713929e-01,1.267723102585487926e-01,7.358636715724244104e-02,1.128668171557562078e-01,9.375000000000000000e-02,1.014873140857392858e-01,1.040061633281972320e-01,9.759358288770053624e-02,1.002921129503407949e-01,9.233261339092872777e-02,9.469153515064562820e-02,0.000000000000000000e+00,1.277777777777777679e-01,0.000000000000000000e+00,6.957424714434060076e-02,8.823529411764706454e-02,1.078856152512998323e-01,0.000000000000000000e+00,0.000000000000000000e+00,1.058020477815699717e-01,9.249999999999999889e-02,9.989023051591656988e-02,1.121635094715852377e-01,1.044589959463673168e-01,1.133501259445843790e-01,2.308420056764427519e-01,8.712121212121212710e-02,7.392996108949416445e-02,1.163026917216861411e-01,1.532258064516129059e-01,6.896551724137930939e-02,9.757118927973199018e-02,7.415730337078652035e-02,0.000000000000000000e+00,1.124620060790273574e-01,6.647398843930635293e-02,0.000000000000000000e+00,1.206675224646983346e-01,9.246358454718175968e-02,6.487695749440715309e-02,1.004115226337448513e-01,6.536346976175931578e-02,9.237228831350595415e-02,0.000000000000000000e+00,1.081654294803817556e-01,9.785522788203752931e-02,1.023054755043227709e-01,1.028806584362139953e-01,5.618729096989966837e-02,1.117886178861788593e-01,9.442060085836910532e-02,6.333333333333333870e-02,7.963839862247094892e-02,9.164897381457891290e-02,0.000000000000000000e+00,8.671065032987747279e-02,1.290801186943620060e-01,1.084581141238365048e-01,5.995203836930455832e-02,1.153374233128834359e-01,1.107236268526591155e-01,6.434316353887399587e-02,9.744931327665140586e-02,0.000000000000000000e+00,1.939393939393939392e-01,0.000000000000000000e+00,0.000000000000000000e+00,1.771428571428571297e-01,8.805668016194331815e-02,1.105527638190954842e-01,9.670886075949367000e-02,0.000000000000000000e+00,6.980273141122914082e-02,0.000000000000000000e+00,2.153635116598079657e-01,2.125786163522012662e-01,7.357859531772575901e-02,1.032388663967611364e-01,0.000000000000000000e+00,0.000000000000000000e+00,8.615263571990558478e-02,8.906882591093116808e-02,7.386363636363636742e-02,6.288032454361054679e-02,1.019149626744563497e-01,9.651162790697674632e-02,1.618067467124070791e-01,9.254766031195840736e-02,1.083521444695259572e-01,2.157809983896940287e-01,1.487804878048780421e-01,9.541778975741239954e-02,1.331058020477815795e-01,1.491416309012875419e-01,7.429846938775509779e-02,8.982035928143712600e-02,0.000000000000000000e+00,1.605633802816901490e-01,1.090651558073654354e-01,2.529488859764089104e-01,8.068783068783068335e-02,9.160305343511450371e-02,0.000000000000000000e+00,7.862407862407862214e-02,9.266995822255981452e-02,1.020864381520119185e-01,0.000000000000000000e+00,2.227979274611398830e-01,0.000000000000000000e+00,0.000000000000000000e+00,8.361204013377926403e-02,0.000000000000000000e+00,7.831325301204819511e-02,9.278350515463917869e-02,2.549668874172185684e-01,1.278065630397236530e-01,1.068840579710144956e-01,1.008303677342823196e-01,2.462372065021071754e-01,1.084801762114537410e-01,9.369676320272572745e-02,9.951845906902086203e-02,2.225789192081326917e-01,1.007104053489343981e-01,1.006250000000000061e-01,1.196047841913676496e-01,0.000000000000000000e+00,1.056910569105691117e-01,6.424581005586592342e-02,7.576953433307025143e-02,6.408839779005524873e-02,2.478713339640492008e-01,1.008939974457215838e-01,7.476635514018691031e-02,3.517587939698492427e-02,0.000000000000000000e+00,1.065088757396449731e-01,0.000000000000000000e+00,1.991182953710506909e-01,1.954674220963172893e-01,1.089792785878741371e-01,9.665427509293680886e-02,9.810254339927330924e-02,0.000000000000000000e+00,6.756756756756757132e-02,9.388839681133746840e-02,9.904761904761905100e-02,1.111111111111111049e-01,1.000000000000000056e-01,1.037924151696606734e-01,1.071428571428571369e-01,1.089494163424124529e-01,8.277027027027027140e-02,1.013986013986013929e-01,1.043165467625899318e-01,9.390444810543657761e-02,1.076158940397350938e-01,9.151414309484193210e-02,8.717948717948717507e-02,9.631147540983606148e-02,1.208406304728546349e-01,1.151315789473684181e-01,1.285444234404536923e-01,9.596928982725527746e-02,8.761904761904762418e-02,9.760589318600368380e-02
4.000000000000000222e-01,4.878048780487804770e-01,7.272727272727272929e-01,7.500000000000000000e-01,5.000000000000000000e-01,9.375000000000000000e-01,0.000000000000000000e+00,0.000000000000000000e+00,0.000000000000000000e+00,1.000000000000000000e+00,8.499999999999999778e-01,8.181818181818182323e-01,1.000000000000000000e+00,0.000000000000000000e+00,6.666666666666666297e-01,5.000000000000000000e-01,8.301886792452830566e-01,3.750000000000000000e-01,5.454545454545454142e-01,6.666666666666666297e-01,1.000000000000000000e+00,0.000000000000000000e+00,3.617021276595744905e-01,4.193548387096774355e-01,2.000000000000000111e-01,0.000000000000000000e+00,2.000000000000000111e-01,3.750000000000000000e-01,5.000000000000000000e-01,4.400000000000000022e-01,3.333333333333333148e-01,4.857142857142857095e-01,3.333333333333333148e-01,3.846153846153846367e-01,5.079365079365079083e-01,4.324324324324324564e-01,8.048780487804878536e-01,4.074074074074073848e-01,7.647058823529411242e-01,7.333333333333332815e-01,3.333333333333333148e-01,2.666666666666666630e-01,8.571428571428570953e-01,4.523809523809523836e-01,6.153846153846154188e-01,0.000000000000000000e+00,4.249999999999999889e-01,3.333333333333333148e-01,5.813953488372093359e-01,5.000000000000000000e-01,8.297872340425531679e-01,5.999999999999999778e-01,4.166666666666666852e-01,4.000000000000000222e-01,5.000000000000000000e-01,4.000000000000000222e-01,1.666666666666666574e-01,5.454545454545454142e-01,5.555555555555555802e-01,3.636363636363636465e-01,5.000000000000000000e-01,3.181818181818181768e-01,3.333333333333333148e-01,5.999999999999999778e-01,5.106382978723403854e-01,3.750000000000000000e-01,2.142857142857142738e-01,2.999999999999999889e-01,5.555555555555555802e-01,6.666666666666666297e-01,5.172413793103448620e-01,3.125000000000000000e-01,5.416666666666666297e-01,9.393939393939394478e-01,3.750000000000000000e-01,2.812500000000000000e-01,0.000000000000000000e+00,4.696969696969697239e-01,1.904761904761904656e-01,5.945945945945946276e-01,4.042553191489361430e-01,4.545454545454545303e-01,8.333333333333333703e-01,5.000000000000000000e-01,6.250000000000000000e-01,4.444444444444444198e-01,5.000000000000000000e-01,0.000000000000000000e+00,6.923076923076922906e-01,5.925925925925925597e-01,7.142857142857143016e-01,5.500000000000000444e-01,4.000000000000000222e-01,9.183673469387755306e-01,2.500000000000000000e-01,4.848484848484848619e-01,5.714285714285713969e-01,6.190476190476190688e-01,5.454545454545454142e-01,4.047619047619047672e-01,4.000000000000000222e-01,4.090909090909091161e-01,4.736842105263157632e-01,5.319148936170212671e-01,4.576271186440677985e-01,0.000000000000000000e+00,4.000000000000000222e-01,0.000000000000000000e+00,5.384615384615384359e-01,0.000000000000000000e+00,5.000000000000000000e-01,4.590163934426229608e-01,6.999999999999999556e-01,4.500000000000000111e-01,9.354838709677418818e-01,6.666666666666666297e-01,8.260869565217391353e-01,4.888888888888888729e-01,3.043478260869565410e-01,5.671641791044775838e-01,3.333333333333333148e-01,3.846153846153846367e-01,5.000000000000000000e-01,5.263157894736841813e-01,8.888888888888888395e-01,5.918367346938775420e-01,4.062500000000000000e-01,8.974358974358974672e-01,7.457627118644067910e-01,5.454545454545454142e-01,0.000000000000000000e+00,5.833333333333333703e-01,0.000000000000000000e+00,7.407407407407406996e-01,8.026315789473684736e-01,8.750000000000000000e-01,4.444444444444444198e-01,5.161290322580645018e-01,9.090909090909090606e-01,6.857142857142857206e-01,7.142857142857143016e-01,4.333333333333333481e-01,1.428571428571428492e-01,2.307692307692307820e-01,1.000000000000000000e+00,0.000000000000000000e+00,5.555555555555555802e-01,0.000000000000000000e+00,0.000000000000000000e+00,7.804878048780488076e-01,8.333333333333333703e-01,1.851851851851851749e-01,7.500000000000000000e-01,8.000000000000000444e-01,5.438596491228070429e-01,7.199999999999999734e-01,5.588235294117647189e-01,8.750000000000000000e-01,0.000000000000000000e+00,6.818181818181817677e-01,7.941176470588234837e-01,7.777777777777777901e-01,6.363636363636363535e-01,3.783783783783783994e-01,2.999999999999999889e-01,0.000000000000000000e+00,5.000000000000000000e-01,0.000000000000000000e+00,3.333333333333333148e-01,1.111111111111111049e-01,4.754098360655737432e-01,0.000000000000000000e+00,0.000000000000000000e+00,2.500000000000000000e-01,2.666666666666666630e-01,8.000000000000000444e-01,6.216216216216216006e-01,4.545454545454545303e-01,7.692307692307692735e-01,4.791666666666666852e-01,8.571428571428570953e-01,7.500000000000000000e-01,8.399999999999999689e-01,7.500000000000000000e-01,1.666666666666666574e-01,8.545454545454544970e-01,6.666666666666666297e-01,0.000000000000000000e+00,2.500000000000000000e-01,6.250000000000000000e-01,0.000000000000000000e+00,4.528301886792452935e-01,6.206896551724138122e-01,5.000000000000000000e-01,1.818181818181818232e-01,4.166666666666666852e-01,4.444444444444444198e-01,0.000000000000000000e+00,3.571428571428571508e-01,1.000000000000000056e-01,5.000000000000000000e-01,5.333333333333333259e-01,7.142857142857143016e-01,6.400000000000000133e-01,8.333333333333333703e-01,5.000000000000000000e-01,7.702702702702702853e-01,4.799999999999999822e-01,0.000000000000000000e+00,4.736842105263157632e-01,7.333333333333332815e-01,4.468085106382978511e-01,0.000000000000000000e+00,5.000000000000000000e-01,7.575757575757575690e-01,8.000000000000000444e-01,2.500000000000000000e-01,0.000000000000000000e+00,2.500000000000000000e-01,0.000000000000000000e+00,0.000000000000000000e+00,5.000000000000000000e-01,7.857142857142856984e-01,6.363636363636363535e-01,4.909090909090909061e-01,0.000000000000000000e+00,7.647058823529411242e-01,0.000000000000000000e+00,4.000000000000000222e-01,5.294117647058823595e-01,2.857142857142856984e-01,6.999999999999999556e-01,0.000000000000000000e+00,0.000000000000000000e+00,4.878048780487804770e-01,5.384615384615384359e-01,5.400000000000000355e-01,3.142857142857142794e-01,3.720930232558139483e-01,8.000000000000000444e-01,3.658536585365853577e-01,4.888888888888888729e-01,4.927536231884058204e-01,5.000000000000000000e-01,3.333333333333333148e-01,7.333333333333332815e-01,3.888888888888888951e-01,7.199999999999999734e-01,5.952380952380952328e-01,5.000000000000000000e-01,0.000000000000000000e+00,1.000000000000000000e+00,5.555555555555555802e-01,4.054054054054054279e-01,4.545454545454545303e-01,4.285714285714285476e-01,0.000000000000000000e+00,5.000000000000000000e-01,7.659574468085106336e-01,5.172413793103448620e-01,0.000000000000000000e+00,5.999999999999999778e-01,0.000000000000000000e+00,0.000000000000000000e+00,0.000000000000000000e+00,0.000000000000000000e+00,8.750000000000000000e-01,5.833333333333333703e-01,1.111111111111111049e-01,3.750000000000000000e-01,6.250000000000000000e-01,4.062500000000000000e-01,3.703703703703703498e-01,5.172413793103448620e-01,7.727272727272727071e-01,5.555555555555555802e-01,3.541666666666666852e-01,7.540983606557376540e-01,4.117647058823529216e-01,3.488372093023255904e-01,0.000000000000000000e+00,2.500000000000000000e-01,1.000000000000000000e+00,4.222222222222222210e-01,3.333333333333333148e-01,5.245901639344262568e-01,4.166666666666666852e-01,4.444444444444444198e-01,5.000000000000000000e-01,0.000000000000000000e+00,1.000000000000000000e+00,0.000000000000000000e+00,3.684210526315789269e-01,3.333333333333333148e-01,5.555555555555555802e-01,4.482758620689655249e-01,4.482758620689655249e-01,0.000000000000000000e+00,5.999999999999999778e-01,5.000000000000000000e-01,3.333333333333333148e-01,3.636363636363636465e-01,4.761904761904761640e-01,5.000000000000000000e-01,4.705882352941176405e-01,6.250000000000000000e-01,5.333333333333333259e-01,6.875000000000000000e-01,5.882352941176470784e-01,6.111111111111111605e-01,3.750000000000000000e-01,5.384615384615384359e-01,3.333333333333333148e-01,4.000000000000000222e-01,6.470588235294117974e-01,4.444444444444444198e-01,4.000000000000000222e-01,6.111111111111111605e-01,4.666666666666666741e-01,6.250000000000000000e-01
1.614678899082568897e-01,1.122580645161290330e-01,3.437500000000000000e-01,2.170329670329670391e-01,1.004366812227074218e-01,2.535211267605633756e-01,0.000000000000000000e+00,0.000000000000000000e+00,0.000000000000000000e+00,2.297297297297297425e-01,4.217877094972067309e-01,3.308641975308642125e-01,2.045454545454545581e-01,0.000000000000000000e+00,1.105263157894736809e-01,1.896551724137930939e-01,2.944297082228116702e-01,1.018404907975460072e-01,1.964285714285714246e-01,2.197802197802197766e-01,1.117647058823529466e-01,0.000000000000000000e+00,9.632446134347275035e-02,1.199999999999999956e-01,8.108108108108108558e-02,0.000000000000000000e+00,1.729729729729729826e-01,1.656441717791410917e-01,1.111111111111111049e-01,1.199999999999999956e-01,8.620689655172414367e-02,1.023965141612200452e-01,6.849315068493150305e-02,8.636363636363636465e-02,1.028806584362139953e-01,1.047463175122749640e-01,3.107142857142857206e-01,1.032110091743119323e-01,2.020547945205479479e-01,1.736770691994572458e-01,1.309523809523809590e-01,1.019108280254777121e-01,2.537313432835821003e-01,8.897243107769423065e-02,1.278688524590163855e-01,0.000000000000000000e+00,1.292834890965731953e-01,2.631578947368420907e-01,1.254480286738351158e-01,1.363636363636363535e-01,3.619047619047618958e-01,1.134020618556701027e-01,1.275862068965517293e-01,7.027027027027027417e-02,1.496598639455782309e-01,9.235668789808916535e-02,2.054794520547945091e-01,2.013422818791946178e-01,1.742160278745644719e-01,1.656976744186046402e-01,9.821428571428571230e-02,9.878213802435724389e-02,8.419689119170983838e-02,1.045751633986928136e-01,1.458852867830423838e-01,1.472868217054263684e-01,1.053984575835475584e-01,1.026615969581749083e-01,1.193181818181818232e-01,1.534653465346534629e-01,1.210013908205841426e-01,1.090342679127725839e-01,1.543715846994535568e-01,3.382352941176470784e-01,8.086785009861932605e-02,1.065449010654490047e-01,1.923076923076923184e-01,1.028999064546304992e-01,9.657320872274142987e-02,2.408026755852842871e-01,8.138101109741061046e-02,1.115107913669064754e-01,2.010869565217391353e-01,1.422018348623853290e-01,2.271604938271604979e-01,7.317073170731706877e-02,1.144164759725400521e-01,0.000000000000000000e+00,2.013888888888888951e-01,1.285714285714285587e-01,2.277992277992277881e-01,1.459459459459459540e-01,9.019607843137254777e-02,3.120204603580562508e-01,1.565217391304347949e-01,1.118760757314974236e-01,1.396468699839486238e-01,1.119133574007220161e-01,1.336898395721925203e-01,1.337448559670781911e-01,9.122807017543860253e-02,1.153846153846153910e-01,9.818181818181817566e-02,1.277173913043478382e-01,1.308176100628930805e-01,8.219178082191780366e-02,1.235955056179775247e-01,0.000000000000000000e+00,9.454545454545454364e-02,0.000000000000000000e+00,1.010101010101010083e-01,1.418439716312056842e-01,1.221122112211221189e-01,1.234375000000000056e-01,2.675324675324675106e-01,3.059936908517350007e-01,2.181818181818181712e-01,1.041131105398457601e-01,9.189189189189189699e-02,1.505711318795431020e-01,9.409190371991246749e-02,1.295081967213114749e-01,1.294964028776978415e-01,1.693121693121693028e-01,1.346153846153846090e-01,1.389473684210526250e-01,1.288343558282208645e-01,3.266423357664233751e-01,2.542153047989623715e-01,1.111111111111111049e-01,0.000000000000000000e+00,2.116788321167883125e-01,0.000000000000000000e+00,2.311178247734138880e-01,2.339393939393939470e-01,3.160377358490565891e-01,9.271523178807947185e-02,1.288819875776397450e-01,2.905982905982906206e-01,4.089635854341736598e-01,3.040540540540540571e-01,1.447178002894355942e-01,9.580838323353293995e-02,6.185567010309278579e-02,1.499999999999999944e-01,0.000000000000000000e+00,1.442307692307692180e-01,0.000000000000000000e+00,0.000000000000000000e+00,2.827868852459016202e-01,2.785808147174769767e-01,1.351351351351351426e-01,2.419354838709677491e-01,3.369963369963370203e-01,1.382978723404255372e-01,2.122905027932960875e-01,1.818181818181818232e-01,3.071428571428571619e-01,1.600000000000000033e-01,1.125319693094629092e-01,3.088235294117647189e-01,2.651933701657458453e-01,1.365187713310580253e-01,1.591962905718701804e-01,1.155778894472361817e-01,0.000000000000000000e+00,1.491712707182320519e-01,0.000000000000000000e+00,1.428571428571428492e-01,8.965517241379310220e-02,1.352517985611510765e-01,0.000000000000000000e+00,0.000000000000000000e+00,3.773584905660377214e-02,2.194092827004219537e-01,3.053435114503816883e-01,1.363636363636363535e-01,8.472803347280334629e-02,1.612903225806451568e-01,1.170568561872909752e-01,2.179487179487179516e-01,1.188118811881188064e-01,3.227424749163879669e-01,1.447368421052631637e-01,9.401709401709401615e-02,2.909090909090908950e-01,9.923664122137404453e-02,0.000000000000000000e+00,1.978021978021977934e-01,1.312741312741312616e-01,0.000000000000000000e+00,1.155624036979969183e-01,1.288209606986899514e-01,1.186440677966101725e-01,9.523809523809523281e-02,1.091617933723196820e-01,1.012345679012345706e-01,0.000000000000000000e+00,1.241379310344827569e-01,1.291866028708134051e-01,1.320346320346320323e-01,1.659388646288209590e-01,3.392461197339246004e-01,1.884057971014492794e-01,2.947368421052631304e-01,2.613636363636363535e-01,2.520547945205479645e-01,1.111111111111111049e-01,0.000000000000000000e+00,1.414473684210526272e-01,1.853448275862069061e-01,1.337662337662337553e-01,8.620689655172414367e-02,1.896551724137930939e-01,3.009575923392612817e-01,1.041666666666666713e-01,7.330827067669172525e-02,0.000000000000000000e+00,4.310344827586207184e-02,0.000000000000000000e+00,0.000000000000000000e+00,1.379310344827586188e-01,2.472727272727272829e-01,1.926605504587156070e-01,1.213450292397660751e-01,0.000000000000000000e+00,3.917525773195876249e-01,0.000000000000000000e+00,1.119293078055964702e-01,1.313559322033898413e-01,6.832298136645963138e-02,1.382978723404255372e-01,0.000000000000000000e+00,0.000000000000000000e+00,1.410579345088161241e-01,1.345291479820627800e-01,1.577909270216962534e-01,8.484848484848485362e-02,1.566502463054187111e-01,8.970099667774086849e-02,1.406250000000000000e-01,1.096491228070175378e-01,1.826923076923076816e-01,9.960681520314547399e-02,9.655172413793103314e-02,2.623211446740858488e-01,1.491712707182320519e-01,1.619718309859154992e-01,1.361200428724544387e-01,1.306122448979591955e-01,0.000000000000000000e+00,3.361344537815126321e-01,1.134020618556701027e-01,1.215932914046121555e-01,1.428571428571428492e-01,1.219512195121951192e-01,0.000000000000000000e+00,8.148148148148148806e-02,3.130699088145896813e-01,1.689976689976689928e-01,0.000000000000000000e+00,1.216931216931216864e-01,0.000000000000000000e+00,0.000000000000000000e+00,1.008403361344537841e-01,0.000000000000000000e+00,1.104972375690607689e-01,9.706959706959707168e-02,9.578544061302682322e-02,1.099744245524296726e-01,1.021897810218978103e-01,1.268382352941176405e-01,9.622641509433962903e-02,1.112903225806451679e-01,1.910447761194029870e-01,1.620111731843575376e-01,1.421647819063004969e-01,2.896039603960395836e-01,1.533864541832669348e-01,1.179401993355481681e-01,0.000000000000000000e+00,3.508771929824561209e-02,3.233082706766917114e-01,2.175525339925834245e-01,1.755725190839694527e-01,1.302027748132337237e-01,1.203007518796992414e-01,1.338582677165354451e-01,9.836065573770491621e-02,0.000000000000000000e+00,1.216216216216216284e-01,0.000000000000000000e+00,8.372093023255813837e-02,1.000000000000000056e-01,1.514818880351262442e-01,1.263297872340425620e-01,1.434426229508196649e-01,0.000000000000000000e+00,9.009009009009008584e-02,8.522727272727272096e-02,1.520467836257309857e-01,1.184210526315789408e-01,1.842105263157894635e-01,1.883116883116883189e-01,1.067415730337078622e-01,9.042553191489362263e-02,1.243781094527363212e-01,1.304347826086956486e-01,1.176470588235294101e-01,1.932367149758454083e-01,7.272727272727272374e-02,1.420765027322404284e-01,1.098901098901098883e-01,1.085714285714285687e-01,1.034482758620689641e-01,1.000000000000000056e-01,1.390728476821191939e-01,1.631578947368421129e-01,1.204819277108433728e-01,1.123595505617977497e-01
5.555555555555555802e-01,4.418604651162790775e-01,6.923076923076922906e-01,8.421052631578946901e-01,7.500000000000000000e-01,9.200000000000000400e-01,0.000000000000000000e+00,0.000000000000000000e+00,0.000000000000000000e+00,1.000000000000000000e+00,9.599999999999999645e-01,7.142857142857143016e-01,8.000000000000000444e-01,0.000000000000000000e+00,7.692307692307692735e-01,5.000000000000000000e-01,8.857142857142856762e-01,5.593220338983050377e-01,6.666666666666666297e-01,1.000000000000000000e+00,7.142857142857143016e-01,0.000000000000000000e+00,5.641025641025640969e-01,6.363636363636363535e-01,5.000000000000000000e-01,0.000000000000000000e+00,6.666666666666666297e-01,3.333333333333333148e-01,4.615384615384615641e-01,5.142857142857142350e-01,1.000000000000000000e+00,3.599999999999999867e-01,3.076923076923077094e-01,6.279069767441860517e-01,5.000000000000000000e-01,5.277777777777777901e-01,9.259259259259259300e-01,4.285714285714285476e-01,7.142857142857143016e-01,6.176470588235294379e-01,0.000000000000000000e+00,5.000000000000000000e-01,8.333333333333333703e-01,4.680851063829787329e-01,2.857142857142856984e-01,0.000000000000000000e+00,4.523809523809523836e-01,5.999999999999999778e-01,6.545454545454545414e-01,0.000000000000000000e+00,8.703703703703703498e-01,6.666666666666666297e-01,6.250000000000000000e-01,4.000000000000000222e-01,3.750000000000000000e-01,5.000000000000000000e-01,6.666666666666666297e-01,2.142857142857142738e-01,9.333333333333333481e-01,5.000000000000000000e-01,5.999999999999999778e-01,6.078431372549019107e-01,3.599999999999999867e-01,5.000000000000000000e-01,5.777777777777777235e-01,3.846153846153846367e-01,3.571428571428571508e-01,4.000000000000000222e-01,8.333333333333333703e-01,6.153846153846154188e-01,4.761904761904761640e-01,5.263157894736841813e-01,5.869565217391304879e-01,1.000000000000000000e+00,4.500000000000000111e-01,4.838709677419354982e-01,1.000000000000000000e+00,5.000000000000000000e-01,3.076923076923077094e-01,6.129032258064516236e-01,5.272727272727272263e-01,7.272727272727272929e-01,6.551724137931034253e-01,9.090909090909090606e-01,5.161290322580645018e-01,3.750000000000000000e-01,3.333333333333333148e-01,0.000000000000000000e+00,8.750000000000000000e-01,4.090909090909091161e-01,6.666666666666666297e-01,5.000000000000000000e-01,3.437500000000000000e-01,9.347826086956522174e-01,5.000000000000000000e-01,5.000000000000000000e-01,4.000000000000000222e-01,6.666666666666666297e-01,5.999999999999999778e-01,5.897435897435897578e-01,5.714285714285713969e-01,6.666666666666666297e-01,6.666666666666666297e-01,4.901960784313725283e-01,5.744680851063830307e-01,3.333333333333333148e-01,5.000000000000000000e-01,0.000000000000000000e+00,5.000000000000000000e-01,0.000000000000000000e+00,8.333333333333333703e-01,5.500000000000000444e-01,3.888888888888888951e-01,3.939393939393939226e-01,9.473684210526315264e-01,6.875000000000000000e-01,6.666666666666666297e-01,5.454545454545454142e-01,5.294117647058823595e-01,5.909090909090909394e-01,5.000000000000000000e-01,4.516129032258064391e-01,2.000000000000000111e-01,5.263157894736841813e-01,6.999999999999999556e-01,6.969696969696970168e-01,5.789473684210526550e-01,7.878787878787878451e-01,8.148148148148147696e-01,1.428571428571428492e-01,0.000000000000000000e+00,7.777777777777777901e-01,0.000000000000000000e+00,7.333333333333332815e-01,8.085106382978722861e-01,6.250000000000000000e-01,4.444444444444444198e-01,3.913043478260869734e-01,1.000000000000000000e+00,1.000000000000000000e+00,1.000000000000000000e+00,4.583333333333333148e-01,2.222222222222222099e-01,3.333333333333333148e-01,8.000000000000000444e-01,0.000000000000000000e+00,1.000000000000000000e+00,0.000000000000000000e+00,0.000000000000000000e+00,8.800000000000000044e-01,7.647058823529411242e-01,3.809523809523809312e-01,4.000000000000000222e-01,7.647058823529411242e-01,5.937500000000000000e-01,9.444444444444444198e-01,8.064516129032257563e-01,1.000000000000000000e+00,8.000000000000000444e-01,5.555555555555555802e-01,7.916666666666666297e-01,8.421052631578946901e-01,4.074074074074073848e-01,5.862068965517240882e-01,7.272727272727272929e-01,0.000000000000000000e+00,4.545454545454545303e-01,0.000000000000000000e+00,5.000000000000000000e-01,8.750000000000000000e-01,5.400000000000000355e-01,0.000000000000000000e+00,0.000000000000000000e+00,0.000000000000000000e+00,7.272727272727272929e-01,7.500000000000000000e-01,6.944444444444444198e-01,3.962264150943396457e-01,6.250000000000000000e-01,4.883720930232557933e-01,8.333333333333333703e-01,4.285714285714285476e-01,8.064516129032257563e-01,1.000000000000000000e+00,5.000000000000000000e-01,9.183673469387755306e-01,2.500000000000000000e-01,0.000000000000000000e+00,3.333333333333333148e-01,5.999999999999999778e-01,0.000000000000000000e+00,5.609756097560976151e-01,3.333333333333333148e-01,4.000000000000000222e-01,4.074074074074073848e-01,2.727272727272727071e-01,5.999999999999999778e-01,0.000000000000000000e+00,4.615384615384615641e-01,6.666666666666666297e-01,5.652173913043477826e-01,3.846153846153846367e-01,8.620689655172413257e-01,6.470588235294117974e-01,8.000000000000000444e-01,1.000000000000000000e+00,7.166666666666666741e-01,4.339622641509434109e-01,0.000000000000000000e+00,5.000000000000000000e-01,2.222222222222222099e-01,5.370370370370370905e-01,5.999999999999999778e-01,7.777777777777777901e-01,8.135593220338983578e-01,2.500000000000000000e-01,2.962962962962962798e-01,0.000000000000000000e+00,0.000000000000000000e+00,0.000000000000000000e+00,0.000000000000000000e+00,6.666666666666666297e-01,9.000000000000000222e-01,5.999999999999999778e-01,4.166666666666666852e-01,0.000000000000000000e+00,8.750000000000000000e-01,0.000000000000000000e+00,4.000000000000000222e-01,8.000000000000000444e-01,2.727272727272727071e-01,7.142857142857143016e-01,0.000000000000000000e+00,0.000000000000000000e+00,6.136363636363636465e-01,5.333333333333333259e-01,4.680851063829787329e-01,3.928571428571428492e-01,6.666666666666666297e-01,4.117647058823529216e-01,4.482758620689655249e-01,5.531914893617021489e-01,6.222222222222222321e-01,4.054054054054054279e-01,5.000000000000000000e-01,9.375000000000000000e-01,5.000000000000000000e-01,6.666666666666666297e-01,4.324324324324324564e-01,5.200000000000000178e-01,0.000000000000000000e+00,1.000000000000000000e+00,5.333333333333333259e-01,3.888888888888888951e-01,8.181818181818182323e-01,6.666666666666666297e-01,0.000000000000000000e+00,5.999999999999999778e-01,9.399999999999999467e-01,6.379310344827586743e-01,0.000000000000000000e+00,5.714285714285713969e-01,0.000000000000000000e+00,0.000000000000000000e+00,6.666666666666666297e-01,0.000000000000000000e+00,5.714285714285713969e-01,6.666666666666666297e-01,5.833333333333333703e-01,6.296296296296296502e-01,5.217391304347825942e-01,6.428571428571429047e-01,4.000000000000000222e-01,4.871794871794871695e-01,7.931034482758620996e-01,6.999999999999999556e-01,6.097560975609755962e-01,8.235294117647058432e-01,6.206896551724138122e-01,5.428571428571428159e-01,0.000000000000000000e+00,0.000000000000000000e+00,8.000000000000000444e-01,6.969696969696970168e-01,7.500000000000000000e-01,5.423728813559322015e-01,7.058823529411765163e-01,6.153846153846154188e-01,0.000000000000000000e+00,0.000000000000000000e+00,6.666666666666666297e-01,0.000000000000000000e+00,4.615384615384615641e-01,3.333333333333333148e-01,5.681818181818182323e-01,4.680851063829787329e-01,4.749999999999999778e-01,0.000000000000000000e+00,5.000000000000000000e-01,7.096774193548387455e-01,9.000000000000000222e-01,2.857142857142856984e-01,7.777777777777777901e-01,4.166666666666666852e-01,6.363636363636363535e-01,5.999999999999999778e-01,4.166666666666666852e-01,2.941176470588235392e-01,3.333333333333333148e-01,7.142857142857143016e-01,4.705882352941176405e-01,2.307692307692307820e-01,5.999999999999999778e-01,5.714285714285713969e-01,6.875000000000000000e-01,3.636363636363636465e-01,6.428571428571429047e-01,5.333333333333333259e-01,5.000000000000000000e-01,5.882352941176470784e-01
5.136778115501520192e-01,2.721774193548386900e-01,2.735042735042735318e-01,2.709359605911330071e-01,2.246376811594202882e-01,2.212389380530973559e-01,0.000000000000000000e+00,0.000000000000000000e+00,0.000000000000000000e+00,1.666666666666666574e-01,4.301675977653631189e-01,3.368794326241134618e-01,4.222222222222222210e-01,0.000000000000000000e+00,3.400000000000000244e-01,3.010752688172043112e-01,3.137254901960784270e-01,3.106382978723404298e-01,3.676470588235294379e-01,1.071428571428571369e-01,3.846153846153846367e-01,0.000000000000000000e+00,2.941176470588235392e-01,3.154034229828850955e-01,1.862745098039215730e-01,0.000000000000000000e+00,1.489361702127659504e-01,5.175438596491228616e-01,2.146464646464646409e-01,4.675925925925926152e-01,7.804878048780488076e-01,3.157894736842105088e-01,4.945054945054945250e-01,2.176039119804401012e-01,2.673469387755101900e-01,2.584541062801932187e-01,2.254545454545454630e-01,2.103174603174603197e-01,3.095238095238095344e-01,6.008316008316008094e-01,4.181818181818181546e-01,4.493392070484581446e-01,3.947368421052631637e-01,2.012578616352201366e-01,2.013888888888888951e-01,0.000000000000000000e+00,2.935222672064777272e-01,2.678571428571428492e-01,1.973929236499069040e-01,4.782608695652174058e-01,3.256880733944954032e-01,5.970149253731342753e-01,2.121212121212121271e-01,2.886597938144329634e-01,6.421052631578947345e-01,3.150684931506849140e-01,3.243243243243243423e-01,3.695652173913043237e-01,3.548387096774193727e-01,5.637065637065636903e-01,2.352941176470588203e-01,2.891246684350132767e-01,2.461928934010152170e-01,2.626262626262626521e-01,5.888888888888889062e-01,2.083333333333333426e-01,1.848739495798319421e-01,2.264150943396226467e-01,2.980769230769230727e-01,1.666666666666666574e-01,2.122015915119363494e-01,2.303030303030303150e-01,4.747474747474747514e-01,3.491379310344827624e-01,3.195488721804511378e-01,2.375478927203065194e-01,1.794871794871794879e-01,2.364457831325301185e-01,1.826484018264840081e-01,6.034912718204489268e-01,2.615012106537530356e-01,3.545454545454545525e-01,3.692307692307692513e-01,6.691176470588234837e-01,3.266129032258064391e-01,2.169811320754717054e-01,2.433333333333333459e-01,0.000000000000000000e+00,4.591836734693877653e-01,4.121863799283154162e-01,4.258064516129032029e-01,4.180790960451977178e-01,2.366666666666666641e-01,3.009049773755655965e-01,3.283582089552238847e-01,2.572944297082228049e-01,2.005208333333333426e-01,2.142857142857142738e-01,1.666666666666666574e-01,2.373333333333333406e-01,2.631578947368420907e-01,2.700000000000000178e-01,2.203389830508474534e-01,2.328431372549019662e-01,2.480620155038759655e-01,2.631578947368420907e-01,1.733333333333333393e-01,0.000000000000000000e+00,6.058823529411764275e-01,0.000000000000000000e+00,6.753246753246753276e-01,2.320610687022900687e-01,2.654320987654321118e-01,1.770833333333333426e-01,2.947368421052631304e-01,1.413043478260869457e-01,2.215189873417721389e-01,2.975352112676056260e-01,2.621359223300970820e-01,4.783197831978319714e-01,2.971014492753623060e-01,2.148337595907928443e-01,2.121212121212121271e-01,4.475743348982785808e-01,3.225806451612903136e-01,5.068493150684931781e-01,2.507836990595611049e-01,2.445141065830720994e-01,2.881679389312977180e-01,6.276595744680850686e-01,0.000000000000000000e+00,3.229166666666666852e-01,0.000000000000000000e+00,2.716049382716049232e-01,2.586805555555555802e-01,3.577981651376146988e-01,2.417582417582417598e-01,2.122538293216630068e-01,2.911392405063291111e-01,3.294573643410852459e-01,2.612612612612612573e-01,6.937799043062200521e-01,2.250000000000000056e-01,1.655629139072847811e-01,5.897435897435897578e-01,0.000000000000000000e+00,5.000000000000000000e-01,0.000000000000000000e+00,0.000000000000000000e+00,2.178571428571428603e-01,2.868020304568528189e-01,5.709876543209876365e-01,3.333333333333333148e-01,2.941176470588235392e-01,3.567839195979899403e-01,3.333333333333333148e-01,2.649253731343283458e-01,3.205128205128205399e-01,2.826086956521738913e-01,3.472222222222222099e-01,2.707006369426751546e-01,3.524590163934426257e-01,3.259668508287292821e-01,5.677419354838709742e-01,2.477064220183486376e-01,0.000000000000000000e+00,2.966101694915254106e-01,0.000000000000000000e+00,6.397849462365591267e-01,3.833333333333333592e-01,2.596899224806201723e-01,0.000000000000000000e+00,0.000000000000000000e+00,5.454545454545454142e-01,5.909090909090909394e-01,2.134831460674157244e-01,2.219451371571072307e-01,2.881040892193308389e-01,2.298850574712643646e-01,2.085427135678391830e-01,1.538461538461538547e-01,5.740740740740740700e-01,2.846889952153109915e-01,1.052631578947368363e-01,2.500000000000000000e-01,2.412280701754385970e-01,1.875000000000000000e-01,0.000000000000000000e+00,5.753424657534246256e-01,6.382978723404255650e-01,0.000000000000000000e+00,2.457264957264957139e-01,4.676923076923076850e-01,3.283582089552238847e-01,2.968036529680365132e-01,5.218749999999999778e-01,2.372093023255814059e-01,0.000000000000000000e+00,6.413043478260869179e-01,6.158940397350993745e-01,2.385964912280701677e-01,2.198581560283688063e-01,5.612903225806451513e-01,2.563025210084033390e-01,1.538461538461538547e-01,3.333333333333333148e-01,3.630952380952380820e-01,2.099999999999999922e-01,0.000000000000000000e+00,5.820895522388059851e-01,2.190476190476190466e-01,2.609523809523809357e-01,2.222222222222222099e-01,4.178082191780821963e-01,2.714285714285714080e-01,2.187500000000000000e-01,3.019480519480519654e-01,0.000000000000000000e+00,6.666666666666666574e-02,0.000000000000000000e+00,0.000000000000000000e+00,2.500000000000000000e-01,1.518987341772151944e-01,3.285714285714285698e-01,2.947658402203856554e-01,0.000000000000000000e+00,3.589743589743589758e-01,0.000000000000000000e+00,2.900552486187845114e-01,2.698412698412698263e-01,3.295454545454545303e-01,2.765957446808510745e-01,0.000000000000000000e+00,0.000000000000000000e+00,6.250000000000000000e-01,2.377049180327868716e-01,6.082949308755760676e-01,2.045454545454545581e-01,3.212237093690248346e-01,2.514285714285714457e-01,2.712765957446808263e-01,2.682060390763765789e-01,4.911660777385158938e-01,2.113022113022113013e-01,2.658227848101265556e-01,3.137254901960784270e-01,5.116279069767442067e-01,2.837209302325581217e-01,6.622073578595317755e-01,4.602076124567474058e-01,0.000000000000000000e+00,2.187500000000000000e-01,3.499999999999999778e-01,1.987951807228915679e-01,2.153846153846153966e-01,3.164556962025316666e-01,0.000000000000000000e+00,2.975206611570248016e-01,3.382663847780126853e-01,2.177858439201451890e-01,0.000000000000000000e+00,2.204724409448818867e-01,0.000000000000000000e+00,0.000000000000000000e+00,1.929824561403508665e-01,0.000000000000000000e+00,2.658227848101265556e-01,2.560240963855421881e-01,2.777777777777777901e-01,2.262443438914027161e-01,2.727272727272727071e-01,2.742857142857142994e-01,2.098360655737704916e-01,2.680722891566265087e-01,2.542372881355932090e-01,3.018867924528301772e-01,2.319201995012468709e-01,2.619926199261992661e-01,6.028169014084506783e-01,2.656250000000000000e-01,0.000000000000000000e+00,5.749999999999999556e-01,2.631578947368420907e-01,5.992578849721706957e-01,6.216216216216216006e-01,2.742681047765793689e-01,2.291666666666666574e-01,2.320000000000000118e-01,3.333333333333333148e-01,0.000000000000000000e+00,1.034482758620689641e-01,0.000000000000000000e+00,2.815126050420168058e-01,2.542372881355932090e-01,5.160771704180063812e-01,2.700186219739292293e-01,2.144212523719165042e-01,0.000000000000000000e+00,3.209876543209876365e-01,2.708333333333333148e-01,2.477064220183486376e-01,3.289473684210526550e-01,2.847222222222222099e-01,2.826086956521738913e-01,3.669064748201438797e-01,3.277310924369747913e-01,3.602941176470588203e-01,2.689655172413792927e-01,4.060150375939849399e-01,3.375796178343948850e-01,2.878787878787879007e-01,3.837837837837838051e-01,3.719008264462809743e-01,3.032786885245901676e-01,2.455089820359281361e-01,2.753623188405797118e-01,3.488372093023255904e-01,2.568807339449541427e-01,2.987804878048780366e-01,3.098591549295774406e-01
1.400000000000000133e-01,2.837370242214533045e-01,2.127659574468085124e-01,5.084745762711864736e-02,1.458333333333333426e-01,9.090909090909091161e-02,0.000000000000000000e+00,0.000000000000000000e+00,0.000000000000000000e+00,2.571428571428571175e-01,9.523809523809523281e-02,1.132075471698113234e-01,1.250000000000000000e-01,0.000000000000000000e+00,1.408450704225352179e-01,1.886792452830188815e-01,9.952606635071090113e-02,9.225092250922509174e-02,2.115384615384615363e-01,4.166666666666666435e-02,1.060606060606060635e-01,0.000000000000000000e+00,8.741258741258740861e-02,7.929515418502203206e-02,1.764705882352941291e-01,0.000000000000000000e+00,1.499999999999999944e-01,1.388888888888888951e-01,3.189655172413793371e-01,1.379310344827586188e-01,2.142857142857142738e-01,1.290322580645161255e-01,3.092783505154639290e-01,7.174887892376681509e-02,8.677685950413223381e-02,2.839506172839506015e-01,1.625000000000000056e-01,7.377049180327868716e-02,1.632653061224489666e-01,8.556149732620320358e-02,6.666666666666666574e-02,1.911764705882352811e-01,1.311475409836065642e-01,1.146953405017921146e-01,1.428571428571428492e-01,0.000000000000000000e+00,2.077464788732394374e-01,1.000000000000000056e-01,1.081871345029239706e-01,3.333333333333333148e-01,1.116751269035533012e-01,1.212121212121212155e-01,1.195652173913043514e-01,4.117647058823529216e-01,1.176470588235294101e-01,1.862745098039215730e-01,1.666666666666666574e-01,1.194029850746268634e-01,1.267605633802816878e-01,1.559633027522935866e-01,2.558139534883721034e-01,1.233480176211453755e-01,1.244635193133047241e-01,1.612903225806451568e-01,1.438848920863309289e-01,2.413793103448275967e-01,2.972972972972973138e-01,2.241379310344827624e-01,2.142857142857142738e-01,1.029411764705882304e-01,1.012658227848101250e-01,6.818181818181817677e-02,1.127819548872180389e-01,9.285714285714286031e-02,9.803921568627450844e-02,3.169642857142856984e-01,3.225806451612903136e-02,8.831908831908831525e-02,2.866666666666666807e-01,6.896551724137930939e-02,1.089494163424124529e-01,8.888888888888889228e-02,1.467889908256880815e-01,1.690140845070422504e-01,9.448818897637795144e-02,3.209876543209876365e-01,3.502824858757062065e-01,0.000000000000000000e+00,1.280000000000000027e-01,1.363636363636363535e-01,1.034482758620689641e-01,1.111111111111111049e-01,6.060606060606060774e-02,1.497326203208556028e-01,1.282051282051281937e-01,7.853403141361256501e-02,4.950495049504950729e-02,1.081081081081081141e-01,9.523809523809523281e-02,1.139896373056994844e-01,7.514450867052023531e-02,9.016393442622951115e-02,5.333333333333333676e-02,3.409090909090908839e-01,2.474226804123711432e-01,3.750000000000000000e-01,1.749999999999999889e-01,0.000000000000000000e+00,5.555555555555555247e-02,0.000000000000000000e+00,1.296296296296296224e-01,1.086956521739130405e-01,3.099999999999999978e-01,3.559999999999999831e-01,1.089108910891089105e-01,3.069306930693069257e-01,1.022727272727272790e-01,1.194029850746268634e-01,1.551724137931034531e-01,9.309309309309309055e-02,5.000000000000000278e-02,3.256880733944954032e-01,1.388888888888888951e-01,1.851851851851851749e-01,9.615384615384615918e-02,1.088082901554404125e-01,2.245989304812834320e-01,1.472392638036809920e-01,6.956521739130434867e-02,5.454545454545454281e-02,0.000000000000000000e+00,1.600000000000000033e-01,0.000000000000000000e+00,1.141552511415525051e-01,1.220338983050847509e-01,1.142857142857142821e-01,2.931034482758620441e-01,2.682926829268292845e-01,8.108108108108108558e-02,1.138211382113821085e-01,9.302325581395348708e-02,1.140350877192982393e-01,5.522388059701492935e-01,2.647058823529411797e-01,1.034482758620689641e-01,0.000000000000000000e+00,1.081081081081081141e-01,0.000000000000000000e+00,0.000000000000000000e+00,1.224489795918367319e-01,1.100478468899521584e-01,1.073825503355704675e-01,1.142857142857142821e-01,6.060606060606060774e-02,1.314102564102564152e-01,1.379310344827586188e-01,8.074534161490683204e-02,1.555555555555555580e-01,4.166666666666666435e-02,1.749999999999999889e-01,1.223021582733812979e-01,1.038961038961039030e-01,7.368421052631578261e-02,1.127450980392156882e-01,7.042253521126760896e-02,0.000000000000000000e+00,1.764705882352941291e-01,0.000000000000000000e+00,1.025641025641025605e-01,4.651162790697674354e-02,8.417508417508418050e-02,0.000000000000000000e+00,0.000000000000000000e+00,1.052631578947368363e-01,1.506849315068493067e-01,7.954545454545454419e-02,8.974358974358974395e-02,1.291390728476821126e-01,1.666666666666666574e-01,2.674418604651162545e-01,1.176470588235294101e-01,4.000000000000000083e-02,1.650000000000000078e-01,2.800000000000000266e-01,1.395348837209302306e-01,1.111111111111111049e-01,1.538461538461538547e-01,0.000000000000000000e+00,1.666666666666666574e-01,1.304347826086956486e-01,0.000000000000000000e+00,7.662835249042145025e-02,6.369426751592356661e-02,9.302325581395348708e-02,1.067961165048543631e-01,6.875000000000000555e-02,7.382550335570470246e-02,0.000000000000000000e+00,1.682242990654205517e-01,9.859154929577464144e-02,1.167883211678832078e-01,1.515151515151515194e-01,8.943089430894309022e-02,1.102362204724409434e-01,8.333333333333332871e-02,4.166666666666666435e-02,8.571428571428571508e-02,8.602150537634409289e-02,0.000000000000000000e+00,1.441441441441441429e-01,1.587301587301587213e-01,1.084337349397590383e-01,1.219512195121951192e-01,1.000000000000000056e-01,6.435643564356435808e-02,7.499999999999999722e-02,7.432432432432432845e-02,0.000000000000000000e+00,1.749999999999999889e-01,0.000000000000000000e+00,0.000000000000000000e+00,3.333333333333333148e-01,1.262135922330097082e-01,1.428571428571428492e-01,6.451612903225806273e-02,0.000000000000000000e+00,1.587301587301587213e-01,0.000000000000000000e+00,3.387096774193548154e-01,3.258426966292135019e-01,4.081632653061224164e-02,1.509433962264150886e-01,0.000000000000000000e+00,0.000000000000000000e+00,1.244813278008298774e-01,7.462686567164178442e-02,7.894736842105262720e-02,5.882352941176470507e-02,1.498371335504886104e-01,1.047619047619047644e-01,2.227488151658767734e-01,1.129032258064516098e-01,1.548672566371681325e-01,2.996515679442508517e-01,2.181818181818181712e-01,1.049382716049382658e-01,1.636363636363636354e-01,2.315789473684210509e-01,1.088435374149659823e-01,4.819277108433735191e-02,0.000000000000000000e+00,1.621621621621621712e-01,1.216216216216216284e-01,2.994350282485875869e-01,1.609195402298850552e-01,1.176470588235294101e-01,0.000000000000000000e+00,8.333333333333332871e-02,1.162790697674418589e-01,9.246575342465752911e-02,0.000000000000000000e+00,2.285714285714285643e-01,0.000000000000000000e+00,0.000000000000000000e+00,1.176470588235294101e-01,0.000000000000000000e+00,9.803921568627450844e-02,8.648648648648649129e-02,3.103448275862069061e-01,1.652892561983471120e-01,1.787709497206703968e-01,1.287128712871287162e-01,2.614107883817427536e-01,9.045226130653266639e-02,1.153846153846153910e-01,1.698113207547169712e-01,3.056768558951964976e-01,1.115702479338843006e-01,1.250000000000000000e-01,1.434977578475336302e-01,0.000000000000000000e+00,1.538461538461538547e-01,1.199999999999999956e-01,9.090909090909091161e-02,1.111111111111111049e-01,2.625368731563421654e-01,7.246376811594203160e-02,1.058823529411764691e-01,0.000000000000000000e+00,0.000000000000000000e+00,6.250000000000000000e-02,0.000000000000000000e+00,3.308270676691729140e-01,2.727272727272727071e-01,1.352313167259786564e-01,1.245421245421245438e-01,9.859154929577464144e-02,0.000000000000000000e+00,5.882352941176470507e-02,5.468750000000000000e-02,8.771929824561403022e-02,2.542372881355932090e-01,1.250000000000000000e-01,9.859154929577464144e-02,5.000000000000000278e-02,1.095890410958904049e-01,4.918032786885245811e-02,1.063829787234042562e-01,1.772151898734177222e-01,1.363636363636363535e-01,1.470588235294117696e-01,8.333333333333332871e-02,1.818181818181818232e-01,1.690140845070422504e-01,1.111111111111111049e-01,3.225806451612903136e-02,1.617647058823529493e-01,1.428571428571428492e-01,1.315789473684210453e-01,1.428571428571428492e-01
3.684210526315789269e-01,7.303370786516854007e-01,4.285714285714285476e-01,2.000000000000000111e-01,1.754385964912280604e-01,2.333333333333333370e-01,0.000000000000000000e+00,0.000000000000000000e+00,0.000000000000000000e+00,2.727272727272727071e-01,2.500000000000000000e-01,2.948717948717948789e-01,2.666666666666666630e-01,0.000000000000000000e+00,3.902439024390244038e-01,4.242424242424242542e-01,3.538461538461538658e-01,3.192771084337349130e-01,4.545454545454545303e-01,6.666666666666666574e-02,3.703703703703703498e-01,0.000000000000000000e+00,3.812949640287769948e-01,3.189655172413793371e-01,8.148148148148147696e-01,0.000000000000000000e+00,3.750000000000000000e-01,2.162162162162162282e-01,7.801418439716312214e-01,2.605042016806722871e-01,3.750000000000000000e-01,3.043478260869565410e-01,6.458333333333333703e-01,3.913043478260869734e-01,3.032258064516129004e-01,6.808510638297872175e-01,3.658536585365853577e-01,3.461538461538461453e-01,3.499999999999999778e-01,2.523364485981308136e-01,8.333333333333332871e-02,5.999999999999999778e-01,3.043478260869565410e-01,3.165467625899280324e-01,2.391304347826087029e-01,0.000000000000000000e+00,5.440414507772021180e-01,2.000000000000000111e-01,2.625698324022346375e-01,7.692307692307692735e-01,2.674418604651162545e-01,1.666666666666666574e-01,3.095238095238095344e-01,6.666666666666666297e-01,4.761904761904761640e-01,3.783783783783783994e-01,5.000000000000000000e-01,3.793103448275861878e-01,2.368421052631578816e-01,3.424657534246575152e-01,8.888888888888888395e-01,3.550724637681159646e-01,2.937062937062936974e-01,2.857142857142856984e-01,3.613445378151260434e-01,6.388888888888888395e-01,6.164383561643835829e-01,8.113207547169811740e-01,5.454545454545454142e-01,1.875000000000000000e-01,2.450980392156862642e-01,2.807017543859648967e-01,3.333333333333333148e-01,1.805555555555555525e-01,4.042553191489361430e-01,8.279569892473118697e-01,1.818181818181818232e-01,3.715846994535519365e-01,7.307692307692307265e-01,3.108108108108108003e-01,2.706766917293232932e-01,3.958333333333333148e-01,2.881355932203389925e-01,3.030303030303030387e-01,3.611111111111111049e-01,6.666666666666666297e-01,6.734693877551020114e-01,0.000000000000000000e+00,3.085106382978723416e-01,3.896103896103896291e-01,2.121212121212121271e-01,3.541666666666666852e-01,2.788461538461538547e-01,3.499999999999999778e-01,5.416666666666666297e-01,2.857142857142856984e-01,2.945205479452054909e-01,2.391304347826087029e-01,2.222222222222222099e-01,3.197278911564626069e-01,3.404255319148936088e-01,2.777777777777777901e-01,2.439024390243902385e-01,7.870967741935483986e-01,7.085714285714285188e-01,8.000000000000000444e-01,3.157894736842105088e-01,0.000000000000000000e+00,4.186046511627907196e-01,0.000000000000000000e+00,3.125000000000000000e-01,2.932692307692307820e-01,7.540983606557376540e-01,7.080291970802919943e-01,2.500000000000000000e-01,6.031746031746031411e-01,3.421052631578947456e-01,2.980132450331126059e-01,5.285714285714285809e-01,3.526011560693641522e-01,4.444444444444444198e-01,7.741935483870967527e-01,3.157894736842105088e-01,3.962264150943396457e-01,6.190476190476190688e-01,2.659574468085106336e-01,5.742574257425742124e-01,4.090909090909091161e-01,3.030303030303030387e-01,4.400000000000000022e-01,0.000000000000000000e+00,2.826086956521738913e-01,0.000000000000000000e+00,2.926829268292682751e-01,3.033707865168539519e-01,3.684210526315789269e-01,7.931034482758620996e-01,6.380368098159509005e-01,1.904761904761904656e-01,2.962962962962962798e-01,4.074074074074073848e-01,3.437500000000000000e-01,8.333333333333333703e-01,6.750000000000000444e-01,2.999999999999999889e-01,0.000000000000000000e+00,3.076923076923077094e-01,0.000000000000000000e+00,0.000000000000000000e+00,3.068181818181818232e-01,3.238095238095238249e-01,4.102564102564102422e-01,3.888888888888888951e-01,3.421052631578947456e-01,3.917525773195876249e-01,3.800000000000000044e-01,3.666666666666666408e-01,4.782608695652174058e-01,4.285714285714285476e-01,3.287671232876712146e-01,3.424657534246575152e-01,3.225806451612903136e-01,2.307692307692307820e-01,3.711340206185567148e-01,2.702702702702702853e-01,0.000000000000000000e+00,4.411764705882352811e-01,0.000000000000000000e+00,3.404255319148936088e-01,4.137931034482758563e-01,3.053892215568862478e-01,0.000000000000000000e+00,0.000000000000000000e+00,5.999999999999999778e-01,3.499999999999999778e-01,2.000000000000000111e-01,3.095238095238095344e-01,3.275862068965517127e-01,2.857142857142856984e-01,7.187500000000000000e-01,1.428571428571428492e-01,5.333333333333333259e-01,3.365384615384615641e-01,3.636363636363636465e-01,4.347826086956521618e-01,3.503649635036496512e-01,3.684210526315789269e-01,0.000000000000000000e+00,2.727272727272727071e-01,3.714285714285714413e-01,0.000000000000000000e+00,3.402777777777777901e-01,3.296703296703296648e-01,2.500000000000000000e-01,3.134328358208955390e-01,1.666666666666666574e-01,3.484848484848485084e-01,0.000000000000000000e+00,3.404255319148936088e-01,2.571428571428571175e-01,3.714285714285714413e-01,1.666666666666666574e-01,2.656250000000000000e-01,3.333333333333333148e-01,5.000000000000000000e-01,2.857142857142856984e-01,2.661870503597122406e-01,3.445945945945945721e-01,0.000000000000000000e+00,3.488372093023255904e-01,2.941176470588235392e-01,3.413173652694611038e-01,4.500000000000000111e-01,4.255319148936170248e-01,3.758865248226950229e-01,2.105263157894736725e-01,3.775510204081632404e-01,0.000000000000000000e+00,6.842105263157894912e-01,0.000000000000000000e+00,0.000000000000000000e+00,8.000000000000000444e-01,7.407407407407406996e-02,3.636363636363636465e-01,2.805755395683453002e-01,0.000000000000000000e+00,3.714285714285714413e-01,0.000000000000000000e+00,7.333333333333332815e-01,7.105263157894736725e-01,4.411764705882352811e-01,3.928571428571428492e-01,0.000000000000000000e+00,0.000000000000000000e+00,3.129770992366412430e-01,1.904761904761904656e-01,3.802083333333333148e-01,3.176470588235293935e-01,3.295454545454545303e-01,3.333333333333333148e-01,5.273972602739726012e-01,3.310810810810810856e-01,3.219178082191780921e-01,8.082191780821917915e-01,6.250000000000000000e-01,2.173913043478260809e-01,4.411764705882352811e-01,5.342465753424657793e-01,3.419354838709677269e-01,3.367346938775510057e-01,0.000000000000000000e+00,3.684210526315789269e-01,2.727272727272727071e-01,7.731958762886598224e-01,3.200000000000000067e-01,1.923076923076923184e-01,0.000000000000000000e+00,2.777777777777777901e-01,3.046357615894039750e-01,2.770270270270270285e-01,0.000000000000000000e+00,5.675675675675675436e-01,0.000000000000000000e+00,0.000000000000000000e+00,5.000000000000000000e-01,0.000000000000000000e+00,2.857142857142856984e-01,3.008849557522124130e-01,7.826086956521739468e-01,5.277777777777777901e-01,2.736842105263158076e-01,3.228346456692913202e-01,6.578947368421053099e-01,3.430656934306569594e-01,3.333333333333333148e-01,5.000000000000000000e-01,6.692307692307691847e-01,3.445945945945945721e-01,3.896103896103896291e-01,4.299065420560747586e-01,0.000000000000000000e+00,7.692307692307692735e-01,1.666666666666666574e-01,2.758620689655172376e-01,2.750000000000000222e-01,7.398843930635837784e-01,3.823529411764705621e-01,4.358974358974359031e-01,5.000000000000000000e-01,0.000000000000000000e+00,0.000000000000000000e+00,0.000000000000000000e+00,7.462686567164179552e-01,8.750000000000000000e-01,3.611111111111111049e-01,2.999999999999999889e-01,3.245033112582781376e-01,0.000000000000000000e+00,2.941176470588235392e-01,3.015873015873015706e-01,5.000000000000000000e-01,3.783783783783783994e-01,3.421052631578947456e-01,5.151515151515151381e-01,3.142857142857142794e-01,3.250000000000000111e-01,3.750000000000000000e-01,3.684210526315789269e-01,3.125000000000000000e-01,4.042553191489361430e-01,4.385964912280701511e-01,4.500000000000000111e-01,3.846153846153846367e-01,5.789473684210526550e-01,3.272727272727272707e-01,3.673469387755102233e-01,2.903225806451613100e-01,5.333333333333333259e-01,3.157894736842105088e-01,3.846153846153846367e-01
4.868421052631579093e-01,2.441860465116278966e-01,2.592592592592592449e-01,7.317073170731706877e-02,3.658536585365853577e-01,9.090909090909091161e-02,0.000000000000000000e+00,0.000000000000000000e+00,0.000000000000000000e+00,3.636363636363636465e-01,3.421052631578947456e-01,3.333333333333333148e-01,2.999999999999999889e-01,0.000000000000000000e+00,4.583333333333333148e-01,1.923076923076923184e-01,1.363636363636363535e-01,1.263157894736842146e-01,1.333333333333333315e-01,1.666666666666666574e-01,1.739130434782608647e-01,0.000000000000000000e+00,1.149425287356321823e-01,1.341463414634146423e-01,2.413793103448275967e-01,0.000000000000000000e+00,1.250000000000000000e-01,4.814814814814814548e-01,1.785714285714285754e-01,2.000000000000000111e-01,0.000000000000000000e+00,1.379310344827586188e-01,2.682926829268292845e-01,9.523809523809523281e-02,1.458333333333333426e-01,1.460674157303370746e-01,1.521739130434782705e-01,1.794871794871794879e-01,2.571428571428571175e-01,3.801652892561983577e-01,2.307692307692307820e-01,3.442622950819672067e-01,2.500000000000000000e-01,8.620689655172414367e-02,2.272727272727272652e-01,0.000000000000000000e+00,2.376237623762376128e-01,3.750000000000000000e-01,1.397058823529411797e-01,2.000000000000000111e-01,2.197802197802197766e-01,4.375000000000000000e-01,1.764705882352941291e-01,1.428571428571428492e-01,7.500000000000000000e-01,2.368421052631578816e-01,4.375000000000000000e-01,2.173913043478260809e-01,3.750000000000000000e-01,4.749999999999999778e-01,1.111111111111111049e-01,2.394366197183098455e-01,1.379310344827586188e-01,8.333333333333332871e-02,4.070796460176991372e-01,2.500000000000000000e-01,1.052631578947368363e-01,2.307692307692307820e-01,1.818181818181818232e-01,2.000000000000000111e-01,6.250000000000000000e-02,8.333333333333332871e-02,3.333333333333333148e-01,2.407407407407407274e-01,1.967213114754098324e-01,1.818181818181818232e-01,2.999999999999999889e-01,1.167883211678832078e-01,9.375000000000000000e-02,3.636363636363636465e-01,7.777777777777777901e-02,2.692307692307692180e-01,1.794871794871794879e-01,4.444444444444444198e-01,1.071428571428571369e-01,2.800000000000000266e-01,1.875000000000000000e-01,0.000000000000000000e+00,3.137254901960784270e-01,2.456140350877192846e-01,2.333333333333333370e-01,2.666666666666666630e-01,1.272727272727272596e-01,1.573033707865168496e-01,2.500000000000000000e-01,1.410256410256410242e-01,1.443298969072164817e-01,1.842105263157894635e-01,1.538461538461538547e-01,1.914893617021276584e-01,2.321428571428571508e-01,2.500000000000000000e-01,1.818181818181818232e-01,2.272727272727272652e-01,1.799999999999999933e-01,1.428571428571428492e-01,1.666666666666666574e-01,0.000000000000000000e+00,4.242424242424242542e-01,0.000000000000000000e+00,6.818181818181817677e-01,1.764705882352941291e-01,1.764705882352941291e-01,1.818181818181818232e-01,2.391304347826087029e-01,2.000000000000000111e-01,2.424242424242424310e-01,2.368421052631578816e-01,1.315789473684210453e-01,3.430656934306569594e-01,1.372549019607843257e-01,1.666666666666666574e-01,1.250000000000000000e-01,2.198581560283688063e-01,4.444444444444444198e-01,3.287671232876712146e-01,2.666666666666666630e-01,1.428571428571428492e-01,2.079207920792079112e-01,4.400000000000000022e-01,0.000000000000000000e+00,3.529411764705882582e-01,0.000000000000000000e+00,2.207792207792207695e-01,1.584158415841584178e-01,5.000000000000000278e-02,3.076923076923077094e-01,2.830188679245282946e-01,2.142857142857142738e-01,2.786885245901639108e-01,2.500000000000000000e-01,3.655913978494623739e-01,9.090909090909091161e-02,6.976744186046511531e-02,4.545454545454545303e-01,0.000000000000000000e+00,3.571428571428571508e-01,0.000000000000000000e+00,0.000000000000000000e+00,2.456140350877192846e-01,1.473684210526315652e-01,4.428571428571428381e-01,2.352941176470588203e-01,2.777777777777777901e-01,1.804511278195488622e-01,9.523809523809523281e-02,1.694915254237288060e-01,1.875000000000000000e-01,3.571428571428571508e-01,1.600000000000000033e-01,2.000000000000000111e-01,1.481481481481481399e-01,2.222222222222222099e-01,2.899999999999999800e-01,6.666666666666666574e-02,0.000000000000000000e+00,2.333333333333333370e-01,0.000000000000000000e+00,4.693877551020408379e-01,1.000000000000000056e-01,2.280701754385964786e-01,0.000000000000000000e+00,0.000000000000000000e+00,3.076923076923077094e-01,4.871794871794871695e-01,2.195121951219512202e-01,2.195121951219512202e-01,2.260869565217391297e-01,2.105263157894736725e-01,3.010752688172043112e-01,1.875000000000000000e-01,5.999999999999999778e-01,1.511627906976744096e-01,1.000000000000000056e-01,1.538461538461538547e-01,1.176470588235294101e-01,2.307692307692307820e-01,0.000000000000000000e+00,6.363636363636363535e-01,3.870967741935483764e-01,0.000000000000000000e+00,1.666666666666666574e-01,3.150684931506849140e-01,1.111111111111111049e-01,2.222222222222222099e-01,3.012048192771084598e-01,1.923076923076923184e-01,0.000000000000000000e+00,4.324324324324324564e-01,3.333333333333333148e-01,2.222222222222222099e-01,1.428571428571428492e-01,4.179104477611940149e-01,1.923076923076923184e-01,2.999999999999999889e-01,1.250000000000000000e-01,1.914893617021276584e-01,1.261261261261261146e-01,0.000000000000000000e+00,4.523809523809523836e-01,2.051282051282051211e-01,1.485148514851485080e-01,0.000000000000000000e+00,2.222222222222222099e-01,1.287128712871287162e-01,1.875000000000000000e-01,1.864406779661016977e-01,0.000000000000000000e+00,8.333333333333332871e-02,0.000000000000000000e+00,0.000000000000000000e+00,2.000000000000000111e-01,1.458333333333333426e-01,1.904761904761904656e-01,4.545454545454545581e-02,0.000000000000000000e+00,4.166666666666666435e-02,0.000000000000000000e+00,1.714285714285714302e-01,2.413793103448275967e-01,2.000000000000000111e-01,3.157894736842105088e-01,0.000000000000000000e+00,0.000000000000000000e+00,4.351851851851851749e-01,3.125000000000000000e-02,3.694267515923566614e-01,6.349206349206348854e-02,1.851851851851851749e-01,1.851851851851851749e-01,2.278481012658227778e-01,1.000000000000000056e-01,3.486238532110091937e-01,1.529411764705882470e-01,3.636363636363636465e-01,2.264150943396226467e-01,3.333333333333333148e-01,2.040816326530612290e-01,4.523809523809523836e-01,3.333333333333333148e-01,0.000000000000000000e+00,4.545454545454545303e-01,1.904761904761904656e-01,1.499999999999999944e-01,1.578947368421052544e-01,1.764705882352941291e-01,0.000000000000000000e+00,2.333333333333333370e-01,1.509433962264150886e-01,2.711864406779661008e-01,0.000000000000000000e+00,2.500000000000000000e-01,0.000000000000000000e+00,0.000000000000000000e+00,2.500000000000000000e-01,0.000000000000000000e+00,3.846153846153846367e-01,1.369863013698630061e-01,4.210526315789473450e-01,1.923076923076923184e-01,1.066666666666666735e-01,1.612903225806451568e-01,6.896551724137930939e-02,1.071428571428571369e-01,1.276595744680850963e-01,1.052631578947368363e-01,1.499999999999999944e-01,1.428571428571428492e-01,4.745762711864406902e-01,1.935483870967741882e-01,0.000000000000000000e+00,3.636363636363636465e-01,1.875000000000000000e-01,3.571428571428571508e-01,3.548387096774193727e-01,1.759999999999999898e-01,2.857142857142856984e-01,8.333333333333332871e-02,3.333333333333333148e-01,0.000000000000000000e+00,2.500000000000000000e-01,0.000000000000000000e+00,2.727272727272727071e-01,2.500000000000000000e-01,2.677165354330708902e-01,1.304347826086956486e-01,9.677419354838709409e-02,0.000000000000000000e+00,2.777777777777777901e-01,1.521739130434782705e-01,1.875000000000000000e-01,2.333333333333333370e-01,0.000000000000000000e+00,2.916666666666666852e-01,0.000000000000000000e+00,1.499999999999999944e-01,2.083333333333333426e-01,2.500000000000000000e-01,4.000000000000000222e-01,1.724137931034482873e-01,1.578947368421052544e-01,2.962962962962962798e-01,3.214285714285714524e-01,3.461538461538461453e-01,1.785714285714285754e-01,1.025641025641025605e-01,2.272727272727272652e-01,1.935483870967741882e-01,1.818181818181818232e-01,1.428571428571428492e-01
0.000000000000000000e+00,0.000000000000000000e+00,0.000000000000000000e+00,0.000000000000000000e+00,0.000000000000000000e+00,0.000000000000000000e+00,0.000000000000000000e+00,0.000000000000000000e+00,0.000000000000000000e+00,0.000000000000000000e+00,0.000000000000000000e+00,0.000000000000000000e+00,0.000000000000000000e+00,0.000000000000000000e+00,0.000000000000000000e+00,0.000000000000000000e+00,0.000000000000000000e+00,0.000000000000000000e+00,0.000000000000000000e+00,0.000000000000000000e+00,0.000000000000000000e+00,0.000000000000000000e+00,0.000000000000000000e+00,0.000000000000000000e+00,0.000000000000000000e+00,0.000000000000000000e+00,0.000000000000000000e+00,0.000000000000000000e+00,0.000000000000000000e+00,0.000000000000000000e+00,0.000000000000000000e+00,0.000000000000000000e+00,0.000000000000000000e+00,0.000000000000000000e+00,0.000000000000000000e+00,0.000000000000000000e+00,0.000000000000000000e+00,0.000000000000000000e+00,0.000000000000000000e+00,0.000000000000000000e+00,0.000000000000000000e+00,0.000000000000000000e+00,0.000000000000000000e+00,0.000000000000000000e+00,0.000000000000000000e+00,0.000000000000000000e+00,0.000000000000000000e+00,0.000000000000000000e+00,0.000000000000000000e+00,0.000000000000000000e+00,0.000000000000000000e+00,0.000000000000000000e+00,0.000000000000000000e+00,0.000000000000000000e+00,0.000000000000000000e+00,0.000000000000000000e+00,0.000000000000000000e+00,0.000000000000000000e+00,0.000000000000000000e+00,0.000000000000000000e+00,0.000000000000000000e+00,0.000000000000000000e+00,0.000000000000000000e+00,0.000000000000000000e+00,0.000000000000000000e+00,0.000000000000000000e+00,0.000000000000000000e+00,0.000000000000000000e+00,0.000000000000000000e+00,0.000000000000000000e+00,0.000000000000000000e+00,0.000000000000000000e+00,0.000000000000000000e+00,0.000000000000000000e+00,0.000000000000000000e+00,0.000000000000000000e+00,0.000000000000000000e+00,0.000000000000000000e+00,0.000000000000000000e+00,0.000000000000000000e+00,0.000000000000000000e+00,0.000000000000000000e+00,0.000000000000000000e+00,0.000000000000000000e+00,0.000000000000000000e+00,0.000000000000000000e+00,0.000000000000000000e+00,0.000000000000000000e+00,0.000000000000000000e+00,0.000000000000000000e+00,0.000000000000000000e+00,0.000000000000000000e+00,0.000000000000000000e+00,0.000000000000000000e+00,0.000000000000000000e+00,0.000000000000000000e+00,0.000000000000000000e+00,0.000000000000000000e+00,0.000000000000000000e+00,0.000000000000000000e+00,0.000000000000000000e+00,0.000000000000000000e+00,0.000000000000000000e+00,0.000000000000000000e+00,0.000000000000000000e+00,0.000000000000000000e+00,0.000000000000000000e+00,0.000000000000000000e+00,0.000000000000000000e+00,0.000000000000000000e+00,0.000000000000000000e+00,0.000000000000000000e+00,0.000000000000000000e+00,0.000000000000000000e+00,0.000000000000000000e+00,0.000000000000000000e+00,0.000000000000000000e+00,0.000000000000000000e+00,0.000000000000000000e+00,0.000000000000000000e+00,0.000000000000000000e+00,0.000000000000000000e+00,0.000000000000000000e+00,0.000000000000000000e+00,0.000000000000000000e+00,0.000000000000000000e+00,0.000000000000000000e+00,0.000000000000000000e+00,0.000000000000000000e+00,0.000000000000000000e+00,0.000000000000000000e+00,0.000000000000000000e+00,0.000000000000000000e+00,0.000000000000000000e+00,0.000000000000000000e+00,0.000000000000000000e+00,0.000000000000000000e+00,0.000000000000000000e+00,0.000000000000000000e+00,0.000000000000000000e+00,0.000000000000000000e+00,0.000000000000000000e+00,0.000000000000000000e+00,0.000000000000000000e+00,0.000000000000000000e+00,0.000000000000000000e+00,0.000000000000000000e+00,0.000000000000000000e+00,0.000000000000000000e+00,0.000000000000000000e+00,0.000000000000000000e+00,0.000000000000000000e+00,0.000000000000000000e+00,0.000000000000000000e+00,0.000000000000000000e+00,0.000000000000000000e+00,0.000000000000000000e+00,0.000000000000000000e+00,0.000000000000000000e+00,0.000000000000000000e+00,0.000000000000000000e+00,0.000000000000000000e+00,0.000000000000000000e+00,0.000000000000000000e+00,0.000000000000000000e+00,0.000000000000000000e+00,0.000000000000000000e+00,0.000000000000000000e+00,0.000000000000000000e+00,0.000000000000000000e+00,0.000000000000000000e+00,0.000000000000000000e+00,0.000000000000000000e+00,0.000000000000000000e+00,0.000000000000000000e+00,0.000000000000000000e+00,0.000000000000000000e+00,0.000000000000000000e+00,0.000000000000000000e+00,0.000000000000000000e+00,0.000000000000000000e+00,0.000000000000000000e+00,0.000000000000000000e+00,0.000000000000000000e+00,0.000000000000000000e+00,0.000000000000000000e+00,0.000000000000000000e+00,0.000000000000000000e+00,0.000000000000000000e+00,0.000000000000000000e+00,0.000000000000000000e+00,0.000000000000000000e+00,0.000000000000000000e+00,0.000000000000000000e+00,0.000000000000000000e+00,0.000000000000000000e+00,0.000000000000000000e+00,0.000000000000000000e+00,0.000000000000000000e+00,0.000000000000000000e+00,0.000000000000000000e+00,0.000000000000000000e+00,0.000000000000000000e+00,0.000000000000000000e+00,0.000000000000000000e+00,0.000000000000000000e+00,0.000000000000000000e+00,0.000000000000000000e+00,0.000000000000000000e+00,0.000000000000000000e+00,0.000000000000000000e+00,0.000000000000000000e+00,0.000000000000000000e+00,0.000000000000000000e+00,0.000000000000000000e+00,0.000000000000000000e+00,0.000000000000000000e+00,0.000000000000000000e+00,0.000000000000000000e+00,0.000000000000000000e+00,0.000000000000000000e+00,0.000000000000000000e+00,0.000000000000000000e+00,0.000000000000000000e+00,0.000000000000000000e+00,0.000000000000000000e+00,0.000000000000000000e+00,0.000000000000000000e+00,0.000000000000000000e+00,0.000000000000000000e+00,0.000000000000000000e+00,0.000000000000000000e+00,0.000000000000000000e+00,0.000000000000000000e+00,0.000000000000000000e+00,0.000000000000000000e+00,0.000000000000000000e+00,0.000000000000000000e+00,0.000000000000000000e+00,0.000000000000000000e+00,0.000000000000000000e+00,0.000000000000000000e+00,0.000000000000000000e+00,0.000000000000000000e+00,0.000000000000000000e+00,0.000000000000000000e+00,0.000000000000000000e+00,0.000000000000000000e+00,0.000000000000000000e+00,0.000000000000000000e+00,0.000000000000000000e+00,0.000000000000000000e+00,0.000000000000000000e+00,0.000000000000000000e+00,0.000000000000000000e+00,0.000000000000000000e+00,0.000000000000000000e+00,0.000000000000000000e+00,0.000000000000000000e+00,0.000000000000000000e+00,0.000000000000000000e+00,0.000000000000000000e+00,0.000000000000000000e+00,0.000000000000000000e+00,0.000000000000000000e+00,0.000000000000000000e+00,0.000000000000000000e+00,0.000000000000000000e+00,0.000000000000000000e+00,0.000000000000000000e+00,0.000000000000000000e+00,0.000000000000000000e+00,0.000000000000000000e+00,0.000000000000000000e+00,0.000000000000000000e+00,0.000000000000000000e+00,0.000000000000000000e+00,0.000000000000000000e+00,0.000000000000000000e+00,0.000000000000000000e+00,0.000000000000000000e+00,0.000000000000000000e+00,0.000000000000000000e+00,0.000000000000000000e+00,0.000000000000000000e+00,0.000000000000000000e+00,0.000000000000000000e+00,0.000000000000000000e+00,0.000000000000000000e+00,0.000000000000000000e+00,0.000000000000000000e+00,0.000000000000000000e+00,0.000000000000000000e+00,0.000000000000000000e+00,0.000000000000000000e+00,0.000000000000000000e+00,0.000000000000000000e+00,0.000000000000000000e+00,0.000000000000000000e+00,0.000000000000000000e+00,0.000000000000000000e+00,0.000000000000000000e+00,0.000000000000000000e+00,0.000000000000000000e+00,0.000000000000000000e+00,0.000000000000000000e+00,0.000000000000000000e+00,0.000000000000000000e+00,0.000000000000000000e+00,0.000000000000000000e+00,0.000000000000000000e+00,0.000000000000000000e+00,0.000000000000000000e+00,0.000000000000000000e+00,0.000000000000000000e+00,0.000000000000000000e+00,0.000000000000000000e+00,0.000000000000000000e+00,0.000000000000000000e+00,0.000000000000000000e+00
3.478260869565217295e-01,3.220338983050847204e-01,1.818181818181818232e-01,2.592592592592592449e-01,2.999999999999999889e-01,3.333333333333333148e-01,0.000000000000000000e+00,0.000000000000000000e+00,0.000000000000000000e+00,1.666666666666666574e-01,1.785714285714285754e-01,2.631578947368420907e-01,0.000000000000000000e+00,0.000000000000000000e+00,4.444444444444444198e-01,4.166666666666666852e-01,2.941176470588235392e-01,2.025316455696202500e-01,6.666666666666666297e-01,0.000000000000000000e+00,5.714285714285713969e-01,0.000000000000000000e+00,2.054794520547945091e-01,1.219512195121951192e-01,4.285714285714285476e-01,0.000000000000000000e+00,2.000000000000000111e-01,7.500000000000000000e-01,2.745098039215686514e-01,3.620689655172413812e-01,5.000000000000000000e-01,3.437500000000000000e-01,5.999999999999999778e-01,3.783783783783783994e-01,2.545454545454545192e-01,4.285714285714285476e-01,1.764705882352941291e-01,2.333333333333333370e-01,1.851851851851851749e-01,3.898305084745762872e-01,2.857142857142856984e-01,3.783783783783783994e-01,2.857142857142856984e-01,2.187500000000000000e-01,5.999999999999999778e-01,0.000000000000000000e+00,2.698412698412698263e-01,5.999999999999999778e-01,2.500000000000000000e-01,7.142857142857143016e-01,3.148148148148148251e-01,7.692307692307692735e-01,2.222222222222222099e-01,4.615384615384615641e-01,5.000000000000000000e-01,2.500000000000000000e-01,1.000000000000000000e+00,3.846153846153846367e-01,4.285714285714285476e-01,4.285714285714285476e-01,4.545454545454545303e-01,1.020408163265306145e-01,2.765957446808510745e-01,7.692307692307692735e-02,4.693877551020408379e-01,3.750000000000000000e-01,1.379310344827586188e-01,2.173913043478260809e-01,2.142857142857142738e-01,7.692307692307692735e-02,1.641791044776119424e-01,2.173913043478260809e-01,4.477611940298507620e-01,3.225806451612903136e-01,2.000000000000000111e-01,3.142857142857142794e-01,6.153846153846154188e-01,2.000000000000000111e-01,5.294117647058823595e-01,2.916666666666666852e-01,2.666666666666666630e-01,2.380952380952380820e-01,1.923076923076923184e-01,6.111111111111111605e-01,2.857142857142856984e-01,5.000000000000000000e-01,2.424242424242424310e-01,0.000000000000000000e+00,3.703703703703703498e-01,2.857142857142856984e-01,2.352941176470588203e-01,5.999999999999999778e-01,2.777777777777777901e-01,2.586206896551724310e-01,0.000000000000000000e+00,5.405405405405405705e-02,2.888888888888888618e-01,2.916666666666666852e-01,2.000000000000000111e-01,1.355932203389830504e-01,1.458333333333333426e-01,2.580645161290322509e-01,5.555555555555555802e-01,2.200000000000000011e-01,2.968750000000000000e-01,2.000000000000000111e-01,4.545454545454545303e-01,0.000000000000000000e+00,5.555555555555555802e-01,0.000000000000000000e+00,4.000000000000000222e-01,2.835820895522387919e-01,3.599999999999999867e-01,2.444444444444444364e-01,2.962962962962962798e-01,1.052631578947368363e-01,2.222222222222222099e-01,3.043478260869565410e-01,4.210526315789473450e-01,4.285714285714285476e-01,1.499999999999999944e-01,2.888888888888888618e-01,3.333333333333333148e-01,3.333333333333333148e-01,8.000000000000000444e-01,3.076923076923077094e-01,1.875000000000000000e-01,3.265306122448979331e-01,3.392857142857143016e-01,4.285714285714285476e-01,0.000000000000000000e+00,4.666666666666666741e-01,0.000000000000000000e+00,3.333333333333333148e-01,2.894736842105263275e-01,2.000000000000000111e-01,3.529411764705882582e-01,3.684210526315789269e-01,5.999999999999999778e-01,1.935483870967741882e-01,2.500000000000000000e-01,4.655172413793103314e-01,1.428571428571428492e-01,1.428571428571428492e-01,5.000000000000000000e-01,0.000000000000000000e+00,5.000000000000000000e-01,0.000000000000000000e+00,0.000000000000000000e+00,2.727272727272727071e-01,2.833333333333333259e-01,4.062500000000000000e-01,2.000000000000000111e-01,1.333333333333333315e-01,2.417582417582417598e-01,2.903225806451613100e-01,2.142857142857142738e-01,3.846153846153846367e-01,1.666666666666666574e-01,2.727272727272727071e-01,2.941176470588235392e-01,3.846153846153846367e-01,1.764705882352941291e-01,3.421052631578947456e-01,2.999999999999999889e-01,0.000000000000000000e+00,3.684210526315789269e-01,0.000000000000000000e+00,4.642857142857143016e-01,3.333333333333333148e-01,2.539682539682539542e-01,0.000000000000000000e+00,0.000000000000000000e+00,6.666666666666666297e-01,5.000000000000000000e-01,2.916666666666666852e-01,2.380952380952380820e-01,1.648351648351648324e-01,0.000000000000000000e+00,2.380952380952380820e-01,6.666666666666666297e-01,6.999999999999999556e-01,3.333333333333333148e-01,2.500000000000000000e-01,1.111111111111111049e-01,1.964285714285714246e-01,1.666666666666666574e-01,0.000000000000000000e+00,1.000000000000000000e+00,4.117647058823529216e-01,0.000000000000000000e+00,2.622950819672131284e-01,2.448979591836734637e-01,2.666666666666666630e-01,1.739130434782608647e-01,3.673469387755102233e-01,1.621621621621621712e-01,0.000000000000000000e+00,4.347826086956521618e-01,7.199999999999999734e-01,2.040816326530612290e-01,6.666666666666666297e-01,2.222222222222222099e-01,5.000000000000000000e-01,5.000000000000000000e-01,3.333333333333333148e-01,3.333333333333333148e-01,2.727272727272727071e-01,0.000000000000000000e+00,3.529411764705882582e-01,4.400000000000000022e-01,2.459016393442622905e-01,0.000000000000000000e+00,1.818181818181818232e-01,2.857142857142856984e-01,2.222222222222222099e-01,2.187500000000000000e-01,0.000000000000000000e+00,2.857142857142856984e-01,0.000000000000000000e+00,0.000000000000000000e+00,3.636363636363636465e-01,3.448275862068965747e-01,4.285714285714285476e-01,1.666666666666666574e-01,0.000000000000000000e+00,3.529411764705882582e-01,0.000000000000000000e+00,2.777777777777777901e-01,4.000000000000000222e-01,2.727272727272727071e-01,2.666666666666666630e-01,0.000000000000000000e+00,0.000000000000000000e+00,3.913043478260869734e-01,2.631578947368420907e-01,3.763440860215053752e-01,1.621621621621621712e-01,2.000000000000000111e-01,8.695652173913043237e-02,2.000000000000000111e-01,1.355932203389830504e-01,3.448275862068965747e-01,1.724137931034482873e-01,2.857142857142856984e-01,1.666666666666666574e-01,3.333333333333333148e-01,3.809523809523809312e-01,3.750000000000000000e-01,2.500000000000000000e-01,0.000000000000000000e+00,2.500000000000000000e-01,4.705882352941176405e-01,1.914893617021276584e-01,1.000000000000000056e-01,0.000000000000000000e+00,0.000000000000000000e+00,5.999999999999999778e-01,2.121212121212121271e-01,2.539682539682539542e-01,0.000000000000000000e+00,2.105263157894736725e-01,0.000000000000000000e+00,0.000000000000000000e+00,1.250000000000000000e-01,0.000000000000000000e+00,5.882352941176470784e-01,3.243243243243243423e-01,7.272727272727272929e-01,1.142857142857142821e-01,3.018867924528301772e-01,1.621621621621621712e-01,2.000000000000000111e-01,1.886792452830188815e-01,2.000000000000000111e-01,3.750000000000000000e-01,3.148148148148148251e-01,2.535211267605633756e-01,4.324324324324324564e-01,3.409090909090908839e-01,0.000000000000000000e+00,5.000000000000000000e-01,1.428571428571428492e-01,2.653061224489796088e-01,4.166666666666666852e-01,3.636363636363636465e-01,3.333333333333333148e-01,4.285714285714285476e-01,2.000000000000000111e-01,0.000000000000000000e+00,0.000000000000000000e+00,0.000000000000000000e+00,2.500000000000000000e-01,4.000000000000000222e-01,4.861111111111111049e-01,2.083333333333333426e-01,2.394366197183098455e-01,0.000000000000000000e+00,7.142857142857142461e-02,2.258064516129032195e-01,3.571428571428571508e-01,1.904761904761904656e-01,2.857142857142856984e-01,5.000000000000000000e-01,2.000000000000000111e-01,2.857142857142856984e-01,2.666666666666666630e-01,2.500000000000000000e-01,4.000000000000000222e-01,2.800000000000000266e-01,1.666666666666666574e-01,2.352941176470588203e-01,3.571428571428571508e-01,2.500000000000000000e-01,5.999999999999999778e-01,2.999999999999999889e-01,2.500000000000000000e-01,2.999999999999999889e-01,2.307692307692307820e-01,5.789473684210526550e-01
0.000000000000000000e+00,0.000000000000000000e+00,0.000000000000000000e+00,0.000000000000000000e+00,0.000000000000000000e+00,0.000000000000000000e+00,0.000000000000000000e+00,0.000000000000000000e+00,0.000000000000000000e+00,0.000000000000000000e+00,0.000000000000000000e+00,0.000000000000000000e+00,0.000000000000000000e+00,0.000000000000000000e+00,0.000000000000000000e+00,0.000000000000000000e+00,0.000000000000000000e+00,0.000000000000000000e+00,0.000000000000000000e+00,0.000000000000000000e+00,0.000000000000000000e+00,0.000000000000000000e+00,0.000000000000000000e+00,0.000000000000000000e+00,0.000000000000000000e+00,0.000000000000000000e+00,0.000000000000000000e+00,0.000000000000000000e+00,0.000000000000000000e+00,0.000000000000000000e+00,0.000000000000000000e+00,0.000000000000000000e+00,0.000000000000000000e+00,0.000000000000000000e+00,0.000000000000000000e+00,0.000000000000000000e+00,0.000000000000000000e+00,0.000000000000000000e+00,0.000000000000000000e+00,0.000000000000000000e+00,0.000000000000000000e+00,0.000000000000000000e+00,0.000000000000000000e+00,0.000000000000000000e+00,0.000000000000000000e+00,0.000000000000000000e+00,0.000000000000000000e+00,0.000000000000000000e+00,0.000000000000000000e+00,0.000000000000000000e+00,0.000000000000000000e+00,0.000000000000000000e+00,0.000000000000000000e+00,0.000000000000000000e+00,0.000000000000000000e+00,0.000000000000000000e+00,0.000000000000000000e+00,0.000000000000000000e+00,0.000000000000000000e+00,0.000000000000000000e+00,0.000000000000000000e+00,0.000000000000000000e+00,0.000000000000000000e+00,0.000000000000000000e+00,0.000000000000000000e+00,0.000000000000000000e+00,0.000000000000000000e+00,0.000000000000000000e+00,0.000000000000000000e+00,0.000000000000000000e+00,0.000000000000000000e+00,0.000000000000000000e+00,0.000000000000000000e+00,0.000000000000000000e+00,0.000000000000000000e+00,0.000000000000000000e+00,0.000000000000000000e+00,0.000000000000000000e+00,0.000000000000000000e+00,0.000000000000000000e+00,0.000000000000000000e+00,0.000000000000000000e+00,0.000000000000000000e+00,0.000000000000000000e+00,0.000000000000000000e+00,0.000000000000000000e+00,0.000000000000000000e+00,0.000000000000000000e+00,0.000000000000000000e+00,0.000000000000000000e+00,0.000000000000000000e+00,0.000000000000000000e+00,0.000000000000000000e+00,0.000000000000000000e+00,0.000000000000000000e+00,0.000000000000000000e+00,0.000000000000000000e+00,0.000000000000000000e+00,0.000000000000000000e+00,0.000000000000000000e+00,0.000000000000000000e+00,0.000000000000000000e+00,0.000000000000000000e+00,0.000000000000000000e+00,0.000000000000000000e+00,0.000000000000000000e+00,0.000000000000000000e+00,0.000000000000000000e+00,0.000000000000000000e+00,0.000000000000000000e+00,0.000000000000000000e+00,0.000000000000000000e+00,0.000000000000000000e+00,0.000000000000000000e+00,0.000000000000000000e+00,0.000000000000000000e+00,0.000000000000000000e+00,0.000000000000000000e+00,0.000000000000000000e+00,0.000000000000000000e+00,0.000000000000000000e+00,0.000000000000000000e+00,0.000000000000000000e+00,0.000000000000000000e+00,0.000000000000000000e+00,0.000000000000000000e+00,0.000000000000000000e+00,0.000000000000000000e+00,0.000000000000000000e+00,0.000000000000000000e+00,0.000000000000000000e+00,0.000000000000000000e+00,0.000000000000000000e+00,0.000000000000000000e+00,0.000000000000000000e+00,0.000000000000000000e+00,0.000000000000000000e+00,0.000000000000000000e+00,0.000000000000000000e+00,0.000000000000000000e+00,0.000000000000000000e+00,0.000000000000000000e+00,0.000000000000000000e+00,0.000000000000000000e+00,0.000000000000000000e+00,0.000000000000000000e+00,0.000000000000000000e+00,0.000000000000000000e+00,0.000000000000000000e+00,0.000000000000000000e+00,0.000000000000000000e+00,0.000000000000000000e+00,0.000000000000000000e+00,0.000000000000000000e+00,0.000000000000000000e+00,0.000000000000000000e+00,0.000000000000000000e+00,0.000000000000000000e+00,0.000000000000000000e+00,0.000000000000000000e+00,0.000000000000000000e+00,0.000000000000000000e+00,0.000000000000000000e+00,0.000000000000000000e+00,0.000000000000000000e+00,0.000000000000000000e+00,0.000000000000000000e+00,0.000000000000000000e+00,0.000000000000000000e+00,0.000000000000000000e+00,0.000000000000000000e+00,0.000000000000000000e+00,0.000000000000000000e+00,0.000000000000000000e+00,0.000000000000000000e+00,0.000000000000000000e+00,0.000000000000000000e+00,0.000000000000000000e+00,0.000000000000000000e+00,0.000000000000000000e+00,0.000000000000000000e+00,0.000000000000000000e+00,0.000000000000000000e+00,0.000000000000000000e+00,0.000000000000000000e+00,0.000000000000000000e+00,0.000000000000000000e+00,0.000000000000000000e+00,0.000000000000000000e+00,0.000000000000000000e+00,0.000000000000000000e+00,0.000000000000000000e+00,0.000000000000000000e+00,0.000000000000000000e+00,0.000000000000000000e+00,0.000000000000000000e+00,0.000000000000000000e+00,0.000000000000000000e+00,0.000000000000000000e+00,0.000000000000000000e+00,0.000000000000000000e+00,0.000000000000000000e+00,0.000000000000000000e+00,0.000000000000000000e+00,0.000000000000000000e+00,0.000000000000000000e+00,0.000000000000000000e+00,0.000000000000000000e+00,0.000000000000000000e+00,0.000000000000000000e+00,0.000000000000000000e+00,0.000000000000000000e+00,0.000000000000000000e+00,0.000000000000000000e+00,0.000000000000000000e+00,0.000000000000000000e+00,0.000000000000000000e+00,0.000000000000000000e+00,0.000000000000000000e+00,0.000000000000000000e+00,0.000000000000000000e+00,0.000000000000000000e+00,0.000000000000000000e+00,0.000000000000000000e+00,0.000000000000000000e+00,0.000000000000000000e+00,0.000000000000000000e+00,0.000000000000000000e+00,0.000000000000000000e+00,0.000000000000000000e+00,0.000000000000000000e+00,0.000000000000000000e+00,0.000000000000000000e+00,0.000000000000000000e+00,0.000000000000000000e+00,0.000000000000000000e+00,0.000000000000000000e+00,0.000000000000000000e+00,0.000000000000000000e+00,0.000000000000000000e+00,0.000000000000000000e+00,0.000000000000000000e+00,0.000000000000000000e+00,0.000000000000000000e+00,0.000000000000000000e+00,0.000000000000000000e+00,0.000000000000000000e+00,0.000000000000000000e+00,0.000000000000000000e+00,0.000000000000000000e+00,0.000000000000000000e+00,0.000000000000000000e+00,0.000000000000000000e+00,0.000000000000000000e+00,0.000000000000000000e+00,0.000000000000000000e+00,0.000000000000000000e+00,0.000000000000000000e+00,0.000000000000000000e+00,0.000000000000000000e+00,0.000000000000000000e+00,0.000000000000000000e+00,0.000000000000000000e+00,0.000000000000000000e+00,0.000000000000000000e+00,0.000000000000000000e+00,0.000000000000000000e+00,0.000000000000000000e+00,0.000000000000000000e+00,0.000000000000000000e+00,0.000000000000000000e+00,0.000000000000000000e+00,0.000000000000000000e+00,0.000000000000000000e+00,0.000000000000000000e+00,0.000000000000000000e+00,0.000000000000000000e+00,0.000000000000000000e+00,0.000000000000000000e+00,0.000000000000000000e+00,0.000000000000000000e+00,0.000000000000000000e+00,0.000000000000000000e+00,0.000000000000000000e+00,0.000000000000000000e+00,0.000000000000000000e+00,0.000000000000000000e+00,0.000000000000000000e+00,0.000000000000000000e+00,0.000000000000000000e+00,0.000000000000000000e+00,0.000000000000000000e+00,0.000000000000000000e+00,0.000000000000000000e+00,0.000000000000000000e+00,0.000000000000000000e+00,0.000000000000000000e+00,0.000000000000000000e+00,0.000000000000000000e+00,0.000000000000000000e+00,0.000000000000000000e+00,0.000000000000000000e+00,0.000000000000000000e+00,0.000000000000000000e+00,0.000000000000000000e+00,0.000000000000000000e+00,0.000000000000000000e+00,0.000000000000000000e+00,0.000000000000000000e+00,0.000000000000000000e+00,0.000000000000000000e+00,0.000000000000000000e+00,0.000000000000000000e+00,0.000000000000000000e+00,0.000000000000000000e+00,0.000000000000000000e+00,0.000000000000000000e+00,0.000000000000000000e+00,0.000000000000000000e+00,0.000000000000000000e+00
0.000000000000000000e+00,0.000000000000000000e+00,0.000000000000000000e+00,0.000000000000000000e+00,0.000000000000000000e+00,0.000000000000000000e+00,0.000000000000000000e+00,0.000000000000000000e+00,0.000000000000000000e+00,0.000000000000000000e+00,0.000000000000000000e+00,0.000000000000000000e+00,0.000000000000000000e+00,0.000000000000000000e+00,0.000000000000000000e+00,0.000000000000000000e+00,0.000000000000000000e+00,0.000000000000000000e+00,0.000000000000000000e+00,0.000000000000000000e+00,0.000000000000000000e+00,0.000000000000000000e+00,0.000000000000000000e+00,0.000000000000000000e+00,0.000000000000000000e+00,0.000000000000000000e+00,0.000000000000000000e+00,0.000000000000000000e+00,0.000000000000000000e+00,0.000000000000000000e+00,0.000000000000000000e+00,0.000000000000000000e+00,0.000000000000000000e+00,0.000000000000000000e+00,0.000000000000000000e+00,0.000000000000000000e+00,0.000000000000000000e+00,0.000000000000000000e+00,0.000000000000000000e+00,0.000000000000000000e+00,0.000000000000000000e+00,0.000000000000000000e+00,0.000000000000000000e+00,0.000000000000000000e+00,0.000000000000000000e+00,0.000000000000000000e+00,0.000000000000000000e+00,0.000000000000000000e+00,0.000000000000000000e+00,0.000000000000000000e+00,0.000000000000000000e+00,0.000000000000000000e+00,0.000000000000000000e+00,0.000000000000000000e+00,0.000000000000000000e+00,0.000000000000000000e+00,0.000000000000000000e+00,0.000000000000000000e+00,0.000000000000000000e+00,0.000000000000000000e+00,0.000000000000000000e+00,0.000000000000000000e+00,0.000000000000000000e+00,0.000000000000000000e+00,0.000000000000000000e+00,0.000000000000000000e+00,0.000000000000000000e+00,0.000000000000000000e+00,0.000000000000000000e+00,0.000000000000000000e+00,0.000000000000000000e+00,0.000000000000000000e+00,0.000000000000000000e+00,0.000000000000000000e+00,0.000000000000000000e+00,0.000000000000000000e+00,0.000000000000000000e+00,0.000000000000000000e+00,0.000000000000000000e+00,0.000000000000000000e+00,0.000000000000000000e+00,0.000000000000000000e+00,0.000000000000000000e+00,0.000000000000000000e+00,0.000000000000000000e+00,0.000000000000000000e+00,0.000000000000000000e+00,0.000000000000000000e+00,0.000000000000000000e+00,0.000000000000000000e+00,0.000000000000000000e+00,0.000000000000000000e+00,0.000000000000000000e+00,0.000000000000000000e+00,0.000000000000000000e+00,0.000000000000000000e+00,0.000000000000000000e+00,0.000000000000000000e+00,0.000000000000000000e+00,0.000000000000000000e+00,0.000000000000000000e+00,0.000000000000000000e+00,0.000000000000000000e+00,0.000000000000000000e+00,0.000000000000000000e+00,0.000000000000000000e+00,0.000000000000000000e+00,0.000000000000000000e+00,0.000000000000000000e+00,0.000000000000000000e+00,0.000000000000000000e+00,0.000000000000000000e+00,0.000000000000000000e+00,0.000000000000000000e+00,0.000000000000000000e+00,0.000000000000000000e+00,0.000000000000000000e+00,0.000000000000000000e+00,0.000000000000000000e+00,0.000000000000000000e+00,0.000000000000000000e+00,0.000000000000000000e+00,0.000000000000000000e+00,0.000000000000000000e+00,0.000000000000000000e+00,0.000000000000000000e+00,0.000000000000000000e+00,0.000000000000000000e+00,0.000000000000000000e+00,0.000000000000000000e+00,0.000000000000000000e+00,0.000000000000000000e+00,0.000000000000000000e+00,0.000000000000000000e+00,0.000000000000000000e+00,0.000000000000000000e+00,0.000000000000000000e+00,0.000000000000000000e+00,0.000000000000000000e+00,0.000000000000000000e+00,0.000000000000000000e+00,0.000000000000000000e+00,0.000000000000000000e+00,0.000000000000000000e+00,0.000000000000000000e+00,0.000000000000000000e+00,0.000000000000000000e+00,0.000000000000000000e+00,0.000000000000000000e+00,0.000000000000000000e+00,0.000000000000000000e+00,0.000000000000000000e+00,0.000000000000000000e+00,0.000000000000000000e+00,0.000000000000000000e+00,0.000000000000000000e+00,0.000000000000000000e+00,0.000000000000000000e+00,0.000000000000000000e+00,0.000000000000000000e+00,0.000000000000000000e+00,0.000000000000000000e+00,0.000000000000000000e+00,0.000000000000000000e+00,0.000000000000000000e+00,0.000000000000000000e+00,0.000000000000000000e+00,0.000000000000000000e+00,0.000000000000000000e+00,0.000000000000000000e+00,0.000000000000000000e+00,0.000000000000000000e+00,0.000000000000000000e+00,0.000000000000000000e+00,0.000000000000000000e+00,0.000000000000000000e+00,0.000000000000000000e+00,0.000000000000000000e+00,0.000000000000000000e+00,0.000000000000000000e+00,0.000000000000000000e+00,0.000000000000000000e+00,0.000000000000000000e+00,0.000000000000000000e+00,0.000000000000000000e+00,0.000000000000000000e+00,0.000000000000000000e+00,0.000000000000000000e+00,0.000000000000000000e+00,0.000000000000000000e+00,0.000000000000000000e+00,0.000000000000000000e+00,0.000000000000000000e+00,0.000000000000000000e+00,0.000000000000000000e+00,0.000000000000000000e+00,0.000000000000000000e+00,0.000000000000000000e+00,0.000000000000000000e+00,0.000000000000000000e+00,0.000000000000000000e+00,0.000000000000000000e+00,0.000000000000000000e+00,0.000000000000000000e+00,0.000000000000000000e+00,0.000000000000000000e+00,0.000000000000000000e+00,0.000000000000000000e+00,0.000000000000000000e+00,0.000000000000000000e+00,0.000000000000000000e+00,0.000000000000000000e+00,0.000000000000000000e+00,0.000000000000000000e+00,0.000000000000000000e+00,0.000000000000000000e+00,0.000000000000000000e+00,0.000000000000000000e+00,0.000000000000000000e+00,0.000000000000000000e+00,0.000000000000000000e+00,0.000000000000000000e+00,0.000000000000000000e+00,0.000000000000000000e+00,0.000000000000000000e+00,0.000000000000000000e+00,0.000000000000000000e+00,0.000000000000000000e+00,0.000000000000000000e+00,0.000000000000000000e+00,0.000000000000000000e+00,0.000000000000000000e+00,0.000000000000000000e+00,0.000000000000000000e+00,0.000000000000000000e+00,0.000000000000000000e+00,0.000000000000000000e+00,0.000000000000000000e+00,0.000000000000000000e+00,0.000000000000000000e+00,0.000000000000000000e+00,0.000000000000000000e+00,0.000000000000000000e+00,0.000000000000000000e+00,0.000000000000000000e+00,0.000000000000000000e+00,0.000000000000000000e+00,0.000000000000000000e+00,0.000000000000000000e+00,0.000000000000000000e+00,0.000000000000000000e+00,0.000000000000000000e+00,0.000000000000000000e+00,0.000000000000000000e+00,0.000000000000000000e+00,0.000000000000000000e+00,0.000000000000000000e+00,0.000000000000000000e+00,0.000000000000000000e+00,0.000000000000000000e+00,0.000000000000000000e+00,0.000000000000000000e+00,0.000000000000000000e+00,0.000000000000000000e+00,0.000000000000000000e+00,0.000000000000000000e+00,0.000000000000000000e+00,0.000000000000000000e+00,0.000000000000000000e+00,0.000000000000000000e+00,0.000000000000000000e+00,0.000000000000000000e+00,0.000000000000000000e+00,0.000000000000000000e+00,0.000000000000000000e+00,0.000000000000000000e+00,0.000000000000000000e+00,0.000000000000000000e+00,0.000000000000000000e+00,0.000000000000000000e+00,0.000000000000000000e+00,0.000000000000000000e+00,0.000000000000000000e+00,0.000000000000000000e+00,0.000000000000000000e+00,0.000000000000000000e+00,0.000000000000000000e+00,0.000000000000000000e+00,0.000000000000000000e+00,0.000000000000000000e+00,0.000000000000000000e+00,0.000000000000000000e+00,0.000000000000000000e+00,0.000000000000000000e+00,0.000000000000000000e+00,0.000000000000000000e+00,0.000000000000000000e+00,0.000000000000000000e+00,0.000000000000000000e+00,0.000000000000000000e+00,0.000000000000000000e+00,0.000000000000000000e+00,0.000000000000000000e+00,0.000000000000000000e+00,0.000000000000000000e+00,0.000000000000000000e+00,0.000000000000000000e+00,0.000000000000000000e+00,0.000000000000000000e+00,0.000000000000000000e+00,0.000000000000000000e+00,0.000000000000000000e+00,0.000000000000000000e+00,0.000000000000000000e+00,0.000000000000000000e+00,0.000000000000000000e+00,0.000000000000000000e+00,0.000000000000000000e+00,0.000000000000000000e+00,0.000000000000000000e+00
8.556149732620320358e-02,8.019375672766415608e-02,1.308411214953270896e-01,1.174636174636174701e-01,9.208400646203554474e-02,1.705565529622980192e-01,0.000000000000000000e+00,0.000000000000000000e+00,0.000000000000000000e+00,1.840796019900497460e-01,1.668789808917197359e-01,1.351909184726522162e-01,1.853658536585365835e-01,0.000000000000000000e+00,7.322654462242562945e-02,7.204610951008645625e-02,1.923515981735159919e-01,7.310565635005336627e-02,7.272727272727272374e-02,1.159420289855072478e-01,8.775510204081632404e-02,0.000000000000000000e+00,6.508577194752775130e-02,7.865168539325842478e-02,7.518796992481202590e-02,0.000000000000000000e+00,6.363636363636362980e-02,7.888631090487238651e-02,7.942857142857143171e-02,8.469539375928678004e-02,4.285714285714285754e-02,8.018867924528301494e-02,4.564315352697095179e-02,5.997624703087885839e-02,6.939704209328782791e-02,7.687338501291988979e-02,2.355126300148588370e-01,6.124314442413162501e-02,1.060820367751060811e-01,9.663865546218487756e-02,1.084905660377358527e-01,5.999999999999999778e-02,1.246376811594202966e-01,5.426356589147286746e-02,5.526992287917737584e-02,0.000000000000000000e+00,7.458233890214796546e-02,1.050583657587548653e-01,5.969458583988893757e-02,6.278026905829596493e-02,2.032520325203251987e-01,6.810035842293907238e-02,5.357142857142856845e-02,6.060606060606060774e-02,5.698005698005698116e-02,6.605222734254992401e-02,7.258064516129032751e-02,1.150000000000000050e-01,1.050847457627118592e-01,8.951965065502183461e-02,7.725321888412017834e-02,6.702253855278766936e-02,5.872483221476509918e-02,4.232804232804232569e-02,7.903225806451612268e-02,5.993690851735015979e-02,2.397260273972602607e-02,4.719764011799409964e-02,7.333333333333333370e-02,9.803921568627450844e-02,4.892253931275480222e-02,5.374999999999999917e-02,6.879471656576774397e-02,2.001853568118628357e-01,5.352591333899744952e-02,8.120497707924033415e-02,5.376344086021505458e-02,5.473025801407349622e-02,4.342857142857142749e-02,1.094564408041697745e-01,7.237569060773481333e-02,6.656804733727811341e-02,1.074468085106383003e-01,6.430155210643015429e-02,1.043890865954922864e-01,6.309751434034416295e-02,7.199999999999999456e-02,0.000000000000000000e+00,1.185567010309278302e-01,6.057268722466960242e-02,1.155015197568389079e-01,6.722689075630251809e-02,7.210300429184549054e-02,1.809473124002128896e-01,6.709265175718849561e-02,8.307692307692307598e-02,8.151791988756149077e-02,6.149341142020497974e-02,8.685968819599108881e-02,7.456828885400314244e-02,7.467752885268159890e-02,4.745762711864406902e-02,6.117021276595744489e-02,8.886324293133295027e-02,9.076763485477178095e-02,3.468208092485548788e-02,4.347826086956521618e-02,0.000000000000000000e+00,5.555555555555555247e-02,0.000000000000000000e+00,5.263157894736841813e-02,7.033898305084745894e-02,6.159895150720838541e-02,6.723796967699406657e-02,1.505016722408026864e-01,2.113402061855670089e-01,1.551480959097320256e-01,7.300053676865271568e-02,5.655836341756919489e-02,8.925549915397630596e-02,7.478427612655801082e-02,9.650924024640657184e-02,3.311258278145695622e-02,8.193163320672816607e-02,7.518796992481202590e-02,9.639564124056998473e-02,7.506702412868632157e-02,1.739463601532567072e-01,1.564129301355578761e-01,4.368932038834951598e-02,0.000000000000000000e+00,1.072386058981233264e-01,0.000000000000000000e+00,1.723037651563497086e-01,1.695827725437416000e-01,1.775898520084566723e-01,4.878048780487805047e-02,8.270202020202020721e-02,1.858407079646017812e-01,1.746192893401015134e-01,1.840193704600484315e-01,6.588235294117647523e-02,6.601466992665036559e-02,4.154302670623145205e-02,7.929515418502203206e-02,0.000000000000000000e+00,1.033210332103321055e-01,0.000000000000000000e+00,0.000000000000000000e+00,2.090909090909090773e-01,1.675704989154012947e-01,7.779720279720279963e-02,9.594095940959410096e-02,1.941747572815533951e-01,8.546637744034707440e-02,1.284974093264248662e-01,1.109107303877367029e-01,9.915014164305949174e-02,5.454545454545454281e-02,8.833522083805209202e-02,2.136910268270120206e-01,1.310116086235489086e-01,9.595959595959595301e-02,7.162534435261708188e-02,7.076350093109869122e-02,0.000000000000000000e+00,5.896226415094339701e-02,0.000000000000000000e+00,8.244680851063829197e-02,5.013192612137203075e-02,5.062602068590092708e-02,0.000000000000000000e+00,0.000000000000000000e+00,1.809954751131221881e-02,9.966777408637873814e-02,1.709770114942528729e-01,8.108108108108108558e-02,6.315349226265161431e-02,8.169934640522875935e-02,8.646112600536193238e-02,5.232558139534883995e-02,9.009009009009008584e-02,1.981072555205047325e-01,9.433962264150944077e-02,4.332129963898916775e-02,1.903553299492385664e-01,5.597964376590330859e-02,0.000000000000000000e+00,6.666666666666666574e-02,6.716417910447761153e-02,0.000000000000000000e+00,7.175398633257402958e-02,4.100418410041840878e-02,4.702194357366771410e-02,6.587473002159827118e-02,5.142857142857142766e-02,4.991087344028520556e-02,0.000000000000000000e+00,5.694444444444444337e-02,7.944732297063902826e-02,5.847953216374268681e-02,7.760141093474426377e-02,1.548269581056466171e-01,7.856191744340879080e-02,1.591836734693877486e-01,1.709401709401709435e-01,1.353512278697887039e-01,5.095238095238095039e-02,0.000000000000000000e+00,5.646173149309912515e-02,1.086519114688128812e-01,6.612021857923497392e-02,5.974842767295597545e-02,9.269162210338681429e-02,1.658347199112590042e-01,5.319148936170212810e-02,6.208053691275167846e-02,0.000000000000000000e+00,2.575107296137339047e-02,0.000000000000000000e+00,0.000000000000000000e+00,6.557377049180328210e-02,1.239157372986369327e-01,7.419354838709676936e-02,8.184319119669876408e-02,0.000000000000000000e+00,1.724738675958188139e-01,0.000000000000000000e+00,6.896551724137930939e-02,7.499999999999999722e-02,5.314009661835748799e-02,7.714285714285713802e-02,0.000000000000000000e+00,0.000000000000000000e+00,7.385759829968119305e-02,6.237006237006237352e-02,7.902973395931142675e-02,5.249569707401032653e-02,9.318555008210180346e-02,6.388888888888888395e-02,8.254716981132075027e-02,7.640878701050621280e-02,8.098793796668581069e-02,5.935050391937290309e-02,6.375838926174497157e-02,1.864189622037155658e-01,9.976798143851507705e-02,1.159029649595687272e-01,7.681628875520592203e-02,6.595538312318137419e-02,0.000000000000000000e+00,1.376518218623481726e-01,7.604562737642585335e-02,7.843137254901960675e-02,7.259528130671506763e-02,7.432432432432432845e-02,0.000000000000000000e+00,5.892857142857142738e-02,1.857079841199823500e-01,6.976744186046511531e-02,0.000000000000000000e+00,7.407407407407406996e-02,0.000000000000000000e+00,0.000000000000000000e+00,6.756756756756757132e-02,0.000000000000000000e+00,5.063291139240506250e-02,5.693950177935942769e-02,5.863708399366085455e-02,5.188679245283019104e-02,4.063745019920318724e-02,8.393285371702638442e-02,5.489864864864864996e-02,7.463768115942029380e-02,1.209580838323353336e-01,1.106471816283924881e-01,8.954203691045796443e-02,1.742886178861788593e-01,7.264957264957265515e-02,6.948424068767908302e-02,0.000000000000000000e+00,1.648351648351648394e-02,1.618122977346278246e-01,1.074240719910011244e-01,7.987711213517664777e-02,9.275362318840579823e-02,5.161290322580645157e-02,3.645007923930269206e-02,8.823529411764706454e-02,0.000000000000000000e+00,4.117647058823529355e-02,0.000000000000000000e+00,6.976744186046511531e-02,8.786610878661087198e-02,8.981168517624335546e-02,6.892590465249856524e-02,6.355932203389830226e-02,0.000000000000000000e+00,5.015673981191222375e-02,5.263157894736841813e-02,8.878504672897195860e-02,6.928406466512701534e-02,8.254716981132075027e-02,7.191011235955056813e-02,8.788598574821852860e-02,7.643312101910827716e-02,8.193277310924369783e-02,6.465517241379310776e-02,8.636363636363636465e-02,7.283464566929133410e-02,8.393285371702638442e-02,6.092436974789915832e-02,5.707196029776674673e-02,8.333333333333332871e-02,7.959183673469387432e-02,8.268733850129199314e-02,8.495145631067961556e-02,7.936507936507936067e-02,7.158836689038031165e-02,6.313131313131313538e-02
2.601351351351351426e-01,2.247191011235954994e-01,4.122807017543859698e-01,4.285714285714285476e-01,2.554744525547445466e-01,5.867768595041322754e-01,0.000000000000000000e+00,0.000000000000000000e+00,0.000000000000000000e+00,5.227272727272727071e-01,5.737704918032786594e-01,4.186991869918699205e-01,5.957446808510638014e-01,0.000000000000000000e+00,2.888888888888888618e-01,2.823529411764705843e-01,5.717761557177615250e-01,2.328482328482328612e-01,2.380952380952380820e-01,4.523809523809523836e-01,3.142857142857142794e-01,0.000000000000000000e+00,2.361111111111111049e-01,2.727272727272727071e-01,2.179487179487179516e-01,0.000000000000000000e+00,4.057971014492753881e-01,3.076923076923077094e-01,2.340425531914893664e-01,2.782369146005509442e-01,2.285714285714285643e-01,2.710622710622710430e-01,1.676300578034682076e-01,2.532981530343008103e-01,2.402464065708418972e-01,2.005208333333333426e-01,5.936599423631123695e-01,2.675438596491228060e-01,2.999999999999999889e-01,3.454038997214484707e-01,4.615384615384615641e-01,2.625000000000000111e-01,5.747126436781608838e-01,2.434782608695652273e-01,1.907894736842105365e-01,0.000000000000000000e+00,2.573839662447257592e-01,2.765957446808510745e-01,2.773437500000000000e-01,1.228070175438596423e-01,5.643044619422572516e-01,3.111111111111111160e-01,1.860465116279069742e-01,2.580645161290322509e-01,2.105263157894736725e-01,2.876712328767123128e-01,2.777777777777777901e-01,3.303571428571428492e-01,3.162393162393162260e-01,3.099999999999999978e-01,3.050847457627118842e-01,2.309782608695652162e-01,2.435233160621761705e-01,2.857142857142856984e-01,2.605633802816901268e-01,1.954022988505747238e-01,1.980198019801980291e-01,2.094594594594594572e-01,2.804878048780488076e-01,2.881355932203389925e-01,2.451253481894150321e-01,1.883116883116883189e-01,3.180914512922465298e-01,5.905511811023621549e-01,2.811244979919678699e-01,3.020134228187919545e-01,1.428571428571428492e-01,2.124999999999999944e-01,1.864406779661016977e-01,3.954372623574144430e-01,2.627906976744185941e-01,2.950819672131147486e-01,3.791208791208791062e-01,3.018867924528301772e-01,3.595041322314049825e-01,1.782178217821782096e-01,2.283737024221453304e-01,0.000000000000000000e+00,3.891050583657587603e-01,2.365145228215767559e-01,4.736842105263157632e-01,2.290076335877862523e-01,1.812297734627831836e-01,5.603864734299517369e-01,4.242424242424242542e-01,2.516556291390728561e-01,2.582417582417582680e-01,2.132352941176470507e-01,2.800000000000000266e-01,2.461538461538461675e-01,2.675585284280936338e-01,2.020725388601036232e-01,2.023121387283237094e-01,2.992874109263657934e-01,2.860310421286030858e-01,1.891891891891891997e-01,1.090909090909090856e-01,0.000000000000000000e+00,2.399999999999999911e-01,0.000000000000000000e+00,2.615384615384615530e-01,2.768959435626102139e-01,2.071428571428571563e-01,2.265193370165745901e-01,6.436781609195402210e-01,4.947368421052631415e-01,5.916230366492146731e-01,2.253521126760563431e-01,2.441314553990610314e-01,2.958477508650518839e-01,2.254901960784313764e-01,2.409972299168975096e-01,2.058823529411764608e-01,2.801556420233463074e-01,3.529411764705882582e-01,2.993827160493827133e-01,2.274247491638795859e-01,5.253731343283581934e-01,4.722792607802874798e-01,2.626262626262626521e-01,0.000000000000000000e+00,4.038461538461538547e-01,0.000000000000000000e+00,4.750542299349240771e-01,4.633273703041144720e-01,5.999999999999999778e-01,2.200000000000000011e-01,2.438423645320197120e-01,6.551724137931034253e-01,4.750957854406130387e-01,6.500000000000000222e-01,3.007712082262210540e-01,2.658227848101265556e-01,2.185430463576158999e-01,2.826086956521738913e-01,0.000000000000000000e+00,2.500000000000000000e-01,0.000000000000000000e+00,0.000000000000000000e+00,5.409836065573770947e-01,6.324582338902148271e-01,2.771535580524344677e-01,3.421052631578947456e-01,5.238095238095238360e-01,2.869269949066213798e-01,3.383838383838383979e-01,4.062500000000000000e-01,4.533333333333333104e-01,2.452830188679245293e-01,3.005780346820809412e-01,5.462686567164178886e-01,5.755395683453237154e-01,3.227513227513227334e-01,2.707182320441988699e-01,2.564102564102563875e-01,0.000000000000000000e+00,2.834645669291338543e-01,0.000000000000000000e+00,3.333333333333333148e-01,2.333333333333333370e-01,2.526539278131634814e-01,0.000000000000000000e+00,0.000000000000000000e+00,1.000000000000000056e-01,3.636363636363636465e-01,4.450549450549450281e-01,2.696078431372548878e-01,2.309160305343511410e-01,2.602739726027397116e-01,1.875000000000000000e-01,3.333333333333333148e-01,3.584905660377358250e-01,4.912718204488777940e-01,4.901960784313725283e-01,2.753623188405797118e-01,5.576519916142557154e-01,2.098765432098765316e-01,0.000000000000000000e+00,3.111111111111111160e-01,3.333333333333333148e-01,0.000000000000000000e+00,2.537960954446854545e-01,2.421875000000000000e-01,1.126760563380281716e-01,3.106796116504854099e-01,2.579505300353356900e-01,2.572815533980582492e-01,0.000000000000000000e+00,2.641509433962264120e-01,3.130434782608695898e-01,2.625899280575539341e-01,2.158273381294963933e-01,5.303030303030302761e-01,3.027522935779816682e-01,5.087719298245614308e-01,4.642857142857143016e-01,4.749034749034748981e-01,2.176591375770020598e-01,0.000000000000000000e+00,2.901234567901234684e-01,3.097345132743362650e-01,2.967032967032967039e-01,2.258064516129032195e-01,2.711864406779661008e-01,4.688715953307392992e-01,2.711864406779661008e-01,2.537313432835821003e-01,0.000000000000000000e+00,1.666666666666666574e-01,0.000000000000000000e+00,0.000000000000000000e+00,2.500000000000000000e-01,4.314720812182741283e-01,2.236842105263157909e-01,2.801120448179271749e-01,0.000000000000000000e+00,5.434782608695651884e-01,0.000000000000000000e+00,2.318435754189944187e-01,2.131147540983606425e-01,3.478260869565217295e-01,4.634146341463414864e-01,0.000000000000000000e+00,0.000000000000000000e+00,2.864197530864197594e-01,2.857142857142856984e-01,3.349358974358974117e-01,1.544715447154471621e-01,3.638297872340425787e-01,1.928571428571428659e-01,2.506811989100817262e-01,2.669404517453798920e-01,2.968750000000000000e-01,2.236180904522613033e-01,2.535211267605633756e-01,6.482558139534884134e-01,2.121212121212121271e-01,4.480874316939890689e-01,2.754237288135593098e-01,2.617449664429530309e-01,0.000000000000000000e+00,4.843750000000000000e-01,3.525179856115107646e-01,2.113207547169811407e-01,2.649572649572649596e-01,2.812500000000000000e-01,0.000000000000000000e+00,2.764227642276422814e-01,5.877378435517970345e-01,2.564575645756457800e-01,0.000000000000000000e+00,2.393162393162393264e-01,0.000000000000000000e+00,0.000000000000000000e+00,2.833333333333333259e-01,0.000000000000000000e+00,2.906976744186046679e-01,2.916666666666666852e-01,1.493506493506493449e-01,3.004115226337448763e-01,2.563291139240506111e-01,2.638522427440633256e-01,1.780821917808219079e-01,2.600000000000000089e-01,3.837837837837838051e-01,3.360000000000000209e-01,2.344213649851631942e-01,5.298969072164948502e-01,2.695312500000000000e-01,2.653061224489796088e-01,0.000000000000000000e+00,9.090909090909091161e-02,6.117647058823529882e-01,3.449883449883449638e-01,3.020134228187919545e-01,2.392086330935251914e-01,2.761904761904762085e-01,2.014388489208633060e-01,3.095238095238095344e-01,0.000000000000000000e+00,1.891891891891891997e-01,0.000000000000000000e+00,2.432432432432432567e-01,3.015873015873015706e-01,2.827324478178367961e-01,2.731277533039647709e-01,2.663934426229508379e-01,0.000000000000000000e+00,1.944444444444444475e-01,2.883720930232558377e-01,3.109243697478991653e-01,2.066115702479338900e-01,3.442622950819672067e-01,2.845528455284552782e-01,3.442622950819672067e-01,2.460317460317460181e-01,3.546099290780141966e-01,2.447552447552447663e-01,3.333333333333333148e-01,3.615384615384615308e-01,2.213740458015267254e-01,2.962962962962962798e-01,2.644628099173553792e-01,2.671755725190839703e-01,2.962962962962962798e-01,3.617021276595744905e-01,2.962962962962962798e-01,3.070175438596491335e-01,2.950819672131147486e-01,3.617021276595744905e-01
2.268760907504362989e-01,1.023411371237458178e-01,1.206349206349206366e-01,5.177111716621253523e-02,8.203125000000000000e-02,3.241895261845386539e-02,0.000000000000000000e+00,0.000000000000000000e+00,0.000000000000000000e+00,1.125000000000000028e-01,1.225997045790251094e-01,9.483793517406963192e-02,7.729468599033816056e-02,0.000000000000000000e+00,9.482758620689654694e-02,7.457627118644068187e-02,8.536585365853659180e-02,7.643312101910827716e-02,4.975124378109452988e-02,3.468208092485548788e-02,1.199999999999999956e-01,0.000000000000000000e+00,7.637997432605904413e-02,8.315098468271334142e-02,6.969696969696970168e-02,0.000000000000000000e+00,5.263157894736841813e-02,2.317708333333333426e-01,6.640316205533597360e-02,1.549783549783549652e-01,2.192982456140350755e-01,8.900523560209423757e-02,1.829268292682926789e-01,5.975521958243340537e-02,7.899934167215273695e-02,9.725685785536158923e-02,8.700322234156820933e-02,4.704595185995623374e-02,1.221498371335504873e-01,2.153846153846153966e-01,1.578947368421052544e-01,1.360544217687074953e-01,7.973421926910298496e-02,5.773672055427251509e-02,6.400000000000000133e-02,0.000000000000000000e+00,7.284768211920529535e-02,7.499999999999999722e-02,7.303974221267454936e-02,1.343283582089552231e-01,1.066030230708035070e-01,2.382978723404255428e-01,4.918032786885245811e-02,1.055718475073313817e-01,2.108433734939759163e-01,7.903780068728522012e-02,2.244897959183673464e-01,7.547169811320754429e-02,8.423326133909286861e-02,2.184343434343434254e-01,6.481481481481481122e-02,7.370820668693009448e-02,7.236388697450034380e-02,5.111821086261980618e-02,2.511876484560570111e-01,1.153846153846153910e-01,5.230386052303860611e-02,7.592592592592592449e-02,8.150470219435736186e-02,4.016913319238900326e-02,5.084745762711864736e-02,6.187050359712230330e-02,1.607354685646500692e-01,9.247842170160296138e-02,6.347656250000000000e-02,6.255430060816681570e-02,7.734806629834253822e-02,6.843267108167770674e-02,5.730659025787965960e-02,2.266894781864841613e-01,7.435197817189631575e-02,8.152173913043478382e-02,1.144827586206896564e-01,2.159090909090909116e-01,9.143686502177068853e-02,8.060453400503778121e-02,8.924731182795699047e-02,0.000000000000000000e+00,1.341890315052508831e-01,1.118170266836086418e-01,1.666666666666666574e-01,1.206030150753768793e-01,9.809809809809809378e-02,9.408194233687405816e-02,9.465020576131687180e-02,5.964912280701754194e-02,6.530291109362706958e-02,6.960950764006791636e-02,7.068062827225131406e-02,7.285429141716566470e-02,6.307129798903107765e-02,7.349081364829396223e-02,5.161290322580645157e-02,8.908045977011494476e-02,8.449767132401862779e-02,7.499999999999999722e-02,4.602510460251046237e-02,0.000000000000000000e+00,2.137809187279151868e-01,0.000000000000000000e+00,1.943127962085308136e-01,5.823792931806869022e-02,8.414239482200647213e-02,7.447633824670286951e-02,9.206798866855524233e-02,3.672787979966610911e-02,6.939501779359430467e-02,7.436517533252720580e-02,6.376360808709176375e-02,1.801980198019801915e-01,8.510638297872340219e-02,6.516072980017376115e-02,2.877697841726618855e-02,1.611940298507462677e-01,1.435185185185185175e-01,1.923791821561338378e-01,8.367768595041322199e-02,7.979797979797979834e-02,1.021428571428571463e-01,1.727019498607242354e-01,0.000000000000000000e+00,1.097922848664688450e-01,0.000000000000000000e+00,8.279742765273312433e-02,9.706959706959707168e-02,7.124010554089710290e-02,6.340057636887608261e-02,8.177570093457943445e-02,9.561752988047808599e-02,1.133069828722002570e-01,3.581267217630854094e-02,2.148648648648648629e-01,7.741935483870968082e-02,5.075187969924811748e-02,2.105263157894736725e-01,0.000000000000000000e+00,2.125984251968504046e-01,0.000000000000000000e+00,0.000000000000000000e+00,9.069767441860465684e-02,8.216136195410807253e-02,2.014995313964386137e-01,8.230452674897119347e-02,9.496124031007752153e-02,1.036400404448938328e-01,1.059972105997210590e-01,7.867730900798175497e-02,7.540983606557377650e-02,9.523809523809523281e-02,7.792207792207792028e-02,9.288990825688073216e-02,8.388520971302428075e-02,9.650582362728785113e-02,1.969949916527545808e-01,7.625272331154683836e-02,0.000000000000000000e+00,6.958762886597938402e-02,0.000000000000000000e+00,1.924959216965742292e-01,6.685236768802228779e-02,6.782945736434108086e-02,0.000000000000000000e+00,0.000000000000000000e+00,1.428571428571428492e-01,2.154882154882154788e-01,8.007117437722420517e-02,6.403574087862992648e-02,7.660668380462724858e-02,1.084337349397590383e-01,8.459696727853152631e-02,4.635761589403973593e-02,2.810810810810810967e-01,7.640067911714770732e-02,6.250000000000000000e-02,5.617977528089887485e-02,8.100929614873837725e-02,5.704697986577181301e-02,0.000000000000000000e+00,2.521739130434782483e-01,1.942148760330578428e-01,0.000000000000000000e+00,7.198306280875088614e-02,1.575931232091690448e-01,5.016722408026755980e-02,7.492795389048990951e-02,1.679261125104953845e-01,7.019438444924405718e-02,0.000000000000000000e+00,2.077294685990338230e-01,2.363281250000000000e-01,6.043329532497149215e-02,7.280513918629549774e-02,1.945606694560669536e-01,8.071748878923766524e-02,9.090909090909091161e-02,1.196172248803827748e-01,1.096586782861292686e-01,6.923076923076923461e-02,0.000000000000000000e+00,1.889204545454545581e-01,1.247058823529411803e-01,8.019441069258809174e-02,4.048582995951417046e-02,8.041237113402062431e-02,1.009239516702203215e-01,6.896551724137930939e-02,8.493427704752275209e-02,0.000000000000000000e+00,4.054054054054054279e-02,0.000000000000000000e+00,0.000000000000000000e+00,7.042253521126760896e-02,5.007824726134585402e-02,8.474576271186440302e-02,7.378472222222222376e-02,0.000000000000000000e+00,1.012048192771084348e-01,0.000000000000000000e+00,7.604017216642754151e-02,8.154506437768239968e-02,7.228915662650602092e-02,7.643312101910827716e-02,0.000000000000000000e+00,0.000000000000000000e+00,2.198795180722891429e-01,6.621004566210045295e-02,2.156505914467697904e-01,3.663793103448275551e-02,1.039603960396039556e-01,5.529225908372827764e-02,7.713004484304933350e-02,6.197654941373534343e-02,1.625806451612903103e-01,7.245337159253945059e-02,5.860805860805860801e-02,9.912280701754386247e-02,2.011331444759206777e-01,7.604562737642585335e-02,2.069140823589222244e-01,1.217877094972067004e-01,0.000000000000000000e+00,1.219512195121951192e-01,5.596107055961070664e-02,8.414239482200647213e-02,7.939914163090128207e-02,1.185897435897435848e-01,0.000000000000000000e+00,7.414829659318637745e-02,9.349112426035502410e-02,7.727532913566113881e-02,0.000000000000000000e+00,6.774193548387097419e-02,0.000000000000000000e+00,0.000000000000000000e+00,3.809523809523809867e-02,0.000000000000000000e+00,8.746355685131194935e-02,5.982905982905983161e-02,9.197651663405087552e-02,4.597701149425287293e-02,6.560636182902584990e-02,6.031468531468531236e-02,9.109518935516888738e-02,8.362369337979094763e-02,7.826086956521739746e-02,8.571428571428571508e-02,8.649602824360105857e-02,8.176943699731903381e-02,2.157996146435452733e-01,7.685738684884714511e-02,0.000000000000000000e+00,1.428571428571428492e-01,6.435643564356435808e-02,2.320302648171500559e-01,2.115085536547433864e-01,7.776617954070981498e-02,5.598455598455598370e-02,7.434944237918215959e-02,6.349206349206348854e-02,0.000000000000000000e+00,4.958677685950413361e-02,0.000000000000000000e+00,4.558011049723757063e-02,9.132420091324200406e-02,1.690058479532163815e-01,8.618421052631579371e-02,6.831119544592030579e-02,0.000000000000000000e+00,7.279693486590038676e-02,6.258322237017310830e-02,1.288343558282208645e-01,1.207865168539325879e-01,9.677419354838709409e-02,7.692307692307692735e-02,7.774798927613940647e-02,6.539509536784740562e-02,1.000000000000000056e-01,5.384615384615384914e-02,1.131105398457583483e-01,9.090909090909091161e-02,7.591623036649214340e-02,8.816120906801007406e-02,9.356725146198829890e-02,8.215297450424929870e-02,8.735632183908045856e-02,8.205128205128205121e-02,1.122994652406417160e-01,8.378378378378378843e-02,9.066666666666667318e-02,8.375634517766497589e-02
9.665427509293680886e-02,1.051401869158878483e-01,2.711864406779661008e-01,1.369863013698630061e-01,1.100917431192660612e-01,1.333333333333333315e-01,0.000000000000000000e+00,0.000000000000000000e+00,0.000000000000000000e+00,1.470588235294117696e-01,9.815950920245399003e-02,1.014492753623188470e-01,5.714285714285714107e-02,0.000000000000000000e+00,1.363636363636363535e-01,2.708333333333333148e-01,1.056910569105691117e-01,1.375291375291375351e-01,1.666666666666666574e-01,8.571428571428571508e-02,1.616161616161616299e-01,0.000000000000000000e+00,9.768637532133675472e-02,1.333333333333333315e-01,8.433734939759035543e-02,0.000000000000000000e+00,1.186440677966101725e-01,1.632653061224489666e-01,8.707124010554090354e-02,1.100323624595469230e-01,9.090909090909091161e-02,1.739130434782608647e-01,8.839779005524861510e-02,8.099688473520248733e-02,1.534391534391534306e-01,1.069182389937106958e-01,1.223628691983122407e-01,4.255319148936170109e-02,1.176470588235294101e-01,1.104815864022662825e-01,1.052631578947368363e-01,9.547738693467336391e-02,1.445783132530120418e-01,1.008403361344537841e-01,8.088235294117647467e-02,0.000000000000000000e+00,1.051212938005390840e-01,1.857142857142857206e-01,9.032258064516128504e-02,1.428571428571428492e-01,1.156462585034013640e-01,8.620689655172414367e-02,9.774436090225563367e-02,1.126760563380281716e-01,9.375000000000000000e-02,1.111111111111111049e-01,1.463414634146341375e-01,1.142857142857142821e-01,1.503759398496240518e-01,1.538461538461538547e-01,4.081632653061224164e-02,1.209439528023598803e-01,1.356382978723404131e-01,1.060606060606060635e-01,1.215596330275229425e-01,1.333333333333333315e-01,7.407407407407406996e-02,8.695652173913043237e-02,1.287128712871287162e-01,1.764705882352941291e-01,8.762886597938143729e-02,1.193181818181818232e-01,1.451612903225806550e-01,1.213592233009708754e-01,1.004566210045662045e-01,6.756756756756757132e-02,8.333333333333332871e-02,1.190864600326264205e-01,9.677419354838709409e-02,9.797297297297297147e-02,1.196388261851015766e-01,6.086956521739130682e-02,1.365853658536585469e-01,1.509433962264150886e-01,1.703296703296703352e-01,1.496062992125984370e-01,8.219178082191780366e-02,0.000000000000000000e+00,1.034482758620689641e-01,1.131221719457013580e-01,1.574803149606299191e-01,8.108108108108108558e-02,1.587301587301587213e-01,1.147959183673469413e-01,9.375000000000000000e-02,1.357142857142857040e-01,1.978798586572438067e-01,1.190476190476190410e-01,9.090909090909091161e-02,1.590909090909090884e-01,9.779179810725552313e-02,9.313725490196078649e-02,1.496062992125984370e-01,9.343434343434343925e-02,9.585492227979273971e-02,6.250000000000000000e-02,8.695652173913043237e-02,0.000000000000000000e+00,4.458598726114649385e-02,0.000000000000000000e+00,8.000000000000000167e-02,8.686868686868687295e-02,1.379310344827586188e-01,7.185628742514969802e-02,8.333333333333332871e-02,8.163265306122448328e-02,8.148148148148148806e-02,1.129807692307692318e-01,9.729729729729730270e-02,1.195445920303605247e-01,1.312217194570135803e-01,6.271777003484320379e-02,9.523809523809523281e-02,1.432835820895522472e-01,1.898734177215190000e-01,1.280000000000000027e-01,1.065573770491803213e-01,1.541353383458646531e-01,1.320293398533007312e-01,4.255319148936170109e-02,0.000000000000000000e+00,1.666666666666666574e-01,0.000000000000000000e+00,1.624548736462093912e-01,1.517615176151761447e-01,1.009174311926605561e-01,5.263157894736841813e-02,1.050955414012738898e-01,1.129032258064516098e-01,1.428571428571428492e-01,1.022727272727272790e-01,8.808290155440413882e-02,6.557377049180328210e-02,8.547008547008547175e-02,2.000000000000000111e-01,0.000000000000000000e+00,1.666666666666666574e-01,0.000000000000000000e+00,0.000000000000000000e+00,1.028806584362139953e-01,9.289617486338798413e-02,9.629629629629629650e-02,2.203389830508474534e-01,1.451612903225806550e-01,1.323792486583184325e-01,1.368421052631579038e-01,1.308411214953270896e-01,9.615384615384615918e-02,1.470588235294117696e-01,1.100000000000000006e-01,1.219512195121951192e-01,9.615384615384615918e-02,1.818181818181818232e-01,1.443298969072164817e-01,1.732283464566929110e-01,0.000000000000000000e+00,1.881188118811881194e-01,0.000000000000000000e+00,9.459459459459459985e-02,1.666666666666666574e-01,1.194029850746268634e-01,0.000000000000000000e+00,0.000000000000000000e+00,1.086956521739130405e-01,8.870967741935484319e-02,2.313432835820895539e-01,9.539473684210526827e-02,1.205533596837944643e-01,1.126760563380281716e-01,1.076923076923076983e-01,2.058823529411764608e-01,1.666666666666666574e-01,1.298245614035087592e-01,5.555555555555555247e-02,1.617647058823529493e-01,1.183294663573085798e-01,1.034482758620689641e-01,0.000000000000000000e+00,1.698113207547169712e-01,7.086614173228346358e-02,0.000000000000000000e+00,9.333333333333333759e-02,8.461538461538462008e-02,1.578947368421052544e-01,2.011173184357541999e-01,1.176470588235294101e-01,8.730158730158729674e-02,0.000000000000000000e+00,1.038961038961039030e-01,1.164383561643835552e-01,1.282051282051281937e-01,1.681415929203539938e-01,1.224489795918367319e-01,1.837837837837837940e-01,1.538461538461538547e-01,1.136363636363636326e-01,1.353846153846153810e-01,9.492273730684326616e-02,0.000000000000000000e+00,1.069182389937106958e-01,1.794871794871794879e-01,1.409214092140921304e-01,1.071428571428571369e-01,1.066666666666666735e-01,1.534246575342465835e-01,2.000000000000000111e-01,1.509433962264150886e-01,0.000000000000000000e+00,5.263157894736841813e-02,0.000000000000000000e+00,0.000000000000000000e+00,1.000000000000000056e-01,1.085271317829457349e-01,1.379310344827586188e-01,1.784511784511784438e-01,0.000000000000000000e+00,1.228070175438596423e-01,0.000000000000000000e+00,9.510086455331412392e-02,7.633587786259542207e-02,1.274509803921568540e-01,1.320754716981132060e-01,0.000000000000000000e+00,0.000000000000000000e+00,7.568807339449541705e-02,2.045454545454545581e-01,7.211538461538460898e-02,7.317073170731706877e-02,1.717791411042944860e-01,1.188811188811188801e-01,1.032258064516129031e-01,1.329113924050632778e-01,1.551155115511551053e-01,7.329842931937172179e-02,7.352941176470588480e-02,1.124260355029585851e-01,1.449275362318840632e-01,9.638554216867470381e-02,1.033210332103321055e-01,9.589041095890410427e-02,0.000000000000000000e+00,1.600000000000000033e-01,1.391304347826086973e-01,9.561752988047808599e-02,1.491228070175438514e-01,9.459459459459459985e-02,0.000000000000000000e+00,1.229508196721311453e-01,1.409691629955947267e-01,1.569506726457399193e-01,0.000000000000000000e+00,1.627906976744186163e-01,0.000000000000000000e+00,0.000000000000000000e+00,8.333333333333332871e-02,0.000000000000000000e+00,3.703703703703703498e-02,8.359133126934983893e-02,8.670520231213872664e-02,5.681818181818181629e-02,1.076388888888888951e-01,1.072961373390557971e-01,1.150793650793650730e-01,1.735294117647058765e-01,7.821229050279329686e-02,2.524271844660194164e-01,9.064327485380116456e-02,1.438679245283018826e-01,9.920634920634920084e-02,1.092150170648464175e-01,0.000000000000000000e+00,2.380952380952380820e-02,1.296296296296296224e-01,1.288782816229117056e-01,8.045977011494252762e-02,1.242829827915870045e-01,1.020408163265306145e-01,7.262569832402235304e-02,1.333333333333333315e-01,0.000000000000000000e+00,0.000000000000000000e+00,0.000000000000000000e+00,6.763285024154588876e-02,9.433962264150944077e-02,1.056034482758620718e-01,1.412742382271468256e-01,1.234866828087167051e-01,0.000000000000000000e+00,1.296296296296296224e-01,1.586538461538461453e-01,1.052631578947368363e-01,1.012658227848101250e-01,9.782608695652174335e-02,9.859154929577464144e-02,9.909909909909909997e-02,1.022727272727272790e-01,7.058823529411764608e-02,8.421052631578947179e-02,1.290322580645161255e-01,9.259259259259258745e-02,1.505376344086021556e-01,6.741573033707864981e-02,7.058823529411764608e-02,1.176470588235294101e-01,8.333333333333332871e-02,1.010101010101010083e-01,9.756097560975610095e-02,9.375000000000000000e-02,7.865168539325842478e-02,1.204819277108433728e-01
1.453488372093023340e-01,8.695652173913043237e-02,2.672413793103448065e-01,1.638225255972696193e-01,1.077844311377245540e-01,2.517006802721088454e-01,0.000000000000000000e+00,0.000000000000000000e+00,0.000000000000000000e+00,2.745098039215686514e-01,3.201754385964912242e-01,2.437275985663082400e-01,2.419354838709677491e-01,0.000000000000000000e+00,1.328125000000000000e-01,1.495327102803738206e-01,2.909760589318600155e-01,7.652173913043477937e-02,1.460674157303370746e-01,1.016949152542372947e-01,9.022556390977443108e-02,0.000000000000000000e+00,8.177172061328789876e-02,9.034907597535934975e-02,5.785123966942148921e-02,0.000000000000000000e+00,6.542056074766354479e-02,1.600000000000000033e-01,1.026156941649899457e-01,1.184834123222748836e-01,6.521739130434782428e-02,9.463722397476340142e-02,5.418719211822660420e-02,6.263982102908277616e-02,7.400722021660649519e-02,1.141552511415525051e-01,3.581661891117478569e-01,5.982905982905983161e-02,1.414141414141414088e-01,1.606805293005671154e-01,1.400000000000000133e-01,5.511811023622047168e-02,1.938775510204081565e-01,1.009009009009008973e-01,1.194029850746268634e-01,0.000000000000000000e+00,1.247401247401247470e-01,1.499999999999999944e-01,9.734513274336283051e-02,1.351351351351351426e-01,3.160000000000000031e-01,8.000000000000000167e-02,1.257861635220125784e-01,5.357142857142856845e-02,1.308411214953270896e-01,7.692307692307692735e-02,1.829268292682926789e-01,1.274509803921568540e-01,1.834319526627218866e-01,1.283018867924528295e-01,1.204819277108433728e-01,7.708333333333333703e-02,6.790123456790123080e-02,5.825242718446602130e-02,1.230502599653379575e-01,7.207207207207207145e-02,2.473498233215547584e-02,9.424083769633508079e-02,9.482758620689654694e-02,1.317365269461077959e-01,7.383966244725738426e-02,1.428571428571428492e-01,1.083916083916083850e-01,2.371794871794871695e-01,8.785529715762273317e-02,1.280487804878048808e-01,9.302325581395348708e-02,8.380681818181817677e-02,7.063197026022305369e-02,2.242744063324538240e-01,8.253358925143954028e-02,7.075471698113207364e-02,1.458333333333333426e-01,1.048951048951048959e-01,1.245136186770428033e-01,8.955223880597014408e-02,1.005747126436781630e-01,0.000000000000000000e+00,1.743119266055045968e-01,6.270627062706270183e-02,1.344086021505376261e-01,1.185185185185185230e-01,6.521739130434782428e-02,3.172541743970315187e-01,1.888888888888888840e-01,9.701492537313433084e-02,1.020881670533642649e-01,6.250000000000000000e-02,1.166666666666666685e-01,1.091370558375634459e-01,6.870229007633588125e-02,5.395683453237409832e-02,8.522727272727272096e-02,1.482213438735177913e-01,1.362862010221465026e-01,1.538461538461538547e-01,1.145833333333333287e-01,0.000000000000000000e+00,9.392265193370165355e-02,0.000000000000000000e+00,8.196721311475409222e-02,1.069767441860465101e-01,1.162790697674418589e-01,9.071274298056156149e-02,2.413793103448275967e-01,2.833333333333333259e-01,2.268041237113402053e-01,9.803921568627450844e-02,8.366533864541832177e-02,1.053412462908011882e-01,1.019736842105263136e-01,9.954751131221718785e-02,8.433734939759035543e-02,1.254355400696864076e-01,1.967213114754098324e-01,1.331360946745562268e-01,1.178343949044586003e-01,3.017456359102244634e-01,2.818532818532818451e-01,9.401709401709401615e-02,0.000000000000000000e+00,1.538461538461538547e-01,0.000000000000000000e+00,1.749460043196544301e-01,2.267536704730832020e-01,2.710843373493975750e-01,9.600000000000000200e-02,1.168831168831168804e-01,2.500000000000000000e-01,2.885906040268456652e-01,2.803738317757009102e-01,9.829867674858222548e-02,1.196581196581196632e-01,8.121827411167512056e-02,2.142857142857142738e-01,0.000000000000000000e+00,1.263157894736842146e-01,0.000000000000000000e+00,0.000000000000000000e+00,2.462908011869436309e-01,2.194174757281553423e-01,1.449704142011834229e-01,1.063829787234042562e-01,2.784090909090908839e-01,9.612625538020086458e-02,1.920529801324503405e-01,1.400651465798045670e-01,2.372881355932203451e-01,6.250000000000000000e-02,1.520270270270270285e-01,2.457627118644067910e-01,2.699386503067484622e-01,1.091703056768558999e-01,9.490740740740741255e-02,8.125000000000000278e-02,0.000000000000000000e+00,7.692307692307692735e-02,0.000000000000000000e+00,1.023255813953488358e-01,5.468750000000000000e-02,1.032608695652173919e-01,0.000000000000000000e+00,0.000000000000000000e+00,2.000000000000000042e-02,1.155778894472361817e-01,2.376237623762376128e-01,1.350710900473933718e-01,5.898876404494381859e-02,5.797101449275362389e-02,1.252747252747252737e-01,9.836065573770491621e-02,9.375000000000000000e-02,2.793791574279378964e-01,1.153846153846153910e-01,3.809523809523809867e-02,2.577854671280276899e-01,5.940594059405940319e-02,0.000000000000000000e+00,1.111111111111111049e-01,4.968944099378881651e-02,0.000000000000000000e+00,1.107142857142857095e-01,4.984423676012460919e-02,9.195402298850574585e-02,1.102040816326530642e-01,6.197183098591549366e-02,1.076487252124645883e-01,0.000000000000000000e+00,8.333333333333332871e-02,1.000000000000000056e-01,1.003134796238244475e-01,1.111111111111111049e-01,2.544378698224852298e-01,1.133004926108374388e-01,2.784810126582278333e-01,2.933333333333333348e-01,2.253787878787878729e-01,8.199356913183279694e-02,0.000000000000000000e+00,1.359649122807017607e-01,1.710526315789473728e-01,8.823529411764706454e-02,1.204819277108433728e-01,1.418918918918918859e-01,2.607843137254902133e-01,1.149425287356321823e-01,5.675675675675675991e-02,0.000000000000000000e+00,9.836065573770491621e-02,0.000000000000000000e+00,0.000000000000000000e+00,1.000000000000000056e-01,1.930693069306930743e-01,1.866666666666666752e-01,8.114558472553699831e-02,0.000000000000000000e+00,2.307692307692307820e-01,0.000000000000000000e+00,8.571428571428571508e-02,1.310344827586207017e-01,4.273504273504273587e-02,2.234042553191489255e-01,0.000000000000000000e+00,0.000000000000000000e+00,1.185567010309278302e-01,8.839779005524861510e-02,1.396866840731070536e-01,5.428571428571428437e-02,1.165467625899280629e-01,7.692307692307692735e-02,9.631728045325778365e-02,8.345534407027818680e-02,1.038251366120218622e-01,8.812260536398466848e-02,8.490566037735848559e-02,2.615384615384615530e-01,1.250000000000000000e-01,1.157024793388429784e-01,1.001540832049306606e-01,7.763975155279502494e-02,0.000000000000000000e+00,2.777777777777777901e-01,8.176100628930817182e-02,1.329479768786127059e-01,1.097560975609756101e-01,1.333333333333333315e-01,0.000000000000000000e+00,7.692307692307692735e-02,2.938530734632683883e-01,1.036363636363636376e-01,0.000000000000000000e+00,1.525423728813559421e-01,0.000000000000000000e+00,0.000000000000000000e+00,1.212121212121212155e-01,0.000000000000000000e+00,6.603773584905660299e-02,7.216494845360824084e-02,1.333333333333333315e-01,9.701492537313433084e-02,1.181556195965417916e-01,8.262108262108261436e-02,7.449856733524355679e-02,7.633587786259542207e-02,1.921568627450980504e-01,9.859154929577464144e-02,1.289537712895377219e-01,2.256493506493506551e-01,1.135646687697160900e-01,1.000000000000000056e-01,0.000000000000000000e+00,0.000000000000000000e+00,2.574257425742574323e-01,1.706896551724138011e-01,1.283185840707964653e-01,1.288951841359773365e-01,1.022727272727272790e-01,8.064516129032257841e-02,1.923076923076923184e-02,0.000000000000000000e+00,9.677419354838709409e-02,0.000000000000000000e+00,9.027777777777777624e-02,1.710526315789473728e-01,9.874608150470219614e-02,8.226691042047531988e-02,1.064981949458483762e-01,0.000000000000000000e+00,1.047619047619047644e-01,9.859154929577464144e-02,4.761904761904761640e-02,1.092436974789915971e-01,1.788617886178861804e-01,1.344537815126050362e-01,1.231884057971014551e-01,1.325301204819277212e-01,1.000000000000000056e-01,6.818181818181817677e-02,1.194029850746268634e-01,1.258278145695364281e-01,1.030303030303030276e-01,1.134751773049645363e-01,1.047619047619047644e-01,1.550387596899224785e-01,1.025641025641025605e-01,1.242236024844720482e-01,1.506849315068493067e-01,1.521739130434782705e-01,6.818181818181817677e-02,1.510791366906474864e-01
1.706813489332415779e-01,1.547560374568753006e-01,1.702702702702702797e-01,2.653429602888086603e-01,1.741140215716486805e-01,1.791808873720136530e-01,0.000000000000000000e+00,0.000000000000000000e+00,0.000000000000000000e+00,9.282700421940928703e-02,1.319199057714958712e-01,1.709233791748526465e-01,1.370967741935483764e-01,0.000000000000000000e+00,1.334519572953736521e-01,1.799485861182519297e-01,1.637190500252652947e-01,2.065317387304507757e-01,1.654135338345864570e-01,2.947368421052631304e-01,1.896907216494845283e-01,0.000000000000000000e+00,1.890756302521008347e-01,1.941320293398532959e-01,1.247113163972286415e-01,0.000000000000000000e+00,1.282051282051281937e-01,1.687500000000000111e-01,1.519396551724137845e-01,1.541554959785522705e-01,2.203389830508474534e-01,2.080181543116490228e-01,1.439205955334987574e-01,1.608235948803561355e-01,2.004153686396677181e-01,1.481715006305170113e-01,1.499999999999999944e-01,1.682799702159344657e-01,2.227662178702570495e-01,1.623064602242391963e-01,3.066666666666666430e-01,1.799410029498525188e-01,1.908212560386473300e-01,1.914529914529914667e-01,1.725032425421530458e-01,0.000000000000000000e+00,1.544929059379926417e-01,1.392405063291139167e-01,1.830466830466830341e-01,1.529411764705882470e-01,1.541850220264317228e-01,1.573426573426573438e-01,1.827794561933534789e-01,1.380753138075313802e-01,1.439205955334987574e-01,1.989389920424403102e-01,1.937716262975778536e-01,1.846965699208443223e-01,2.064220183486238647e-01,1.361607142857142738e-01,1.321428571428571452e-01,1.998916576381365162e-01,2.103626943005181271e-01,1.563981042654028486e-01,1.798839458413926395e-01,1.540342298288508438e-01,2.224448897795591185e-01,1.556156968876860613e-01,2.430107526881720437e-01,1.841155234657039785e-01,1.855873642645607113e-01,1.968085106382978788e-01,1.739343459088681931e-01,1.421098517872711464e-01,1.861777150916784085e-01,1.507788161993769416e-01,2.129629629629629650e-01,2.014483212639894549e-01,1.512345679012345734e-01,1.570247933884297564e-01,2.101413944417357405e-01,1.980056980056980054e-01,2.045240339302544785e-01,1.832061068702290074e-01,2.124756335282650954e-01,1.900532859680284237e-01,1.498007968127489931e-01,0.000000000000000000e+00,1.955922865013774159e-01,1.839762611275964355e-01,2.016806722689075682e-01,1.754385964912280604e-01,1.744811683320522666e-01,1.383679675620881899e-01,1.954022988505747238e-01,2.311227839789888328e-01,2.030169704588309365e-01,1.917241379310344884e-01,1.752380952380952484e-01,1.666666666666666574e-01,1.895294897282968904e-01,2.198019801980198029e-01,1.646258503401360485e-01,1.266375545851528284e-01,1.535869041887337472e-01,1.043956043956043994e-01,1.867088607594936667e-01,0.000000000000000000e+00,1.916426512968299745e-01,0.000000000000000000e+00,1.564625850340136126e-01,1.777527245396467448e-01,1.551312649164677815e-01,1.428571428571428492e-01,1.463963963963963999e-01,1.097410604192355088e-01,1.975642760487144878e-01,1.773533424283765259e-01,1.844127332601536717e-01,1.765618936748156731e-01,2.166525063721325417e-01,1.387434554973822065e-01,1.393939393939394034e-01,1.773493975903614461e-01,1.631419939577039291e-01,1.529850746268656692e-01,1.662707838479809963e-01,1.551724137931034531e-01,1.692607003891050677e-01,1.686182669789227095e-01,0.000000000000000000e+00,1.451612903225806550e-01,0.000000000000000000e+00,1.472957422324510934e-01,1.603553062178588173e-01,1.702127659574468044e-01,1.958997722095671967e-01,1.348053457292271995e-01,1.502463054187192226e-01,1.344621513944223024e-01,1.447661469933184952e-01,1.707070707070706961e-01,1.052631578947368363e-01,1.363022941970310487e-01,1.759656652360515050e-01,0.000000000000000000e+00,1.678082191780821963e-01,0.000000000000000000e+00,0.000000000000000000e+00,1.537822111388196245e-01,1.510945008008542367e-01,1.950655358519660654e-01,1.842900302114803546e-01,1.400282885431400337e-01,2.174397031539888614e-01,1.563706563706563635e-01,2.134353741496598511e-01,1.424731182795699047e-01,1.828358208955223885e-01,1.907957813998082397e-01,1.481481481481481399e-01,1.486697965571205093e-01,2.136645962732919291e-01,2.019417475728155220e-01,1.937984496124031120e-01,0.000000000000000000e+00,1.482965931863727549e-01,0.000000000000000000e+00,1.758793969849246352e-01,2.282051282051281993e-01,1.617082533589251359e-01,0.000000000000000000e+00,0.000000000000000000e+00,3.719298245614034992e-01,1.522435897435897301e-01,1.627296587926509164e-01,1.558366877515813820e-01,2.158753709198812931e-01,1.820895522388059629e-01,1.492361927144535971e-01,2.242990654205607448e-01,1.867219917012448160e-01,1.472427515633882855e-01,3.004694835680751241e-01,1.887323943661971815e-01,1.660633484162895857e-01,1.972972972972973082e-01,0.000000000000000000e+00,2.753623188405797118e-01,1.695501730103806115e-01,0.000000000000000000e+00,1.770310932798395132e-01,1.992337164750957734e-01,1.514285714285714401e-01,2.010050251256281506e-01,2.292682926829268386e-01,1.630265210608424220e-01,0.000000000000000000e+00,1.875000000000000000e-01,1.673881673881673915e-01,1.907894736842105365e-01,1.521394611727416857e-01,1.800327332242225853e-01,1.743929359823399583e-01,1.737288135593220428e-01,1.190476190476190410e-01,1.606138107416879846e-01,1.835140997830802534e-01,0.000000000000000000e+00,1.948356807511737177e-01,1.860841423948220164e-01,1.717123935666982071e-01,1.647398843930635848e-01,2.330827067669172803e-01,1.640866873065015552e-01,2.866242038216560428e-01,2.158374211632796136e-01,0.000000000000000000e+00,1.434262948207171429e-01,0.000000000000000000e+00,0.000000000000000000e+00,1.468926553672316448e-01,1.582733812949640162e-01,1.450151057401812826e-01,2.447013487475915294e-01,0.000000000000000000e+00,1.208406304728546349e-01,0.000000000000000000e+00,1.594951233505450261e-01,1.888888888888888840e-01,1.878914405010438382e-01,1.755196304849884481e-01,0.000000000000000000e+00,0.000000000000000000e+00,1.689560439560439664e-01,2.457912457912457826e-01,1.830357142857142738e-01,2.072617246596066554e-01,2.010733452593917725e-01,1.822784810126582278e-01,1.648136036625245382e-01,1.988884477967447495e-01,1.788185204896221292e-01,1.902931283037001542e-01,1.575757575757575635e-01,1.432889963724304772e-01,1.502057613168724381e-01,1.753494282083862821e-01,1.897170187325627755e-01,2.040322580645161366e-01,0.000000000000000000e+00,1.467181467181467303e-01,1.729452054794520521e-01,1.283255086071987405e-01,1.839863713798977896e-01,2.063953488372093081e-01,0.000000000000000000e+00,1.925820256776034356e-01,1.514637250742469354e-01,1.680240034290612916e-01,0.000000000000000000e+00,1.945606694560669536e-01,0.000000000000000000e+00,0.000000000000000000e+00,1.866197183098591561e-01,0.000000000000000000e+00,1.749460043196544301e-01,1.720714758438120495e-01,1.620437956204379693e-01,2.176220806794055274e-01,1.602209944751381288e-01,1.880281690140845063e-01,1.580524344569288475e-01,1.881554595928439100e-01,1.885157096424702194e-01,1.956521739130434867e-01,1.327489041953663074e-01,1.878319652341863821e-01,1.550330639235855956e-01,1.807838179519595523e-01,0.000000000000000000e+00,3.049999999999999933e-01,9.418282548476454574e-02,1.773444753946146757e-01,1.375515818431911896e-01,1.490852471778902344e-01,1.784172661870503662e-01,1.633199464524765776e-01,1.243243243243243312e-01,0.000000000000000000e+00,1.564625850340136126e-01,0.000000000000000000e+00,1.830131445904954468e-01,1.198501872659176043e-01,1.497060153776571811e-01,2.126546146527117098e-01,1.829573934837092630e-01,0.000000000000000000e+00,1.934523809523809590e-01,2.049999999999999878e-01,1.603563474387527943e-01,1.686182669789227095e-01,1.455399061032863761e-01,1.337719298245614030e-01,1.266968325791855143e-01,1.836734693877551117e-01,1.925343811394892024e-01,1.776556776556776629e-01,1.614035087719298267e-01,1.633752244165170564e-01,1.606805293005671154e-01,1.484536082474226804e-01,1.691331923890063427e-01,1.584362139917695478e-01,1.537162162162162282e-01,1.564356435643564358e-01,1.452991452991453103e-01,1.600928074245939747e-01,1.763341067285382757e-01,1.593090211132437706e-01
1.131284916201117374e-01,9.099181073703366263e-02,1.244444444444444409e-01,1.684981684981685102e-01,9.037900874635568238e-02,1.631944444444444475e-01,0.000000000000000000e+00,0.000000000000000000e+00,0.000000000000000000e+00,1.639344262295081844e-01,1.244131455399061087e-01,9.892086330935251359e-02,7.194244604316546443e-02,0.000000000000000000e+00,8.169934640522875935e-02,1.513761467889908341e-01,1.616161616161616299e-01,9.548167092924125798e-02,8.125000000000000278e-02,7.812500000000000000e-02,1.273408239700374589e-01,0.000000000000000000e+00,1.174345076784101133e-01,1.138975966562173481e-01,9.055118110236221041e-02,0.000000000000000000e+00,1.035856573705179334e-01,1.245283018867924529e-01,1.127348643006263057e-01,9.777227722772277585e-02,1.300000000000000044e-01,7.153284671532846029e-02,8.505154639175258047e-02,9.783728115345005638e-02,9.066183136899365336e-02,9.328782707622297610e-02,1.719653179190751557e-01,1.069692058346839586e-01,1.015625000000000000e-01,1.016597510373443980e-01,8.181818181818181768e-02,9.600000000000000200e-02,9.909909909909909997e-02,7.504215851602023812e-02,6.521739130434782428e-02,0.000000000000000000e+00,1.104356636271529857e-01,7.586206896551724033e-02,8.132045088566827729e-02,8.064516129032257841e-02,1.446051167964405026e-01,1.301369863013698558e-01,9.482758620689654694e-02,1.208333333333333343e-01,1.059907834101382479e-01,1.148325358851674666e-01,1.708860759493670833e-01,1.033057851239669450e-01,1.381381381381381335e-01,1.018329938900203735e-01,1.294117647058823650e-01,9.578107183580387984e-02,9.582059123343526774e-02,9.913793103448276245e-02,1.097234611953612909e-01,9.569377990430621983e-02,6.329113924050633333e-02,6.465517241379310776e-02,7.531380753138075534e-02,9.897610921501706627e-02,1.027077497665732919e-01,7.658643326039386856e-02,8.808290155440413882e-02,1.594982078853046659e-01,1.132637853949329393e-01,1.221461187214611804e-01,7.031250000000000000e-02,6.457800511508951513e-02,7.360861759425493811e-02,1.057213930348258751e-01,1.107078039927404667e-01,1.075794621026894826e-01,1.666666666666666574e-01,1.146953405017921146e-01,1.278195488721804440e-01,8.571428571428571508e-02,1.112696148359486464e-01,0.000000000000000000e+00,1.032702237521514604e-01,1.003649635036496374e-01,1.313672922252010766e-01,8.185053380782918164e-02,8.344733242134062812e-02,1.494483450351053178e-01,1.179775280898876372e-01,1.219512195121951192e-01,1.329608938547486019e-01,9.112709832134292809e-02,1.023622047244094474e-01,1.231155778894472419e-01,7.354838709677419262e-02,7.459677419354839023e-02,9.213483146067415197e-02,1.328125000000000000e-01,1.012987012987013047e-01,8.771929824561403022e-02,6.593406593406593574e-02,0.000000000000000000e+00,9.615384615384615918e-02,0.000000000000000000e+00,9.090909090909091161e-02,9.842788790157211420e-02,9.790209790209790375e-02,1.043285238623751360e-01,1.307550644567219145e-01,1.376975169300225788e-01,1.302325581395348819e-01,8.085106382978723971e-02,6.666666666666666574e-02,9.696969696969696961e-02,8.180300500834725153e-02,9.590643274853800915e-02,8.982035928143712600e-02,1.108247422680412320e-01,1.149425287356321823e-01,1.115760111576011154e-01,9.251700680272108290e-02,1.691884456671251813e-01,1.160877513711151693e-01,9.543568464730289858e-02,0.000000000000000000e+00,1.146788990825688137e-01,0.000000000000000000e+00,1.200453001132502778e-01,1.300411522633744821e-01,1.673151750972762530e-01,8.764940239043825243e-02,9.309309309309309055e-02,1.223404255319148898e-01,1.022927689594356204e-01,1.034482758620689641e-01,1.108910891089108924e-01,1.162790697674418589e-01,9.234828496042216117e-02,1.499999999999999944e-01,0.000000000000000000e+00,7.894736842105262720e-02,0.000000000000000000e+00,0.000000000000000000e+00,1.570996978851963710e-01,1.457085828343313294e-01,1.111111111111111049e-01,1.294117647058823650e-01,1.489971346704871136e-01,9.907834101382488601e-02,1.712204007285974550e-01,1.151315789473684181e-01,1.567796610169491511e-01,1.379310344827586188e-01,1.054687500000000000e-01,1.604538087520259448e-01,1.747851002865329628e-01,7.894736842105262720e-02,8.561643835616437881e-02,1.126279863481228632e-01,0.000000000000000000e+00,9.420289855072463969e-02,0.000000000000000000e+00,9.950248756218905977e-02,1.187214611872146053e-01,8.710503842869342372e-02,0.000000000000000000e+00,0.000000000000000000e+00,6.015037593984962072e-02,1.329479768786127059e-01,1.815789473684210620e-01,8.900523560209423757e-02,9.956076134699853863e-02,8.780487804878048252e-02,9.688195991091314019e-02,1.551724137931034531e-01,1.428571428571428492e-01,1.251396648044692805e-01,6.504065040650407192e-02,5.319148936170212810e-02,1.530317613089509088e-01,6.306306306306305731e-02,0.000000000000000000e+00,2.594936708860759444e-01,1.187499999999999944e-01,0.000000000000000000e+00,8.363636363636363369e-02,8.221225710014948285e-02,6.896551724137930939e-02,5.394990366088631834e-02,7.641633728590249697e-02,1.009174311926605561e-01,0.000000000000000000e+00,1.560846560846560760e-01,1.087613293051359481e-01,8.460236886632825637e-02,1.047904191616766401e-01,9.938837920489296263e-02,7.554671968190854181e-02,1.228070175438596423e-01,1.250000000000000000e-01,1.121239744758432133e-01,7.947598253275109381e-02,0.000000000000000000e+00,1.255813953488372214e-01,1.413427561837455881e-01,7.936507936507936067e-02,1.052631578947368363e-01,9.570957095709571594e-02,1.387559808612440215e-01,1.875000000000000000e-01,8.652482269503546097e-02,0.000000000000000000e+00,1.136363636363636326e-01,0.000000000000000000e+00,0.000000000000000000e+00,9.195402298850574585e-02,1.092636579572446587e-01,8.290155440414508081e-02,1.340909090909090939e-01,0.000000000000000000e+00,1.484848484848484973e-01,0.000000000000000000e+00,1.113320079522862882e-01,1.024258760107816663e-01,7.913669064748200810e-02,7.692307692307692735e-02,0.000000000000000000e+00,0.000000000000000000e+00,1.164695177434030976e-01,1.681415929203539938e-01,1.101108033240997264e-01,9.077380952380952051e-02,1.514726507713884951e-01,7.196029776674937872e-02,9.867629362214200284e-02,1.036392405063291111e-01,8.503100088573958826e-02,9.246901811248808833e-02,1.000000000000000056e-01,1.553738317757009380e-01,9.302325581395348708e-02,1.221719457013574622e-01,1.039640987284966289e-01,8.221225710014948285e-02,0.000000000000000000e+00,1.119402985074626905e-01,1.111111111111111049e-01,1.048632218844984809e-01,9.493670886075949999e-02,1.231527093596059136e-01,0.000000000000000000e+00,9.798270893371757717e-02,1.394148020654044640e-01,8.480000000000000038e-02,0.000000000000000000e+00,6.666666666666666574e-02,0.000000000000000000e+00,0.000000000000000000e+00,1.037037037037037007e-01,0.000000000000000000e+00,8.791208791208791895e-02,8.312342569269520753e-02,6.683804627249356756e-02,7.846715328467153416e-02,1.043593130779392336e-01,1.126070991432068513e-01,1.001371742112482921e-01,9.681372549019608142e-02,1.101398601398601435e-01,1.118644067796610159e-01,1.246943765281173649e-01,1.478809738503155946e-01,1.372832369942196540e-01,8.904933814681106896e-02,0.000000000000000000e+00,4.273504273504273587e-02,1.485714285714285765e-01,1.008249312557286947e-01,1.116173120728929380e-01,8.935219657483246813e-02,7.780979827089337664e-02,7.142857142857142461e-02,6.666666666666666574e-02,0.000000000000000000e+00,7.272727272727272374e-02,0.000000000000000000e+00,8.934707903780068905e-02,8.333333333333332871e-02,9.039087947882736007e-02,9.033989266547405583e-02,8.304498269896193330e-02,0.000000000000000000e+00,9.941520467836256758e-02,9.005628517823639767e-02,6.530612244897959773e-02,1.142857142857142821e-01,1.148148148148148140e-01,8.301886792452829733e-02,7.473309608540924798e-02,8.802816901408450079e-02,1.015384615384615358e-01,1.035714285714285782e-01,6.920415224913495367e-02,1.254355400696864076e-01,1.158940397350993329e-01,1.220338983050847509e-01,8.487084870848708718e-02,1.262458471760797285e-01,1.075268817204301092e-01,1.242038216560509556e-01,1.000000000000000056e-01,1.088709677419354843e-01,1.000000000000000056e-01,7.931034482758621273e-02
1.084695393759286808e-01,8.470847084708470198e-02,1.368421052631579038e-01,3.244206773618538153e-01,1.849529780564263259e-01,2.454212454212454098e-01,0.000000000000000000e+00,0.000000000000000000e+00,0.000000000000000000e+00,1.683168316831683275e-01,1.499999999999999944e-01,1.467710371819960780e-01,1.666666666666666574e-01,0.000000000000000000e+00,7.692307692307692735e-02,1.555555555555555580e-01,1.616062683643486875e-01,2.319925163704396609e-01,1.280000000000000027e-01,3.245614035087719396e-01,1.312056737588652433e-01,0.000000000000000000e+00,2.236084452975047876e-01,2.076053442959917839e-01,7.352941176470588480e-02,0.000000000000000000e+00,7.929515418502203206e-02,1.124497991967871452e-01,9.865005192107996479e-02,1.235059760956175312e-01,1.333333333333333315e-01,2.088815789473684181e-01,5.837563451776649898e-02,1.023965141612200452e-01,1.913214990138067118e-01,8.982035928143712600e-02,1.466275659824047006e-01,9.923664122137404453e-02,1.733966745843230350e-01,1.074561403508771940e-01,3.232323232323232598e-01,1.221995926680244371e-01,1.971830985915492829e-01,1.128888888888888858e-01,9.178743961352657521e-02,0.000000000000000000e+00,9.201773835920176725e-02,1.600000000000000033e-01,1.255526083112289970e-01,7.407407407407406996e-02,1.641025641025641024e-01,6.201550387596899139e-02,9.418282548476454574e-02,5.940594059405940319e-02,1.158536585365853716e-01,2.011173184357541999e-01,1.000000000000000056e-01,1.257142857142857229e-01,1.520467836257309857e-01,1.016260162601625994e-01,8.064516129032257841e-02,2.115594329334787305e-01,2.174338883447600457e-01,2.096069868995633079e-01,9.439528023598819928e-02,5.376344086021505458e-02,8.958333333333333426e-02,4.988123515439429889e-02,1.325301204819277212e-01,1.042471042471042469e-01,1.238938053097345116e-01,1.053864168618267039e-01,1.033434650455927056e-01,1.727574750830564720e-01,2.018072289156626620e-01,8.277703604806407878e-02,9.375000000000000000e-02,1.134654818865345194e-01,1.260683760683760646e-01,1.081081081081081141e-01,2.458857696030977702e-01,1.804733727810650945e-01,1.606805293005671154e-01,1.081081081081081141e-01,1.877637130801687870e-01,9.745762711864407180e-02,8.474576271186440302e-02,0.000000000000000000e+00,1.866125760649087195e-01,1.452991452991453103e-01,1.876675603217158039e-01,9.859154929577464144e-02,2.137628111273792153e-01,1.601895734597156284e-01,2.214285714285714191e-01,2.587601078167116042e-01,2.042755344418052121e-01,1.072319201995012433e-01,6.147540983606557263e-02,1.585903083700440641e-01,1.096866096866096901e-01,1.286231884057970898e-01,9.312638580931263677e-02,8.984375000000000000e-02,8.562992125984252023e-02,6.422018348623853568e-02,9.411764705882352811e-02,0.000000000000000000e+00,1.118210862619808260e-01,0.000000000000000000e+00,6.756756756756757132e-02,9.750201450443191087e-02,8.493150684931506655e-02,9.121245828698554270e-02,2.293577981651376274e-01,8.069164265129682989e-02,1.798941798941798842e-01,1.097445600756859069e-01,1.444201312910284585e-01,1.074695121951219495e-01,2.044609665427509215e-01,7.711138310893513037e-02,6.122448979591836593e-02,1.041465766634522699e-01,1.118012422360248476e-01,8.532934131736527594e-02,8.675799086757990386e-02,1.462333825701624679e-01,1.716036772216547601e-01,1.045454545454545386e-01,0.000000000000000000e+00,1.126760563380281716e-01,0.000000000000000000e+00,1.714975845410628141e-01,1.572327044025157161e-01,1.672862453531598625e-01,8.900523560209423757e-02,8.026755852842809569e-02,1.867469879518072196e-01,1.178451178451178499e-01,1.609756097560975652e-01,9.937888198757763303e-02,8.994708994708994210e-02,9.090909090909091161e-02,1.111111111111111049e-01,0.000000000000000000e+00,8.982035928143712600e-02,0.000000000000000000e+00,0.000000000000000000e+00,1.650165016501650150e-01,1.890179514255543869e-01,1.067073170731707293e-01,1.513157894736842091e-01,1.383812010443864204e-01,1.831442463533225207e-01,1.526032315978456122e-01,2.851919561243144163e-01,1.463414634146341375e-01,1.811023622047244208e-01,1.409266409266409226e-01,1.621212121212121104e-01,1.569965870307167277e-01,1.766055045871559592e-01,1.331521739130434867e-01,2.449664429530201415e-01,0.000000000000000000e+00,1.244444444444444409e-01,0.000000000000000000e+00,1.042253521126760563e-01,2.180094786729857848e-01,1.130171543895055475e-01,0.000000000000000000e+00,0.000000000000000000e+00,7.843137254901960675e-02,1.250000000000000000e-01,1.912832929782082303e-01,1.009975062344139612e-01,2.227903579254930655e-01,1.812499999999999944e-01,8.032596041909197127e-02,1.958762886597938124e-01,8.653846153846153633e-02,1.764705882352941291e-01,1.009174311926605561e-01,2.066666666666666652e-01,1.653620352250489145e-01,1.071428571428571369e-01,0.000000000000000000e+00,9.375000000000000000e-02,1.070110701107011009e-01,0.000000000000000000e+00,1.224489795918367319e-01,1.039999999999999952e-01,9.615384615384615918e-02,1.892393320964749492e-01,1.750788643533122968e-01,1.041292639138240578e-01,0.000000000000000000e+00,7.803468208092485814e-02,9.014084507042254002e-02,1.233108108108108142e-01,8.421052631578947179e-02,1.414309484193011779e-01,1.361386138613861485e-01,2.113821138211382233e-01,1.969696969696969613e-01,1.584362139917695478e-01,1.242397914856646357e-01,0.000000000000000000e+00,9.909909909909909997e-02,1.590909090909090884e-01,1.069246435845213894e-01,9.090909090909091161e-02,2.277227722772277307e-01,1.709314227226202687e-01,2.399999999999999911e-01,2.191011235955056258e-01,0.000000000000000000e+00,2.500000000000000139e-02,0.000000000000000000e+00,0.000000000000000000e+00,7.692307692307692735e-02,1.381381381381381335e-01,1.383647798742138335e-01,2.614555256064690081e-01,0.000000000000000000e+00,1.600000000000000033e-01,0.000000000000000000e+00,9.299655568312284459e-02,7.046979865771811624e-02,1.916666666666666796e-01,1.288343558282208645e-01,0.000000000000000000e+00,0.000000000000000000e+00,1.093155893536121720e-01,1.933333333333333293e-01,1.130020422055820345e-01,1.715610510046367831e-01,1.832298136645962860e-01,2.225519287833827853e-01,1.117478510028653282e-01,2.255813953488371992e-01,1.086261980830670881e-01,8.229166666666666574e-02,1.038961038961039030e-01,1.698564593301435388e-01,1.031746031746031689e-01,1.604010025062656553e-01,9.367088607594936667e-02,2.079037800687285331e-01,0.000000000000000000e+00,1.272727272727272596e-01,1.602564102564102699e-01,6.185567010309278579e-02,2.067901234567901259e-01,1.657754010695187130e-01,0.000000000000000000e+00,2.444444444444444364e-01,1.674603174603174482e-01,8.933454876937101108e-02,0.000000000000000000e+00,5.128205128205128027e-02,0.000000000000000000e+00,0.000000000000000000e+00,2.372881355932203451e-01,0.000000000000000000e+00,6.113537117903929813e-02,1.301059001512859248e-01,7.712082262210796790e-02,1.026156941649899457e-01,1.165191740412979404e-01,1.629629629629629761e-01,1.177370030581039728e-01,2.327365728900255837e-01,2.277904328018223179e-01,1.439688715953307274e-01,8.550185873605947728e-02,1.940441882804995188e-01,7.401574803149606196e-02,1.950000000000000067e-01,0.000000000000000000e+00,8.536585365853659180e-02,1.554054054054054002e-01,1.253561253561253641e-01,9.976247030878859778e-02,8.225108225108225535e-02,7.407407407407406996e-02,1.166180758017492658e-01,3.370786516853932491e-02,0.000000000000000000e+00,4.878048780487805047e-02,0.000000000000000000e+00,8.363636363636363369e-02,8.270676691729322849e-02,1.214642262895174740e-01,2.133468149646107204e-01,1.235023041474654359e-01,0.000000000000000000e+00,2.000000000000000111e-01,2.055084745762711940e-01,1.355140186915887723e-01,1.136363636363636326e-01,1.434599156118143426e-01,1.297709923664122078e-01,1.032608695652173919e-01,1.376146788990825764e-01,1.312217194570135803e-01,1.037735849056603821e-01,1.223628691983122407e-01,1.041666666666666713e-01,1.625615763546797987e-01,1.304347826086956486e-01,1.013824884792626779e-01,1.244239631336405555e-01,1.373390557939914158e-01,1.130434782608695649e-01,1.079999999999999988e-01,1.173708920187793436e-01,1.005291005291005235e-01,9.047619047619047394e-02
3.448275862068965747e-01,3.333333333333333148e-01,5.555555555555555802e-01,7.199999999999999734e-01,6.250000000000000000e-01,8.666666666666666963e-01,0.000000000000000000e+00,0.000000000000000000e+00,0.000000000000000000e+00,7.500000000000000000e-01,6.500000000000000222e-01,7.096774193548387455e-01,1.000000000000000000e+00,0.000000000000000000e+00,6.428571428571429047e-01,8.000000000000000444e-01,7.843137254901960675e-01,4.827586206896551935e-01,3.333333333333333148e-01,1.000000000000000000e+00,5.000000000000000000e-01,0.000000000000000000e+00,4.117647058823529216e-01,5.526315789473684736e-01,2.000000000000000111e-01,0.000000000000000000e+00,3.333333333333333148e-01,2.500000000000000000e-01,4.146341463414633943e-01,4.390243902439024404e-01,3.333333333333333148e-01,5.666666666666666519e-01,3.846153846153846367e-01,2.999999999999999889e-01,3.800000000000000044e-01,3.333333333333333148e-01,9.189189189189189699e-01,3.750000000000000000e-01,5.000000000000000000e-01,5.217391304347825942e-01,5.000000000000000000e-01,6.071428571428570953e-01,9.000000000000000222e-01,4.032258064516128782e-01,3.181818181818181768e-01,0.000000000000000000e+00,4.576271186440677985e-01,4.545454545454545303e-01,3.209876543209876365e-01,5.000000000000000000e-01,8.524590163934425702e-01,5.000000000000000000e-01,1.250000000000000000e-01,4.545454545454545303e-01,3.333333333333333148e-01,6.250000000000000000e-01,5.000000000000000000e-01,5.625000000000000000e-01,7.500000000000000000e-01,5.238095238095238360e-01,5.555555555555555802e-01,3.333333333333333148e-01,4.047619047619047672e-01,2.222222222222222099e-01,4.821428571428571508e-01,2.727272727272727071e-01,3.448275862068965747e-01,4.545454545454545303e-01,6.363636363636363535e-01,4.166666666666666852e-01,4.318181818181818232e-01,3.499999999999999778e-01,4.821428571428571508e-01,8.750000000000000000e-01,4.545454545454545303e-01,4.117647058823529216e-01,0.000000000000000000e+00,3.366336633663366551e-01,3.928571428571428492e-01,6.206896551724138122e-01,4.827586206896551935e-01,4.000000000000000222e-01,6.666666666666666297e-01,6.666666666666666297e-01,6.363636363636363535e-01,3.636363636363636465e-01,4.333333333333333481e-01,0.000000000000000000e+00,6.388888888888888395e-01,3.461538461538461453e-01,6.470588235294117974e-01,2.000000000000000111e-01,4.000000000000000222e-01,7.600000000000000089e-01,5.000000000000000000e-01,4.545454545454545303e-01,5.000000000000000000e-01,2.352941176470588203e-01,5.333333333333333259e-01,3.617021276595744905e-01,3.529411764705882582e-01,3.437500000000000000e-01,4.210526315789473450e-01,6.071428571428570953e-01,5.098039215686274161e-01,6.666666666666666297e-01,6.666666666666666297e-01,0.000000000000000000e+00,5.000000000000000000e-01,0.000000000000000000e+00,6.250000000000000000e-01,4.507042253521126862e-01,4.285714285714285476e-01,4.848484848484848619e-01,6.818181818181817677e-01,6.666666666666666297e-01,8.260869565217391353e-01,3.421052631578947456e-01,4.411764705882352811e-01,5.757575757575758013e-01,3.750000000000000000e-01,3.125000000000000000e-01,5.555555555555555802e-01,5.161290322580645018e-01,7.142857142857143016e-01,5.384615384615384359e-01,5.454545454545454142e-01,7.234042553191489811e-01,8.208955223880597396e-01,1.428571428571428492e-01,0.000000000000000000e+00,5.294117647058823595e-01,0.000000000000000000e+00,6.607142857142856984e-01,7.323943661971831220e-01,1.000000000000000000e+00,1.000000000000000000e+00,3.833333333333333592e-01,1.000000000000000000e+00,8.333333333333333703e-01,8.750000000000000000e-01,4.864864864864865135e-01,5.000000000000000000e-01,2.941176470588235392e-01,6.666666666666666297e-01,0.000000000000000000e+00,2.857142857142856984e-01,0.000000000000000000e+00,0.000000000000000000e+00,6.585365853658536883e-01,7.954545454545454142e-01,4.285714285714285476e-01,5.999999999999999778e-01,9.166666666666666297e-01,4.406779661016949068e-01,5.945945945945946276e-01,6.764705882352941568e-01,6.999999999999999556e-01,4.000000000000000222e-01,2.500000000000000000e-01,7.878787878787878451e-01,7.692307692307692735e-01,2.777777777777777901e-01,3.611111111111111049e-01,4.545454545454545303e-01,0.000000000000000000e+00,5.882352941176470784e-01,0.000000000000000000e+00,6.250000000000000000e-01,5.714285714285713969e-01,4.776119402985074536e-01,0.000000000000000000e+00,0.000000000000000000e+00,2.500000000000000000e-01,7.857142857142856984e-01,7.857142857142856984e-01,4.400000000000000022e-01,5.270270270270269730e-01,4.166666666666666852e-01,3.541666666666666852e-01,5.999999999999999778e-01,5.000000000000000000e-01,8.301886792452830566e-01,7.500000000000000000e-01,1.111111111111111049e-01,8.333333333333333703e-01,3.333333333333333148e-01,0.000000000000000000e+00,7.500000000000000000e-01,4.444444444444444198e-01,0.000000000000000000e+00,3.269230769230769273e-01,3.255813953488372325e-01,1.666666666666666574e-01,6.363636363636363535e-01,2.702702702702702853e-01,2.647058823529411797e-01,0.000000000000000000e+00,5.000000000000000000e-01,4.375000000000000000e-01,4.390243902439024404e-01,2.272727272727272652e-01,8.709677419354838745e-01,5.909090909090909394e-01,5.000000000000000000e-01,2.500000000000000000e-01,6.727272727272727293e-01,4.126984126984126755e-01,0.000000000000000000e+00,3.529411764705882582e-01,7.222222222222222099e-01,3.857142857142857317e-01,4.615384615384615641e-01,6.428571428571429047e-01,7.586206896551723755e-01,1.000000000000000000e+00,3.076923076923077094e-01,0.000000000000000000e+00,9.090909090909091161e-02,0.000000000000000000e+00,0.000000000000000000e+00,5.999999999999999778e-01,6.071428571428570953e-01,5.000000000000000000e-01,6.585365853658536883e-01,0.000000000000000000e+00,6.800000000000000488e-01,0.000000000000000000e+00,4.000000000000000222e-01,5.454545454545454142e-01,0.000000000000000000e+00,2.857142857142856984e-01,0.000000000000000000e+00,0.000000000000000000e+00,5.853658536585365502e-01,5.833333333333333703e-01,5.789473684210526550e-01,4.482758620689655249e-01,5.925925925925925597e-01,2.222222222222222099e-01,4.074074074074073848e-01,4.487179487179487336e-01,4.647887323943661886e-01,3.333333333333333148e-01,0.000000000000000000e+00,7.872340425531915153e-01,5.000000000000000000e-01,6.400000000000000133e-01,4.199999999999999845e-01,6.060606060606060774e-01,0.000000000000000000e+00,9.166666666666666297e-01,6.428571428571429047e-01,3.333333333333333148e-01,2.727272727272727071e-01,2.000000000000000111e-01,0.000000000000000000e+00,4.285714285714285476e-01,8.199999999999999512e-01,3.582089552238805763e-01,0.000000000000000000e+00,4.000000000000000222e-01,0.000000000000000000e+00,0.000000000000000000e+00,4.000000000000000222e-01,0.000000000000000000e+00,4.444444444444444198e-01,2.368421052631578816e-01,4.000000000000000222e-01,3.030303030303030387e-01,3.809523809523809312e-01,4.727272727272727182e-01,4.186046511627907196e-01,3.400000000000000244e-01,5.365853658536585691e-01,6.666666666666666297e-01,5.833333333333333703e-01,7.868852459016393297e-01,5.757575757575758013e-01,4.545454545454545303e-01,0.000000000000000000e+00,0.000000000000000000e+00,1.000000000000000000e+00,4.696969696969697239e-01,5.833333333333333703e-01,3.797468354430380000e-01,4.666666666666666741e-01,4.761904761904761640e-01,0.000000000000000000e+00,0.000000000000000000e+00,0.000000000000000000e+00,0.000000000000000000e+00,3.333333333333333148e-01,5.999999999999999778e-01,6.136363636363636465e-01,4.615384615384615641e-01,4.861111111111111049e-01,0.000000000000000000e+00,5.384615384615384359e-01,5.833333333333333703e-01,6.428571428571429047e-01,4.666666666666666741e-01,5.000000000000000000e-01,4.000000000000000222e-01,5.555555555555555802e-01,5.999999999999999778e-01,7.142857142857143016e-01,6.428571428571429047e-01,3.636363636363636465e-01,3.529411764705882582e-01,3.125000000000000000e-01,4.347826086956521618e-01,4.285714285714285476e-01,3.125000000000000000e-01,7.142857142857143016e-01,4.583333333333333148e-01,6.111111111111111605e-01,6.153846153846154188e-01,8.095238095238095344e-01,5.000000000000000000e-01
2.321428571428571508e-01,1.477272727272727348e-01,2.000000000000000111e-01,2.972972972972973138e-01,2.666666666666666630e-01,1.666666666666666574e-01,0.000000000000000000e+00,0.000000000000000000e+00,0.000000000000000000e+00,1.428571428571428492e-01,1.590909090909090884e-01,1.960784313725490169e-01,9.090909090909091161e-02,0.000000000000000000e+00,9.523809523809523281e-02,1.666666666666666574e-01,1.527777777777777901e-01,3.185840707964601726e-01,1.666666666666666574e-01,2.142857142857142738e-01,4.761904761904761640e-02,0.000000000000000000e+00,3.519999999999999796e-01,2.946428571428571508e-01,1.379310344827586188e-01,0.000000000000000000e+00,2.105263157894736725e-01,1.666666666666666574e-01,1.084337349397590383e-01,1.333333333333333315e-01,9.090909090909091161e-02,2.857142857142856984e-01,8.000000000000000167e-02,8.888888888888889228e-02,3.280000000000000138e-01,1.309523809523809590e-01,9.230769230769231282e-02,2.295081967213114804e-01,1.428571428571428492e-01,1.052631578947368363e-01,3.636363636363636465e-01,1.199999999999999956e-01,2.105263157894736725e-01,1.052631578947368363e-01,1.071428571428571369e-01,0.000000000000000000e+00,1.208791208791208799e-01,1.666666666666666574e-01,1.652173913043478160e-01,3.333333333333333148e-01,1.445783132530120418e-01,2.142857142857142738e-01,6.451612903225806273e-02,2.142857142857142738e-01,2.500000000000000000e-01,3.488372093023255904e-01,3.888888888888888951e-01,3.076923076923077094e-01,1.470588235294117696e-01,2.325581395348837177e-01,1.666666666666666574e-01,4.271844660194174526e-01,3.508771929824561209e-01,2.666666666666666630e-01,1.458333333333333426e-01,1.000000000000000056e-01,1.463414634146341375e-01,2.000000000000000111e-01,2.105263157894736725e-01,2.222222222222222099e-01,1.176470588235294101e-01,2.439024390243902385e-01,2.365591397849462485e-01,1.081081081081081141e-01,3.205128205128205399e-01,5.714285714285714107e-02,4.285714285714285476e-01,1.791044776119402882e-01,3.278688524590163689e-01,1.346153846153846090e-01,2.314814814814814825e-01,4.042553191489361430e-01,1.818181818181818232e-01,1.315789473684210453e-01,3.061224489795918435e-01,2.500000000000000000e-01,2.307692307692307820e-01,0.000000000000000000e+00,1.132075471698113234e-01,1.904761904761904656e-01,2.413793103448275967e-01,1.891891891891891997e-01,3.181818181818181768e-01,9.782608695652174335e-02,1.818181818181818232e-01,4.025974025974026205e-01,3.232323232323232598e-01,1.749999999999999889e-01,1.199999999999999956e-01,2.716049382716049232e-01,1.666666666666666574e-01,2.000000000000000111e-01,1.351351351351351426e-01,1.232876712328767055e-01,1.333333333333333315e-01,0.000000000000000000e+00,2.380952380952380820e-01,0.000000000000000000e+00,5.000000000000000278e-02,0.000000000000000000e+00,2.666666666666666630e-01,1.517241379310344807e-01,1.621621621621621712e-01,1.492537313432835688e-01,2.045454545454545581e-01,1.250000000000000000e-01,8.000000000000000167e-02,1.415929203539822989e-01,2.894736842105263275e-01,1.949152542372881436e-01,3.636363636363636465e-01,9.230769230769231282e-02,2.000000000000000111e-01,1.214953271028037379e-01,1.250000000000000000e-01,1.147540983606557402e-01,1.379310344827586188e-01,1.363636363636363535e-01,1.860465116279069742e-01,3.333333333333333148e-01,0.000000000000000000e+00,0.000000000000000000e+00,0.000000000000000000e+00,1.313131313131313260e-01,1.652892561983471120e-01,7.142857142857142461e-02,1.875000000000000000e-01,1.609195402298850552e-01,1.052631578947368363e-01,1.400000000000000133e-01,9.090909090909091161e-02,1.648351648351648324e-01,3.157894736842105088e-01,2.127659574468085124e-01,8.333333333333332871e-02,0.000000000000000000e+00,1.428571428571428492e-01,0.000000000000000000e+00,0.000000000000000000e+00,1.799999999999999933e-01,2.142857142857142738e-01,1.470588235294117696e-01,2.000000000000000111e-01,9.090909090909091161e-02,2.158273381294963933e-01,1.562500000000000000e-01,2.500000000000000000e-01,6.666666666666666574e-02,5.714285714285713969e-01,2.222222222222222099e-01,1.333333333333333315e-01,2.307692307692307820e-01,2.916666666666666852e-01,1.294117647058823650e-01,3.529411764705882582e-01,0.000000000000000000e+00,2.903225806451613100e-01,0.000000000000000000e+00,2.702702702702702853e-02,3.333333333333333148e-01,1.666666666666666574e-01,0.000000000000000000e+00,0.000000000000000000e+00,1.666666666666666574e-01,2.068965517241379282e-01,8.333333333333332871e-02,2.200000000000000011e-01,3.273809523809523836e-01,1.739130434782608647e-01,4.477611940298507204e-02,2.500000000000000000e-01,0.000000000000000000e+00,9.090909090909091161e-02,2.000000000000000111e-01,2.692307692307692180e-01,1.012658227848101250e-01,8.695652173913043237e-02,0.000000000000000000e+00,2.000000000000000111e-01,1.428571428571428492e-01,0.000000000000000000e+00,2.285714285714285643e-01,1.184210526315789408e-01,2.857142857142856984e-01,3.584905660377358250e-01,2.500000000000000000e-01,2.244897959183673464e-01,0.000000000000000000e+00,1.666666666666666574e-01,1.666666666666666574e-01,4.651162790697674354e-02,2.000000000000000111e-01,9.677419354838709409e-02,1.714285714285714302e-01,6.250000000000000000e-02,7.692307692307692735e-02,1.743119266055045968e-01,1.450381679389312894e-01,0.000000000000000000e+00,2.500000000000000000e-01,2.500000000000000000e-01,2.035398230088495686e-01,7.142857142857142461e-02,2.500000000000000000e-01,1.700000000000000122e-01,3.750000000000000000e-01,3.372093023255813837e-01,0.000000000000000000e+00,1.666666666666666574e-01,0.000000000000000000e+00,0.000000000000000000e+00,3.333333333333333148e-01,9.677419354838709409e-02,3.157894736842105088e-01,4.042553191489361430e-01,0.000000000000000000e+00,1.304347826086956486e-01,0.000000000000000000e+00,2.500000000000000000e-01,1.000000000000000056e-01,1.481481481481481399e-01,2.352941176470588203e-01,0.000000000000000000e+00,0.000000000000000000e+00,1.818181818181818232e-01,3.548387096774193727e-01,8.823529411764706454e-02,3.333333333333333148e-01,1.649484536082474195e-01,2.999999999999999889e-01,1.573033707865168496e-01,3.939393939393939226e-01,1.473684210526315652e-01,1.415929203539822989e-01,1.176470588235294101e-01,7.594936708860759722e-02,1.428571428571428492e-01,1.000000000000000056e-01,1.547619047619047672e-01,1.311475409836065642e-01,0.000000000000000000e+00,2.222222222222222099e-01,7.142857142857143016e-01,1.111111111111111049e-01,5.384615384615384359e-01,1.578947368421052544e-01,0.000000000000000000e+00,5.555555555555555802e-01,1.727272727272727293e-01,2.000000000000000111e-01,0.000000000000000000e+00,2.142857142857142738e-01,0.000000000000000000e+00,0.000000000000000000e+00,2.857142857142856984e-01,0.000000000000000000e+00,0.000000000000000000e+00,1.333333333333333315e-01,5.263157894736841813e-02,1.864406779661016977e-01,1.666666666666666574e-01,3.563218390804597790e-01,8.928571428571428770e-02,3.495145631067961278e-01,5.263157894736841813e-02,1.499999999999999944e-01,1.126760563380281716e-01,2.179487179487179516e-01,1.343283582089552231e-01,3.750000000000000000e-01,0.000000000000000000e+00,1.428571428571428492e-01,2.380952380952380820e-01,1.285714285714285587e-01,1.212121212121212155e-01,1.897810218978102093e-01,7.407407407407406996e-02,2.903225806451613100e-01,2.857142857142856984e-01,0.000000000000000000e+00,2.666666666666666630e-01,0.000000000000000000e+00,1.304347826086956486e-01,2.000000000000000111e-01,1.869918699186991773e-01,3.464566929133858220e-01,1.913043478260869623e-01,0.000000000000000000e+00,3.529411764705882582e-01,1.612903225806451568e-01,1.428571428571428492e-01,5.000000000000000278e-02,2.592592592592592449e-01,1.764705882352941291e-01,2.068965517241379282e-01,1.785714285714285754e-01,9.090909090909091161e-02,1.666666666666666574e-01,4.736842105263157632e-01,1.515151515151515194e-01,2.999999999999999889e-01,2.173913043478260809e-01,2.580645161290322509e-01,6.250000000000000000e-02,2.307692307692307820e-01,1.250000000000000000e-01,1.428571428571428492e-01,1.724137931034482873e-01,2.812500000000000000e-01,1.818181818181818232e-01
3.360655737704917878e-01,2.634730538922155918e-01,2.571428571428571175e-01,4.878048780487804770e-01,3.846153846153846367e-01,6.999999999999999556e-01,0.000000000000000000e+00,0.000000000000000000e+00,0.000000000000000000e+00,3.846153846153846367e-01,2.745098039215686514e-01,4.400000000000000022e-01,2.000000000000000111e-01,0.000000000000000000e+00,4.210526315789473450e-01,4.000000000000000222e-01,3.157894736842105088e-01,4.022988505747126520e-01,2.857142857142856984e-01,4.375000000000000000e-01,4.117647058823529216e-01,0.000000000000000000e+00,4.181818181818181546e-01,4.740740740740740922e-01,4.117647058823529216e-01,0.000000000000000000e+00,2.800000000000000266e-01,4.687500000000000000e-01,2.565789473684210731e-01,4.137931034482758563e-01,1.111111111111111049e-01,3.505154639175257492e-01,3.768115942028985588e-01,3.650793650793650591e-01,4.107142857142856984e-01,3.772455089820359042e-01,2.800000000000000266e-01,3.012048192771084598e-01,4.150943396226415283e-01,3.133333333333333526e-01,4.666666666666666741e-01,3.783783783783783994e-01,4.666666666666666741e-01,3.875000000000000111e-01,2.542372881355932090e-01,0.000000000000000000e+00,3.387978142076502608e-01,2.777777777777777901e-01,3.750000000000000000e-01,2.105263157894736725e-01,3.732394366197183122e-01,3.571428571428571508e-01,4.193548387096774355e-01,2.413793103448275967e-01,2.000000000000000111e-01,4.655172413793103314e-01,4.000000000000000222e-01,3.636363636363636465e-01,4.090909090909091161e-01,3.174603174603174427e-01,3.103448275862069061e-01,3.913043478260869734e-01,3.819444444444444198e-01,5.500000000000000444e-01,2.960526315789473450e-01,2.666666666666666630e-01,3.139534883720930258e-01,3.571428571428571508e-01,6.111111111111111605e-01,4.137931034482758563e-01,4.132231404958677801e-01,4.038461538461538547e-01,3.571428571428571508e-01,2.575757575757575690e-01,4.090909090909091161e-01,4.403669724770642446e-01,3.636363636363636465e-01,3.605769230769230727e-01,4.342105263157894912e-01,3.333333333333333148e-01,4.313725490196078649e-01,4.827586206896551935e-01,3.714285714285714413e-01,4.878048780487804770e-01,3.793103448275861878e-01,3.421052631578947456e-01,3.645833333333333148e-01,0.000000000000000000e+00,3.461538461538461453e-01,4.651162790697674354e-01,5.106382978723403854e-01,2.857142857142856984e-01,3.039215686274509554e-01,3.515625000000000000e-01,3.200000000000000067e-01,4.766355140186915862e-01,4.436090225563909528e-01,4.255319148936170248e-01,3.478260869565217295e-01,4.214285714285714302e-01,4.000000000000000222e-01,4.457831325301204739e-01,3.278688524590163689e-01,2.926829268292682751e-01,3.035714285714285476e-01,2.173913043478260809e-01,4.062500000000000000e-01,0.000000000000000000e+00,2.972972972972973138e-01,0.000000000000000000e+00,3.750000000000000000e-01,2.956521739130434923e-01,2.580645161290322509e-01,2.941176470588235392e-01,3.484848484848485084e-01,2.352941176470588203e-01,3.469387755102040782e-01,3.571428571428571508e-01,4.487179487179487336e-01,3.631840796019900619e-01,3.943661971830985657e-01,3.684210526315789269e-01,3.461538461538461453e-01,3.717277486910994799e-01,3.333333333333333148e-01,2.941176470588235392e-01,2.564102564102563875e-01,3.052631578947368474e-01,2.716763005780346574e-01,3.750000000000000000e-01,0.000000000000000000e+00,2.439024390243902385e-01,0.000000000000000000e+00,3.741935483870967860e-01,3.224043715846994784e-01,2.999999999999999889e-01,2.619047619047619180e-01,2.833333333333333259e-01,3.888888888888888951e-01,3.191489361702127825e-01,4.468085106382978511e-01,3.538461538461538658e-01,3.571428571428571508e-01,3.518518518518518601e-01,1.666666666666666574e-01,0.000000000000000000e+00,3.750000000000000000e-01,0.000000000000000000e+00,0.000000000000000000e+00,3.103448275862069061e-01,3.750000000000000000e-01,3.760683760683760646e-01,2.962962962962962798e-01,1.463414634146341375e-01,4.396135265700483186e-01,3.846153846153846367e-01,4.948453608247422864e-01,3.250000000000000111e-01,5.000000000000000000e-01,4.000000000000000222e-01,3.125000000000000000e-01,1.935483870967741882e-01,4.473684210526315819e-01,3.545454545454545525e-01,5.348837209302325091e-01,0.000000000000000000e+00,3.191489361702127825e-01,0.000000000000000000e+00,4.117647058823529216e-01,5.666666666666666519e-01,3.218390804597701105e-01,0.000000000000000000e+00,0.000000000000000000e+00,6.111111111111111605e-01,4.500000000000000111e-01,3.499999999999999778e-01,3.521126760563380031e-01,3.650793650793650591e-01,5.263157894736841813e-01,3.216783216783216659e-01,2.999999999999999889e-01,2.941176470588235392e-01,3.307692307692307598e-01,3.333333333333333148e-01,3.030303030303030387e-01,2.740740740740740811e-01,4.074074074074073848e-01,0.000000000000000000e+00,2.692307692307692180e-01,3.611111111111111049e-01,0.000000000000000000e+00,3.687500000000000222e-01,4.390243902439024404e-01,4.047619047619047672e-01,3.783783783783783994e-01,4.019607843137255054e-01,3.787878787878787845e-01,0.000000000000000000e+00,2.291666666666666574e-01,3.684210526315789269e-01,3.333333333333333148e-01,2.553191489361701927e-01,2.530120481927710663e-01,3.411764705882353033e-01,3.571428571428571508e-01,5.384615384615384359e-01,3.677419354838709631e-01,3.728813559322033955e-01,0.000000000000000000e+00,4.406779661016949068e-01,4.615384615384615641e-01,3.388888888888889062e-01,3.478260869565217295e-01,2.750000000000000222e-01,2.951807228915662717e-01,3.913043478260869734e-01,4.230769230769230727e-01,0.000000000000000000e+00,2.500000000000000000e-01,0.000000000000000000e+00,0.000000000000000000e+00,4.000000000000000222e-01,3.157894736842105088e-01,2.692307692307692180e-01,4.661016949152542166e-01,0.000000000000000000e+00,3.125000000000000000e-01,0.000000000000000000e+00,3.968253968253968034e-01,2.962962962962962798e-01,5.517241379310344751e-01,4.411764705882352811e-01,0.000000000000000000e+00,0.000000000000000000e+00,4.592592592592592560e-01,4.871794871794871695e-01,3.618090452261306655e-01,4.408602150537634379e-01,4.476190476190476386e-01,4.107142857142856984e-01,3.513513513513513709e-01,3.783783783783783994e-01,3.529411764705882582e-01,3.674698795180723065e-01,3.333333333333333148e-01,3.939393939393939226e-01,2.857142857142856984e-01,3.499999999999999778e-01,4.255319148936170248e-01,4.326923076923077094e-01,0.000000000000000000e+00,3.684210526315789269e-01,4.117647058823529216e-01,2.417582417582417598e-01,5.098039215686274161e-01,3.043478260869565410e-01,0.000000000000000000e+00,4.199999999999999845e-01,3.819444444444444198e-01,3.950000000000000178e-01,0.000000000000000000e+00,2.549019607843137081e-01,0.000000000000000000e+00,0.000000000000000000e+00,5.263157894736841813e-01,0.000000000000000000e+00,2.647058823529411797e-01,4.424778761061947119e-01,3.015873015873015706e-01,3.378378378378378288e-01,3.370786516853932491e-01,3.984962406015037373e-01,2.222222222222222099e-01,3.781512605042016695e-01,3.278688524590163689e-01,3.125000000000000000e-01,3.387978142076502608e-01,3.750000000000000000e-01,4.695652173913043570e-01,3.909090909090909283e-01,0.000000000000000000e+00,2.000000000000000111e-01,2.999999999999999889e-01,3.243243243243243423e-01,4.576271186440677985e-01,3.157894736842105088e-01,4.137931034482758563e-01,3.508771929824561209e-01,2.857142857142856984e-01,0.000000000000000000e+00,5.555555555555555802e-01,0.000000000000000000e+00,3.095238095238095344e-01,4.444444444444444198e-01,3.222748815165876746e-01,3.937499999999999889e-01,3.499999999999999778e-01,0.000000000000000000e+00,5.999999999999999778e-01,5.238095238095238360e-01,4.249999999999999889e-01,3.902439024390244038e-01,3.902439024390244038e-01,3.333333333333333148e-01,4.545454545454545303e-01,3.265306122448979331e-01,3.157894736842105088e-01,3.333333333333333148e-01,3.829787234042553168e-01,3.599999999999999867e-01,2.682926829268292845e-01,4.054054054054054279e-01,2.413793103448275967e-01,3.695652173913043237e-01,3.125000000000000000e-01,3.725490196078431460e-01,2.608695652173912971e-01,3.846153846153846367e-01,4.042553191489361430e-01,3.461538461538461453e-01
9.484873262469337152e-02,7.229551451187335442e-02,1.743589743589743501e-01,1.233140655105973010e-01,8.153078202995008017e-02,1.448692152917505083e-01,0.000000000000000000e+00,0.000000000000000000e+00,0.000000000000000000e+00,1.683168316831683275e-01,1.658595641646489205e-01,1.584754262788365120e-01,1.534653465346534629e-01,0.000000000000000000e+00,8.061002178649237515e-02,8.978328173374612586e-02,1.793598233995584990e-01,6.544502617801047084e-02,9.448818897637795144e-02,6.220095693779904150e-02,7.802874743326489171e-02,0.000000000000000000e+00,7.142857142857142461e-02,7.001166861143523490e-02,6.511627906976744096e-02,0.000000000000000000e+00,7.390300230946882099e-02,9.290953545232273625e-02,9.101316542644533047e-02,9.098039215686273828e-02,6.976744186046511531e-02,7.450980392156862642e-02,3.709198813056379523e-02,6.150919467343056446e-02,7.202680067001675235e-02,6.393328700486448912e-02,2.278106508875739622e-01,6.881143878462912811e-02,9.869375907111756219e-02,1.174418604651162740e-01,1.073446327683615781e-01,5.660377358490566169e-02,1.488764044943820253e-01,5.894308943089431041e-02,4.929577464788732072e-02,0.000000000000000000e+00,7.798440311937612779e-02,6.440677966101694685e-02,7.139545665275845443e-02,4.310344827586207184e-02,2.008393285371702641e-01,6.995884773662551515e-02,5.747126436781609116e-02,7.341772151898734444e-02,4.896907216494845311e-02,7.715582450832073058e-02,7.246376811594203160e-02,9.659090909090908839e-02,1.177370030581039728e-01,7.888888888888888340e-02,8.013937282229964543e-02,6.857483601669647766e-02,5.744562186279977833e-02,7.862407862407862214e-02,7.337526205450733974e-02,7.123287671232876594e-02,3.960396039603960444e-02,6.131386861313868619e-02,6.487695749440715309e-02,9.784735812133071864e-02,5.538832028898254406e-02,6.578947368421052266e-02,8.535895986433013338e-02,1.886446886446886406e-01,6.101694915254237545e-02,7.703081232492997588e-02,4.545454545454545581e-02,5.253140464408070226e-02,4.282407407407407690e-02,1.218195836545875044e-01,6.988352745424292189e-02,4.777070063694267843e-02,9.503239740820734749e-02,6.092436974789915832e-02,1.011111111111111099e-01,6.170212765957446693e-02,7.796610169491526021e-02,0.000000000000000000e+00,1.378600823045267598e-01,5.574136008918617602e-02,1.220338983050847509e-01,7.918552036199094646e-02,6.403162055335968883e-02,1.956066945606694529e-01,7.777777777777777901e-02,7.540263543191801088e-02,7.460545193687230514e-02,4.754601226993865337e-02,4.918032786885245811e-02,7.919123841617523030e-02,6.881077038145100300e-02,5.813953488372092943e-02,5.579399141630901615e-02,8.831749580771380836e-02,8.993576017130620881e-02,4.938271604938271331e-02,4.377104377104377303e-02,0.000000000000000000e+00,7.053291536050156074e-02,0.000000000000000000e+00,4.247104247104246944e-02,6.353240152477764024e-02,7.072135785007072073e-02,7.274895646988670250e-02,1.685520361990950344e-01,1.621621621621621712e-01,1.628838451268357912e-01,5.788113695090438965e-02,6.805074971164937203e-02,8.928571428571428770e-02,6.033630069238377774e-02,9.122085048010973585e-02,9.034267912772585285e-02,8.992999461497037939e-02,8.865248226950354915e-02,8.732157850545760325e-02,7.154340836012862415e-02,2.026194144838212585e-01,1.562005277044854756e-01,4.797979797979797650e-02,0.000000000000000000e+00,9.497206703910614223e-02,0.000000000000000000e+00,1.555834378920953609e-01,1.607748184019370530e-01,1.868978805394990450e-01,5.454545454545454281e-02,7.498424700693132050e-02,1.970588235294117585e-01,1.526147278548559139e-01,1.428571428571428492e-01,8.233957978421350965e-02,8.309455587392550191e-02,6.085526315789473867e-02,8.108108108108108558e-02,0.000000000000000000e+00,5.762711864406779710e-02,0.000000000000000000e+00,0.000000000000000000e+00,1.926605504587156070e-01,1.813156440022111737e-01,8.267370272647317497e-02,6.551724137931035086e-02,2.263565891472868186e-01,8.333333333333332871e-02,1.209927611168562511e-01,1.002949852507374617e-01,1.630434782608695676e-01,4.979253112033194678e-02,8.910891089108910479e-02,1.902313624678663162e-01,1.825795644891122227e-01,7.983193277310923763e-02,6.642066420664206883e-02,5.703422053231939348e-02,0.000000000000000000e+00,7.416267942583731898e-02,0.000000000000000000e+00,7.580174927113703109e-02,4.891304347826087168e-02,7.764836383804769870e-02,0.000000000000000000e+00,0.000000000000000000e+00,6.276150627615062483e-02,1.017543859649122778e-01,1.638655462184873957e-01,8.758664146187775112e-02,6.486704270749395207e-02,8.797653958944282038e-02,7.048748353096179198e-02,6.185567010309278579e-02,7.692307692307692735e-02,1.921424186617556873e-01,8.139534883720930813e-02,3.395061728395061540e-02,1.797979797979797900e-01,5.524861878453038444e-02,0.000000000000000000e+00,8.071748878923766524e-02,7.116104868913857018e-02,0.000000000000000000e+00,7.270486752926678953e-02,4.795117698343504681e-02,4.458598726114649385e-02,5.875576036866359680e-02,5.845674201091192318e-02,5.916585838991270802e-02,0.000000000000000000e+00,6.534090909090908839e-02,6.621392190152801394e-02,5.957031250000000000e-02,6.566604127579737937e-02,1.635555555555555651e-01,9.068322981366459812e-02,2.110091743119266172e-01,2.007434944237918295e-01,1.578366445916114802e-01,6.914893617021276861e-02,0.000000000000000000e+00,8.344030808729140103e-02,8.525754884547069590e-02,6.490134994807891800e-02,3.358208955223880576e-02,1.064572425828970298e-01,1.801470588235294101e-01,5.144694533762057820e-02,6.183017312448475106e-02,0.000000000000000000e+00,2.252252252252252146e-02,0.000000000000000000e+00,0.000000000000000000e+00,6.172839506172839164e-02,1.287262872628726351e-01,9.318996415770609831e-02,7.519325368938861720e-02,0.000000000000000000e+00,1.831775700934579476e-01,0.000000000000000000e+00,5.512744516893894331e-02,6.729264475743348961e-02,4.675324675324675494e-02,8.533333333333333048e-02,0.000000000000000000e+00,0.000000000000000000e+00,8.741442864665613377e-02,6.355140186915887723e-02,8.957470831765149133e-02,4.118173679498657314e-02,9.602649006622517025e-02,4.454685099846390078e-02,7.510729613733906074e-02,7.446808510638297518e-02,8.700696055684455088e-02,7.200429876410531504e-02,4.482758620689655110e-02,1.945169712793733685e-01,8.888888888888889228e-02,1.032531824611032517e-01,7.706173952230734037e-02,7.242063492063492702e-02,0.000000000000000000e+00,1.764705882352941291e-01,7.647058823529412352e-02,1.019677996422182487e-01,5.828779599271402545e-02,1.003344481605351196e-01,0.000000000000000000e+00,7.130730050933786757e-02,1.893464637421665153e-01,8.161209068010075174e-02,0.000000000000000000e+00,8.816705336426913786e-02,0.000000000000000000e+00,0.000000000000000000e+00,6.751054852320674537e-02,0.000000000000000000e+00,5.614973262032085799e-02,6.739811912225705803e-02,4.783950617283950352e-02,6.703910614525139533e-02,6.683168316831683553e-02,7.680126682501979551e-02,5.714285714285714107e-02,6.405693950177936136e-02,1.025641025641025605e-01,8.459869848156181815e-02,8.809683927370544343e-02,1.645507812500000000e-01,8.573928258967629390e-02,6.495468277945619373e-02,0.000000000000000000e+00,3.157894736842105365e-02,1.750741839762611218e-01,1.093180635085892749e-01,8.494783904619970794e-02,8.964646464646464086e-02,7.657657657657657158e-02,5.034722222222222376e-02,7.142857142857142461e-02,0.000000000000000000e+00,5.035971223021582649e-02,0.000000000000000000e+00,5.338809034907597562e-02,9.633027522935780351e-02,7.817911924789708311e-02,7.388888888888889284e-02,6.677524429967426900e-02,0.000000000000000000e+00,7.023411371237457679e-02,5.505761843790012849e-02,6.878306878306877925e-02,6.233062330623306141e-02,9.273182957393483195e-02,8.863636363636363813e-02,7.125890736342042897e-02,5.210918114143920504e-02,6.666666666666666574e-02,7.918552036199094646e-02,7.439824945295404890e-02,8.061002178649237515e-02,7.786885245901639663e-02,7.346938775510204744e-02,7.035175879396984855e-02,1.108374384236453236e-01,6.498951781970649377e-02,8.179959100204499400e-02,9.927360774818401457e-02,8.941176470588235725e-02,6.862745098039216285e-02,7.894736842105262720e-02
1.908396946564885621e-01,1.235294117647058876e-01,2.162162162162162282e-01,4.536082474226804107e-01,1.956521739130434867e-01,3.913043478260869734e-01,0.000000000000000000e+00,0.000000000000000000e+00,0.000000000000000000e+00,2.592592592592592449e-01,4.202898550724637472e-01,2.935779816513761631e-01,4.782608695652174058e-01,0.000000000000000000e+00,2.318840579710144956e-01,1.818181818181818232e-01,4.545454545454545303e-01,1.770833333333333426e-01,2.424242424242424310e-01,1.904761904761904656e-01,2.000000000000000111e-01,0.000000000000000000e+00,2.075471698113207641e-01,1.741935483870967749e-01,1.923076923076923184e-01,0.000000000000000000e+00,1.136363636363636326e-01,2.439024390243902385e-01,1.103448275862068950e-01,1.578947368421052544e-01,7.142857142857142461e-02,2.195121951219512202e-01,5.633802816901408578e-02,1.481481481481481399e-01,1.317073170731707377e-01,1.506849315068493067e-01,4.390243902439024404e-01,1.413043478260869457e-01,1.973684210526315819e-01,2.216216216216216339e-01,2.857142857142856984e-01,9.677419354838709409e-02,5.526315789473684736e-01,1.093750000000000000e-01,1.733333333333333393e-01,0.000000000000000000e+00,1.989247311827956888e-01,6.896551724137930939e-02,1.881188118811881194e-01,2.105263157894736725e-01,5.028248587570621764e-01,1.379310344827586188e-01,1.052631578947368363e-01,1.250000000000000000e-01,2.121212121212121271e-01,1.451612903225806550e-01,2.222222222222222099e-01,1.818181818181818232e-01,2.000000000000000111e-01,1.264367816091954144e-01,1.481481481481481399e-01,1.528662420382165543e-01,1.858974358974359031e-01,2.093023255813953598e-01,1.813186813186813129e-01,7.692307692307692735e-02,5.263157894736841813e-02,8.955223880597014408e-02,3.030303030303030387e-02,1.304347826086956486e-01,1.401273885350318438e-01,1.857142857142857206e-01,1.443850267379679086e-01,4.537815126050420145e-01,1.842105263157894635e-01,2.000000000000000111e-01,3.181818181818181768e-01,1.417322834645669272e-01,1.063829787234042562e-01,2.384615384615384748e-01,1.813186813186813129e-01,1.666666666666666574e-01,2.564102564102563875e-01,2.000000000000000111e-01,3.068181818181818232e-01,1.111111111111111049e-01,1.694915254237288060e-01,0.000000000000000000e+00,2.970297029702970160e-01,1.333333333333333315e-01,4.074074074074073848e-01,1.688311688311688319e-01,1.860465116279069742e-01,5.324675324675324228e-01,2.352941176470588203e-01,2.302631578947368363e-01,1.974522292993630690e-01,2.105263157894736725e-01,2.105263157894736725e-01,1.824817518248175174e-01,1.449275362318840632e-01,7.142857142857142461e-02,5.882352941176470507e-02,1.925465838509316796e-01,2.062780269058296090e-01,1.363636363636363535e-01,1.388888888888888951e-01,0.000000000000000000e+00,1.818181818181818232e-01,0.000000000000000000e+00,2.173913043478260809e-01,1.638655462184873957e-01,1.587301587301587213e-01,1.133333333333333276e-01,4.262295081967212851e-01,4.218750000000000000e-01,5.714285714285713969e-01,1.584158415841584178e-01,1.168831168831168804e-01,1.960784313725490169e-01,1.182795698924731242e-01,2.028985507246376940e-01,2.758620689655172376e-01,1.474654377880184331e-01,1.153846153846153910e-01,2.183098591549295642e-01,1.415929203539822989e-01,4.632352941176470784e-01,3.832599118942731087e-01,1.818181818181818232e-01,0.000000000000000000e+00,3.090909090909090828e-01,0.000000000000000000e+00,3.065693430656934448e-01,3.587443946188340615e-01,4.705882352941176405e-01,2.857142857142857054e-02,1.306532663316583021e-01,4.285714285714285476e-01,4.512195121951219634e-01,5.675675675675675436e-01,1.446540880503144610e-01,1.333333333333333315e-01,1.090909090909090856e-01,1.363636363636363535e-01,0.000000000000000000e+00,2.333333333333333370e-01,0.000000000000000000e+00,0.000000000000000000e+00,3.644067796610169219e-01,3.975155279503105321e-01,2.136752136752136655e-01,1.000000000000000056e-01,5.306122448979592177e-01,1.646586345381526040e-01,3.118279569892473124e-01,2.615384615384615530e-01,5.428571428571428159e-01,7.142857142857142461e-02,1.666666666666666574e-01,3.949579831932772955e-01,5.573770491803278215e-01,1.250000000000000000e-01,1.515151515151515194e-01,3.076923076923077094e-01,0.000000000000000000e+00,1.857142857142857206e-01,0.000000000000000000e+00,1.746031746031745935e-01,2.444444444444444364e-01,1.285714285714285587e-01,0.000000000000000000e+00,0.000000000000000000e+00,3.846153846153846367e-02,2.096774193548387177e-01,4.615384615384615641e-01,2.000000000000000111e-01,1.572052401746724948e-01,2.500000000000000000e-01,1.533333333333333215e-01,2.307692307692307820e-01,8.333333333333332871e-02,4.355828220858895539e-01,3.529411764705882582e-01,2.500000000000000000e-01,4.371859296482412116e-01,1.749999999999999889e-01,0.000000000000000000e+00,2.083333333333333426e-01,1.521739130434782705e-01,0.000000000000000000e+00,1.195652173913043514e-01,1.199999999999999956e-01,1.379310344827586188e-01,1.190476190476190410e-01,9.615384615384615918e-02,1.573033707865168496e-01,0.000000000000000000e+00,1.694915254237288060e-01,2.037037037037036924e-01,1.037735849056603821e-01,1.714285714285714302e-01,3.823529411764705621e-01,2.708333333333333148e-01,3.571428571428571508e-01,2.962962962962962798e-01,3.098591549295774406e-01,1.490384615384615363e-01,0.000000000000000000e+00,1.643835616438356073e-01,3.750000000000000000e-01,1.712962962962963076e-01,9.523809523809523281e-02,2.456140350877192846e-01,3.188405797101449002e-01,3.125000000000000000e-01,1.359223300970873738e-01,0.000000000000000000e+00,0.000000000000000000e+00,0.000000000000000000e+00,0.000000000000000000e+00,3.571428571428571508e-01,3.827160493827160281e-01,3.333333333333333148e-01,2.222222222222222099e-01,0.000000000000000000e+00,4.680851063829787329e-01,0.000000000000000000e+00,9.803921568627450844e-02,1.632653061224489666e-01,6.451612903225806273e-02,2.142857142857142738e-01,0.000000000000000000e+00,0.000000000000000000e+00,1.463414634146341375e-01,2.250000000000000056e-01,1.674008810572687189e-01,1.326530612244898044e-01,2.707182320441988699e-01,1.967213114754098324e-01,2.062499999999999889e-01,1.456310679611650394e-01,1.477832512315271074e-01,1.544117647058823595e-01,1.071428571428571369e-01,4.242424242424242542e-01,2.407407407407407274e-01,2.650602409638554424e-01,2.430939226519336915e-01,1.984126984126984017e-01,0.000000000000000000e+00,2.580645161290322509e-01,3.599999999999999867e-01,1.909090909090909172e-01,1.250000000000000000e-01,4.137931034482758563e-01,0.000000000000000000e+00,1.333333333333333315e-01,3.963963963963963999e-01,2.100456621004566093e-01,0.000000000000000000e+00,1.132075471698113234e-01,0.000000000000000000e+00,0.000000000000000000e+00,2.500000000000000000e-01,0.000000000000000000e+00,2.424242424242424310e-01,1.333333333333333315e-01,6.153846153846154188e-02,1.666666666666666574e-01,1.935483870967741882e-01,1.555555555555555580e-01,1.463414634146341375e-01,1.883116883116883189e-01,3.146067415730336991e-01,2.340425531914893664e-01,2.062499999999999889e-01,3.568075117370891891e-01,1.893939393939393923e-01,1.417322834645669272e-01,0.000000000000000000e+00,0.000000000000000000e+00,5.625000000000000000e-01,2.307692307692307820e-01,3.134328358208955390e-01,1.795918367346938660e-01,2.037037037037036924e-01,1.499999999999999944e-01,0.000000000000000000e+00,0.000000000000000000e+00,6.250000000000000000e-02,0.000000000000000000e+00,1.097560975609756101e-01,1.111111111111111049e-01,1.415094339622641473e-01,1.711711711711711714e-01,1.822660098522167482e-01,0.000000000000000000e+00,3.703703703703703498e-02,8.247422680412370977e-02,2.600000000000000089e-01,1.568627450980392135e-01,2.452830188679245293e-01,2.307692307692307820e-01,1.639344262295081844e-01,1.964285714285714246e-01,1.499999999999999944e-01,2.631578947368420907e-01,1.063829787234042562e-01,3.103448275862069061e-01,3.090909090909090828e-01,1.111111111111111049e-01,8.510638297872340219e-02,2.222222222222222099e-01,1.746031746031745935e-01,1.020408163265306145e-01,2.127659574468085124e-01,2.631578947368420907e-01,1.967213114754098324e-01,1.555555555555555580e-01
1.288743882544861330e-01,9.687836383207749924e-02,1.797752808988763995e-01,2.255813953488371992e-01,1.608391608391608329e-01,2.007874015748031538e-01,0.000000000000000000e+00,0.000000000000000000e+00,0.000000000000000000e+00,1.515151515151515194e-01,1.230769230769230838e-01,1.576763485477178373e-01,1.454545454545454475e-01,0.000000000000000000e+00,1.266968325791855143e-01,1.728395061728394966e-01,1.351981351981351998e-01,2.074643249176728876e-01,1.029411764705882304e-01,1.619047619047619124e-01,2.196261682242990620e-01,0.000000000000000000e+00,1.936193619361936125e-01,1.682464454976303203e-01,1.502347417840375621e-01,0.000000000000000000e+00,1.090047393364928924e-01,1.422764227642276391e-01,1.036513545347467619e-01,1.387195121951219634e-01,4.687500000000000000e-02,2.256317689530685788e-01,9.090909090909091161e-02,9.226932668329176912e-02,1.988439306358381620e-01,1.323741007194244590e-01,1.111111111111111049e-01,8.999999999999999667e-02,1.820652173913043514e-01,1.564310544611819120e-01,1.747572815533980639e-01,1.294642857142857262e-01,1.518324607329842868e-01,1.195876288659793868e-01,1.151685393258427004e-01,0.000000000000000000e+00,1.383248730964466988e-01,1.428571428571428492e-01,1.155963302752293642e-01,8.333333333333332871e-02,1.336032388663967729e-01,1.461538461538461620e-01,1.042345276872964216e-01,8.866995073891625889e-02,9.150326797385620325e-02,1.699164345403899601e-01,1.721311475409836034e-01,2.087912087912087988e-01,1.516129032258064502e-01,1.464968152866241990e-01,8.264462809917355601e-02,1.826697892271662849e-01,2.146118721461187095e-01,1.987577639751552661e-01,1.348195329087048810e-01,1.428571428571428492e-01,8.413461538461539102e-02,1.027777777777777735e-01,1.407035175879396971e-01,1.361867704280155522e-01,1.165865384615384637e-01,1.154855643044619407e-01,1.404494382022472010e-01,1.471172962226640069e-01,1.559322033898305204e-01,8.608321377331420998e-02,1.625000000000000056e-01,1.233766233766233761e-01,1.278026905829596493e-01,1.379821958456973197e-01,2.241784037558685327e-01,2.077922077922078059e-01,2.094455852156057452e-01,1.607142857142857262e-01,1.869369369369369427e-01,1.250000000000000000e-01,1.346499102333931774e-01,0.000000000000000000e+00,1.283643892339544623e-01,1.421686746987951833e-01,1.896551724137930939e-01,1.434599156118143426e-01,1.972789115646258473e-01,1.234840132304299842e-01,1.772151898734177222e-01,1.923620933521923704e-01,1.845238095238095344e-01,1.087719298245614086e-01,9.756097560975610095e-02,1.973018549747048989e-01,1.315028901734104083e-01,1.261904761904761862e-01,1.464646464646464641e-01,9.148936170212765284e-02,9.968186638388122633e-02,1.066666666666666735e-01,7.563025210084033112e-02,0.000000000000000000e+00,1.268436578171091567e-01,0.000000000000000000e+00,9.790209790209790375e-02,1.300081766148814266e-01,1.253012048192771177e-01,8.849557522123893682e-02,1.351351351351351426e-01,9.090909090909091161e-02,1.333333333333333315e-01,1.314168377823408673e-01,1.769041769041768963e-01,1.555374592833876357e-01,2.008113590263691794e-01,1.112637362637362570e-01,8.965517241379310220e-02,1.441048034934497846e-01,2.123287671232876594e-01,1.504424778761062065e-01,1.210084033613445381e-01,1.504178272980501441e-01,1.569703622392974729e-01,1.193181818181818232e-01,0.000000000000000000e+00,1.572327044025157161e-01,0.000000000000000000e+00,1.481481481481481399e-01,1.522157996146435432e-01,1.193415637860082285e-01,9.375000000000000000e-02,1.552631578947368529e-01,1.398601398601398704e-01,1.423076923076923017e-01,1.090047393364928924e-01,1.457586618876941520e-01,7.784431137724551197e-02,1.076487252124645883e-01,1.272727272727272596e-01,0.000000000000000000e+00,1.197183098591549227e-01,0.000000000000000000e+00,0.000000000000000000e+00,1.529605263157894635e-01,1.298076923076923184e-01,1.620209059233449489e-01,2.413793103448275967e-01,1.381578947368421184e-01,1.899189918991899262e-01,1.457905544147843901e-01,1.900369003690036973e-01,1.195652173913043514e-01,1.683168316831683275e-01,1.636771300448430499e-01,1.515748031496063075e-01,1.373239436619718423e-01,3.541666666666666852e-01,1.657458563535911533e-01,2.067510548523206759e-01,0.000000000000000000e+00,2.246696035242290723e-01,0.000000000000000000e+00,1.549295774647887203e-01,2.035928143712574800e-01,1.387940841865756558e-01,0.000000000000000000e+00,0.000000000000000000e+00,1.515151515151515194e-01,1.111111111111111049e-01,1.640866873065015552e-01,1.410419313850063416e-01,1.931150293870696755e-01,1.538461538461538547e-01,1.043360433604336029e-01,3.571428571428571508e-01,1.269841269841269771e-01,1.547464239271781616e-01,5.747126436781609116e-02,3.333333333333333148e-01,1.345338983050847481e-01,1.042944785276073566e-01,0.000000000000000000e+00,2.195121951219512202e-01,1.687763713080168704e-01,0.000000000000000000e+00,1.175771971496437085e-01,1.082089552238805902e-01,1.172413793103448260e-01,3.729729729729729937e-01,1.650485436893203983e-01,1.026156941649899457e-01,0.000000000000000000e+00,1.063829787234042562e-01,1.214574898785425044e-01,1.254901960784313708e-01,1.304347826086956486e-01,1.348122866894198024e-01,1.818181818181818232e-01,2.086956521739130321e-01,8.433734939759035543e-02,1.733490566037735880e-01,1.261950286806883259e-01,0.000000000000000000e+00,1.396508728179551018e-01,1.895161290322580627e-01,1.530494821634062197e-01,1.216216216216216284e-01,1.759259259259259300e-01,1.590643274853801303e-01,2.500000000000000000e-01,1.802507836990595580e-01,0.000000000000000000e+00,9.615384615384615918e-02,0.000000000000000000e+00,0.000000000000000000e+00,7.352941176470588480e-02,9.090909090909091161e-02,1.956521739130434867e-01,2.092391304347826220e-01,0.000000000000000000e+00,1.076923076923076983e-01,0.000000000000000000e+00,1.094147582697201082e-01,1.007751937984496110e-01,1.965811965811965767e-01,1.573033707865168496e-01,0.000000000000000000e+00,0.000000000000000000e+00,1.376344086021505375e-01,2.105263157894736725e-01,1.566358024691358042e-01,1.346153846153846090e-01,1.774447949526813950e-01,2.236421725239616520e-01,1.334355828220858964e-01,1.861510791366906559e-01,1.436651583710407132e-01,8.944954128440367469e-02,8.823529411764706454e-02,1.397557666214382655e-01,2.149999999999999967e-01,1.343283582089552231e-01,1.295154185022026339e-01,1.954887218045112673e-01,0.000000000000000000e+00,1.025641025641025605e-01,2.480620155038759655e-01,1.143911439114391193e-01,2.449799196787148525e-01,1.886792452830188815e-01,0.000000000000000000e+00,2.255892255892255893e-01,1.318785578747627973e-01,1.332007952286282382e-01,0.000000000000000000e+00,1.230769230769230838e-01,0.000000000000000000e+00,0.000000000000000000e+00,2.017543859649122695e-01,0.000000000000000000e+00,9.189189189189189699e-02,1.250000000000000000e-01,1.104815864022662825e-01,1.077981651376146849e-01,1.175572519083969425e-01,1.774193548387096864e-01,1.223140495867768573e-01,2.204610951008645625e-01,1.662870159453302965e-01,1.297071129707113024e-01,1.180223285486443341e-01,1.633266533066132231e-01,1.202003338898163659e-01,2.102874432677760974e-01,0.000000000000000000e+00,1.318681318681318715e-01,1.597222222222222099e-01,1.266735324407826935e-01,1.056910569105691117e-01,1.303278688524590057e-01,1.151315789473684181e-01,9.310344827586207461e-02,1.111111111111111049e-01,0.000000000000000000e+00,8.928571428571428770e-02,0.000000000000000000e+00,8.874458874458875102e-02,1.428571428571428492e-01,1.403678606001936002e-01,2.225988700564971723e-01,1.523394994559303661e-01,0.000000000000000000e+00,1.935483870967741882e-01,1.513859275053305031e-01,1.313131313131313260e-01,1.023255813953488358e-01,1.201923076923076955e-01,1.176470588235294101e-01,1.621621621621621712e-01,1.178861788617886208e-01,1.377777777777777768e-01,1.366120218579235102e-01,1.306306306306306286e-01,1.469387755102040949e-01,1.657754010695187130e-01,8.870967741935484319e-02,9.852216748768473364e-02,1.347150259067357581e-01,1.134453781512605036e-01,1.073170731707317055e-01,1.546961325966850764e-01,1.134020618556701027e-01,1.428571428571428492e-01,1.397849462365591267e-01
1.852589641434262968e-01,1.072410632447296092e-01,1.330376940133037589e-01,6.368159203980099103e-02,6.708268330733228868e-02,6.509945750452079960e-02,0.000000000000000000e+00,0.000000000000000000e+00,0.000000000000000000e+00,6.763285024154588876e-02,1.325301204819277212e-01,1.260162601626016177e-01,6.493506493506492894e-02,0.000000000000000000e+00,1.005917159763313612e-01,1.000000000000000056e-01,9.836901121304790496e-02,8.216068996822514792e-02,1.128404669260700405e-01,3.829787234042553168e-02,1.354961832061068738e-01,0.000000000000000000e+00,7.900677200902934960e-02,7.244094488188976277e-02,5.973451327433628583e-02,0.000000000000000000e+00,5.030181086519115025e-02,2.288930581613508319e-01,6.355715017939518596e-02,1.606683804627249412e-01,1.834319526627218866e-01,9.700889248181082669e-02,1.437125748502993960e-01,6.422018348623853568e-02,1.169045005488474204e-01,8.713450292397660613e-02,9.064748201438849184e-02,4.782237403928266128e-02,1.097560975609756101e-01,1.902874132804757146e-01,1.531914893617021267e-01,1.335952848722986308e-01,1.121951219512195147e-01,6.455862977602108699e-02,6.723716381418093357e-02,0.000000000000000000e+00,7.679558011049723854e-02,1.241610738255033569e-01,8.476710029374737165e-02,7.924528301886792081e-02,1.198003327787021677e-01,1.725239616613418459e-01,6.363636363636362980e-02,6.918238993710691676e-02,1.837837837837837940e-01,8.660351826792964114e-02,1.485507246376811530e-01,7.772020725388600892e-02,1.286821705426356710e-01,1.886792452830188815e-01,7.581227436823104182e-02,9.114997350291467737e-02,9.816887080366225315e-02,6.947890818858561135e-02,2.166018158236057145e-01,9.947643979057591013e-02,5.658536585365853827e-02,9.664948453608247780e-02,1.135857461024498832e-01,5.536332179930796016e-02,5.725567620927937001e-02,5.846528623629719534e-02,1.904761904761904656e-01,1.277173913043478382e-01,8.850226928895613132e-02,6.009913258983890644e-02,7.547169811320754429e-02,7.006369426751592189e-02,5.539358600583090680e-02,2.270686337395766419e-01,8.717186726102030270e-02,6.944444444444444753e-02,1.189773844641101308e-01,2.330434782608695743e-01,1.000000000000000056e-01,8.317929759704251191e-02,7.199367088607594445e-02,0.000000000000000000e+00,1.489945155393052889e-01,1.264705882352941124e-01,1.325648414985590717e-01,1.425855513307984768e-01,9.721175584024115135e-02,9.081632653061225136e-02,1.353846153846153810e-01,8.596713021491782236e-02,7.985028072364316887e-02,6.873315363881402074e-02,4.905660377358490865e-02,8.862629246676513584e-02,7.599999999999999811e-02,6.945863125638405966e-02,6.971153846153846367e-02,9.951456310679611394e-02,8.998144712430426739e-02,6.179775280898876233e-02,3.642384105960264767e-02,0.000000000000000000e+00,1.803499327052489887e-01,0.000000000000000000e+00,1.864406779661016977e-01,7.663269158172895945e-02,8.241082410824107640e-02,9.556313993174062049e-02,8.463251670378618696e-02,5.073280721533258292e-02,8.253094910591471378e-02,7.932011331444759061e-02,7.415254237288135264e-02,1.851145038167938961e-01,8.439897698209718191e-02,8.964719491035280652e-02,3.631284916201117652e-02,1.513636363636363669e-01,1.310344827586207017e-01,1.828332170272156387e-01,9.137426900584795508e-02,9.541150764748725088e-02,1.093247588424437339e-01,1.689814814814814825e-01,0.000000000000000000e+00,9.350649350649350988e-02,0.000000000000000000e+00,1.095811818703384954e-01,8.921933085501858318e-02,1.033057851239669450e-01,8.017817371937639714e-02,8.205128205128205121e-02,5.714285714285714107e-02,1.021967526265520482e-01,7.221006564551422924e-02,1.805970149253731394e-01,7.286432160804019731e-02,5.124653739612188702e-02,1.802120141342756221e-01,0.000000000000000000e+00,1.894409937888198725e-01,0.000000000000000000e+00,0.000000000000000000e+00,9.878844361602982793e-02,9.286097691894792949e-02,2.361702127659574546e-01,9.539473684210526827e-02,1.185647425897035923e-01,1.258684102983244901e-01,1.072124756335282592e-01,1.008695652173913077e-01,8.018867924528301494e-02,6.808510638297872453e-02,9.623015873015873523e-02,1.036533559898045881e-01,7.445008460236886283e-02,1.503105590062111807e-01,1.958579881656804800e-01,6.949152542372881436e-02,0.000000000000000000e+00,8.724832214765100569e-02,0.000000000000000000e+00,1.742522756827048214e-01,1.076923076923076983e-01,8.927704997573993051e-02,0.000000000000000000e+00,0.000000000000000000e+00,1.285140562248995866e-01,1.854493580599144154e-01,7.386363636363636742e-02,7.522388059701493046e-02,9.283513097072419729e-02,1.009174311926605561e-01,7.722884724588302552e-02,7.042253521126760896e-02,1.725490196078431349e-01,9.200690051753881993e-02,6.060606060606060774e-02,9.459459459459459985e-02,8.600583090379008977e-02,7.356948228882834173e-02,0.000000000000000000e+00,1.920529801324503405e-01,1.619718309859154992e-01,0.000000000000000000e+00,8.488196885986941387e-02,1.420074349442379258e-01,3.514376996805111675e-02,1.192384769539078099e-01,1.831177671885636515e-01,6.293103448275862155e-02,0.000000000000000000e+00,2.097378277153558179e-01,1.923076923076923184e-01,7.563025210084033112e-02,7.988165680473373331e-02,1.776061776061776121e-01,1.072261072261072312e-01,1.073170731707317055e-01,1.283018867924528295e-01,1.057317751808569822e-01,7.954062101233518034e-02,0.000000000000000000e+00,1.862745098039215730e-01,1.321070234113712327e-01,8.711943793911007539e-02,7.100591715976331542e-02,1.121642969984202182e-01,8.149666837519220497e-02,5.678233438485804502e-02,9.979064898813677642e-02,0.000000000000000000e+00,6.204379562043795676e-02,0.000000000000000000e+00,0.000000000000000000e+00,6.698564593301435666e-02,7.177615571776155279e-02,8.814589665653495276e-02,9.299363057324840087e-02,0.000000000000000000e+00,1.148409893992932834e-01,0.000000000000000000e+00,7.007786429365962799e-02,8.255451713395638158e-02,8.151093439363817084e-02,9.703504043126684464e-02,0.000000000000000000e+00,0.000000000000000000e+00,2.260397830018083254e-01,6.159420289855072755e-02,2.053244592346089858e-01,5.652535328345802135e-02,1.169277799006495921e-01,8.882907133243607423e-02,9.116022099447514127e-02,9.934318555008210538e-02,1.702755905511811052e-01,8.520823360459550688e-02,8.991825613079018620e-02,8.609693877551020946e-02,1.589147286821705474e-01,7.808564231738035488e-02,1.781132075471698051e-01,1.348408710217755546e-01,0.000000000000000000e+00,7.251908396946564472e-02,7.054673721340387615e-02,8.562691131498470498e-02,6.984126984126984294e-02,1.226666666666666600e-01,0.000000000000000000e+00,7.625899280575539063e-02,1.069829901521933690e-01,6.933333333333333015e-02,0.000000000000000000e+00,7.296137339055794313e-02,0.000000000000000000e+00,0.000000000000000000e+00,8.139534883720930813e-02,0.000000000000000000e+00,4.137931034482758563e-02,8.081471747700394448e-02,9.581646423751687125e-02,8.240081383519837210e-02,5.974607916355489240e-02,1.144578313253011986e-01,7.973421926910298496e-02,1.021711366538952809e-01,9.979838709677418818e-02,8.364312267657993127e-02,6.670637284097677422e-02,1.003879728419010686e-01,1.982585398526456877e-01,1.036339165545087510e-01,0.000000000000000000e+00,1.059907834101382479e-01,7.670454545454545581e-02,2.238163558106169293e-01,1.949367088607595055e-01,9.172932330827067438e-02,5.426356589147286746e-02,7.267833109017496351e-02,8.000000000000000167e-02,0.000000000000000000e+00,5.660377358490566169e-02,0.000000000000000000e+00,7.609756097560975430e-02,1.103202846975089024e-01,1.568303755674783362e-01,1.017510648367250387e-01,8.125623130608175537e-02,0.000000000000000000e+00,6.166219839142091097e-02,8.416833667334669422e-02,7.728337236533958099e-02,1.008403361344537841e-01,8.675799086757990386e-02,6.100217864923747346e-02,9.213483146067415197e-02,1.004273504273504314e-01,1.145631067961165039e-01,9.825327510917029883e-02,8.401639344262294695e-02,9.362549800796812760e-02,1.012658227848101250e-01,1.034482758620689641e-01,1.000000000000000056e-01,8.920187793427229728e-02,8.939708939708940205e-02,1.067193675889328008e-01,9.503239740820734749e-02,6.756756756756757132e-02,9.623430962343096362e-02,9.725158562367865189e-02
1.048951048951048959e-01,1.316872427983539207e-01,2.500000000000000000e-01,3.445945945945945721e-01,3.033707865168539519e-01,2.948717948717948789e-01,0.000000000000000000e+00,0.000000000000000000e+00,0.000000000000000000e+00,1.111111111111111049e-01,1.274509803921568540e-01,1.439393939393939503e-01,1.578947368421052544e-01,0.000000000000000000e+00,1.139240506329113889e-01,2.765957446808510745e-01,1.469387755102040949e-01,3.603896103896103709e-01,7.692307692307692735e-02,5.200000000000000178e-01,1.617647058823529493e-01,0.000000000000000000e+00,3.478260869565217295e-01,3.771186440677966045e-01,1.166666666666666685e-01,0.000000000000000000e+00,9.259259259259258745e-02,1.355932203389830504e-01,9.836065573770491621e-02,9.793814432989690622e-02,1.176470588235294101e-01,2.688172043010752521e-01,8.791208791208791895e-02,1.237113402061855716e-01,3.507462686567164312e-01,9.205020920502092474e-02,8.695652173913043237e-02,1.570247933884297564e-01,1.888888888888888840e-01,1.106194690265486780e-01,2.142857142857142738e-01,1.562500000000000000e-01,1.071428571428571369e-01,1.529850746268656692e-01,7.291666666666667129e-02,0.000000000000000000e+00,1.482889733840304092e-01,2.187500000000000000e-01,1.333333333333333315e-01,1.282051282051281937e-01,1.314553990610328738e-01,2.000000000000000111e-01,1.363636363636363535e-01,1.499999999999999944e-01,9.090909090909091161e-02,2.905982905982906206e-01,6.451612903225806273e-02,1.886792452830188815e-01,2.179487179487179516e-01,1.100000000000000006e-01,6.666666666666666574e-02,3.595041322314049825e-01,2.921348314606741492e-01,3.750000000000000000e-01,7.364341085271318421e-02,1.923076923076923184e-01,1.132075471698113234e-01,1.030927835051546337e-01,2.857142857142856984e-01,2.272727272727272652e-01,1.674418604651162767e-01,1.238095238095238138e-01,1.367187500000000000e-01,1.367521367521367659e-01,2.994350282485875869e-01,1.588235294117646967e-01,2.352941176470588203e-01,1.661891117478510038e-01,3.404255319148936088e-01,7.432432432432432845e-02,3.632653061224490054e-01,3.942307692307692180e-01,2.051282051282051211e-01,1.525423728813559421e-01,2.000000000000000111e-01,2.205882352941176405e-01,1.283783783783783716e-01,0.000000000000000000e+00,1.048951048951048959e-01,1.007194244604316530e-01,1.234567901234567833e-01,1.269841269841269771e-01,2.871794871794871584e-01,1.173913043478260892e-01,1.707317073170731836e-01,3.860465116279069853e-01,3.013100436681222516e-01,1.666666666666666574e-01,1.034482758620689641e-01,2.299465240641711261e-01,1.453488372093023340e-01,1.078431372549019662e-01,1.839999999999999969e-01,8.653846153846153633e-02,9.608540925266903510e-02,9.090909090909091161e-02,1.363636363636363535e-01,0.000000000000000000e+00,1.084337349397590383e-01,0.000000000000000000e+00,2.222222222222222099e-01,1.509971509971509973e-01,2.577319587628865705e-01,1.250000000000000000e-01,1.803278688524590223e-01,6.976744186046511531e-02,1.531531531531531432e-01,1.478599221789883289e-01,2.993197278911564618e-01,1.238095238095238138e-01,3.580246913580246715e-01,7.734806629834253822e-02,1.333333333333333315e-01,1.064638783269961919e-01,6.976744186046511531e-02,9.554140127388535686e-02,1.666666666666666574e-01,1.388888888888888951e-01,1.732851985559566710e-01,7.017543859649122417e-02,0.000000000000000000e+00,7.547169811320754429e-02,0.000000000000000000e+00,1.393034825870646809e-01,1.603773584905660299e-01,2.295081967213114804e-01,1.428571428571428492e-01,1.304347826086956486e-01,1.666666666666666574e-01,9.600000000000000200e-02,1.707317073170731836e-01,1.270491803278688547e-01,1.111111111111111049e-01,2.500000000000000000e-01,1.000000000000000056e-01,0.000000000000000000e+00,1.777777777777777846e-01,0.000000000000000000e+00,0.000000000000000000e+00,1.272727272727272596e-01,1.227272727272727265e-01,7.692307692307692735e-02,2.727272727272727071e-01,2.597402597402597574e-02,2.052980132450331063e-01,1.627906976744186163e-01,2.515723270440251569e-01,1.730769230769230727e-01,5.384615384615384359e-01,2.481751824817518270e-01,1.349693251533742311e-01,1.585365853658536606e-01,2.307692307692307820e-01,1.153846153846153910e-01,5.068493150684931781e-01,0.000000000000000000e+00,2.278481012658227778e-01,0.000000000000000000e+00,1.030927835051546337e-01,3.076923076923077094e-01,1.292775665399239493e-01,0.000000000000000000e+00,0.000000000000000000e+00,2.250000000000000056e-01,1.515151515151515194e-02,1.573033707865168496e-01,1.336633663366336711e-01,3.123287671232876650e-01,2.173913043478260809e-01,1.138613861386138654e-01,3.076923076923077094e-01,2.187500000000000000e-01,1.082251082251082241e-01,1.333333333333333315e-01,3.571428571428571508e-01,1.401515151515151381e-01,2.000000000000000111e-01,0.000000000000000000e+00,8.571428571428571508e-02,1.449275362318840632e-01,0.000000000000000000e+00,1.551724137931034531e-01,1.428571428571428492e-01,2.000000000000000111e-01,3.740458015267175695e-01,2.203389830508474534e-01,1.397058823529411797e-01,0.000000000000000000e+00,4.477611940298507204e-02,1.234567901234567833e-01,1.946308724832214732e-01,2.191780821917808098e-01,9.756097560975610095e-02,2.598425196850393526e-01,2.250000000000000056e-01,1.333333333333333315e-01,1.417322834645669272e-01,1.535836177474402819e-01,0.000000000000000000e+00,1.043478260869565161e-01,2.258064516129032195e-01,1.848184818481848068e-01,1.875000000000000000e-01,2.441860465116278966e-01,1.470588235294117696e-01,2.558139534883721034e-01,3.282828282828282873e-01,0.000000000000000000e+00,1.111111111111111049e-01,0.000000000000000000e+00,0.000000000000000000e+00,8.000000000000000167e-02,1.020408163265306145e-01,2.162162162162162282e-01,2.920792079207920611e-01,0.000000000000000000e+00,8.571428571428571508e-02,0.000000000000000000e+00,1.304347826086956486e-01,9.677419354838709409e-02,4.333333333333333481e-01,2.608695652173912971e-01,0.000000000000000000e+00,0.000000000000000000e+00,9.448818897637795144e-02,3.285714285714285698e-01,1.210191082802547780e-01,3.837209302325581550e-01,2.045454545454545581e-01,3.813559322033898136e-01,1.650485436893203983e-01,2.937500000000000111e-01,1.020408163265306145e-01,1.274131274131274083e-01,2.682926829268292845e-01,1.319796954314720883e-01,1.269841269841269771e-01,1.359223300970873738e-01,1.328125000000000000e-01,2.294117647058823428e-01,0.000000000000000000e+00,2.941176470588235392e-01,3.417721518987341667e-01,1.363636363636363535e-01,4.749999999999999778e-01,2.564102564102563875e-01,0.000000000000000000e+00,3.369565217391304324e-01,1.300813008130081438e-01,1.428571428571428492e-01,0.000000000000000000e+00,1.176470588235294101e-01,0.000000000000000000e+00,0.000000000000000000e+00,4.358974358974359031e-01,0.000000000000000000e+00,1.016949152542372947e-01,1.325966850828729227e-01,1.111111111111111049e-01,1.691176470588235392e-01,1.117647058823529466e-01,2.640000000000000124e-01,1.863354037267080654e-01,3.828828828828828579e-01,1.640625000000000000e-01,2.448979591836734637e-01,1.261261261261261146e-01,1.755725190839694527e-01,1.266666666666666774e-01,3.135593220338983023e-01,0.000000000000000000e+00,0.000000000000000000e+00,1.276595744680850963e-01,1.030534351145038219e-01,1.411764705882352922e-01,1.146666666666666667e-01,8.219178082191780366e-02,1.351351351351351426e-01,1.764705882352941291e-01,0.000000000000000000e+00,2.500000000000000000e-01,0.000000000000000000e+00,1.407407407407407496e-01,3.448275862068965469e-02,1.487889273356401421e-01,3.219178082191780921e-01,2.134387351778656017e-01,0.000000000000000000e+00,5.102040816326530726e-01,2.380952380952380820e-01,1.578947368421052544e-01,1.186440677966101725e-01,1.025641025641025605e-01,2.093023255813953598e-01,2.368421052631578816e-01,1.898734177215190000e-01,1.549295774647887203e-01,1.506849315068493067e-01,2.031250000000000000e-01,1.940298507462686617e-01,2.168674698795180766e-01,1.566265060240963902e-01,2.241379310344827624e-01,1.176470588235294101e-01,1.666666666666666574e-01,1.384615384615384692e-01,1.333333333333333315e-01,1.568627450980392135e-01,1.600000000000000033e-01,2.343750000000000000e-01
0.000000000000000000e+00,0.000000000000000000e+00,0.000000000000000000e+00,0.000000000000000000e+00,0.000000000000000000e+00,0.000000000000000000e+00,0.000000000000000000e+00,0.000000000000000000e+00,0.000000000000000000e+00,0.000000000000000000e+00,0.000000000000000000e+00,0.000000000000000000e+00,0.000000000000000000e+00,0.000000000000000000e+00,0.000000000000000000e+00,0.000000000000000000e+00,0.000000000000000000e+00,0.000000000000000000e+00,0.000000000000000000e+00,0.000000000000000000e+00,0.000000000000000000e+00,0.000000000000000000e+00,0.000000000000000000e+00,0.000000000000000000e+00,0.000000000000000000e+00,0.000000000000000000e+00,0.000000000000000000e+00,0.000000000000000000e+00,0.000000000000000000e+00,0.000000000000000000e+00,0.000000000000000000e+00,0.000000000000000000e+00,0.000000000000000000e+00,0.000000000000000000e+00,0.000000000000000000e+00,0.000000000000000000e+00,0.000000000000000000e+00,0.000000000000000000e+00,0.000000000000000000e+00,0.000000000000000000e+00,0.000000000000000000e+00,0.000000000000000000e+00,0.000000000000000000e+00,0.000000000000000000e+00,0.000000000000000000e+00,0.000000000000000000e+00,0.000000000000000000e+00,0.000000000000000000e+00,0.000000000000000000e+00,0.000000000000000000e+00,0.000000000000000000e+00,0.000000000000000000e+00,0.000000000000000000e+00,0.000000000000000000e+00,0.000000000000000000e+00,0.000000000000000000e+00,0.000000000000000000e+00,0.000000000000000000e+00,0.000000000000000000e+00,0.000000000000000000e+00,0.000000000000000000e+00,0.000000000000000000e+00,0.000000000000000000e+00,0.000000000000000000e+00,0.000000000000000000e+00,0.000000000000000000e+00,0.000000000000000000e+00,0.000000000000000000e+00,0.000000000000000000e+00,0.000000000000000000e+00,0.000000000000000000e+00,0.000000000000000000e+00,0.000000000000000000e+00,0.000000000000000000e+00,0.000000000000000000e+00,0.000000000000000000e+00,0.000000000000000000e+00,0.000000000000000000e+00,0.000000000000000000e+00,0.000000000000000000e+00,0.000000000000000000e+00,0.000000000000000000e+00,0.000000000000000000e+00,0.000000000000000000e+00,0.000000000000000000e+00,0.000000000000000000e+00,0.000000000000000000e+00,0.000000000000000000e+00,0.000000000000000000e+00,0.000000000000000000e+00,0.000000000000000000e+00,0.000000000000000000e+00,0.000000000000000000e+00,0.000000000000000000e+00,0.000000000000000000e+00,0.000000000000000000e+00,0.000000000000000000e+00,0.000000000000000000e+00,0.000000000000000000e+00,0.000000000000000000e+00,0.000000000000000000e+00,0.000000000000000000e+00,0.000000000000000000e+00,0.000000000000000000e+00,0.000000000000000000e+00,0.000000000000000000e+00,0.000000000000000000e+00,0.000000000000000000e+00,0.000000000000000000e+00,0.000000000000000000e+00,0.000000000000000000e+00,0.000000000000000000e+00,0.000000000000000000e+00,0.000000000000000000e+00,0.000000000000000000e+00,0.000000000000000000e+00,0.000000000000000000e+00,0.000000000000000000e+00,0.000000000000000000e+00,0.000000000000000000e+00,0.000000000000000000e+00,0.000000000000000000e+00,0.000000000000000000e+00,0.000000000000000000e+00,0.000000000000000000e+00,0.000000000000000000e+00,0.000000000000000000e+00,0.000000000000000000e+00,0.000000000000000000e+00,0.000000000000000000e+00,0.000000000000000000e+00,0.000000000000000000e+00,0.000000000000000000e+00,0.000000000000000000e+00,0.000000000000000000e+00,0.000000000000000000e+00,0.000000000000000000e+00,0.000000000000000000e+00,0.000000000000000000e+00,0.000000000000000000e+00,0.000000000000000000e+00,0.000000000000000000e+00,0.000000000000000000e+00,0.000000000000000000e+00,0.000000000000000000e+00,0.000000000000000000e+00,0.000000000000000000e+00,0.000000000000000000e+00,0.000000000000000000e+00,0.000000000000000000e+00,0.000000000000000000e+00,0.000000000000000000e+00,0.000000000000000000e+00,0.000000000000000000e+00,0.000000000000000000e+00,0.000000000000000000e+00,0.000000000000000000e+00,0.000000000000000000e+00,0.000000000000000000e+00,0.000000000000000000e+00,0.000000000000000000e+00,0.000000000000000000e+00,0.000000000000000000e+00,0.000000000000000000e+00,0.000000000000000000e+00,0.000000000000000000e+00,0.000000000000000000e+00,0.000000000000000000e+00,0.000000000000000000e+00,0.000000000000000000e+00,0.000000000000000000e+00,0.000000000000000000e+00,0.000000000000000000e+00,0.000000000000000000e+00,0.000000000000000000e+00,0.000000000000000000e+00,0.000000000000000000e+00,0.000000000000000000e+00,0.000000000000000000e+00,0.000000000000000000e+00,0.000000000000000000e+00,0.000000000000000000e+00,0.000000000000000000e+00,0.000000000000000000e+00,0.000000000000000000e+00,0.000000000000000000e+00,0.000000000000000000e+00,0.000000000000000000e+00,0.000000000000000000e+00,0.000000000000000000e+00,0.000000000000000000e+00,0.000000000000000000e+00,0.000000000000000000e+00,0.000000000000000000e+00,0.000000000000000000e+00,0.000000000000000000e+00,0.000000000000000000e+00,0.000000000000000000e+00,0.000000000000000000e+00,0.000000000000000000e+00,0.000000000000000000e+00,0.000000000000000000e+00,0.000000000000000000e+00,0.000000000000000000e+00,0.000000000000000000e+00,0.000000000000000000e+00,0.000000000000000000e+00,0.000000000000000000e+00,0.000000000000000000e+00,0.000000000000000000e+00,0.000000000000000000e+00,0.000000000000000000e+00,0.000000000000000000e+00,0.000000000000000000e+00,0.000000000000000000e+00,0.000000000000000000e+00,0.000000000000000000e+00,0.000000000000000000e+00,0.000000000000000000e+00,0.000000000000000000e+00,0.000000000000000000e+00,0.000000000000000000e+00,0.000000000000000000e+00,0.000000000000000000e+00,0.000000000000000000e+00,0.000000000000000000e+00,0.000000000000000000e+00,0.000000000000000000e+00,0.000000000000000000e+00,0.000000000000000000e+00,0.000000000000000000e+00,0.000000000000000000e+00,0.000000000000000000e+00,0.000000000000000000e+00,0.000000000000000000e+00,0.000000000000000000e+00,0.000000000000000000e+00,0.000000000000000000e+00,0.000000000000000000e+00,0.000000000000000000e+00,0.000000000000000000e+00,0.000000000000000000e+00,0.000000000000000000e+00,0.000000000000000000e+00,0.000000000000000000e+00,0.000000000000000000e+00,0.000000000000000000e+00,0.000000000000000000e+00,0.000000000000000000e+00,0.000000000000000000e+00,0.000000000000000000e+00,0.000000000000000000e+00,0.000000000000000000e+00,0.000000000000000000e+00,0.000000000000000000e+00,0.000000000000000000e+00,0.000000000000000000e+00,0.000000000000000000e+00,0.000000000000000000e+00,0.000000000000000000e+00,0.000000000000000000e+00,0.000000000000000000e+00,0.000000000000000000e+00,0.000000000000000000e+00,0.000000000000000000e+00,0.000000000000000000e+00,0.000000000000000000e+00,0.000000000000000000e+00,0.000000000000000000e+00,0.000000000000000000e+00,0.000000000000000000e+00,0.000000000000000000e+00,0.000000000000000000e+00,0.000000000000000000e+00,0.000000000000000000e+00,0.000000000000000000e+00,0.000000000000000000e+00,0.000000000000000000e+00,0.000000000000000000e+00,0.000000000000000000e+00,0.000000000000000000e+00,0.000000000000000000e+00,0.000000000000000000e+00,0.000000000000000000e+00,0.000000000000000000e+00,0.000000000000000000e+00,0.000000000000000000e+00,0.000000000000000000e+00,0.000000000000000000e+00,0.000000000000000000e+00,0.000000000000000000e+00,0.000000000000000000e+00,0.000000000000000000e+00,0.000000000000000000e+00,0.000000000000000000e+00,0.000000000000000000e+00,0.000000000000000000e+00,0.000000000000000000e+00,0.000000000000000000e+00,0.000000000000000000e+00,0.000000000000000000e+00,0.000000000000000000e+00,0.000000000000000000e+00,0.000000000000000000e+00,0.000000000000000000e+00,0.000000000000000000e+00,0.000000000000000000e+00,0.000000000000000000e+00,0.000000000000000000e+00,0.000000000000000000e+00,0.000000000000000000e+00,0.000000000000000000e+00,0.000000000000000000e+00,0.000000000000000000e+00,0.000000000000000000e+00,0.000000000000000000e+00,0.000000000000000000e+00,0.000000000000000000e+00,0.000000000000000000e+00,0.000000000000000000e+00
1.473354231974921547e-01,1.478439425051334688e-01,2.127659574468085124e-01,2.015810276679841917e-01,2.380952380952380820e-01,1.111111111111111049e-01,0.000000000000000000e+00,0.000000000000000000e+00,0.000000000000000000e+00,2.000000000000000111e-01,9.890109890109889668e-02,1.653225806451612823e-01,1.041666666666666713e-01,0.000000000000000000e+00,2.500000000000000000e-01,2.150537634408602183e-01,1.174089068825910909e-01,2.302158273381295084e-01,1.710526315789473728e-01,1.538461538461538547e-01,1.825396825396825295e-01,0.000000000000000000e+00,2.306079664570230559e-01,2.095808383233532801e-01,1.630434782608695676e-01,0.000000000000000000e+00,1.949152542372881436e-01,1.481481481481481399e-01,1.639722863741339409e-01,1.781914893617021212e-01,1.666666666666666574e-01,2.619047619047619180e-01,9.941520467836256758e-02,1.461988304093567170e-01,2.638146167557932076e-01,1.855955678670360154e-01,1.467065868263472961e-01,1.271477663230240474e-01,1.686746987951807109e-01,1.306306306306306286e-01,1.481481481481481399e-01,1.725663716814159199e-01,2.232142857142857262e-01,1.272015655577299342e-01,1.352941176470588147e-01,0.000000000000000000e+00,1.805225653206650738e-01,1.720430107526881858e-01,1.556291390728476720e-01,1.509433962264150886e-01,1.611479028697571647e-01,1.269841269841269771e-01,1.741935483870967749e-01,1.101694915254237267e-01,1.176470588235294101e-01,2.321428571428571508e-01,2.173913043478260809e-01,1.734693877551020391e-01,1.883116883116883189e-01,1.622641509433962181e-01,1.216216216216216284e-01,2.192982456140350755e-01,2.132796780684104720e-01,1.842105263157894635e-01,1.373737373737373701e-01,1.686746987951807109e-01,1.555555555555555580e-01,1.372549019607843257e-01,1.760563380281690016e-01,2.183098591549295642e-01,1.375545851528384156e-01,1.314553990610328738e-01,1.770623742454728311e-01,1.387900355871886093e-01,2.409638554216867457e-01,1.339031339031339085e-01,2.115384615384615363e-01,1.250000000000000000e-01,2.262773722627737238e-01,1.256684491978609652e-01,2.113502935420743523e-01,2.024539877300613466e-01,1.870503597122302186e-01,1.111111111111111049e-01,1.869918699186991773e-01,1.610738255033556943e-01,1.739130434782608647e-01,0.000000000000000000e+00,1.185770750988142247e-01,1.733870967741935609e-01,1.428571428571428492e-01,1.985294117647058709e-01,2.419825072886297446e-01,1.275626423690205125e-01,1.594202898550724501e-01,2.140672782874617763e-01,2.444444444444444364e-01,1.524390243902438991e-01,1.782178217821782096e-01,2.735562310030394961e-01,1.923076923076923184e-01,1.181818181818181795e-01,1.675126903553299518e-01,1.298969072164948557e-01,1.422845691382765565e-01,1.219512195121951192e-01,8.791208791208791895e-02,0.000000000000000000e+00,1.144578313253011986e-01,0.000000000000000000e+00,1.896551724137930939e-01,2.138461538461538525e-01,1.888888888888888840e-01,1.418439716312056842e-01,1.407766990291262066e-01,1.095238095238095233e-01,1.111111111111111049e-01,1.961165048543689338e-01,1.596958174904943017e-01,1.733333333333333393e-01,1.915708812260536464e-01,1.851851851851851749e-01,1.363636363636363535e-01,1.586956521739130432e-01,2.131147540983606425e-01,1.578947368421052544e-01,1.939393939393939392e-01,1.572700296735904946e-01,1.826280623608017850e-01,7.954545454545454419e-02,0.000000000000000000e+00,1.595744680851063912e-01,0.000000000000000000e+00,1.832460732984293184e-01,1.722319859402460518e-01,1.311475409836065642e-01,2.000000000000000111e-01,1.873536299765808100e-01,1.447368421052631637e-01,1.780303030303030387e-01,1.034482758620689641e-01,1.373873873873873996e-01,1.494252873563218509e-01,1.241379310344827569e-01,1.176470588235294101e-01,0.000000000000000000e+00,1.718750000000000000e-01,0.000000000000000000e+00,0.000000000000000000e+00,1.830985915492957805e-01,1.291079812206572808e-01,1.530612244897959218e-01,2.374999999999999889e-01,1.764705882352941291e-01,1.935007385524372125e-01,1.799163179916317967e-01,1.903114186851211087e-01,1.518987341772151944e-01,2.857142857142856984e-01,1.314553990610328738e-01,2.000000000000000111e-01,1.486486486486486569e-01,2.559241706161137220e-01,1.720430107526881858e-01,2.421875000000000000e-01,0.000000000000000000e+00,2.500000000000000000e-01,0.000000000000000000e+00,1.597938144329896781e-01,1.789473684210526327e-01,2.089552238805970075e-01,0.000000000000000000e+00,0.000000000000000000e+00,1.515151515151515194e-01,5.223880597014925187e-02,1.797752808988763995e-01,1.630901287553647994e-01,2.410015649452269260e-01,2.328767123287671104e-01,1.593886462882096178e-01,2.272727272727272652e-01,1.636363636363636354e-01,1.576227390180878485e-01,2.558139534883721034e-01,2.631578947368420907e-01,1.505576208178438791e-01,1.142857142857142821e-01,0.000000000000000000e+00,2.592592592592592449e-01,1.290322580645161255e-01,0.000000000000000000e+00,1.737523105360443687e-01,1.891117478510028760e-01,1.818181818181818232e-01,2.607142857142857317e-01,1.820895522388059629e-01,1.234177215189873472e-01,0.000000000000000000e+00,9.389671361502346936e-02,1.392405063291139167e-01,1.875000000000000000e-01,1.851851851851851749e-01,1.071428571428571369e-01,2.180094786729857848e-01,8.064516129032257841e-02,9.259259259259258745e-02,2.209026128266033118e-01,1.439999999999999891e-01,0.000000000000000000e+00,1.017699115044247843e-01,2.000000000000000111e-01,1.739130434782608647e-01,1.395348837209302306e-01,1.397849462365591267e-01,1.663201663201663294e-01,1.690140845070422504e-01,2.095238095238095288e-01,0.000000000000000000e+00,1.698113207547169712e-01,0.000000000000000000e+00,0.000000000000000000e+00,1.612903225806451568e-01,1.250000000000000000e-01,2.162162162162162282e-01,2.492836676217765057e-01,0.000000000000000000e+00,1.833333333333333204e-01,0.000000000000000000e+00,1.167400881057268774e-01,1.366459627329192628e-01,1.931818181818181768e-01,1.505376344086021556e-01,0.000000000000000000e+00,0.000000000000000000e+00,1.282565130260520936e-01,2.189781021897810320e-01,1.505376344086021556e-01,1.976744186046511531e-01,1.381872213967310636e-01,1.928934010152284217e-01,1.685393258426966245e-01,2.353923205342237090e-01,1.705069124423963245e-01,1.407867494824016630e-01,1.351351351351351426e-01,1.361256544502617849e-01,2.209302325581395388e-01,1.636363636363636354e-01,1.297577854671280173e-01,2.061068702290076438e-01,0.000000000000000000e+00,2.592592592592592449e-01,2.363636363636363591e-01,1.514195583596214534e-01,2.380952380952380820e-01,2.325581395348837177e-01,0.000000000000000000e+00,2.014388489208633060e-01,1.173184357541899453e-01,1.471103327495621726e-01,0.000000000000000000e+00,2.571428571428571175e-01,0.000000000000000000e+00,0.000000000000000000e+00,2.173913043478260809e-01,0.000000000000000000e+00,1.078431372549019662e-01,1.583113456464380064e-01,1.694915254237288060e-01,1.649484536082474195e-01,1.694915254237288060e-01,2.461059190031152644e-01,1.369863013698630061e-01,2.414578587699316714e-01,1.333333333333333315e-01,1.854838709677419373e-01,2.106666666666666687e-01,1.621129326047358876e-01,1.415662650602409756e-01,2.362385321100917424e-01,0.000000000000000000e+00,1.090909090909090856e-01,1.571428571428571397e-01,1.621621621621621712e-01,1.361256544502617849e-01,1.733333333333333393e-01,1.111111111111111049e-01,1.202531645569620278e-01,3.125000000000000000e-02,0.000000000000000000e+00,1.458333333333333426e-01,0.000000000000000000e+00,1.452282157676348662e-01,1.199999999999999956e-01,1.792975970425138565e-01,2.567567567567567433e-01,1.572815533980582436e-01,0.000000000000000000e+00,2.142857142857142738e-01,2.105263157894736725e-01,1.698113207547169712e-01,1.132075471698113234e-01,9.090909090909091161e-02,1.067961165048543631e-01,1.442307692307692180e-01,9.009009009009008584e-02,1.683168316831683275e-01,1.570247933884297564e-01,1.733333333333333393e-01,1.120000000000000023e-01,1.509433962264150886e-01,1.472868217054263684e-01,1.612903225806451568e-01,1.150442477876106179e-01,1.208791208791208799e-01,9.322033898305084887e-02,1.315789473684210453e-01,1.634615384615384637e-01,1.250000000000000000e-01,1.086956521739130405e-01
0.000000000000000000e+00,0.000000000000000000e+00,0.000000000000000000e+00,0.000000000000000000e+00,0.000000000000000000e+00,0.000000000000000000e+00,0.000000000000000000e+00,0.000000000000000000e+00,0.000000000000000000e+00,0.000000000000000000e+00,0.000000000000000000e+00,0.000000000000000000e+00,0.000000000000000000e+00,0.000000000000000000e+00,0.000000000000000000e+00,0.000000000000000000e+00,0.000000000000000000e+00,0.000000000000000000e+00,0.000000000000000000e+00,0.000000000000000000e+00,0.000000000000000000e+00,0.000000000000000000e+00,0.000000000000000000e+00,0.000000000000000000e+00,0.000000000000000000e+00,0.000000000000000000e+00,0.000000000000000000e+00,0.000000000000000000e+00,0.000000000000000000e+00,0.000000000000000000e+00,0.000000000000000000e+00,0.000000000000000000e+00,0.000000000000000000e+00,0.000000000000000000e+00,0.000000000000000000e+00,0.000000000000000000e+00,0.000000000000000000e+00,0.000000000000000000e+00,0.000000000000000000e+00,0.000000000000000000e+00,0.000000000000000000e+00,0.000000000000000000e+00,0.000000000000000000e+00,0.000000000000000000e+00,0.000000000000000000e+00,0.000000000000000000e+00,0.000000000000000000e+00,0.000000000000000000e+00,0.000000000000000000e+00,0.000000000000000000e+00,0.000000000000000000e+00,0.000000000000000000e+00,0.000000000000000000e+00,0.000000000000000000e+00,0.000000000000000000e+00,0.000000000000000000e+00,0.000000000000000000e+00,0.000000000000000000e+00,0.000000000000000000e+00,0.000000000000000000e+00,0.000000000000000000e+00,0.000000000000000000e+00,0.000000000000000000e+00,0.000000000000000000e+00,0.000000000000000000e+00,0.000000000000000000e+00,0.000000000000000000e+00,0.000000000000000000e+00,0.000000000000000000e+00,0.000000000000000000e+00,0.000000000000000000e+00,0.000000000000000000e+00,0.000000000000000000e+00,0.000000000000000000e+00,0.000000000000000000e+00,0.000000000000000000e+00,0.000000000000000000e+00,0.000000000000000000e+00,0.000000000000000000e+00,0.000000000000000000e+00,0.000000000000000000e+00,0.000000000000000000e+00,0.000000000000000000e+00,0.000000000000000000e+00,0.000000000000000000e+00,0.000000000000000000e+00,0.000000000000000000e+00,0.000000000000000000e+00,0.000000000000000000e+00,0.000000000000000000e+00,0.000000000000000000e+00,0.000000000000000000e+00,0.000000000000000000e+00,0.000000000000000000e+00,0.000000000000000000e+00,0.000000000000000000e+00,0.000000000000000000e+00,0.000000000000000000e+00,0.000000000000000000e+00,0.000000000000000000e+00,0.000000000000000000e+00,0.000000000000000000e+00,0.000000000000000000e+00,0.000000000000000000e+00,0.000000000000000000e+00,0.000000000000000000e+00,0.000000000000000000e+00,0.000000000000000000e+00,0.000000000000000000e+00,0.000000000000000000e+00,0.000000000000000000e+00,0.000000000000000000e+00,0.000000000000000000e+00,0.000000000000000000e+00,0.000000000000000000e+00,0.000000000000000000e+00,0.000000000000000000e+00,0.000000000000000000e+00,0.000000000000000000e+00,0.000000000000000000e+00,0.000000000000000000e+00,0.000000000000000000e+00,0.000000000000000000e+00,0.000000000000000000e+00,0.000000000000000000e+00,0.000000000000000000e+00,0.000000000000000000e+00,0.000000000000000000e+00,0.000000000000000000e+00,0.000000000000000000e+00,0.000000000000000000e+00,0.000000000000000000e+00,0.000000000000000000e+00,0.000000000000000000e+00,0.000000000000000000e+00,0.000000000000000000e+00,0.000000000000000000e+00,0.000000000000000000e+00,0.000000000000000000e+00,0.000000000000000000e+00,0.000000000000000000e+00,0.000000000000000000e+00,0.000000000000000000e+00,0.000000000000000000e+00,0.000000000000000000e+00,0.000000000000000000e+00,0.000000000000000000e+00,0.000000000000000000e+00,0.000000000000000000e+00,0.000000000000000000e+00,0.000000000000000000e+00,0.000000000000000000e+00,0.000000000000000000e+00,0.000000000000000000e+00,0.000000000000000000e+00,0.000000000000000000e+00,0.000000000000000000e+00,0.000000000000000000e+00,0.000000000000000000e+00,0.000000000000000000e+00,0.000000000000000000e+00,0.000000000000000000e+00,0.000000000000000000e+00,0.000000000000000000e+00,0.000000000000000000e+00,0.000000000000000000e+00,0.000000000000000000e+00,0.000000000000000000e+00,0.000000000000000000e+00,0.000000000000000000e+00,0.000000000000000000e+00,0.000000000000000000e+00,0.000000000000000000e+00,0.000000000000000000e+00,0.000000000000000000e+00,0.000000000000000000e+00,0.000000000000000000e+00,0.000000000000000000e+00,0.000000000000000000e+00,0.000000000000000000e+00,0.000000000000000000e+00,0.000000000000000000e+00,0.000000000000000000e+00,0.000000000000000000e+00,0.000000000000000000e+00,0.000000000000000000e+00,0.000000000000000000e+00,0.000000000000000000e+00,0.000000000000000000e+00,0.000000000000000000e+00,0.000000000000000000e+00,0.000000000000000000e+00,0.000000000000000000e+00,0.000000000000000000e+00,0.000000000000000000e+00,0.000000000000000000e+00,0.000000000000000000e+00,0.000000000000000000e+00,0.000000000000000000e+00,0.000000000000000000e+00,0.000000000000000000e+00,0.000000000000000000e+00,0.000000000000000000e+00,0.000000000000000000e+00,0.000000000000000000e+00,0.000000000000000000e+00,0.000000000000000000e+00,0.000000000000000000e+00,0.000000000000000000e+00,0.000000000000000000e+00,0.000000000000000000e+00,0.000000000000000000e+00,0.000000000000000000e+00,0.000000000000000000e+00,0.000000000000000000e+00,0.000000000000000000e+00,0.000000000000000000e+00,0.000000000000000000e+00,0.000000000000000000e+00,0.000000000000000000e+00,0.000000000000000000e+00,0.000000000000000000e+00,0.000000000000000000e+00,0.000000000000000000e+00,0.000000000000000000e+00,0.000000000000000000e+00,0.000000000000000000e+00,0.000000000000000000e+00,0.000000000000000000e+00,0.000000000000000000e+00,0.000000000000000000e+00,0.000000000000000000e+00,0.000000000000000000e+00,0.000000000000000000e+00,0.000000000000000000e+00,0.000000000000000000e+00,0.000000000000000000e+00,0.000000000000000000e+00,0.000000000000000000e+00,0.000000000000000000e+00,0.000000000000000000e+00,0.000000000000000000e+00,0.000000000000000000e+00,0.000000000000000000e+00,0.000000000000000000e+00,0.000000000000000000e+00,0.000000000000000000e+00,0.000000000000000000e+00,0.000000000000000000e+00,0.000000000000000000e+00,0.000000000000000000e+00,0.000000000000000000e+00,0.000000000000000000e+00,0.000000000000000000e+00,0.000000000000000000e+00,0.000000000000000000e+00,0.000000000000000000e+00,0.000000000000000000e+00,0.000000000000000000e+00,0.000000000000000000e+00,0.000000000000000000e+00,0.000000000000000000e+00,0.000000000000000000e+00,0.000000000000000000e+00,0.000000000000000000e+00,0.000000000000000000e+00,0.000000000000000000e+00,0.000000000000000000e+00,0.000000000000000000e+00,0.000000000000000000e+00,0.000000000000000000e+00,0.000000000000000000e+00,0.000000000000000000e+00,0.000000000000000000e+00,0.000000000000000000e+00,0.000000000000000000e+00,0.000000000000000000e+00,0.000000000000000000e+00,0.000000000000000000e+00,0.000000000000000000e+00,0.000000000000000000e+00,0.000000000000000000e+00,0.000000000000000000e+00,0.000000000000000000e+00,0.000000000000000000e+00,0.000000000000000000e+00,0.000000000000000000e+00,0.000000000000000000e+00,0.000000000000000000e+00,0.000000000000000000e+00,0.000000000000000000e+00,0.000000000000000000e+00,0.000000000000000000e+00,0.000000000000000000e+00,0.000000000000000000e+00,0.000000000000000000e+00,0.000000000000000000e+00,0.000000000000000000e+00,0.000000000000000000e+00,0.000000000000000000e+00,0.000000000000000000e+00,0.000000000000000000e+00,0.000000000000000000e+00,0.000000000000000000e+00,0.000000000000000000e+00,0.000000000000000000e+00,0.000000000000000000e+00,0.000000000000000000e+00,0.000000000000000000e+00,0.000000000000000000e+00,0.000000000000000000e+00,0.000000000000000000e+00,0.000000000000000000e+00,0.000000000000000000e+00,0.000000000000000000e+00,0.000000000000000000e+00,0.000000000000000000e+00,0.000000000000000000e+00,0.000000000000000000e+00,0.000000000000000000e+00
6.702127659574468321e-01,4.621212121212120993e-01,3.499999999999999778e-01,2.923076923076923239e-01,2.000000000000000111e-01,1.785714285714285754e-01,0.000000000000000000e+00,0.000000000000000000e+00,0.000000000000000000e+00,5.000000000000000000e-01,5.405405405405405705e-01,4.597701149425287293e-01,2.500000000000000000e-01,0.000000000000000000e+00,3.617021276595744905e-01,5.789473684210526550e-01,3.366336633663366551e-01,2.800000000000000266e-01,2.380952380952380820e-01,8.333333333333332871e-02,5.000000000000000000e-01,0.000000000000000000e+00,3.275862068965517127e-01,3.893805309734513220e-01,3.214285714285714524e-01,0.000000000000000000e+00,2.592592592592592449e-01,7.500000000000000000e-01,3.362831858407079877e-01,6.854838709677418818e-01,6.666666666666666297e-01,4.531250000000000000e-01,6.842105263157894912e-01,4.519230769230769273e-01,4.341085271317829397e-01,3.925233644859812965e-01,4.657534246575342207e-01,3.220338983050847204e-01,3.947368421052631637e-01,7.916666666666666297e-01,5.833333333333333703e-01,5.999999999999999778e-01,7.500000000000000000e-01,3.448275862068965747e-01,3.250000000000000111e-01,0.000000000000000000e+00,3.302752293577981835e-01,2.352941176470588203e-01,3.618421052631579093e-01,5.999999999999999778e-01,4.464285714285714524e-01,8.260869565217391353e-01,4.166666666666666852e-01,2.727272727272727071e-01,8.000000000000000444e-01,4.500000000000000111e-01,3.888888888888888951e-01,4.444444444444444198e-01,4.444444444444444198e-01,8.153846153846153744e-01,3.636363636363636465e-01,4.019607843137255054e-01,3.471074380165289353e-01,4.000000000000000222e-01,8.024691358024691468e-01,3.478260869565217295e-01,2.909090909090908950e-01,4.418604651162790775e-01,5.555555555555555802e-01,2.571428571428571175e-01,2.916666666666666852e-01,3.181818181818181768e-01,6.622516556291391243e-01,4.918032786885245811e-01,5.178571428571429047e-01,3.968253968253968034e-01,0.000000000000000000e+00,3.468208092485549066e-01,1.451612903225806550e-01,8.617021276595744350e-01,4.031007751937984440e-01,4.285714285714285476e-01,4.333333333333333481e-01,8.947368421052631637e-01,3.714285714285714413e-01,4.117647058823529216e-01,3.295454545454545303e-01,0.000000000000000000e+00,6.521739130434782705e-01,4.415584415584415390e-01,4.687500000000000000e-01,5.263157894736841813e-01,3.369565217391304324e-01,2.871287128712871062e-01,4.347826086956521618e-01,3.673469387755102233e-01,3.719008264462809743e-01,2.682926829268292845e-01,4.761904761904761640e-01,3.846153846153846367e-01,3.958333333333333148e-01,4.038461538461538547e-01,2.786885245901639108e-01,3.039215686274509554e-01,3.439999999999999725e-01,3.846153846153846367e-01,1.176470588235294101e-01,0.000000000000000000e+00,7.777777777777777901e-01,0.000000000000000000e+00,5.833333333333333703e-01,3.108808290155440357e-01,3.555555555555555691e-01,3.829787234042553168e-01,4.693877551020408379e-01,2.045454545454545581e-01,5.000000000000000000e-01,3.292682926829268442e-01,4.590163934426229608e-01,6.598984771573603858e-01,4.571428571428571286e-01,3.146067415730336991e-01,2.105263157894736725e-01,6.444444444444444864e-01,4.615384615384615641e-01,6.695652173913043681e-01,3.260869565217391353e-01,3.086419753086419582e-01,4.154929577464788748e-01,7.391304347826086474e-01,0.000000000000000000e+00,3.076923076923077094e-01,0.000000000000000000e+00,3.867924528301887044e-01,4.720496894409937916e-01,4.285714285714285476e-01,2.352941176470588203e-01,3.826086956521739246e-01,3.125000000000000000e-01,3.611111111111111049e-01,2.916666666666666852e-01,8.811881188118811936e-01,2.399999999999999911e-01,3.599999999999999867e-01,8.461538461538461453e-01,0.000000000000000000e+00,6.774193548387096309e-01,0.000000000000000000e+00,0.000000000000000000e+00,4.155844155844156118e-01,4.400000000000000022e-01,7.757009345794392274e-01,5.238095238095238360e-01,5.625000000000000000e-01,3.831168831168831335e-01,5.000000000000000000e-01,3.333333333333333148e-01,4.285714285714285476e-01,5.000000000000000000e-01,3.404255319148936088e-01,3.544303797468354444e-01,4.814814814814814548e-01,4.126984126984126755e-01,7.520661157024793875e-01,2.592592592592592449e-01,0.000000000000000000e+00,4.230769230769230727e-01,0.000000000000000000e+00,8.372093023255814392e-01,4.500000000000000111e-01,3.023255813953488191e-01,0.000000000000000000e+00,0.000000000000000000e+00,7.142857142857143016e-01,7.500000000000000000e-01,4.081632653061224580e-01,3.944954128440367191e-01,4.437499999999999778e-01,5.000000000000000000e-01,3.478260869565217295e-01,3.333333333333333148e-01,9.090909090909090606e-01,4.749999999999999778e-01,0.000000000000000000e+00,2.999999999999999889e-01,4.218750000000000000e-01,5.000000000000000000e-01,0.000000000000000000e+00,9.285714285714286031e-01,8.800000000000000044e-01,0.000000000000000000e+00,3.785714285714285587e-01,6.363636363636363535e-01,3.636363636363636465e-01,2.931034482758620441e-01,7.901234567901234129e-01,4.150943396226415283e-01,0.000000000000000000e+00,7.500000000000000000e-01,9.019607843137255054e-01,4.189189189189189144e-01,3.947368421052631637e-01,6.515151515151514916e-01,2.459016393442622905e-01,2.857142857142856984e-01,5.000000000000000000e-01,4.366197183098591283e-01,3.181818181818181768e-01,0.000000000000000000e+00,7.407407407407406996e-01,5.925925925925925597e-01,3.181818181818181768e-01,2.272727272727272652e-01,5.675675675675675436e-01,4.310344827586206629e-01,3.076923076923077094e-01,3.797468354430380000e-01,0.000000000000000000e+00,2.500000000000000000e-01,0.000000000000000000e+00,0.000000000000000000e+00,5.454545454545454142e-01,4.000000000000000222e-01,4.166666666666666852e-01,3.763440860215053752e-01,0.000000000000000000e+00,4.242424242424242542e-01,0.000000000000000000e+00,3.118279569892473124e-01,3.461538461538461453e-01,4.666666666666666741e-01,3.478260869565217295e-01,0.000000000000000000e+00,0.000000000000000000e+00,8.137931034482758230e-01,2.608695652173912971e-01,8.055555555555555802e-01,2.467532467532467522e-01,5.442176870748299811e-01,4.090909090909091161e-01,3.813559322033898136e-01,4.276315789473684181e-01,7.500000000000000000e-01,3.195876288659793563e-01,4.444444444444444198e-01,4.861111111111111049e-01,5.625000000000000000e-01,2.000000000000000111e-01,7.891156462585033893e-01,5.434782608695651884e-01,0.000000000000000000e+00,2.307692307692307820e-01,3.461538461538461453e-01,2.750000000000000222e-01,4.324324324324324564e-01,5.333333333333333259e-01,0.000000000000000000e+00,3.529411764705882582e-01,4.126984126984126755e-01,3.717948717948718063e-01,0.000000000000000000e+00,2.000000000000000111e-01,0.000000000000000000e+00,0.000000000000000000e+00,4.666666666666666741e-01,0.000000000000000000e+00,4.761904761904761640e-01,3.720930232558139483e-01,2.750000000000000222e-01,3.928571428571428492e-01,4.583333333333333148e-01,3.260869565217391353e-01,3.369565217391304324e-01,4.159292035398229892e-01,4.032258064516128782e-01,5.937500000000000000e-01,2.843137254901960675e-01,4.107142857142856984e-01,8.372093023255814392e-01,3.942307692307692180e-01,0.000000000000000000e+00,5.454545454545454142e-01,3.478260869565217295e-01,7.865853658536585691e-01,8.666666666666666963e-01,3.529411764705882582e-01,3.421052631578947456e-01,3.461538461538461453e-01,5.000000000000000000e-01,0.000000000000000000e+00,3.333333333333333148e-01,0.000000000000000000e+00,3.050847457627118842e-01,2.727272727272727071e-01,6.440677966101694407e-01,3.758389261744966570e-01,3.172413793103448509e-01,0.000000000000000000e+00,3.684210526315789269e-01,3.731343283582089776e-01,3.421052631578947456e-01,3.902439024390244038e-01,4.571428571428571286e-01,4.222222222222222210e-01,5.555555555555555802e-01,4.666666666666666741e-01,5.161290322580645018e-01,4.761904761904761640e-01,5.714285714285713969e-01,5.319148936170212671e-01,3.333333333333333148e-01,3.720930232558139483e-01,3.947368421052631637e-01,3.783783783783783994e-01,2.820512820512820484e-01,3.750000000000000000e-01,3.823529411764705621e-01,4.848484848484848619e-01,4.137931034482758563e-01,4.242424242424242542e-01
1.774193548387096864e-01,2.098765432098765316e-01,4.444444444444444198e-01,7.560975609756097615e-01,6.785714285714286031e-01,5.999999999999999778e-01,0.000000000000000000e+00,0.000000000000000000e+00,0.000000000000000000e+00,3.333333333333333148e-01,1.739130434782608647e-01,2.142857142857142738e-01,6.666666666666666297e-01,0.000000000000000000e+00,2.000000000000000111e-01,2.727272727272727071e-01,2.244897959183673464e-01,7.604166666666666297e-01,3.333333333333333148e-01,6.666666666666666297e-01,3.157894736842105088e-01,0.000000000000000000e+00,7.402597402597402843e-01,6.315789473684210176e-01,2.631578947368420907e-01,0.000000000000000000e+00,3.571428571428571508e-01,2.307692307692307820e-01,3.584905660377358250e-01,2.608695652173912971e-01,3.333333333333333148e-01,5.245901639344262568e-01,1.739130434782608647e-01,1.627906976744186163e-01,5.806451612903226200e-01,3.026315789473684181e-01,2.553191489361701927e-01,2.000000000000000111e-01,4.857142857142857095e-01,1.746031746031745935e-01,6.250000000000000000e-01,1.666666666666666574e-01,7.692307692307692735e-02,1.969696969696969613e-01,2.272727272727272652e-01,0.000000000000000000e+00,1.967213114754098324e-01,4.444444444444444198e-01,2.207792207792207695e-01,3.750000000000000000e-01,1.830985915492957805e-01,0.000000000000000000e+00,1.764705882352941291e-01,5.882352941176470507e-02,3.333333333333333148e-01,7.222222222222222099e-01,5.833333333333333703e-01,5.294117647058823595e-01,5.000000000000000000e-01,2.162162162162162282e-01,2.999999999999999889e-01,6.617647058823529216e-01,6.811594202898550998e-01,7.368421052631578538e-01,1.341463414634146423e-01,3.333333333333333148e-01,1.315789473684210453e-01,3.548387096774193727e-01,3.333333333333333148e-01,3.181818181818181768e-01,2.857142857142856984e-01,1.923076923076923184e-01,2.812500000000000000e-01,8.108108108108108558e-02,6.851851851851852304e-01,3.968253968253968034e-01,1.818181818181818232e-01,3.483146067415730518e-01,6.600000000000000311e-01,2.291666666666666574e-01,7.142857142857143016e-01,6.428571428571429047e-01,4.230769230769230727e-01,3.636363636363636465e-01,4.500000000000000111e-01,3.333333333333333148e-01,2.692307692307692180e-01,0.000000000000000000e+00,3.181818181818181768e-01,3.499999999999999778e-01,4.090909090909091161e-01,4.285714285714285476e-01,5.789473684210526550e-01,2.033898305084745894e-01,3.333333333333333148e-01,6.615384615384615197e-01,5.211267605633802535e-01,2.777777777777777901e-01,3.333333333333333148e-01,6.451612903225806273e-01,1.555555555555555580e-01,2.999999999999999889e-01,1.818181818181818232e-01,1.492537313432835688e-01,2.325581395348837177e-01,0.000000000000000000e+00,2.999999999999999889e-01,0.000000000000000000e+00,4.642857142857143016e-01,0.000000000000000000e+00,4.444444444444444198e-01,2.277227722772277307e-01,2.399999999999999911e-01,2.714285714285714080e-01,3.265306122448979331e-01,2.258064516129032195e-01,3.125000000000000000e-01,2.857142857142856984e-01,7.017543859649122417e-01,3.068181818181818232e-01,7.083333333333333703e-01,2.800000000000000266e-01,2.999999999999999889e-01,2.857142857142856984e-01,2.307692307692307820e-01,1.964285714285714246e-01,3.469387755102040782e-01,1.842105263157894635e-01,2.717391304347825942e-01,2.857142857142856984e-01,0.000000000000000000e+00,1.666666666666666574e-01,0.000000000000000000e+00,2.307692307692307820e-01,1.683168316831683275e-01,2.222222222222222099e-01,5.555555555555555802e-01,3.333333333333333148e-01,3.571428571428571508e-01,2.399999999999999911e-01,3.750000000000000000e-01,2.758620689655172376e-01,2.727272727272727071e-01,5.238095238095238360e-01,0.000000000000000000e+00,0.000000000000000000e+00,2.500000000000000000e-01,0.000000000000000000e+00,0.000000000000000000e+00,1.590909090909090884e-01,3.275862068965517127e-01,1.555555555555555580e-01,4.666666666666666741e-01,2.666666666666666630e-01,3.800000000000000044e-01,3.888888888888888951e-01,5.294117647058823595e-01,2.857142857142856984e-01,5.555555555555555802e-01,5.588235294117647189e-01,3.499999999999999778e-01,2.999999999999999889e-01,4.666666666666666741e-01,3.037974683544303889e-01,7.692307692307692735e-01,0.000000000000000000e+00,6.666666666666666297e-01,0.000000000000000000e+00,2.222222222222222099e-01,7.647058823529411242e-01,2.317073170731707432e-01,0.000000000000000000e+00,0.000000000000000000e+00,9.000000000000000222e-01,1.935483870967741882e-01,2.051282051282051211e-01,2.000000000000000111e-01,6.060606060606060774e-01,5.333333333333333259e-01,2.037037037037036924e-01,5.000000000000000000e-01,1.428571428571428492e-01,1.562500000000000000e-01,1.666666666666666574e-01,6.666666666666666297e-01,3.114754098360655865e-01,4.444444444444444198e-01,0.000000000000000000e+00,0.000000000000000000e+00,1.578947368421052544e-01,0.000000000000000000e+00,3.606557377049180446e-01,1.379310344827586188e-01,3.333333333333333148e-01,5.200000000000000178e-01,7.027027027027027417e-01,2.352941176470588203e-01,0.000000000000000000e+00,1.612903225806451568e-01,2.500000000000000000e-01,3.421052631578947456e-01,3.157894736842105088e-01,2.040816326530612290e-01,3.225806451612903136e-01,5.000000000000000000e-01,9.090909090909091161e-02,2.839506172839506015e-01,3.375000000000000222e-01,0.000000000000000000e+00,2.368421052631578816e-01,2.105263157894736725e-01,2.674418604651162545e-01,4.000000000000000222e-01,4.705882352941176405e-01,2.682926829268292845e-01,7.857142857142856984e-01,6.964285714285713969e-01,0.000000000000000000e+00,1.578947368421052544e-01,0.000000000000000000e+00,0.000000000000000000e+00,2.857142857142856984e-01,1.081081081081081141e-01,2.999999999999999889e-01,6.716417910447761708e-01,0.000000000000000000e+00,3.809523809523809312e-01,0.000000000000000000e+00,2.881355932203389925e-01,3.913043478260869734e-01,8.421052631578946901e-01,3.571428571428571508e-01,0.000000000000000000e+00,0.000000000000000000e+00,1.971830985915492829e-01,7.500000000000000000e-01,2.525252525252525415e-01,6.250000000000000000e-01,4.842105263157894801e-01,7.083333333333333703e-01,3.035714285714285476e-01,6.700000000000000400e-01,2.314814814814814825e-01,2.530120481927710663e-01,3.333333333333333148e-01,3.076923076923077094e-01,2.162162162162162282e-01,3.513513513513513709e-01,2.142857142857142738e-01,5.000000000000000000e-01,0.000000000000000000e+00,5.000000000000000000e-01,4.583333333333333148e-01,3.191489361702127825e-01,7.241379310344827624e-01,4.545454545454545303e-01,0.000000000000000000e+00,7.241379310344827624e-01,2.500000000000000000e-01,3.488372093023255904e-01,0.000000000000000000e+00,3.043478260869565410e-01,0.000000000000000000e+00,0.000000000000000000e+00,7.500000000000000000e-01,0.000000000000000000e+00,1.250000000000000000e-01,2.000000000000000111e-01,2.222222222222222099e-01,2.750000000000000222e-01,2.222222222222222099e-01,5.333333333333333259e-01,3.684210526315789269e-01,7.042253521126760063e-01,2.999999999999999889e-01,4.117647058823529216e-01,3.088235294117647189e-01,2.888888888888888618e-01,2.040816326530612290e-01,5.714285714285713969e-01,0.000000000000000000e+00,0.000000000000000000e+00,0.000000000000000000e+00,1.830985915492957805e-01,2.592592592592592449e-01,2.812500000000000000e-01,4.117647058823529216e-01,2.380952380952380820e-01,2.000000000000000111e-01,0.000000000000000000e+00,0.000000000000000000e+00,0.000000000000000000e+00,3.076923076923077094e-01,2.727272727272727071e-01,2.716049382716049232e-01,6.071428571428570953e-01,3.522727272727272929e-01,0.000000000000000000e+00,6.666666666666666297e-01,4.545454545454545303e-01,3.870967741935483764e-01,4.705882352941176405e-01,1.666666666666666574e-01,5.151515151515151381e-01,3.478260869565217295e-01,2.857142857142856984e-01,4.000000000000000222e-01,3.461538461538461453e-01,2.758620689655172376e-01,4.583333333333333148e-01,3.809523809523809312e-01,4.166666666666666852e-01,4.814814814814814548e-01,1.538461538461538547e-01,4.117647058823529216e-01,4.285714285714285476e-01,4.000000000000000222e-01,9.523809523809523281e-02,3.809523809523809312e-01,2.608695652173912971e-01
1.177067478437341386e-01,1.244765892653216660e-01,1.273344651952461881e-01,8.860759493670886111e-02,1.381936887921653978e-01,9.439528023598819928e-02,0.000000000000000000e+00,0.000000000000000000e+00,0.000000000000000000e+00,9.696969696969696961e-02,8.301886792452829733e-02,1.107554417413572356e-01,1.170568561872909752e-01,0.000000000000000000e+00,1.426356589147286802e-01,1.182364729458917768e-01,1.035422343324250705e-01,1.308701657458563594e-01,1.098901098901098883e-01,1.647398843930635848e-01,1.390205371248025290e-01,0.000000000000000000e+00,1.132838840188806484e-01,9.571593979158625476e-02,1.086956521739130405e-01,0.000000000000000000e+00,2.439393939393939281e-01,1.133720930232558072e-01,1.178103927013090108e-01,1.281927710843373536e-01,1.116751269035533012e-01,1.298543689320388328e-01,1.100386100386100408e-01,2.493096646942800920e-01,1.398050974512743683e-01,1.354166666666666574e-01,9.220261809903243511e-02,2.443674176776429730e-01,1.375609756097561087e-01,1.030719482619240068e-01,6.761565836298932819e-02,1.296720061022120507e-01,9.904761904761905100e-02,2.456197274497079752e-01,2.373689227836034421e-01,0.000000000000000000e+00,1.095890410958904049e-01,1.261467889908256812e-01,2.384239286741443864e-01,9.150326797385620325e-02,1.089873932492883279e-01,9.408602150537634379e-02,2.347417840375586873e-01,8.885298869143780365e-02,7.264957264957265515e-02,9.604519774011299749e-02,1.235632183908045995e-01,1.321070234113712327e-01,1.016949152542372947e-01,9.867909867909867294e-02,1.090425531914893664e-01,1.157936195352500947e-01,1.171761280931586657e-01,1.303462321792260570e-01,1.033645508151231351e-01,1.247443762781186155e-01,2.038488952245188779e-01,1.281281281281281270e-01,1.478658536585365779e-01,2.494145199063231844e-01,2.303976217019695349e-01,2.226720647773279271e-01,1.139192757450018800e-01,1.108089734874235233e-01,1.153632834165280036e-01,1.075481006413418900e-01,2.093862815884476591e-01,2.398934882595013252e-01,9.642301710730948050e-02,9.846153846153846145e-02,1.039568345323741011e-01,1.009988901220865709e-01,1.264705882352941124e-01,7.938931297709923840e-02,1.466854724964739010e-01,1.175693527080581280e-01,1.255131964809384215e-01,0.000000000000000000e+00,1.011162179908076109e-01,1.889055472263868052e-01,1.033013844515442009e-01,1.182634730538922180e-01,1.243124312431243134e-01,1.105037094884810667e-01,9.885057471264367679e-02,1.079489695780176672e-01,1.167651067696501566e-01,2.216117216117216016e-01,2.416201117318435843e-01,1.372549019607843257e-01,2.593103448275861922e-01,2.303625377643504502e-01,2.472527472527472625e-01,9.347181008902076538e-02,1.173205033308660217e-01,9.282700421940928703e-02,2.242268041237113485e-01,0.000000000000000000e+00,1.028331584470094373e-01,0.000000000000000000e+00,8.823529411764706454e-02,2.235851686646222469e-01,8.227848101265822223e-02,1.142733937041828379e-01,1.052631578947368363e-01,7.823470411233701682e-02,9.579667644183773034e-02,2.371100164203612526e-01,1.304347826086956486e-01,1.285754743698668823e-01,1.113256113256113206e-01,1.221166892808683846e-01,2.188940092165898577e-01,1.222385861561119252e-01,1.435406698564593297e-01,1.097355092853123243e-01,1.435956346927053373e-01,1.018027571580063656e-01,1.248031496062992074e-01,9.028960817717206211e-02,0.000000000000000000e+00,1.316270566727605063e-01,0.000000000000000000e+00,1.161016949152542388e-01,1.208209202250910275e-01,1.116504854368932098e-01,1.135531135531135521e-01,1.275616896695943026e-01,1.004566210045662045e-01,1.052631578947368363e-01,1.062717770034843218e-01,9.500409500409499886e-02,1.003649635036496374e-01,9.657320872274142987e-02,8.571428571428571508e-02,0.000000000000000000e+00,9.500000000000000111e-02,0.000000000000000000e+00,0.000000000000000000e+00,1.212311557788944699e-01,9.458333333333333870e-02,9.222222222222221932e-02,1.286407766990291246e-01,1.025641025641025605e-01,1.519274376417233674e-01,1.323843416370106829e-01,1.285988483685220618e-01,9.090909090909091161e-02,1.343749999999999944e-01,1.327705295471987845e-01,1.230135373749264294e-01,9.331651954602773746e-02,1.460373998219056113e-01,1.194817658349328210e-01,1.289910600255427808e-01,0.000000000000000000e+00,1.461649782923299667e-01,0.000000000000000000e+00,1.064483111566018464e-01,9.503239740820734749e-02,2.014571948998178375e-01,0.000000000000000000e+00,0.000000000000000000e+00,7.936507936507936067e-02,8.437856328392245864e-02,1.428571428571428492e-01,2.292013311148086430e-01,1.188580839967060127e-01,1.222493887530562290e-01,1.277065841802916546e-01,1.235955056179775247e-01,9.364548494983276905e-02,1.146666666666666667e-01,1.977186311787072215e-01,1.320754716981132060e-01,1.087994542974079076e-01,1.922330097087378564e-01,0.000000000000000000e+00,8.333333333333332871e-02,9.283819628647214939e-02,0.000000000000000000e+00,2.324578596628772975e-01,1.993107409534750074e-01,2.235576923076923184e-01,1.189948263118994765e-01,1.006852925672113847e-01,2.324355971896955586e-01,0.000000000000000000e+00,9.213250517598343958e-02,1.071823204419889569e-01,2.155828939660222598e-01,2.479999999999999982e-01,8.608414239482201080e-02,1.344765342960288768e-01,9.302325581395348708e-02,1.054131054131054179e-01,1.294446664003196246e-01,2.435858738303652293e-01,0.000000000000000000e+00,8.780903665814152048e-02,1.054637865311308792e-01,1.809804644305197108e-01,1.941309255079006757e-01,1.491228070175438514e-01,1.182248090214623459e-01,8.624708624708624094e-02,1.209327548806941460e-01,0.000000000000000000e+00,1.424418604651162823e-01,0.000000000000000000e+00,0.000000000000000000e+00,1.106194690265486780e-01,2.078431372549019718e-01,1.553610503282275845e-01,1.147612790188348719e-01,0.000000000000000000e+00,9.066305818673883743e-02,0.000000000000000000e+00,9.915966386554621315e-02,1.287001287001287020e-01,1.144674085850556494e-01,1.288461538461538325e-01,0.000000000000000000e+00,0.000000000000000000e+00,1.081900910010111239e-01,9.567496723460025554e-02,1.068799187611068763e-01,2.224080267558528334e-01,1.148272017837235204e-01,1.043802423112767941e-01,1.404523934771172988e-01,1.295971978984238049e-01,1.172557172557172622e-01,1.206067332593414726e-01,1.059907834101382479e-01,9.560598744567841423e-02,1.197301854974704843e-01,1.195445920303605247e-01,1.121921556704165435e-01,1.091127098321342942e-01,0.000000000000000000e+00,1.221945137157107175e-01,1.195121951219512146e-01,1.009732360097323617e-01,1.116625310173697261e-01,1.135371179039301320e-01,0.000000000000000000e+00,1.233993015133876547e-01,9.500805152979066581e-02,2.278761061946902589e-01,0.000000000000000000e+00,1.261829652996845352e-01,0.000000000000000000e+00,0.000000000000000000e+00,9.009009009009008584e-02,0.000000000000000000e+00,2.215189873417721389e-01,2.445569620253164600e-01,1.162561576354679826e-01,1.890660592255125338e-01,2.476190476190476275e-01,1.421161825726141026e-01,1.275862068965517293e-01,1.211057481351469900e-01,1.706910907577019187e-01,1.087613293051359481e-01,1.150115473441108566e-01,1.123829344432882432e-01,1.203549639489739365e-01,1.317902692489371641e-01,0.000000000000000000e+00,1.606060606060606133e-01,8.474576271186440302e-02,1.071046054980364093e-01,9.283551967709384456e-02,1.144000000000000017e-01,2.396061269146608219e-01,2.027600849256900317e-01,2.226562500000000000e-01,0.000000000000000000e+00,1.944444444444444475e-01,0.000000000000000000e+00,1.138814016172506743e-01,6.469002695417790105e-02,1.122015047432123047e-01,1.373963216732780324e-01,1.951488423373759773e-01,0.000000000000000000e+00,1.078431372549019662e-01,1.822955738934733672e-01,1.117117117117117087e-01,1.204588910133843199e-01,9.830508474576271638e-02,1.064189189189189144e-01,1.175496688741721890e-01,1.175438596491228116e-01,1.182432432432432429e-01,1.294117647058823650e-01,1.104199066874027996e-01,1.278195488721804440e-01,1.119515885022692864e-01,1.069277108433734913e-01,1.102106969205834675e-01,9.060402684563757802e-02,1.574468085106383031e-01,1.187969924812030120e-01,1.096121416526138342e-01,1.196013289036544913e-01,1.305841924398625509e-01,1.171328671328671356e-01
0.000000000000000000e+00,0.000000000000000000e+00,0.000000000000000000e+00,0.000000000000000000e+00,0.000000000000000000e+00,0.000000000000000000e+00,0.000000000000000000e+00,0.000000000000000000e+00,0.000000000000000000e+00,0.000000000000000000e+00,0.000000000000000000e+00,0.000000000000000000e+00,0.000000000000000000e+00,0.000000000000000000e+00,0.000000000000000000e+00,0.000000000000000000e+00,0.000000000000000000e+00,0.000000000000000000e+00,0.000000000000000000e+00,0.000000000000000000e+00,0.000000000000000000e+00,0.000000000000000000e+00,0.000000000000000000e+00,0.000000000000000000e+00,0.000000000000000000e+00,0.000000000000000000e+00,0.000000000000000000e+00,0.000000000000000000e+00,0.000000000000000000e+00,0.000000000000000000e+00,0.000000000000000000e+00,0.000000000000000000e+00,0.000000000000000000e+00,0.000000000000000000e+00,0.000000000000000000e+00,0.000000000000000000e+00,0.000000000000000000e+00,0.000000000000000000e+00,0.000000000000000000e+00,0.000000000000000000e+00,0.000000000000000000e+00,0.000000000000000000e+00,0.000000000000000000e+00,0.000000000000000000e+00,0.000000000000000000e+00,0.000000000000000000e+00,0.000000000000000000e+00,0.000000000000000000e+00,0.000000000000000000e+00,0.000000000000000000e+00,0.000000000000000000e+00,0.000000000000000000e+00,0.000000000000000000e+00,0.000000000000000000e+00,0.000000000000000000e+00,0.000000000000000000e+00,0.000000000000000000e+00,0.000000000000000000e+00,0.000000000000000000e+00,0.000000000000000000e+00,0.000000000000000000e+00,0.000000000000000000e+00,0.000000000000000000e+00,0.000000000000000000e+00,0.000000000000000000e+00,0.000000000000000000e+00,0.000000000000000000e+00,0.000000000000000000e+00,0.000000000000000000e+00,0.000000000000000000e+00,0.000000000000000000e+00,0.000000000000000000e+00,0.000000000000000000e+00,0.000000000000000000e+00,0.000000000000000000e+00,0.000000000000000000e+00,0.000000000000000000e+00,0.000000000000000000e+00,0.000000000000000000e+00,0.000000000000000000e+00,0.000000000000000000e+00,0.000000000000000000e+00,0.000000000000000000e+00,0.000000000000000000e+00,0.000000000000000000e+00,0.000000000000000000e+00,0.000000000000000000e+00,0.000000000000000000e+00,0.000000000000000000e+00,0.000000000000000000e+00,0.000000000000000000e+00,0.000000000000000000e+00,0.000000000000000000e+00,0.000000000000000000e+00,0.000000000000000000e+00,0.000000000000000000e+00,0.000000000000000000e+00,0.000000000000000000e+00,0.000000000000000000e+00,0.000000000000000000e+00,0.000000000000000000e+00,0.000000000000000000e+00,0.000000000000000000e+00,0.000000000000000000e+00,0.000000000000000000e+00,0.000000000000000000e+00,0.000000000000000000e+00,0.000000000000000000e+00,0.000000000000000000e+00,0.000000000000000000e+00,0.000000000000000000e+00,0.000000000000000000e+00,0.000000000000000000e+00,0.000000000000000000e+00,0.000000000000000000e+00,0.000000000000000000e+00,0.000000000000000000e+00,0.000000000000000000e+00,0.000000000000000000e+00,0.000000000000000000e+00,0.000000000000000000e+00,0.000000000000000000e+00,0.000000000000000000e+00,0.000000000000000000e+00,0.000000000000000000e+00,0.000000000000000000e+00,0.000000000000000000e+00,0.000000000000000000e+00,0.000000000000000000e+00,0.000000000000000000e+00,0.000000000000000000e+00,0.000000000000000000e+00,0.000000000000000000e+00,0.000000000000000000e+00,0.000000000000000000e+00,0.000000000000000000e+00,0.000000000000000000e+00,0.000000000000000000e+00,0.000000000000000000e+00,0.000000000000000000e+00,0.000000000000000000e+00,0.000000000000000000e+00,0.000000000000000000e+00,0.000000000000000000e+00,0.000000000000000000e+00,0.000000000000000000e+00,0.000000000000000000e+00,0.000000000000000000e+00,0.000000000000000000e+00,0.000000000000000000e+00,0.000000000000000000e+00,0.000000000000000000e+00,0.000000000000000000e+00,0.000000000000000000e+00,0.000000000000000000e+00,0.000000000000000000e+00,0.000000000000000000e+00,0.000000000000000000e+00,0.000000000000000000e+00,0.000000000000000000e+00,0.000000000000000000e+00,0.000000000000000000e+00,0.000000000000000000e+00,0.000000000000000000e+00,0.000000000000000000e+00,0.000000000000000000e+00,0.000000000000000000e+00,0.000000000000000000e+00,0.000000000000000000e+00,0.000000000000000000e+00,0.000000000000000000e+00,0.000000000000000000e+00,0.000000000000000000e+00,0.000000000000000000e+00,0.000000000000000000e+00,0.000000000000000000e+00,0.000000000000000000e+00,0.000000000000000000e+00,0.000000000000000000e+00,0.000000000000000000e+00,0.000000000000000000e+00,0.000000000000000000e+00,0.000000000000000000e+00,0.000000000000000000e+00,0.000000000000000000e+00,0.000000000000000000e+00,0.000000000000000000e+00,0.000000000000000000e+00,0.000000000000000000e+00,0.000000000000000000e+00,0.000000000000000000e+00,0.000000000000000000e+00,0.000000000000000000e+00,0.000000000000000000e+00,0.000000000000000000e+00,0.000000000000000000e+00,0.000000000000000000e+00,0.000000000000000000e+00,0.000000000000000000e+00,0.000000000000000000e+00,0.000000000000000000e+00,0.000000000000000000e+00,0.000000000000000000e+00,0.000000000000000000e+00,0.000000000000000000e+00,0.000000000000000000e+00,0.000000000000000000e+00,0.000000000000000000e+00,0.000000000000000000e+00,0.000000000000000000e+00,0.000000000000000000e+00,0.000000000000000000e+00,0.000000000000000000e+00,0.000000000000000000e+00,0.000000000000000000e+00,0.000000000000000000e+00,0.000000000000000000e+00,0.000000000000000000e+00,0.000000000000000000e+00,0.000000000000000000e+00,0.000000000000000000e+00,0.000000000000000000e+00,0.000000000000000000e+00,0.000000000000000000e+00,0.000000000000000000e+00,0.000000000000000000e+00,0.000000000000000000e+00,0.000000000000000000e+00,0.000000000000000000e+00,0.000000000000000000e+00,0.000000000000000000e+00,0.000000000000000000e+00,0.000000000000000000e+00,0.000000000000000000e+00,0.000000000000000000e+00,0.000000000000000000e+00,0.000000000000000000e+00,0.000000000000000000e+00,0.000000000000000000e+00,0.000000000000000000e+00,0.000000000000000000e+00,0.000000000000000000e+00,0.000000000000000000e+00,0.000000000000000000e+00,0.000000000000000000e+00,0.000000000000000000e+00,0.000000000000000000e+00,0.000000000000000000e+00,0.000000000000000000e+00,0.000000000000000000e+00,0.000000000000000000e+00,0.000000000000000000e+00,0.000000000000000000e+00,0.000000000000000000e+00,0.000000000000000000e+00,0.000000000000000000e+00,0.000000000000000000e+00,0.000000000000000000e+00,0.000000000000000000e+00,0.000000000000000000e+00,0.000000000000000000e+00,0.000000000000000000e+00,0.000000000000000000e+00,0.000000000000000000e+00,0.000000000000000000e+00,0.000000000000000000e+00,0.000000000000000000e+00,0.000000000000000000e+00,0.000000000000000000e+00,0.000000000000000000e+00,0.000000000000000000e+00,0.000000000000000000e+00,0.000000000000000000e+00,0.000000000000000000e+00,0.000000000000000000e+00,0.000000000000000000e+00,0.000000000000000000e+00,0.000000000000000000e+00,0.000000000000000000e+00,0.000000000000000000e+00,0.000000000000000000e+00,0.000000000000000000e+00,0.000000000000000000e+00,0.000000000000000000e+00,0.000000000000000000e+00,0.000000000000000000e+00,0.000000000000000000e+00,0.000000000000000000e+00,0.000000000000000000e+00,0.000000000000000000e+00,0.000000000000000000e+00,0.000000000000000000e+00,0.000000000000000000e+00,0.000000000000000000e+00,0.000000000000000000e+00,0.000000000000000000e+00,0.000000000000000000e+00,0.000000000000000000e+00,0.000000000000000000e+00,0.000000000000000000e+00,0.000000000000000000e+00,0.000000000000000000e+00,0.000000000000000000e+00,0.000000000000000000e+00,0.000000000000000000e+00,0.000000000000000000e+00,0.000000000000000000e+00,0.000000000000000000e+00,0.000000000000000000e+00,0.000000000000000000e+00,0.000000000000000000e+00,0.000000000000000000e+00,0.000000000000000000e+00,0.000000000000000000e+00,0.000000000000000000e+00,0.000000000000000000e+00,0.000000000000000000e+00,0.000000000000000000e+00,0.000000000000000000e+00,0.000000000000000000e+00
0.000000000000000000e+00,0.000000000000000000e+00,0.000000000000000000e+00,0.000000000000000000e+00,0.000000000000000000e+00,0.000000000000000000e+00,0.000000000000000000e+00,0.000000000000000000e+00,0.000000000000000000e+00,0.000000000000000000e+00,0.000000000000000000e+00,0.000000000000000000e+00,0.000000000000000000e+00,0.000000000000000000e+00,0.000000000000000000e+00,0.000000000000000000e+00,0.000000000000000000e+00,0.000000000000000000e+00,0.000000000000000000e+00,0.000000000000000000e+00,0.000000000000000000e+00,0.000000000000000000e+00,0.000000000000000000e+00,0.000000000000000000e+00,0.000000000000000000e+00,0.000000000000000000e+00,0.000000000000000000e+00,0.000000000000000000e+00,0.000000000000000000e+00,0.000000000000000000e+00,0.000000000000000000e+00,0.000000000000000000e+00,0.000000000000000000e+00,0.000000000000000000e+00,0.000000000000000000e+00,0.000000000000000000e+00,0.000000000000000000e+00,0.000000000000000000e+00,0.000000000000000000e+00,0.000000000000000000e+00,0.000000000000000000e+00,0.000000000000000000e+00,0.000000000000000000e+00,0.000000000000000000e+00,0.000000000000000000e+00,0.000000000000000000e+00,0.000000000000000000e+00,0.000000000000000000e+00,0.000000000000000000e+00,0.000000000000000000e+00,0.000000000000000000e+00,0.000000000000000000e+00,0.000000000000000000e+00,0.000000000000000000e+00,0.000000000000000000e+00,0.000000000000000000e+00,0.000000000000000000e+00,0.000000000000000000e+00,0.000000000000000000e+00,0.000000000000000000e+00,0.000000000000000000e+00,0.000000000000000000e+00,0.000000000000000000e+00,0.000000000000000000e+00,0.000000000000000000e+00,0.000000000000000000e+00,0.000000000000000000e+00,0.000000000000000000e+00,0.000000000000000000e+00,0.000000000000000000e+00,0.000000000000000000e+00,0.000000000000000000e+00,0.000000000000000000e+00,0.000000000000000000e+00,0.000000000000000000e+00,0.000000000000000000e+00,0.000000000000000000e+00,0.000000000000000000e+00,0.000000000000000000e+00,0.000000000000000000e+00,0.000000000000000000e+00,0.000000000000000000e+00,0.000000000000000000e+00,0.000000000000000000e+00,0.000000000000000000e+00,0.000000000000000000e+00,0.000000000000000000e+00,0.000000000000000000e+00,0.000000000000000000e+00,0.000000000000000000e+00,0.000000000000000000e+00,0.000000000000000000e+00,0.000000000000000000e+00,0.000000000000000000e+00,0.000000000000000000e+00,0.000000000000000000e+00,0.000000000000000000e+00,0.000000000000000000e+00,0.000000000000000000e+00,0.000000000000000000e+00,0.000000000000000000e+00,0.000000000000000000e+00,0.000000000000000000e+00,0.000000000000000000e+00,0.000000000000000000e+00,0.000000000000000000e+00,0.000000000000000000e+00,0.000000000000000000e+00,0.000000000000000000e+00,0.000000000000000000e+00,0.000000000000000000e+00,0.000000000000000000e+00,0.000000000000000000e+00,0.000000000000000000e+00,0.000000000000000000e+00,0.000000000000000000e+00,0.000000000000000000e+00,0.000000000000000000e+00,0.000000000000000000e+00,0.000000000000000000e+00,0.000000000000000000e+00,0.000000000000000000e+00,0.000000000000000000e+00,0.000000000000000000e+00,0.000000000000000000e+00,0.000000000000000000e+00,0.000000000000000000e+00,0.000000000000000000e+00,0.000000000000000000e+00,0.000000000000000000e+00,0.000000000000000000e+00,0.000000000000000000e+00,0.000000000000000000e+00,0.000000000000000000e+00,0.000000000000000000e+00,0.000000000000000000e+00,0.000000000000000000e+00,0.000000000000000000e+00,0.000000000000000000e+00,0.000000000000000000e+00,0.000000000000000000e+00,0.000000000000000000e+00,0.000000000000000000e+00,0.000000000000000000e+00,0.000000000000000000e+00,0.000000000000000000e+00,0.000000000000000000e+00,0.000000000000000000e+00,0.000000000000000000e+00,0.000000000000000000e+00,0.000000000000000000e+00,0.000000000000000000e+00,0.000000000000000000e+00,0.000000000000000000e+00,0.000000000000000000e+00,0.000000000000000000e+00,0.000000000000000000e+00,0.000000000000000000e+00,0.000000000000000000e+00,0.000000000000000000e+00,0.000000000000000000e+00,0.000000000000000000e+00,0.000000000000000000e+00,0.000000000000000000e+00,0.000000000000000000e+00,0.000000000000000000e+00,0.000000000000000000e+00,0.000000000000000000e+00,0.000000000000000000e+00,0.000000000000000000e+00,0.000000000000000000e+00,0.000000000000000000e+00,0.000000000000000000e+00,0.000000000000000000e+00,0.000000000000000000e+00,0.000000000000000000e+00,0.000000000000000000e+00,0.000000000000000000e+00,0.000000000000000000e+00,0.000000000000000000e+00,0.000000000000000000e+00,0.000000000000000000e+00,0.000000000000000000e+00,0.000000000000000000e+00,0.000000000000000000e+00,0.000000000000000000e+00,0.000000000000000000e+00,0.000000000000000000e+00,0.000000000000000000e+00,0.000000000000000000e+00,0.000000000000000000e+00,0.000000000000000000e+00,0.000000000000000000e+00,0.000000000000000000e+00,0.000000000000000000e+00,0.000000000000000000e+00,0.000000000000000000e+00,0.000000000000000000e+00,0.000000000000000000e+00,0.000000000000000000e+00,0.000000000000000000e+00,0.000000000000000000e+00,0.000000000000000000e+00,0.000000000000000000e+00,0.000000000000000000e+00,0.000000000000000000e+00,0.000000000000000000e+00,0.000000000000000000e+00,0.000000000000000000e+00,0.000000000000000000e+00,0.000000000000000000e+00,0.000000000000000000e+00,0.000000000000000000e+00,0.000000000000000000e+00,0.000000000000000000e+00,0.000000000000000000e+00,0.000000000000000000e+00,0.000000000000000000e+00,0.000000000000000000e+00,0.000000000000000000e+00,0.000000000000000000e+00,0.000000000000000000e+00,0.000000000000000000e+00,0.000000000000000000e+00,0.000000000000000000e+00,0.000000000000000000e+00,0.000000000000000000e+00,0.000000000000000000e+00,0.000000000000000000e+00,0.000000000000000000e+00,0.000000000000000000e+00,0.000000000000000000e+00,0.000000000000000000e+00,0.000000000000000000e+00,0.000000000000000000e+00,0.000000000000000000e+00,0.000000000000000000e+00,0.000000000000000000e+00,0.000000000000000000e+00,0.000000000000000000e+00,0.000000000000000000e+00,0.000000000000000000e+00,0.000000000000000000e+00,0.000000000000000000e+00,0.000000000000000000e+00,0.000000000000000000e+00,0.000000000000000000e+00,0.000000000000000000e+00,0.000000000000000000e+00,0.000000000000000000e+00,0.000000000000000000e+00,0.000000000000000000e+00,0.000000000000000000e+00,0.000000000000000000e+00,0.000000000000000000e+00,0.000000000000000000e+00,0.000000000000000000e+00,0.000000000000000000e+00,0.000000000000000000e+00,0.000000000000000000e+00,0.000000000000000000e+00,0.000000000000000000e+00,0.000000000000000000e+00,0.000000000000000000e+00,0.000000000000000000e+00,0.000000000000000000e+00,0.000000000000000000e+00,0.000000000000000000e+00,0.000000000000000000e+00,0.000000000000000000e+00,0.000000000000000000e+00,0.000000000000000000e+00,0.000000000000000000e+00,0.000000000000000000e+00,0.000000000000000000e+00,0.000000000000000000e+00,0.000000000000000000e+00,0.000000000000000000e+00,0.000000000000000000e+00,0.000000000000000000e+00,0.000000000000000000e+00,0.000000000000000000e+00,0.000000000000000000e+00,0.000000000000000000e+00,0.000000000000000000e+00,0.000000000000000000e+00,0.000000000000000000e+00,0.000000000000000000e+00,0.000000000000000000e+00,0.000000000000000000e+00,0.000000000000000000e+00,0.000000000000000000e+00,0.000000000000000000e+00,0.000000000000000000e+00,0.000000000000000000e+00,0.000000000000000000e+00,0.000000000000000000e+00,0.000000000000000000e+00,0.000000000000000000e+00,0.000000000000000000e+00,0.000000000000000000e+00,0.000000000000000000e+00,0.000000000000000000e+00,0.000000000000000000e+00,0.000000000000000000e+00,0.000000000000000000e+00,0.000000000000000000e+00,0.000000000000000000e+00,0.000000000000000000e+00,0.000000000000000000e+00,0.000000000000000000e+00,0.000000000000000000e+00,0.000000000000000000e+00,0.000000000000000000e+00,0.000000000000000000e+00,0.000000000000000000e+00,0.000000000000000000e+00,0.000000000000000000e+00,0.000000000000000000e+00,0.000000000000000000e+00
5.714285714285713969e-01,7.941176470588234837e-01,7.142857142857143016e-01,5.555555555555555802e-01,6.666666666666666297e-01,5.000000000000000000e-01,0.000000000000000000e+00,0.000000000000000000e+00,0.000000000000000000e+00,1.000000000000000000e+00,1.875000000000000000e-01,4.000000000000000222e-01,1.000000000000000000e+00,0.000000000000000000e+00,4.545454545454545303e-01,5.999999999999999778e-01,4.117647058823529216e-01,7.297297297297297147e-01,6.666666666666666297e-01,5.999999999999999778e-01,5.999999999999999778e-01,0.000000000000000000e+00,6.571428571428571397e-01,6.250000000000000000e-01,6.999999999999999556e-01,0.000000000000000000e+00,5.555555555555555802e-01,4.000000000000000222e-01,5.999999999999999778e-01,4.615384615384615641e-01,7.500000000000000000e-01,6.666666666666666297e-01,7.777777777777777901e-01,2.926829268292682751e-01,7.073170731707316694e-01,7.419354838709677491e-01,4.736842105263157632e-01,2.962962962962962798e-01,5.882352941176470784e-01,5.675675675675675436e-01,5.999999999999999778e-01,7.600000000000000089e-01,5.000000000000000000e-01,4.117647058823529216e-01,4.666666666666666741e-01,0.000000000000000000e+00,6.274509803921568540e-01,3.750000000000000000e-01,5.384615384615384359e-01,8.333333333333333703e-01,2.857142857142856984e-01,2.000000000000000111e-01,5.454545454545454142e-01,5.555555555555555802e-01,4.000000000000000222e-01,8.000000000000000444e-01,5.000000000000000000e-01,3.750000000000000000e-01,5.000000000000000000e-01,5.238095238095238360e-01,1.000000000000000000e+00,6.333333333333333037e-01,6.666666666666666297e-01,5.999999999999999778e-01,4.489795918367346927e-01,6.363636363636363535e-01,6.666666666666666297e-01,8.000000000000000444e-01,6.666666666666666297e-01,2.500000000000000000e-01,3.863636363636363535e-01,4.782608695652174058e-01,6.041666666666666297e-01,5.294117647058823595e-01,6.999999999999999556e-01,5.909090909090909394e-01,8.750000000000000000e-01,4.426229508196721230e-01,8.888888888888888395e-01,4.814814814814814548e-01,7.931034482758620996e-01,5.833333333333333703e-01,6.666666666666666297e-01,5.555555555555555802e-01,6.470588235294117974e-01,6.923076923076922906e-01,5.454545454545454142e-01,0.000000000000000000e+00,5.588235294117647189e-01,4.000000000000000222e-01,5.625000000000000000e-01,7.142857142857143016e-01,6.999999999999999556e-01,2.758620689655172376e-01,4.000000000000000222e-01,4.705882352941176405e-01,5.476190476190476719e-01,5.000000000000000000e-01,5.000000000000000000e-01,5.999999999999999778e-01,5.000000000000000000e-01,6.111111111111111605e-01,6.315789473684210176e-01,7.446808510638297518e-01,8.043478260869565410e-01,1.000000000000000000e+00,5.000000000000000000e-01,0.000000000000000000e+00,7.222222222222222099e-01,0.000000000000000000e+00,6.666666666666666297e-01,5.522388059701492935e-01,8.333333333333333703e-01,7.105263157894736725e-01,3.809523809523809312e-01,2.500000000000000000e-01,4.000000000000000222e-01,5.128205128205127750e-01,5.454545454545454142e-01,5.000000000000000000e-01,6.315789473684210176e-01,7.058823529411765163e-01,3.750000000000000000e-01,6.491228070175438791e-01,5.999999999999999778e-01,7.575757575757575690e-01,6.086956521739130821e-01,4.285714285714285476e-01,4.782608695652174058e-01,5.000000000000000000e-01,0.000000000000000000e+00,8.333333333333333703e-01,0.000000000000000000e+00,3.225806451612903136e-01,4.444444444444444198e-01,5.999999999999999778e-01,7.272727272727272929e-01,6.904761904761904656e-01,0.000000000000000000e+00,5.714285714285713969e-01,3.636363636363636465e-01,6.756756756756756577e-01,8.571428571428570953e-01,8.333333333333333703e-01,4.000000000000000222e-01,0.000000000000000000e+00,5.999999999999999778e-01,0.000000000000000000e+00,0.000000000000000000e+00,2.000000000000000111e-01,6.428571428571429047e-01,7.142857142857143016e-01,5.000000000000000000e-01,6.363636363636363535e-01,6.666666666666666297e-01,6.315789473684210176e-01,4.615384615384615641e-01,2.857142857142856984e-01,1.000000000000000000e+00,4.090909090909091161e-01,2.758620689655172376e-01,1.666666666666666574e-01,5.357142857142856984e-01,6.923076923076922906e-01,6.666666666666666297e-01,0.000000000000000000e+00,9.090909090909090606e-01,0.000000000000000000e+00,6.428571428571429047e-01,3.333333333333333148e-01,5.352112676056337559e-01,0.000000000000000000e+00,0.000000000000000000e+00,7.500000000000000000e-01,4.615384615384615641e-01,5.555555555555555802e-01,4.857142857142857095e-01,6.756756756756756577e-01,5.000000000000000000e-01,7.272727272727272929e-01,3.333333333333333148e-01,5.000000000000000000e-01,4.117647058823529216e-01,1.000000000000000000e+00,1.000000000000000000e+00,3.666666666666666408e-01,3.333333333333333148e-01,0.000000000000000000e+00,6.666666666666666297e-01,5.000000000000000000e-01,0.000000000000000000e+00,6.734693877551020114e-01,4.137931034482758563e-01,6.666666666666666297e-01,5.999999999999999778e-01,6.296296296296296502e-01,5.217391304347825942e-01,0.000000000000000000e+00,4.285714285714285476e-01,7.272727272727272929e-01,4.210526315789473450e-01,5.882352941176470784e-01,3.571428571428571508e-01,5.625000000000000000e-01,1.000000000000000000e+00,5.000000000000000000e-01,5.000000000000000000e-01,5.283018867924528239e-01,0.000000000000000000e+00,8.750000000000000000e-01,4.166666666666666852e-01,6.111111111111111605e-01,3.750000000000000000e-01,6.666666666666666297e-01,2.500000000000000000e-01,6.666666666666666297e-01,8.000000000000000444e-01,0.000000000000000000e+00,5.000000000000000000e-01,0.000000000000000000e+00,0.000000000000000000e+00,2.500000000000000000e-01,5.454545454545454142e-01,5.000000000000000000e-01,7.600000000000000089e-01,0.000000000000000000e+00,3.333333333333333148e-01,0.000000000000000000e+00,5.999999999999999778e-01,6.999999999999999556e-01,5.714285714285713969e-01,6.666666666666666297e-01,0.000000000000000000e+00,0.000000000000000000e+00,5.490196078431373028e-01,5.714285714285713969e-01,6.206896551724138122e-01,5.789473684210526550e-01,6.250000000000000000e-01,5.714285714285713969e-01,6.097560975609755962e-01,5.833333333333333703e-01,6.216216216216216006e-01,7.878787878787878451e-01,1.000000000000000000e+00,4.166666666666666852e-01,3.076923076923077094e-01,6.666666666666666297e-01,5.744680851063830307e-01,6.800000000000000488e-01,0.000000000000000000e+00,0.000000000000000000e+00,5.714285714285713969e-01,5.714285714285713969e-01,2.999999999999999889e-01,7.500000000000000000e-01,0.000000000000000000e+00,6.428571428571429047e-01,5.000000000000000000e-01,5.438596491228070429e-01,0.000000000000000000e+00,8.000000000000000444e-01,0.000000000000000000e+00,0.000000000000000000e+00,1.000000000000000000e+00,0.000000000000000000e+00,7.500000000000000000e-01,3.428571428571428603e-01,6.999999999999999556e-01,7.199999999999999734e-01,4.516129032258064391e-01,5.909090909090909394e-01,5.000000000000000000e-01,5.500000000000000444e-01,4.827586206896551935e-01,3.750000000000000000e-01,6.250000000000000000e-01,3.783783783783783994e-01,5.454545454545454142e-01,7.142857142857143016e-01,0.000000000000000000e+00,1.000000000000000000e+00,3.333333333333333148e-01,5.555555555555555802e-01,7.142857142857143016e-01,6.666666666666666297e-01,2.500000000000000000e-01,4.545454545454545303e-01,1.000000000000000000e+00,0.000000000000000000e+00,0.000000000000000000e+00,0.000000000000000000e+00,8.888888888888888395e-01,8.333333333333333703e-01,5.254237288135593653e-01,7.500000000000000000e-01,4.782608695652174058e-01,0.000000000000000000e+00,5.000000000000000000e-01,6.999999999999999556e-01,6.999999999999999556e-01,7.272727272727272929e-01,5.999999999999999778e-01,7.333333333333332815e-01,5.384615384615384359e-01,3.636363636363636465e-01,5.000000000000000000e-01,6.428571428571429047e-01,4.666666666666666741e-01,6.666666666666666297e-01,7.500000000000000000e-01,2.857142857142856984e-01,5.333333333333333259e-01,4.444444444444444198e-01,5.652173913043477826e-01,2.222222222222222099e-01,5.999999999999999778e-01,8.333333333333333703e-01,4.545454545454545303e-01,5.384615384615384359e-01
2.601626016260162877e-01,1.301587301587301682e-01,1.325301204819277212e-01,9.677419354838709409e-02,8.045977011494252762e-02,1.084337349397590383e-01,0.000000000000000000e+00,0.000000000000000000e+00,0.000000000000000000e+00,2.857142857142856984e-01,2.868217054263565990e-01,2.178770949720670314e-01,9.090909090909091161e-02,0.000000000000000000e+00,1.805555555555555525e-01,1.234567901234567833e-01,1.438356164383561564e-01,1.140350877192982393e-01,1.162790697674418589e-01,7.142857142857142461e-02,8.749999999999999445e-02,0.000000000000000000e+00,1.017964071856287400e-01,7.462686567164178442e-02,9.782608695652174335e-02,0.000000000000000000e+00,3.636363636363636187e-02,3.333333333333333148e-01,7.633587786259542207e-02,1.884057971014492794e-01,2.500000000000000000e-01,1.470588235294117696e-01,1.544715447154471621e-01,4.296875000000000000e-02,1.069182389937106958e-01,9.698996655518395127e-02,1.770833333333333426e-01,5.000000000000000278e-02,1.269841269841269771e-01,2.883435582822085896e-01,1.749999999999999889e-01,1.558441558441558406e-01,1.315789473684210453e-01,4.584527220630372352e-02,7.563025210084033112e-02,0.000000000000000000e+00,9.602649006622517025e-02,1.739130434782608647e-01,4.098360655737704611e-02,1.555555555555555580e-01,2.402597402597402565e-01,3.928571428571428492e-01,5.932203389830508627e-02,2.941176470588235253e-02,2.121212121212121271e-01,6.481481481481481122e-02,1.395348837209302306e-01,1.444444444444444309e-01,2.416666666666666685e-01,3.096774193548387233e-01,2.500000000000000139e-02,1.222222222222222182e-01,8.679245283018867385e-02,1.111111111111111049e-01,3.092783505154639290e-01,1.093750000000000000e-01,6.802721088435374763e-02,1.260504201680672232e-01,5.714285714285714107e-02,3.797468354430379861e-02,5.769230769230769551e-02,1.239669421487603340e-01,2.288828337874659336e-01,2.592592592592592449e-01,1.032863849765258274e-01,7.522123893805310324e-02,8.823529411764706454e-02,6.605922551252847719e-02,8.187134502923976154e-02,3.415637860082304522e-01,1.160714285714285754e-01,6.306306306306305731e-02,1.347517730496453903e-01,3.271028037383177378e-01,1.343283582089552231e-01,7.692307692307692735e-02,5.882352941176470507e-02,0.000000000000000000e+00,2.352941176470588203e-01,1.318681318681318715e-01,2.899999999999999800e-01,2.386363636363636465e-01,7.894736842105262720e-02,1.531531531531531432e-01,2.000000000000000111e-01,8.653846153846153633e-02,1.218487394957983166e-01,3.773584905660377214e-02,1.470588235294117627e-02,5.882352941176470507e-02,7.569721115537848821e-02,7.534246575342465335e-02,9.677419354838709409e-02,1.137724550898203540e-01,7.123287671232876594e-02,3.333333333333333287e-02,1.020408163265306145e-01,0.000000000000000000e+00,3.606557377049180446e-01,0.000000000000000000e+00,2.549019607843137081e-01,7.107843137254901689e-02,8.396946564885496289e-02,9.025270758122744263e-02,2.360248447204968958e-01,5.932203389830508627e-02,1.909090909090909172e-01,7.449856733524355679e-02,8.904109589041095396e-02,2.415458937198067535e-01,8.720930232558139761e-02,7.086614173228346358e-02,6.153846153846154188e-02,2.187500000000000000e-01,2.399999999999999911e-01,1.885964912280701788e-01,1.052631578947368363e-01,1.352657004830917775e-01,1.618122977346278246e-01,2.278481012658227778e-01,0.000000000000000000e+00,1.323529411764705899e-01,0.000000000000000000e+00,1.478873239436619691e-01,1.501416430594900986e-01,1.052631578947368363e-01,8.695652173913043237e-02,8.865248226950354915e-02,1.578947368421052544e-01,2.515337423312883347e-01,1.451612903225806550e-01,2.683615819209039799e-01,1.333333333333333315e-01,3.278688524590164105e-02,3.170731707317073211e-01,0.000000000000000000e+00,3.599999999999999867e-01,0.000000000000000000e+00,0.000000000000000000e+00,1.444444444444444309e-01,1.863799283154121966e-01,2.237442922374429100e-01,2.448979591836734637e-01,2.307692307692307820e-01,1.198044009779951069e-01,1.656804733727810786e-01,1.650000000000000078e-01,7.352941176470588480e-02,1.086956521739130405e-01,1.898734177215190000e-01,1.555555555555555580e-01,1.401869158878504551e-01,9.090909090909091161e-02,2.775800711743772187e-01,2.272727272727272652e-01,0.000000000000000000e+00,1.392405063291139167e-01,0.000000000000000000e+00,3.021582733812949728e-01,9.523809523809523281e-02,8.038585209003215604e-02,0.000000000000000000e+00,0.000000000000000000e+00,1.190476190476190410e-01,4.672897196261682207e-01,1.914893617021276584e-01,5.058365758754863883e-02,8.355091383812010553e-02,1.076923076923076983e-01,7.526881720430107781e-02,1.290322580645161255e-01,3.555555555555555691e-01,1.383399209486166070e-01,3.125000000000000000e-02,1.406250000000000000e-01,1.476923076923077061e-01,6.666666666666666574e-02,0.000000000000000000e+00,3.260869565217391353e-01,3.269230769230769273e-01,0.000000000000000000e+00,6.325301204819276657e-02,1.787439613526569937e-01,1.052631578947368363e-01,1.027397260273972546e-01,2.241379310344827624e-01,4.371584699453551909e-02,0.000000000000000000e+00,3.437500000000000000e-01,3.271028037383177378e-01,6.214689265536723489e-02,1.160714285714285754e-01,4.304932735426009183e-01,1.282051282051281937e-01,2.162162162162162282e-01,4.000000000000000222e-01,1.858974358974359031e-01,4.938271604938271331e-02,0.000000000000000000e+00,2.887323943661971870e-01,1.397849462365591267e-01,9.574468085106382920e-02,2.380952380952380820e-02,2.065217391304347838e-01,1.510067114093959773e-01,1.132075471698113234e-01,8.510638297872340219e-02,0.000000000000000000e+00,8.333333333333332871e-02,0.000000000000000000e+00,0.000000000000000000e+00,8.333333333333332871e-02,6.363636363636362980e-02,1.363636363636363535e-01,8.695652173913043237e-02,0.000000000000000000e+00,1.956521739130434867e-01,0.000000000000000000e+00,8.424908424908425508e-02,1.647058823529411742e-01,9.459459459459459985e-02,1.428571428571428492e-01,0.000000000000000000e+00,0.000000000000000000e+00,3.082901554404144928e-01,9.333333333333333759e-02,3.288973384030418057e-01,5.759162303664921295e-02,1.501272264631043352e-01,4.918032786885245811e-02,7.468879668049792364e-02,1.260273972602739823e-01,2.833333333333333259e-01,1.169230769230769212e-01,1.071428571428571369e-01,1.422413793103448343e-01,2.073170731707316972e-01,1.680000000000000104e-01,3.097560975609756073e-01,1.658767772511848260e-01,0.000000000000000000e+00,1.818181818181818232e-01,5.952380952380952051e-02,7.865168539325842478e-02,6.451612903225806273e-02,2.093023255813953598e-01,0.000000000000000000e+00,1.456310679611650394e-01,1.853932584269663009e-01,7.142857142857142461e-02,0.000000000000000000e+00,1.666666666666666644e-02,0.000000000000000000e+00,0.000000000000000000e+00,1.632653061224489666e-01,0.000000000000000000e+00,1.428571428571428527e-02,7.575757575757575968e-02,1.465517241379310220e-01,6.164383561643835274e-02,4.651162790697674354e-02,1.066666666666666735e-01,6.862745098039216285e-02,7.296137339055794313e-02,1.117647058823529466e-01,1.710526315789473728e-01,8.550185873605947728e-02,1.482558139534883856e-01,2.635983263598326576e-01,1.316872427983539207e-01,0.000000000000000000e+00,1.276595744680850963e-01,1.777777777777777846e-01,3.221288515406162678e-01,3.513513513513513709e-01,8.675799086757990386e-02,9.195402298850574585e-02,6.451612903225806273e-02,1.351351351351351426e-01,0.000000000000000000e+00,9.523809523809523281e-02,0.000000000000000000e+00,6.060606060606060774e-02,1.702127659574468044e-01,2.230769230769230893e-01,1.063829787234042562e-01,8.579881656804733137e-02,0.000000000000000000e+00,9.433962264150944077e-02,1.000000000000000056e-01,1.111111111111111049e-01,1.057692307692307682e-01,1.355932203389830504e-01,9.859154929577464144e-02,1.111111111111111049e-01,1.562500000000000000e-01,9.677419354838709409e-02,1.341463414634146423e-01,1.282051282051281937e-01,1.428571428571428492e-01,2.191780821917808098e-01,2.043010752688172171e-01,8.641975308641974829e-02,6.097560975609755962e-02,1.847826086956521618e-01,1.052631578947368363e-01,1.688311688311688319e-01,8.641975308641974829e-02,1.392405063291139167e-01,1.368421052631579038e-01
6.716417910447761153e-02,7.109737248840804213e-02,2.800000000000000266e-01,1.689750692520775588e-01,1.219512195121951192e-01,2.447916666666666574e-01,0.000000000000000000e+00,0.000000000000000000e+00,0.000000000000000000e+00,2.950819672131147486e-01,1.914062500000000000e-01,1.889250814332247563e-01,2.962962962962962798e-01,0.000000000000000000e+00,1.488095238095238082e-01,1.946902654867256610e-01,2.025931928687196015e-01,9.185185185185185119e-02,9.589041095890410427e-02,3.333333333333333148e-01,9.929078014184397616e-02,0.000000000000000000e+00,7.680491551459293909e-02,1.276595744680850963e-01,1.088435374149659823e-01,0.000000000000000000e+00,1.760563380281690016e-01,9.677419354838709409e-02,5.673758865248226813e-02,8.936170212765957854e-02,1.860465116279069742e-01,8.994708994708994210e-02,7.142857142857142461e-02,1.021194605009633910e-01,9.413580246913580418e-02,8.893709327548807164e-02,1.655328798185941030e-01,6.508875739644970349e-02,9.958506224066389356e-02,9.660107334525938616e-02,1.408450704225352179e-01,5.460750853242320874e-02,2.137404580152671707e-01,8.225806451612903414e-02,1.531531531531531432e-01,0.000000000000000000e+00,8.600337268128162294e-02,1.038961038961039030e-01,1.129707112970711330e-01,8.045977011494252762e-02,2.256317689530685788e-01,1.025641025641025605e-01,8.056872037914691864e-02,7.801418439716312214e-02,1.048387096774193589e-01,9.704641350210969908e-02,2.051282051282051211e-01,1.296296296296296224e-01,1.173708920187793436e-01,1.049180327868852458e-01,9.411764705882352811e-02,8.823529411764706454e-02,6.741573033707864981e-02,9.032258064516128504e-02,8.877721943048576259e-02,6.106870229007633349e-02,3.846153846153846367e-02,3.982300884955752157e-02,8.588957055214724301e-02,1.853658536585365835e-01,8.250825082508250752e-02,8.045977011494252762e-02,8.724832214765100569e-02,2.051282051282051211e-01,9.852216748768473364e-02,6.918238993710691676e-02,1.333333333333333315e-01,1.135073779795686688e-01,5.666666666666666380e-02,1.021276595744680799e-01,9.246575342465752911e-02,7.359307359307359908e-02,1.385542168674698815e-01,1.052631578947368363e-01,1.493506493506493449e-01,3.783783783783783994e-02,7.766990291262135249e-02,0.000000000000000000e+00,9.909909909909909997e-02,9.541984732824428106e-02,2.184873949579831942e-01,1.393939393939394034e-01,9.200968523002421573e-02,1.921259842519685013e-01,1.636363636363636354e-01,1.453362255965292837e-01,1.280353200883002085e-01,6.666666666666666574e-02,9.160305343511450371e-02,7.894736842105262720e-02,8.647450110864744743e-02,7.482993197278911546e-02,7.547169811320754429e-02,7.980456026058631303e-02,7.165605095541401071e-02,5.555555555555555247e-02,4.938271604938271331e-02,0.000000000000000000e+00,7.547169811320754429e-02,0.000000000000000000e+00,3.260869565217391214e-02,8.646616541353382979e-02,6.569343065693430961e-02,5.802047781569966145e-02,1.843003412969283217e-01,1.715328467153284797e-01,1.611721611721611824e-01,9.188361408882082804e-02,8.441558441558441594e-02,9.912170639899624269e-02,7.142857142857142461e-02,7.330827067669172525e-02,7.291666666666667129e-02,1.024793388429752067e-01,9.375000000000000000e-02,1.056338028169014065e-01,7.073170731707316417e-02,1.724137931034482873e-01,1.986183074265975845e-01,8.974358974358974395e-02,0.000000000000000000e+00,1.184210526315789408e-01,0.000000000000000000e+00,2.070796460176991260e-01,2.161422708618331023e-01,2.388888888888889006e-01,2.142857142857142877e-02,8.078994614003590091e-02,2.500000000000000000e-01,2.131147540983606425e-01,1.811594202898550721e-01,7.592891760904685317e-02,3.636363636363636187e-02,8.370044052863435946e-02,1.044776119402985037e-01,0.000000000000000000e+00,2.129629629629629650e-01,0.000000000000000000e+00,0.000000000000000000e+00,1.933174224343675307e-01,2.012987012987013102e-01,1.119592875318066172e-01,1.463414634146341375e-01,2.169312169312169192e-01,9.650180940892641446e-02,1.710526315789473728e-01,1.299734748010610008e-01,1.854838709677419373e-01,1.046511627906976799e-01,1.080332409972299124e-01,1.920000000000000040e-01,2.613636363636363535e-01,8.974358974358974395e-02,9.808102345415778411e-02,1.103896103896103847e-01,0.000000000000000000e+00,1.000000000000000056e-01,0.000000000000000000e+00,8.730158730158729674e-02,1.136363636363636326e-01,8.346456692913385711e-02,0.000000000000000000e+00,0.000000000000000000e+00,6.756756756756757132e-02,1.061452513966480438e-01,4.222222222222222210e-01,1.581632653061224580e-01,7.682291666666667129e-02,1.000000000000000056e-01,4.742268041237113207e-02,1.379310344827586188e-01,7.894736842105262720e-02,1.878453038674033071e-01,7.272727272727272374e-02,5.660377358490566169e-02,1.797235023041474644e-01,6.956521739130434867e-02,0.000000000000000000e+00,1.562500000000000000e-01,1.311475409836065642e-01,0.000000000000000000e+00,1.103327495621716225e-01,7.466666666666667285e-02,1.147540983606557402e-01,6.506849315068492789e-02,5.910165484633569943e-02,7.584269662921348798e-02,0.000000000000000000e+00,9.389671361502346936e-02,1.190476190476190410e-01,1.107692307692307726e-01,1.502890173410404706e-01,1.580246913580246881e-01,1.463414634146341375e-01,1.728395061728394966e-01,1.749999999999999889e-01,1.965217391304347749e-01,9.169054441260744703e-02,0.000000000000000000e+00,9.600000000000000200e-02,1.950000000000000067e-01,9.404388714733542820e-02,1.489361702127659504e-01,1.078431372549019662e-01,2.225806451612903358e-01,8.139534883720930813e-02,6.637168141592920956e-02,0.000000000000000000e+00,4.938271604938271331e-02,0.000000000000000000e+00,0.000000000000000000e+00,1.475409836065573743e-01,2.697841726618704916e-01,1.558441558441558406e-01,1.320754716981132060e-01,0.000000000000000000e+00,2.657004830917874538e-01,0.000000000000000000e+00,6.281833616298811152e-02,6.122448979591836593e-02,7.051282051282051211e-02,1.551724137931034531e-01,0.000000000000000000e+00,0.000000000000000000e+00,6.869009584664537149e-02,9.139784946236559349e-02,7.537154989384288462e-02,6.611570247933884481e-02,1.004728132387706918e-01,8.606557377049180169e-02,8.444444444444444697e-02,8.855585831062670610e-02,8.777969018932874068e-02,5.666156202143950854e-02,3.539823008849557473e-02,1.695238095238095211e-01,9.316770186335403270e-02,8.677685950413223381e-02,7.274969173859432980e-02,6.793478260869564855e-02,0.000000000000000000e+00,2.500000000000000000e-01,1.194968553459119509e-01,5.275779376498800771e-02,1.021505376344086086e-01,9.523809523809523281e-02,0.000000000000000000e+00,7.103825136612021418e-02,2.073011734028683273e-01,1.525198938992042563e-01,0.000000000000000000e+00,1.241379310344827569e-01,0.000000000000000000e+00,0.000000000000000000e+00,5.376344086021505458e-02,0.000000000000000000e+00,1.652892561983471120e-01,9.890109890109889668e-02,1.111111111111111049e-01,6.990881458966564932e-02,9.302325581395348708e-02,7.709251101321586142e-02,6.970509383378016566e-02,5.694760820045557947e-02,1.245551601423487559e-01,1.286549707602339110e-01,7.407407407407406996e-02,2.011661807580174821e-01,8.781869688385268713e-02,9.567198177676537740e-02,0.000000000000000000e+00,4.687500000000000000e-02,3.274336283185840801e-01,8.658743633276740070e-02,8.333333333333332871e-02,8.051341890315052985e-02,9.049773755656108365e-02,1.250000000000000000e-01,1.000000000000000056e-01,0.000000000000000000e+00,1.020408163265306145e-01,0.000000000000000000e+00,6.077348066298342288e-02,7.079646017699114946e-02,1.001472754050073688e-01,9.265734265734265618e-02,1.310240963855421603e-01,0.000000000000000000e+00,1.261261261261261146e-01,8.429118773946360499e-02,1.060606060606060635e-01,8.633093525179856564e-02,1.188811188811188801e-01,1.458333333333333426e-01,9.790209790209790375e-02,6.617647058823529493e-02,6.707317073170732113e-02,5.517241379310344751e-02,1.084337349397590383e-01,1.104972375690607689e-01,9.941520467836256758e-02,8.805031446540879936e-02,6.802721088435374763e-02,8.275862068965517127e-02,1.059602649006622516e-01,1.071428571428571369e-01,9.285714285714286031e-02,9.917355371900826722e-02,8.333333333333332871e-02,7.228915662650602092e-02
7.847082494969818967e-02,8.398268398268397827e-02,1.002132196162046907e-01,5.794392523364486070e-02,1.056439942112879921e-01,7.781456953642383600e-02,0.000000000000000000e+00,0.000000000000000000e+00,0.000000000000000000e+00,9.565217391304348116e-02,8.568207440811724529e-02,1.125112511251125103e-01,7.983193277310923763e-02,0.000000000000000000e+00,9.886547811993516566e-02,1.227272727272727265e-01,9.209302325581394943e-02,7.966101694915253550e-02,1.028037383177570069e-01,1.544401544401544368e-01,9.811320754716981729e-02,0.000000000000000000e+00,7.569386038687972440e-02,7.046824292999535888e-02,7.756813417190776272e-02,0.000000000000000000e+00,2.954954954954954749e-01,6.990291262135922556e-02,9.787444389520513766e-02,8.988764044943819975e-02,6.707317073170732113e-02,7.846039970392301721e-02,7.265521796565389823e-02,2.561829211385907579e-01,9.028727770177838452e-02,9.204545454545454142e-02,1.059907834101382479e-01,2.485089463220676032e-01,7.682458386683738150e-02,8.300970873786407689e-02,6.719367588932806390e-02,7.795957651588066029e-02,7.882882882882882858e-02,2.470952749806351600e-01,2.185430463576158999e-01,0.000000000000000000e+00,9.077526987242394430e-02,1.223880597014925381e-01,2.361165048543689415e-01,7.796610169491526021e-02,9.947089947089947370e-02,6.885245901639344690e-02,2.045454545454545581e-01,6.839622641509433831e-02,5.853658536585366196e-02,6.052963430012610335e-02,1.066176470588235253e-01,9.523809523809523281e-02,1.008287292817679620e-01,8.493427704752275209e-02,9.148264984227129359e-02,6.404958677685949897e-02,6.774040738986263077e-02,5.803571428571428770e-02,7.505330490405116850e-02,6.720430107526881303e-02,1.639624252775405688e-01,8.088235294117647467e-02,1.015325670498084254e-01,3.317829457364341317e-01,2.423571112095702362e-01,2.127215849843586970e-01,9.046454767726161417e-02,8.503679476696647532e-02,6.679894179894180217e-02,1.005952380952380987e-01,2.035714285714285698e-01,2.219144352108340934e-01,5.123339658444022587e-02,7.392996108949416445e-02,7.338638373121131320e-02,7.530120481927711495e-02,9.147424511545293457e-02,7.366482504604052184e-02,1.020220588235294101e-01,1.099656357388316130e-01,9.868875086266390428e-02,0.000000000000000000e+00,8.397600685518423480e-02,1.419698314108251980e-01,9.043927648578811707e-02,7.833333333333333814e-02,8.368495077355836420e-02,8.838500694123091472e-02,1.111111111111111049e-01,8.045292014302742045e-02,8.876811594202899114e-02,2.193181818181818288e-01,2.339688041594454038e-01,8.174027686222808120e-02,2.199331848552338597e-01,2.218181818181818310e-01,2.306866952789699554e-01,7.747747747747747715e-02,1.010147601476014817e-01,1.232227488151658723e-01,1.908831908831908897e-01,0.000000000000000000e+00,7.671957671957671532e-02,0.000000000000000000e+00,1.056105610561056118e-01,2.098025387870239844e-01,7.098121085594989721e-02,9.191759112519809483e-02,9.246901811248808833e-02,6.636155606407322105e-02,1.020408163265306145e-01,2.134923899629782018e-01,8.300781250000000000e-02,8.402452217814641855e-02,6.666666666666666574e-02,9.433962264150944077e-02,2.390109890109890223e-01,8.963963963963963999e-02,1.104100946372239683e-01,8.345021037868162461e-02,1.337579617834394885e-01,9.777478084962913651e-02,9.155937052932761056e-02,7.625272331154683836e-02,0.000000000000000000e+00,9.647058823529411353e-02,0.000000000000000000e+00,1.000518403317781219e-01,1.162790697674418589e-01,9.706959706959707168e-02,8.836206896551723755e-02,1.038891848694725589e-01,8.457711442786070011e-02,9.882139619220307869e-02,9.240246406570841453e-02,7.111111111111111105e-02,7.064017660044150104e-02,6.730769230769230449e-02,6.593406593406593574e-02,0.000000000000000000e+00,7.692307692307692735e-02,0.000000000000000000e+00,0.000000000000000000e+00,1.027900146842878060e-01,8.565531475748193457e-02,7.191011235955056813e-02,1.125000000000000028e-01,1.015965166908563144e-01,1.139105748757984343e-01,9.592529711375212542e-02,9.701492537313433084e-02,8.501118568232662875e-02,7.299270072992700142e-02,9.613572101790764102e-02,9.190031152647974710e-02,8.480000000000000038e-02,9.744779582366588921e-02,7.504575960951799518e-02,7.931570762052876644e-02,0.000000000000000000e+00,9.152542372881355970e-02,0.000000000000000000e+00,6.469920544835414122e-02,5.023923444976076402e-02,1.671099290780141966e-01,0.000000000000000000e+00,0.000000000000000000e+00,6.227106227106227188e-02,7.035928143712574800e-02,1.565452091767881304e-01,2.441146366427840442e-01,7.100591715976331542e-02,9.826589595375723185e-02,9.843158464034613975e-02,1.101321585903083655e-01,9.661835748792270417e-02,8.393782383419688686e-02,1.601941747572815655e-01,6.923076923076923461e-02,8.741721854304636274e-02,2.030075187969924699e-01,0.000000000000000000e+00,6.037735849056603821e-02,7.608695652173913526e-02,0.000000000000000000e+00,1.938775510204081565e-01,1.650099403578528801e-01,2.656250000000000000e-01,7.249070631970259970e-02,7.846952010376134767e-02,2.054890921885995647e-01,0.000000000000000000e+00,6.349206349206348854e-02,7.040229885057470993e-02,1.911764705882352811e-01,1.948051948051948146e-01,5.627376425855513259e-02,9.638554216867470381e-02,1.060606060606060635e-01,9.646302250803857892e-02,9.099662975445353685e-02,2.199924271109428286e-01,0.000000000000000000e+00,8.324205914567360531e-02,1.114982578397212543e-01,1.606905710491367822e-01,2.099447513812154609e-01,9.065934065934065644e-02,1.105595667870036131e-01,6.648199445983379863e-02,5.886524822695035630e-02,0.000000000000000000e+00,1.139705882352941152e-01,0.000000000000000000e+00,0.000000000000000000e+00,1.117318435754189876e-01,2.661381653454133467e-01,1.227544910179640680e-01,6.640625000000000000e-02,0.000000000000000000e+00,1.218697829716193642e-01,0.000000000000000000e+00,8.407960199004975432e-02,9.838274932614554658e-02,5.642023346303502024e-02,1.150895140664961597e-01,0.000000000000000000e+00,0.000000000000000000e+00,8.497590889180901830e-02,6.938159879336350255e-02,8.288345506510003124e-02,1.842650103519668792e-01,9.087731562390773121e-02,7.009857612267250682e-02,1.016181229773462785e-01,9.059367771781033640e-02,8.439646712463198808e-02,1.055088702147525676e-01,5.555555555555555247e-02,9.917355371900826722e-02,9.108910891089108675e-02,7.424593967517401083e-02,8.088515833651277465e-02,7.460317460317460181e-02,0.000000000000000000e+00,9.287925696594427627e-02,9.782608695652174335e-02,1.018518518518518462e-01,6.537102473498233868e-02,1.143552311435523106e-01,0.000000000000000000e+00,6.994047619047619180e-02,9.350237717908081725e-02,2.319072371051579262e-01,0.000000000000000000e+00,1.056603773584905703e-01,0.000000000000000000e+00,0.000000000000000000e+00,6.338028169014084390e-02,0.000000000000000000e+00,2.102040816326530559e-01,2.394285714285714350e-01,8.850726552179656592e-02,1.435499515033947515e-01,2.564575645756457800e-01,1.026119402985074675e-01,9.543568464730289858e-02,6.702573309395570833e-02,1.766437684003925312e-01,1.096979332273449875e-01,9.620991253644314845e-02,9.891540130151843524e-02,8.825526137135097926e-02,7.352024922118380323e-02,0.000000000000000000e+00,7.000000000000000666e-02,8.762886597938143729e-02,7.899543378995434184e-02,8.798017348203221455e-02,9.081419624217118569e-02,2.477302204928664153e-01,2.581453634085212889e-01,1.752136752136752018e-01,0.000000000000000000e+00,2.234042553191489255e-01,0.000000000000000000e+00,8.249312557286893333e-02,9.034267912772585285e-02,7.744107744107743552e-02,8.831521739130435145e-02,1.748438893844781461e-01,0.000000000000000000e+00,8.730158730158729674e-02,1.457943925233644855e-01,8.842105263157894190e-02,1.141552511415525051e-01,1.223300970873786447e-01,1.062992125984252023e-01,1.090534979423868345e-01,9.622641509433962903e-02,8.949416342412451486e-02,1.098484848484848481e-01,9.944751381215469199e-02,1.087719298245614086e-01,9.600000000000000200e-02,1.039426523297490995e-01,1.012931034482758563e-01,1.200787401574803098e-01,8.348457350272232846e-02,1.035087719298245640e-01,9.388646288209606672e-02,1.185344827586206906e-01,1.079913606911447055e-01,1.011673151750972777e-01
1.453940066592674940e-01,1.127348643006263057e-01,1.449814126394051994e-01,3.065976714100905332e-01,3.136094674556212936e-01,2.322404371584699534e-01,0.000000000000000000e+00,0.000000000000000000e+00,0.000000000000000000e+00,1.417910447761193959e-01,8.411214953271027583e-02,1.225071225071225067e-01,1.781609195402298895e-01,0.000000000000000000e+00,1.499999999999999944e-01,2.298850574712643646e-01,1.701492537313432918e-01,3.716981132075471428e-01,1.614349775784753305e-01,3.164556962025316666e-01,2.648809523809523836e-01,0.000000000000000000e+00,4.092827004219409259e-01,4.055706521739130266e-01,1.753246753246753276e-01,0.000000000000000000e+00,7.926829268292683028e-02,1.015873015873015872e-01,1.235059760956175312e-01,1.287512100677637994e-01,1.441441441441441429e-01,3.286875725900116341e-01,1.001821493624772269e-01,1.183237469186524254e-01,3.642659279778393544e-01,1.353046594982078854e-01,1.035242290748898675e-01,1.303780964797913999e-01,2.522361359570661765e-01,1.407972858354537837e-01,3.057324840764331086e-01,1.579689703808180579e-01,1.768953068592057642e-01,1.364562118126272927e-01,1.104761904761904778e-01,0.000000000000000000e+00,1.542594013814274634e-01,2.311320754716981174e-01,1.276190476190476319e-01,1.061452513966480438e-01,1.264855687606112056e-01,9.547738693467336391e-02,1.409978308026030303e-01,1.835443037974683611e-01,1.745454545454545592e-01,4.010695187165775333e-01,1.554404145077720178e-01,1.834532374100719399e-01,2.193548387096774244e-01,1.070287539936102261e-01,1.790393013100436692e-01,4.093226511289148051e-01,4.206514206514206378e-01,4.231974921630093922e-01,1.329561527581329672e-01,1.575091575091575047e-01,8.368794326241134340e-02,1.650671785028790806e-01,1.625766871165644223e-01,7.915567282321900322e-02,1.252955082742316650e-01,1.338983050847457612e-01,1.676342525399129035e-01,1.283783783783783716e-01,4.346190028222013391e-01,1.641914191419141800e-01,1.548387096774193616e-01,1.393692777212614531e-01,3.407510431154381347e-01,1.034846884899683211e-01,4.178255372945638424e-01,4.341372912801484407e-01,2.551928783382789168e-01,1.441176470588235170e-01,2.011494252873563260e-01,1.428571428571428492e-01,1.302931596091205235e-01,0.000000000000000000e+00,1.478260869565217461e-01,1.591591591591591526e-01,2.101616628175519697e-01,1.414790996784565935e-01,3.389830508474576121e-01,1.219696969696969641e-01,2.208333333333333259e-01,4.064685314685314577e-01,3.339176161262050746e-01,1.425855513307984768e-01,1.120689655172413812e-01,2.854442344045368674e-01,1.478083588175331253e-01,1.422155688622754599e-01,9.751434034416825436e-02,1.037195994277539390e-01,1.016597510373443980e-01,9.929078014184397616e-02,1.293532338308457652e-01,0.000000000000000000e+00,1.666666666666666574e-01,0.000000000000000000e+00,1.256281407035175768e-01,1.594922737306843363e-01,2.032786885245901620e-01,1.110154905335628273e-01,1.593749999999999889e-01,1.036468330134357047e-01,1.706827309236947920e-01,1.366013071895424702e-01,2.541603630862329655e-01,1.533373421527360059e-01,4.475853945818610291e-01,1.329055912007332807e-01,1.098901098901098883e-01,1.428571428571428492e-01,1.179039301310043641e-01,1.108647450110864796e-01,1.529535864978902870e-01,1.061394380853277891e-01,1.683475562451512697e-01,1.707317073170731836e-01,0.000000000000000000e+00,1.598639455782313035e-01,0.000000000000000000e+00,1.335055986218776913e-01,1.418530351437699566e-01,1.054216867469879582e-01,1.385542168674698815e-01,1.526717557251908441e-01,1.229508196721311453e-01,1.023622047244094474e-01,1.540880503144654023e-01,1.666666666666666574e-01,1.232876712328767055e-01,1.673387096774193450e-01,1.079545454545454558e-01,0.000000000000000000e+00,1.152073732718894017e-01,0.000000000000000000e+00,0.000000000000000000e+00,1.253041362530413760e-01,1.444954128440366914e-01,1.350737797956867159e-01,2.325581395348837177e-01,1.059602649006622516e-01,2.100792751981880035e-01,1.876876876876876765e-01,2.811296534017971860e-01,1.326860841423948278e-01,3.190184049079754502e-01,2.306547619047619180e-01,1.186666666666666703e-01,1.301369863013698558e-01,2.890625000000000000e-01,1.535545023696682498e-01,4.228855721393035005e-01,0.000000000000000000e+00,2.433234421364985078e-01,0.000000000000000000e+00,1.217228464419475714e-01,3.917525773195876249e-01,1.354466858789625250e-01,0.000000000000000000e+00,0.000000000000000000e+00,3.502824858757062065e-01,1.053864168618267039e-01,1.250000000000000000e-01,1.174911660777385181e-01,4.037954665260938270e-01,2.065727699530516548e-01,1.133501259445843790e-01,3.006535947712418166e-01,1.320754716981132060e-01,1.375565610859728616e-01,5.072463768115942351e-02,4.927007299270073082e-01,1.408045977011494199e-01,1.328125000000000000e-01,0.000000000000000000e+00,8.888888888888889228e-02,1.566579634464752013e-01,0.000000000000000000e+00,1.510791366906474864e-01,1.258581235697940615e-01,1.209677419354838745e-01,3.938506588579794854e-01,3.257142857142857340e-01,1.297509829619921395e-01,0.000000000000000000e+00,1.069958847736625501e-01,1.232876712328767055e-01,1.443433029908972598e-01,1.276041666666666574e-01,9.452736318407960192e-02,2.012882447665056418e-01,1.610738255033556943e-01,1.058201058201058142e-01,1.395899053627760178e-01,1.762711864406779627e-01,0.000000000000000000e+00,1.271477663230240474e-01,1.806930693069306870e-01,1.761403508771929860e-01,1.643835616438356073e-01,1.703056768558952050e-01,1.434751261715933590e-01,4.253731343283582156e-01,4.592592592592592560e-01,0.000000000000000000e+00,1.105990783410138317e-01,0.000000000000000000e+00,0.000000000000000000e+00,1.231884057971014551e-01,1.098484848484848481e-01,1.220472440944881942e-01,3.765112262521588815e-01,0.000000000000000000e+00,1.174863387978142132e-01,0.000000000000000000e+00,1.786283891547049418e-01,1.072210065645514271e-01,4.453333333333333588e-01,2.042253521126760618e-01,0.000000000000000000e+00,0.000000000000000000e+00,1.426553672316384080e-01,3.705263157894737036e-01,1.487817522032141015e-01,3.129251700680272252e-01,2.323119777158774435e-01,4.118644067796610186e-01,1.582459485224022855e-01,4.107725788900979391e-01,1.257285595337218898e-01,1.195335276967929988e-01,1.640000000000000069e-01,1.604509973980919324e-01,1.011904761904761918e-01,1.254295532646048095e-01,1.709779179810725636e-01,2.305084745762711884e-01,0.000000000000000000e+00,1.170731707317073239e-01,3.033707865168539519e-01,1.346841477949940469e-01,3.968609865470851816e-01,2.398373983739837401e-01,0.000000000000000000e+00,3.515625000000000000e-01,1.446700507614213094e-01,1.387434554973822065e-01,0.000000000000000000e+00,1.545741324921135751e-01,0.000000000000000000e+00,0.000000000000000000e+00,4.272300469483568119e-01,0.000000000000000000e+00,1.367521367521367659e-01,1.520086862106406200e-01,1.081593927893738094e-01,1.390070921985815666e-01,1.267893660531697331e-01,3.071090047393364997e-01,1.507592190889370798e-01,3.908675799086758218e-01,1.317460317460317498e-01,2.142857142857142738e-01,1.081081081081081141e-01,1.723656664340544320e-01,1.111111111111111049e-01,3.360360360360360454e-01,0.000000000000000000e+00,5.882352941176470507e-02,1.361702127659574491e-01,1.294033069734004393e-01,1.423357664233576569e-01,1.393972012917115144e-01,1.408450704225352179e-01,1.382765531062124242e-01,1.398601398601398704e-01,0.000000000000000000e+00,1.282051282051281937e-01,0.000000000000000000e+00,1.525198938992042563e-01,1.196172248803827748e-01,1.475195822454307970e-01,3.403508771929824595e-01,1.555555555555555580e-01,0.000000000000000000e+00,4.023437500000000000e-01,2.438316400580551602e-01,1.877022653721682754e-01,1.703470031545741281e-01,1.571428571428571397e-01,1.688654353562005217e-01,2.023460410557184619e-01,1.766304347826087029e-01,1.994459833795013959e-01,1.555555555555555580e-01,1.895043731778425777e-01,1.841359773371104847e-01,1.777108433734939652e-01,1.912568306010928865e-01,2.136498516320474717e-01,1.428571428571428492e-01,1.924119241192411844e-01,1.920903954802259950e-01,1.680672268907563160e-01,1.631205673758865382e-01,1.718750000000000000e-01,1.463414634146341375e-01
1.758241758241758379e-01,1.986062717770034902e-01,2.820512820512820484e-01,2.466666666666666730e-01,2.666666666666666630e-01,2.702702702702702853e-01,0.000000000000000000e+00,0.000000000000000000e+00,0.000000000000000000e+00,2.000000000000000111e-01,1.718750000000000000e-01,2.333333333333333370e-01,4.347826086956521618e-02,0.000000000000000000e+00,2.500000000000000000e-01,2.830188679245282946e-01,1.981566820276497720e-01,2.876712328767123128e-01,3.636363636363636465e-01,2.187500000000000000e-01,2.093023255813953598e-01,0.000000000000000000e+00,2.307692307692307820e-01,2.430278884462151456e-01,1.917808219178082085e-01,0.000000000000000000e+00,2.000000000000000111e-01,2.045454545454545581e-01,1.548672566371681325e-01,2.201834862385321223e-01,1.666666666666666574e-01,2.323943661971830943e-01,9.708737864077669755e-02,1.607142857142857262e-01,3.125000000000000000e-01,2.093023255813953598e-01,2.656250000000000000e-01,1.642857142857142849e-01,2.463768115942029102e-01,1.835937500000000000e-01,2.999999999999999889e-01,1.507936507936507853e-01,2.307692307692307820e-01,1.926229508196721230e-01,1.954022988505747238e-01,0.000000000000000000e+00,2.579185520361991224e-01,4.375000000000000000e-01,2.150943396226415172e-01,5.405405405405405705e-02,2.085561497326203217e-01,1.481481481481481399e-01,2.535211267605633756e-01,2.045454545454545581e-01,1.842105263157894635e-01,2.028985507246376940e-01,4.827586206896551935e-01,3.555555555555555691e-01,1.927710843373494076e-01,2.121212121212121271e-01,1.944444444444444475e-01,2.681818181818181879e-01,2.599118942731277748e-01,2.051282051282051211e-01,1.967213114754098324e-01,3.548387096774193727e-01,1.411764705882352922e-01,2.567567567567567433e-01,1.896551724137930939e-01,1.515151515151515194e-01,1.686274509803921684e-01,2.500000000000000000e-01,2.137096774193548432e-01,2.129032258064516014e-01,2.185792349726775885e-01,1.474358974358974395e-01,1.851851851851851749e-01,2.045454545454545581e-01,2.682926829268292845e-01,1.808510638297872453e-01,2.520325203252032353e-01,2.674418604651162545e-01,2.250000000000000056e-01,1.228070175438596423e-01,2.030075187969924699e-01,2.153846153846153966e-01,2.112676056338028130e-01,0.000000000000000000e+00,1.860465116279069742e-01,1.280000000000000027e-01,2.530120481927710663e-01,3.055555555555555802e-01,2.392638036809816016e-01,2.100840336134453812e-01,2.391304347826087029e-01,2.663316582914572739e-01,2.598870056497175063e-01,2.250000000000000056e-01,7.936507936507936067e-02,2.849162011173184128e-01,1.914893617021276584e-01,1.818181818181818232e-01,2.307692307692307820e-01,1.617021276595744794e-01,2.524271844660194164e-01,1.666666666666666574e-01,8.108108108108108558e-02,0.000000000000000000e+00,1.764705882352941291e-01,0.000000000000000000e+00,1.764705882352941291e-01,2.323943661971830943e-01,2.500000000000000000e-01,1.990049751243781195e-01,1.652892561983471120e-01,2.473118279569892497e-01,2.023809523809523836e-01,2.139917695473251003e-01,2.710280373831775447e-01,2.027972027972027858e-01,2.142857142857142738e-01,2.146596858638743499e-01,2.142857142857142738e-01,2.671480144404332346e-01,4.285714285714285476e-01,1.479289940828402428e-01,2.392638036809816016e-01,2.485549132947976747e-01,2.775330396475770844e-01,1.320754716981132060e-01,0.000000000000000000e+00,1.956521739130434867e-01,0.000000000000000000e+00,3.014354066985646119e-01,2.678571428571428492e-01,2.222222222222222099e-01,2.173913043478260809e-01,2.637362637362637430e-01,2.580645161290322509e-01,2.893081761006289221e-01,2.608695652173912971e-01,1.719999999999999862e-01,1.463414634146341375e-01,1.568627450980392135e-01,1.578947368421052544e-01,0.000000000000000000e+00,2.857142857142856984e-01,0.000000000000000000e+00,0.000000000000000000e+00,2.814814814814814992e-01,2.522123893805309769e-01,1.597222222222222099e-01,2.999999999999999889e-01,2.421052631578947401e-01,2.593750000000000222e-01,2.096774193548387177e-01,3.383458646616541166e-01,2.244897959183673464e-01,2.999999999999999889e-01,2.264150943396226467e-01,2.307692307692307820e-01,1.818181818181818232e-01,3.474576271186440857e-01,2.175732217573221883e-01,2.972972972972973138e-01,0.000000000000000000e+00,3.200000000000000067e-01,0.000000000000000000e+00,1.704545454545454419e-01,3.750000000000000000e-01,2.222222222222222099e-01,0.000000000000000000e+00,0.000000000000000000e+00,3.333333333333333148e-01,1.195652173913043514e-01,3.200000000000000067e-01,2.146118721461187095e-01,2.629870129870129913e-01,2.631578947368420907e-01,2.487309644670050723e-01,1.666666666666666574e-01,2.333333333333333370e-01,2.895927601809955010e-01,1.764705882352941291e-01,2.692307692307692180e-01,2.479999999999999982e-01,1.714285714285714302e-01,0.000000000000000000e+00,1.538461538461538547e-01,8.139534883720930813e-02,0.000000000000000000e+00,1.895734597156397971e-01,2.167832167832167700e-01,2.093023255813953598e-01,2.461538461538461675e-01,1.803278688524590223e-01,1.735537190082644676e-01,0.000000000000000000e+00,1.666666666666666574e-01,1.888888888888888840e-01,2.598425196850393526e-01,2.063492063492063378e-01,1.866666666666666752e-01,3.076923076923077094e-01,2.727272727272727071e-01,1.764705882352941291e-01,2.551020408163265363e-01,2.094861660079051502e-01,0.000000000000000000e+00,1.734693877551020391e-01,2.307692307692307820e-01,2.294372294372294396e-01,1.052631578947368363e-01,2.857142857142856984e-01,3.303167420814479560e-01,2.812500000000000000e-01,2.738853503184713323e-01,0.000000000000000000e+00,2.142857142857142738e-01,0.000000000000000000e+00,0.000000000000000000e+00,2.777777777777777901e-01,2.252252252252252285e-01,4.000000000000000222e-01,2.857142857142856984e-01,0.000000000000000000e+00,2.714285714285714080e-01,0.000000000000000000e+00,1.950000000000000067e-01,1.470588235294117696e-01,2.816901408450704358e-01,2.037037037037036924e-01,0.000000000000000000e+00,0.000000000000000000e+00,1.781376518218623362e-01,2.307692307692307820e-01,1.719197707736389580e-01,2.115384615384615363e-01,2.312703583061889168e-01,2.093023255813953598e-01,2.329545454545454419e-01,2.229508196721311508e-01,2.346153846153846145e-01,1.855670103092783574e-01,1.794871794871794879e-01,1.538461538461538547e-01,2.054794520547945091e-01,2.151898734177215278e-01,1.593220338983050710e-01,2.408759124087591352e-01,0.000000000000000000e+00,1.851851851851851749e-01,2.222222222222222099e-01,2.039473684210526272e-01,2.361111111111111049e-01,2.000000000000000111e-01,0.000000000000000000e+00,3.595505617977527990e-01,2.500000000000000000e-01,2.067669172932330712e-01,0.000000000000000000e+00,2.452830188679245293e-01,0.000000000000000000e+00,0.000000000000000000e+00,2.258064516129032195e-01,0.000000000000000000e+00,2.244897959183673464e-01,2.458100558659217783e-01,2.837837837837837718e-01,1.694915254237288060e-01,2.393617021276595869e-01,3.090909090909090828e-01,2.865497076023391654e-01,2.673796791443850407e-01,1.833333333333333204e-01,2.280701754385964786e-01,2.021857923497267784e-01,2.905660377358490476e-01,2.014388489208633060e-01,2.783018867924528239e-01,0.000000000000000000e+00,1.481481481481481399e-01,1.951219512195122019e-01,2.076923076923077038e-01,1.063829787234042562e-01,2.158054711246200630e-01,1.724137931034482873e-01,2.266666666666666552e-01,2.000000000000000111e-01,0.000000000000000000e+00,1.428571428571428492e-01,0.000000000000000000e+00,1.797752808988763995e-01,1.923076923076923184e-01,1.913357400722021651e-01,2.754716981132075415e-01,2.370689655172413812e-01,0.000000000000000000e+00,1.774193548387096864e-01,1.951219512195122019e-01,1.694915254237288060e-01,1.166666666666666685e-01,1.739130434782608647e-01,1.718750000000000000e-01,2.459016393442622905e-01,2.666666666666666630e-01,1.568627450980392135e-01,1.250000000000000000e-01,1.833333333333333204e-01,1.805555555555555525e-01,1.153846153846153910e-01,2.916666666666666852e-01,2.558139534883721034e-01,4.545454545454545581e-02,2.000000000000000111e-01,1.694915254237288060e-01,1.884057971014492794e-01,2.264150943396226467e-01,3.200000000000000067e-01,2.372881355932203451e-01
1.057622173595915427e-01,2.423681776133209953e-01,7.449209932279909907e-02,5.065856129685916698e-02,8.504398826979471526e-02,4.934210526315789547e-02,0.000000000000000000e+00,0.000000000000000000e+00,0.000000000000000000e+00,4.926108374384236682e-02,6.635622817229336334e-02,7.745098039215686514e-02,7.924528301886792081e-02,0.000000000000000000e+00,1.247264770240700260e-01,1.056701030927835044e-01,1.025906735751295346e-01,8.573967125721901339e-02,1.554054054054054002e-01,3.603603603603603572e-02,8.089887640449437700e-02,0.000000000000000000e+00,8.227272727272727515e-02,6.743834927025667281e-02,1.917211328976034801e-01,0.000000000000000000e+00,6.031128404669260784e-02,1.008583690987124443e-01,2.686642965972574904e-01,1.013734466971877024e-01,7.608695652173913526e-02,7.416081186572989759e-02,2.012269938650306789e-01,1.077008928571428631e-01,8.001963672066764177e-02,2.201892744479495290e-01,1.074319352465047811e-01,1.117549668874172203e-01,1.123456790123456839e-01,1.016574585635359185e-01,3.686635944700460826e-02,1.731343283582089665e-01,7.655502392344497309e-02,1.069210292812777241e-01,1.468710089399744567e-01,0.000000000000000000e+00,1.969309462915601050e-01,8.441558441558441594e-02,9.786700125470514100e-02,2.230769230769230893e-01,8.371559633027522707e-02,4.562737642585551479e-02,8.944281524926686600e-02,2.271662763466042179e-01,1.199999999999999956e-01,6.823821339950372766e-02,7.843137254901960675e-02,9.953703703703703498e-02,7.865168539325842478e-02,1.177730192719486091e-01,2.032786885245901620e-01,8.341862845445240093e-02,7.510288065843621907e-02,6.306306306306305731e-02,1.077057793345008729e-01,2.702702702702702853e-01,1.904761904761904656e-01,2.172808132147395210e-01,1.419213973799126616e-01,7.705479452054794787e-02,1.040836653386454230e-01,9.364548494983276905e-02,9.169638308711156038e-02,5.342831700801424499e-02,6.735751295336787903e-02,2.188679245283018937e-01,4.504504504504504292e-02,9.829488465396188368e-02,1.707547169811320653e-01,7.116920842411038339e-02,7.526881720430107781e-02,8.440629470672389445e-02,1.050049067713444556e-01,4.109589041095890183e-02,1.031031031031030970e-01,2.452173913043478315e-01,2.376856919468334772e-01,0.000000000000000000e+00,8.022388059701492102e-02,1.053122087604846241e-01,8.951048951048951041e-02,1.033138401559454134e-01,7.203994293865906284e-02,1.089414182939362763e-01,1.076923076923076983e-01,5.875077303648731930e-02,7.116104868913857018e-02,9.396914446002804788e-02,1.033797216699801208e-01,9.634317862165962809e-02,9.498680738786278999e-02,1.025878003696857610e-01,8.958837772397094945e-02,2.733677782996711825e-01,2.477326968973747046e-01,2.500000000000000000e-01,9.797297297297297147e-02,0.000000000000000000e+00,7.680945347119645661e-02,0.000000000000000000e+00,8.088235294117647467e-02,1.045606229143492827e-01,2.313681868743047709e-01,2.899441340782122900e-01,8.682008368200837267e-02,2.366230677764565860e-01,8.807588075880758149e-02,9.704641350210969908e-02,1.434689507494646687e-01,9.972730814179976699e-02,6.782464846980976181e-02,2.539772727272727182e-01,6.309148264984226762e-02,1.065292096219931234e-01,1.111111111111111049e-01,9.619686800894854117e-02,2.109256449165402003e-01,1.252830188679245338e-01,8.993357179356156750e-02,4.728132387706855677e-02,0.000000000000000000e+00,9.448818897637795144e-02,0.000000000000000000e+00,8.821788040260508668e-02,9.826589595375723185e-02,7.900207900207900646e-02,2.419700214132762262e-01,2.055616139585605129e-01,8.379888268156424069e-02,1.016299137104506173e-01,8.369098712446351729e-02,7.836014530358069441e-02,2.611607142857143016e-01,2.150997150997150942e-01,1.025641025641025605e-01,0.000000000000000000e+00,6.270627062706270183e-02,0.000000000000000000e+00,0.000000000000000000e+00,9.600679694137638498e-02,9.135135135135134810e-02,9.112149532710279998e-02,7.553956834532374320e-02,1.173848439821693901e-01,1.213277375047691758e-01,1.479069767441860417e-01,7.726075504828797125e-02,7.843137254901960675e-02,9.282700421940928703e-02,8.789062500000000000e-02,1.160409556313993229e-01,8.012820512820513497e-02,8.448928121059268159e-02,8.930817610062892486e-02,7.094594594594594295e-02,0.000000000000000000e+00,8.943089430894309022e-02,0.000000000000000000e+00,7.547169811320754429e-02,5.011389521640090966e-02,9.783677482792527136e-02,0.000000000000000000e+00,0.000000000000000000e+00,9.090909090909091161e-02,8.920187793427229728e-02,8.567415730337078761e-02,9.994288977727013024e-02,7.219947897283215954e-02,1.021671826625386997e-01,2.740998838559814410e-01,4.291845493562231745e-02,1.121495327102803724e-01,1.257521058965102301e-01,1.483050847457627053e-01,6.329113924050633333e-02,8.578313253012048722e-02,5.699481865284974219e-02,0.000000000000000000e+00,6.896551724137930939e-02,7.204116638078902901e-02,0.000000000000000000e+00,1.089776855215360690e-01,8.039816232771822280e-02,1.005586592178770999e-01,6.745182012847965314e-02,6.694560669456066371e-02,1.015820149875104050e-01,0.000000000000000000e+00,1.051175656984785628e-01,7.704654895666131209e-02,1.059288537549407105e-01,9.816971713810315747e-02,3.989592367736340128e-02,7.936507936507936067e-02,5.555555555555555247e-02,6.870229007633588125e-02,8.999999999999999667e-02,1.181779114740008629e-01,0.000000000000000000e+00,9.080047789725209650e-02,1.098901098901098883e-01,1.032320308731307229e-01,7.590759075907591025e-02,1.297709923664122078e-01,9.443861490031479899e-02,4.444444444444444614e-02,8.195592286501376944e-02,0.000000000000000000e+00,3.686274509803921795e-01,0.000000000000000000e+00,0.000000000000000000e+00,1.797752808988763995e-01,6.612529002320186033e-02,1.045751633986928136e-01,6.029232643118148660e-02,0.000000000000000000e+00,7.543520309477756702e-02,0.000000000000000000e+00,2.333669354838709686e-01,2.754050073637702711e-01,5.057471264367816022e-02,1.091370558375634459e-01,0.000000000000000000e+00,0.000000000000000000e+00,8.495752123938031530e-02,5.862646566164154277e-02,8.726899383983573177e-02,5.993690851735015979e-02,1.032374100719424398e-01,8.564231738035264774e-02,1.752645502645502618e-01,8.373205741626794929e-02,8.916177255739454743e-02,2.643356643356643554e-01,2.338709677419354704e-01,8.995037220843672687e-02,9.756097560975610095e-02,1.811224489795918435e-01,8.218623481781377194e-02,7.692307692307692735e-02,0.000000000000000000e+00,7.662835249042145025e-02,6.932409012131715564e-02,2.834645669291338543e-01,6.748466257668711554e-02,8.620689655172414367e-02,0.000000000000000000e+00,9.781021897810218690e-02,8.973252804141501615e-02,9.222886421861656303e-02,0.000000000000000000e+00,1.964980544747081670e-01,0.000000000000000000e+00,0.000000000000000000e+00,4.761904761904761640e-02,0.000000000000000000e+00,8.744394618834080979e-02,9.673115410273515347e-02,2.453900709219858089e-01,1.526315789473684237e-01,1.181882519462137265e-01,8.232789212207239360e-02,2.141312184571016464e-01,7.697121401752189673e-02,7.897435897435897689e-02,1.011450381679389332e-01,2.172869147659063638e-01,8.364839319470698809e-02,9.794988610478359836e-02,8.881789137380191601e-02,0.000000000000000000e+00,1.706161137440758424e-01,8.069164265129682989e-02,7.167070217917675956e-02,6.844106463878327218e-02,2.500900900900900892e-01,8.885542168674698260e-02,8.050847457627118009e-02,5.917159763313609155e-02,0.000000000000000000e+00,5.660377358490566169e-02,0.000000000000000000e+00,2.149954832881662281e-01,2.596491228070175183e-01,9.900090826521344700e-02,8.631682197155468583e-02,1.052123552123552103e-01,0.000000000000000000e+00,5.555555555555555247e-02,8.094262295081967873e-02,1.144164759725400521e-01,1.083521444695259572e-01,1.007025761124121788e-01,9.853249475890984987e-02,9.641255605381165994e-02,9.713024282560706046e-02,8.686440677966102142e-02,8.893280632411067199e-02,9.375000000000000000e-02,1.092896174863387942e-01,1.308793456032719960e-01,1.084337349397590383e-01,9.355509355509356029e-02,1.189427312775330342e-01,9.314586994727591662e-02,8.801498127340824651e-02,7.356321839080459668e-02,9.453781512605041737e-02,1.026615969581749083e-01,1.037735849056603821e-01
2.898550724637681195e-02,4.225352112676056260e-02,2.368421052631578816e-01,2.826086956521738913e-01,2.985074626865671377e-01,2.500000000000000000e-01,0.000000000000000000e+00,0.000000000000000000e+00,0.000000000000000000e+00,1.250000000000000000e-01,5.333333333333333676e-02,1.263157894736842146e-01,7.407407407407406996e-02,0.000000000000000000e+00,1.176470588235294101e-01,1.794871794871794879e-01,5.747126436781609116e-02,1.794871794871794879e-01,7.894736842105262720e-02,1.538461538461538547e-01,1.250000000000000000e-01,0.000000000000000000e+00,1.447963800904977505e-01,1.911764705882352811e-01,5.263157894736841813e-02,0.000000000000000000e+00,1.166666666666666685e-01,4.081632653061224164e-02,3.846153846153846367e-02,5.921052631578947040e-02,1.250000000000000000e-01,1.214285714285714274e-01,6.250000000000000000e-02,2.487562189054726494e-02,1.256281407035175768e-01,7.228915662650602092e-02,1.176470588235294101e-01,4.137931034482758563e-02,1.875000000000000000e-01,7.303370786516853730e-02,1.578947368421052544e-01,7.142857142857142461e-02,1.388888888888888951e-01,3.636363636363636187e-02,7.246376811594203160e-02,0.000000000000000000e+00,4.444444444444444614e-02,1.764705882352941291e-01,7.964601769911504314e-02,0.000000000000000000e+00,6.666666666666666574e-02,4.545454545454545581e-02,5.714285714285714107e-02,1.428571428571428492e-01,3.125000000000000000e-02,1.976744186046511531e-01,1.578947368421052544e-01,1.538461538461538547e-01,1.547619047619047672e-01,5.357142857142856845e-02,5.882352941176470507e-02,1.734693877551020391e-01,1.549295774647887203e-01,7.407407407407406996e-02,4.830917874396135209e-02,0.000000000000000000e+00,3.478260869565217434e-02,6.024096385542168641e-02,5.714285714285714107e-02,1.250000000000000000e-01,6.806282722513089245e-02,4.819277108433735191e-02,1.067961165048543631e-01,5.555555555555555247e-02,2.112676056338028130e-01,1.935483870967742021e-02,1.538461538461538547e-01,2.405498281786941708e-02,8.661417322834645549e-02,4.195804195804195974e-02,1.666666666666666574e-01,1.086956521739130405e-01,8.999999999999999667e-02,8.474576271186440302e-02,1.724137931034482873e-01,1.666666666666666644e-02,2.608695652173912902e-02,0.000000000000000000e+00,7.751937984496123923e-02,1.818181818181818094e-02,7.142857142857142461e-02,9.523809523809523281e-02,1.496598639455782309e-01,6.547619047619047949e-02,1.333333333333333315e-01,2.549019607843137081e-01,1.657142857142857029e-01,2.857142857142857054e-02,1.020408163265306145e-01,1.567164179104477695e-01,2.631578947368420907e-02,6.250000000000000000e-02,9.523809523809523281e-02,4.678362573099414945e-02,5.936073059360730264e-02,3.225806451612903136e-02,3.571428571428571230e-02,0.000000000000000000e+00,5.970149253731343170e-02,0.000000000000000000e+00,2.380952380952380820e-02,7.641196013289036637e-02,6.593406593406593574e-02,5.434782608695652023e-02,8.999999999999999667e-02,6.578947368421052266e-02,1.666666666666666574e-01,7.070707070707070441e-02,4.950495049504950729e-02,6.250000000000000000e-02,1.779661016949152519e-01,2.906976744186046471e-02,8.571428571428571508e-02,4.926108374384236682e-02,1.764705882352941291e-01,7.801418439716312214e-02,1.014492753623188470e-01,3.030303030303030387e-02,1.223404255319148898e-01,7.407407407407406996e-02,0.000000000000000000e+00,1.086956521739130405e-01,0.000000000000000000e+00,7.100591715976331542e-02,9.829059829059828834e-02,1.428571428571428492e-01,4.347826086956521618e-02,6.321839080459770721e-02,8.333333333333332871e-02,9.183673469387755584e-02,9.803921568627450844e-02,4.368932038834951598e-02,0.000000000000000000e+00,3.703703703703703498e-02,9.090909090909091161e-02,0.000000000000000000e+00,7.499999999999999722e-02,0.000000000000000000e+00,0.000000000000000000e+00,6.923076923076923461e-02,1.096774193548387122e-01,5.128205128205128027e-02,2.608695652173912971e-01,1.403508771929824483e-01,1.021276595744680799e-01,7.446808510638297518e-02,1.052631578947368363e-01,9.090909090909091161e-02,1.714285714285714302e-01,1.226415094339622647e-01,7.692307692307692735e-02,1.475409836065573743e-01,1.272727272727272596e-01,8.176100628930817182e-02,1.923076923076923184e-01,0.000000000000000000e+00,2.045454545454545581e-01,0.000000000000000000e+00,5.263157894736841813e-02,2.368421052631578816e-01,7.391304347826087306e-02,0.000000000000000000e+00,0.000000000000000000e+00,4.545454545454545581e-02,4.166666666666666435e-02,1.617647058823529493e-01,6.878306878306877925e-02,1.629392971246006461e-01,3.846153846153846367e-02,5.524861878453038444e-03,4.117647058823529216e-01,3.225806451612903136e-02,1.096774193548387122e-01,3.846153846153846367e-02,1.470588235294117696e-01,9.547738693467336391e-02,1.176470588235294101e-01,0.000000000000000000e+00,2.399999999999999911e-01,8.450704225352112520e-02,0.000000000000000000e+00,3.738317757009345516e-02,5.517241379310344751e-02,1.304347826086956486e-01,1.165048543689320426e-01,1.395348837209302306e-01,4.504504504504504292e-02,0.000000000000000000e+00,2.739726027397260122e-02,6.451612903225806273e-02,5.882352941176470507e-02,1.129032258064516098e-01,9.649122807017543324e-02,1.190476190476190410e-01,3.571428571428571230e-02,4.761904761904761640e-02,8.139534883720930813e-02,4.504504504504504292e-02,0.000000000000000000e+00,3.191489361702127409e-02,1.896551724137930939e-01,7.207207207207207145e-02,4.166666666666666435e-02,1.020408163265306145e-01,1.052631578947368363e-01,3.333333333333333148e-01,1.347517730496453903e-01,0.000000000000000000e+00,6.666666666666666574e-02,0.000000000000000000e+00,0.000000000000000000e+00,0.000000000000000000e+00,4.878048780487805047e-02,1.282051282051281937e-01,2.060606060606060552e-01,0.000000000000000000e+00,8.771929824561403022e-02,0.000000000000000000e+00,2.840909090909090814e-02,1.694915254237288130e-02,1.129032258064516098e-01,1.063829787234042562e-01,0.000000000000000000e+00,0.000000000000000000e+00,5.759162303664921295e-02,2.608695652173912971e-01,5.423728813559321876e-02,6.923076923076923461e-02,1.264822134387351693e-01,1.348314606741572996e-01,5.590062111801242378e-02,1.152416356877323383e-01,9.090909090909091161e-02,3.589743589743589480e-02,0.000000000000000000e+00,8.474576271186440302e-02,1.250000000000000000e-01,9.090909090909091161e-02,8.000000000000000167e-02,9.790209790209790375e-02,0.000000000000000000e+00,2.666666666666666630e-01,2.380952380952380820e-01,3.571428571428571230e-02,2.153846153846153966e-01,2.424242424242424310e-01,0.000000000000000000e+00,1.250000000000000000e-01,5.172413793103448204e-02,4.641350210970464352e-02,0.000000000000000000e+00,8.888888888888889228e-02,0.000000000000000000e+00,0.000000000000000000e+00,3.703703703703703498e-01,0.000000000000000000e+00,7.843137254901960675e-02,3.472222222222222376e-02,1.492537313432835792e-02,2.678571428571428423e-02,3.906250000000000000e-02,1.589403973509933843e-01,5.468750000000000000e-02,1.597633136094674666e-01,4.395604395604395948e-02,1.346153846153846090e-01,6.451612903225806273e-02,1.126760563380281716e-01,3.968253968253968034e-02,1.470588235294117696e-01,0.000000000000000000e+00,0.000000000000000000e+00,1.212121212121212155e-01,4.245283018867924280e-02,2.380952380952380820e-02,4.697986577181208212e-02,1.265822784810126563e-02,3.125000000000000000e-02,5.000000000000000278e-02,0.000000000000000000e+00,5.000000000000000278e-02,0.000000000000000000e+00,2.970297029702970160e-02,0.000000000000000000e+00,8.812260536398466848e-02,1.209302325581395332e-01,7.391304347826087306e-02,0.000000000000000000e+00,1.499999999999999944e-01,9.803921568627450844e-02,1.428571428571428492e-01,5.128205128205128027e-02,8.000000000000000167e-02,8.771929824561403022e-02,6.896551724137930939e-02,8.955223880597014408e-02,5.769230769230769551e-02,1.499999999999999944e-01,7.692307692307692735e-02,6.153846153846154188e-02,1.250000000000000000e-01,1.029411764705882304e-01,9.090909090909091161e-02,5.999999999999999778e-02,8.771929824561403022e-02,1.071428571428571369e-01,8.064516129032257841e-02,0.000000000000000000e+00,2.439024390243902524e-02,3.389830508474576259e-02
4.857142857142857095e-01,2.500000000000000000e-01,2.307692307692307820e-01,2.058823529411764608e-01,2.142857142857142738e-01,2.142857142857142738e-01,0.000000000000000000e+00,0.000000000000000000e+00,0.000000000000000000e+00,3.333333333333333148e-01,2.500000000000000000e-01,4.705882352941176405e-01,2.000000000000000111e-01,0.000000000000000000e+00,5.217391304347825942e-01,3.333333333333333148e-01,2.093023255813953598e-01,4.545454545454545303e-01,1.250000000000000000e-01,0.000000000000000000e+00,2.500000000000000000e-01,0.000000000000000000e+00,2.537313432835821003e-01,2.933333333333333348e-01,2.857142857142856984e-01,0.000000000000000000e+00,5.000000000000000000e-01,3.750000000000000000e-01,1.860465116279069742e-01,4.666666666666666741e-01,2.000000000000000111e-01,2.285714285714285643e-01,4.615384615384615641e-01,2.916666666666666852e-01,3.076923076923077094e-01,2.545454545454545192e-01,3.437500000000000000e-01,2.352941176470588203e-01,3.478260869565217295e-01,5.230769230769231060e-01,3.333333333333333148e-01,4.411764705882352811e-01,5.000000000000000000e-01,2.156862745098039325e-01,3.157894736842105088e-01,0.000000000000000000e+00,3.650793650793650591e-01,3.636363636363636465e-01,3.164556962025316666e-01,1.428571428571428492e-01,3.018867924528301772e-01,6.250000000000000000e-01,4.000000000000000222e-01,0.000000000000000000e+00,8.181818181818182323e-01,1.739130434782608647e-01,9.090909090909090606e-01,4.666666666666666741e-01,6.111111111111111605e-01,6.129032258064516236e-01,0.000000000000000000e+00,3.272727272727272707e-01,3.174603174603174427e-01,2.500000000000000000e-01,5.454545454545454142e-01,1.666666666666666574e-01,2.068965517241379282e-01,1.818181818181818232e-01,2.000000000000000111e-01,4.285714285714285476e-01,3.658536585365853577e-01,4.545454545454545303e-01,4.831460674157303514e-01,4.516129032258064391e-01,3.181818181818181768e-01,1.333333333333333315e-01,5.000000000000000000e-01,3.448275862068965747e-01,1.538461538461538547e-01,5.833333333333333703e-01,2.272727272727272652e-01,1.199999999999999956e-01,3.599999999999999867e-01,6.551724137931034253e-01,3.235294117647058987e-01,2.857142857142856984e-01,1.282051282051281937e-01,0.000000000000000000e+00,4.500000000000000111e-01,4.444444444444444198e-01,4.705882352941176405e-01,4.615384615384615641e-01,2.250000000000000056e-01,3.518518518518518601e-01,3.636363636363636465e-01,2.272727272727272652e-01,2.982456140350877027e-01,2.777777777777777901e-01,0.000000000000000000e+00,3.157894736842105088e-01,4.285714285714285476e-01,2.500000000000000000e-01,2.000000000000000111e-01,2.391304347826087029e-01,2.769230769230769384e-01,1.666666666666666574e-01,2.500000000000000000e-01,0.000000000000000000e+00,5.416666666666666297e-01,0.000000000000000000e+00,6.666666666666666297e-01,3.030303030303030387e-01,3.809523809523809312e-01,2.045454545454545581e-01,2.999999999999999889e-01,1.724137931034482873e-01,3.333333333333333148e-01,3.492063492063491870e-01,8.695652173913043237e-02,6.263736263736263687e-01,4.000000000000000222e-01,2.833333333333333259e-01,0.000000000000000000e+00,3.670886075949367222e-01,5.000000000000000000e-01,5.681818181818182323e-01,2.399999999999999911e-01,3.125000000000000000e-01,3.666666666666666408e-01,8.333333333333333703e-01,0.000000000000000000e+00,5.000000000000000000e-01,0.000000000000000000e+00,2.987012987012986898e-01,3.599999999999999867e-01,4.285714285714285476e-01,2.999999999999999889e-01,2.444444444444444364e-01,0.000000000000000000e+00,2.857142857142856984e-01,3.125000000000000000e-01,5.846153846153846478e-01,1.818181818181818232e-01,1.000000000000000056e-01,6.250000000000000000e-01,0.000000000000000000e+00,7.857142857142856984e-01,0.000000000000000000e+00,0.000000000000000000e+00,2.592592592592592449e-01,3.260869565217391353e-01,6.739130434782608647e-01,1.111111111111111049e-01,4.705882352941176405e-01,2.891566265060240837e-01,2.500000000000000000e-01,3.243243243243243423e-01,3.571428571428571508e-01,1.428571428571428492e-01,4.444444444444444198e-01,3.043478260869565410e-01,4.444444444444444198e-01,2.894736842105263275e-01,5.131578947368421462e-01,9.090909090909091161e-02,0.000000000000000000e+00,3.750000000000000000e-01,0.000000000000000000e+00,4.000000000000000222e-01,1.666666666666666574e-01,3.387096774193548154e-01,0.000000000000000000e+00,0.000000000000000000e+00,2.000000000000000111e-01,5.333333333333333259e-01,2.399999999999999911e-01,1.250000000000000000e-01,2.112676056338028130e-01,3.636363636363636465e-01,1.967213114754098324e-01,2.222222222222222099e-01,6.666666666666666297e-01,2.363636363636363591e-01,0.000000000000000000e+00,2.000000000000000111e-01,2.244897959183673464e-01,1.666666666666666574e-01,0.000000000000000000e+00,8.000000000000000444e-01,4.444444444444444198e-01,0.000000000000000000e+00,3.103448275862069061e-01,3.529411764705882582e-01,5.999999999999999778e-01,2.500000000000000000e-01,3.589743589743589758e-01,4.545454545454545303e-01,0.000000000000000000e+00,5.555555555555555802e-01,5.999999999999999778e-01,4.482758620689655249e-01,4.285714285714285476e-01,5.749999999999999556e-01,2.580645161290322509e-01,3.636363636363636465e-01,7.500000000000000000e-01,2.881355932203389925e-01,1.967213114754098324e-01,0.000000000000000000e+00,6.428571428571429047e-01,2.631578947368420907e-01,3.333333333333333148e-01,1.428571428571428492e-01,3.666666666666666408e-01,2.461538461538461675e-01,0.000000000000000000e+00,3.437500000000000000e-01,0.000000000000000000e+00,3.333333333333333148e-01,0.000000000000000000e+00,0.000000000000000000e+00,4.000000000000000222e-01,2.105263157894736725e-01,4.166666666666666852e-01,1.875000000000000000e-01,0.000000000000000000e+00,5.000000000000000000e-01,0.000000000000000000e+00,2.222222222222222099e-01,2.999999999999999889e-01,2.857142857142856984e-01,3.846153846153846367e-01,0.000000000000000000e+00,0.000000000000000000e+00,5.156250000000000000e-01,2.500000000000000000e-01,5.813953488372093359e-01,1.944444444444444475e-01,3.582089552238805763e-01,3.043478260869565410e-01,3.148148148148148251e-01,3.246753246753246724e-01,5.696202531645570000e-01,2.142857142857142738e-01,1.666666666666666574e-01,1.351351351351351426e-01,3.499999999999999778e-01,2.105263157894736725e-01,5.492957746478873693e-01,3.846153846153846367e-01,0.000000000000000000e+00,5.000000000000000000e-01,2.000000000000000111e-01,1.025641025641025605e-01,2.000000000000000111e-01,2.857142857142856984e-01,0.000000000000000000e+00,4.400000000000000022e-01,3.230769230769230949e-01,3.166666666666666519e-01,0.000000000000000000e+00,1.428571428571428492e-01,0.000000000000000000e+00,0.000000000000000000e+00,2.999999999999999889e-01,0.000000000000000000e+00,4.000000000000000222e-01,3.243243243243243423e-01,2.800000000000000266e-01,2.903225806451613100e-01,3.541666666666666852e-01,2.444444444444444364e-01,2.391304347826087029e-01,2.826086956521738913e-01,3.200000000000000067e-01,4.166666666666666852e-01,2.452830188679245293e-01,3.934426229508196649e-01,5.000000000000000000e-01,2.553191489361701927e-01,0.000000000000000000e+00,5.555555555555555802e-01,5.000000000000000000e-01,6.612903225806451291e-01,3.684210526315789269e-01,3.552631578947368363e-01,5.625000000000000000e-01,2.727272727272727071e-01,1.000000000000000000e+00,0.000000000000000000e+00,3.333333333333333148e-01,0.000000000000000000e+00,2.666666666666666630e-01,3.333333333333333148e-01,5.131578947368421462e-01,2.027027027027027140e-01,4.117647058823529216e-01,0.000000000000000000e+00,1.818181818181818232e-01,1.904761904761904656e-01,3.571428571428571508e-01,6.315789473684210176e-01,2.857142857142856984e-01,3.333333333333333148e-01,3.846153846153846367e-01,2.000000000000000111e-01,2.173913043478260809e-01,2.500000000000000000e-01,2.592592592592592449e-01,4.166666666666666852e-01,3.333333333333333148e-01,3.333333333333333148e-01,4.000000000000000222e-01,4.545454545454545303e-01,3.125000000000000000e-01,2.857142857142856984e-01,3.888888888888888951e-01,1.111111111111111049e-01,4.117647058823529216e-01,3.499999999999999778e-01
1.095571095571095527e-01,1.091314031180400934e-01,1.804511278195488622e-01,1.639656816015252483e-01,1.250000000000000000e-01,1.716981132075471594e-01,0.000000000000000000e+00,0.000000000000000000e+00,0.000000000000000000e+00,1.767676767676767680e-01,2.201591511936339396e-01,1.728665207877461696e-01,1.950000000000000067e-01,0.000000000000000000e+00,8.951965065502183461e-02,1.071428571428571369e-01,2.334675100632547518e-01,7.425990968389362124e-02,1.165413533834586401e-01,1.073170731707317055e-01,9.713024282560706046e-02,0.000000000000000000e+00,8.566895822316235309e-02,8.846153846153846645e-02,8.374384236453201458e-02,0.000000000000000000e+00,8.029197080291970712e-02,8.775981524249422405e-02,1.060240963855421659e-01,1.103848946986201868e-01,6.250000000000000000e-02,8.263695450324977376e-02,4.057971014492753326e-02,7.330482590103848395e-02,8.202247191011236005e-02,8.115543328748280050e-02,2.972136222910216619e-01,7.524932003626473576e-02,1.086657496561210523e-01,1.292517006802721136e-01,7.344632768361582242e-02,7.649043869516310157e-02,2.083333333333333426e-01,7.302533532041728670e-02,8.016877637130802314e-02,0.000000000000000000e+00,9.052757793764988625e-02,9.960159362549800277e-02,7.836153161175422877e-02,1.306306306306306286e-01,2.597162245527452340e-01,4.566210045662100203e-02,7.931034482758621273e-02,6.921241050119331106e-02,7.430340557275541546e-02,7.212205270457697215e-02,1.266375545851528284e-01,8.086253369272236591e-02,1.017241379310344779e-01,1.194379391100702514e-01,9.818181818181817566e-02,8.800521512385919842e-02,9.055555555555555580e-02,8.967391304347825665e-02,1.061850027367268745e-01,6.197183098591549366e-02,3.813559322033898552e-02,5.510752688172042973e-02,7.272727272727272374e-02,1.227678571428571369e-01,6.459054209919261325e-02,8.043217286914765285e-02,1.069145845438698450e-01,2.692673644148430023e-01,7.894736842105262720e-02,1.114149008885851055e-01,4.615384615384615641e-02,5.855855855855855718e-02,5.882352941176470507e-02,1.263565891472868130e-01,8.377239199157007765e-02,7.073954983922829676e-02,1.458998935037273681e-01,8.294930875576037033e-02,1.525229357798165153e-01,6.835937500000000000e-02,1.034482758620689641e-01,0.000000000000000000e+00,1.300309597523219840e-01,7.561235356762513460e-02,1.661764705882352866e-01,1.125000000000000028e-01,9.137055837563451410e-02,2.551975051975051700e-01,8.417508417508418050e-02,1.135213304410701424e-01,9.943582510578279077e-02,6.396255850234008888e-02,7.900677200902934960e-02,9.498069498069497407e-02,7.091633466135457975e-02,6.250000000000000000e-02,7.369942196531792389e-02,1.111741349971639287e-01,1.154454401686874077e-01,8.125000000000000278e-02,7.067137809187279407e-02,0.000000000000000000e+00,9.004739336492890989e-02,0.000000000000000000e+00,6.201550387596899139e-02,8.848080133555925875e-02,6.639566395663956677e-02,8.220024721878863017e-02,2.114537444933920762e-01,2.654639175257731964e-01,2.043895747599451251e-01,7.864583333333333148e-02,9.396751740139211440e-02,1.088014153029632919e-01,7.794676806083650211e-02,1.225323349217154467e-01,5.376344086021505458e-02,1.041226215644820291e-01,1.278195488721804440e-01,1.140994295028524841e-01,9.128630705394190359e-02,2.376644736842105365e-01,2.015810276679841917e-01,5.515587529976018893e-02,0.000000000000000000e+00,1.010928961748633892e-01,0.000000000000000000e+00,2.072409488139825284e-01,1.872427983539094731e-01,2.333333333333333370e-01,7.035175879396984855e-02,8.102893890675241795e-02,1.757188498402555976e-01,2.193614830072090627e-01,1.882352941176470562e-01,9.545454545454545858e-02,9.895833333333332871e-02,8.196721311475409222e-02,8.230452674897119347e-02,0.000000000000000000e+00,8.677685950413223381e-02,0.000000000000000000e+00,0.000000000000000000e+00,2.615526802218114399e-01,2.203765227021040884e-01,7.610619469026548567e-02,1.103678929765886246e-01,2.321755027422303386e-01,1.043956043956043994e-01,1.640211640211640121e-01,1.217948717948717924e-01,2.011331444759206777e-01,4.285714285714285754e-02,8.876404494382023058e-02,2.484742807323452596e-01,2.253032928942807489e-01,9.943977591036413932e-02,8.784773060029282821e-02,9.823182711198427675e-02,0.000000000000000000e+00,8.755760368663594029e-02,0.000000000000000000e+00,1.124031007751938038e-01,5.714285714285714107e-02,8.270676691729322849e-02,0.000000000000000000e+00,0.000000000000000000e+00,4.979253112033194678e-02,9.310344827586207461e-02,2.073170731707316972e-01,1.024643320363164689e-01,8.137651821862347534e-02,1.164383561643835552e-01,1.091593475533249730e-01,1.133004926108374388e-01,6.829268292682927344e-02,2.683410442828816911e-01,2.063492063492063378e-01,5.228758169934640682e-02,2.632964718272775007e-01,5.405405405405405705e-02,0.000000000000000000e+00,6.018518518518518184e-02,1.007604562737642595e-01,0.000000000000000000e+00,6.802721088435374763e-02,5.200341005967604180e-02,7.324840764331209952e-02,8.807134894091415978e-02,6.562756357670221363e-02,5.866177818515123932e-02,0.000000000000000000e+00,7.635829662261379991e-02,7.478260869565217517e-02,7.545454545454545470e-02,6.506849315068492789e-02,1.799999999999999933e-01,8.344549125168236603e-02,2.347417840375586873e-01,1.538461538461538547e-01,1.716848174247277425e-01,7.015902712815715037e-02,0.000000000000000000e+00,7.644110275689222633e-02,1.529636711281070760e-01,8.800448430493273966e-02,3.367003367003366943e-02,1.053511705685618721e-01,2.247386759581881666e-01,1.118421052631578955e-01,6.469648562300318873e-02,0.000000000000000000e+00,4.784688995215310992e-02,0.000000000000000000e+00,0.000000000000000000e+00,7.558139534883720478e-02,1.780821917808219079e-01,9.302325581395348708e-02,9.010238907849829615e-02,0.000000000000000000e+00,2.422997946611909759e-01,0.000000000000000000e+00,8.601485148514850798e-02,9.760273972602739878e-02,6.993006993006993521e-02,9.939759036144578397e-02,0.000000000000000000e+00,0.000000000000000000e+00,1.051020408163265279e-01,7.155963302752293975e-02,1.069836552748885533e-01,6.405990016638934970e-02,1.205265322912381781e-01,8.018154311649017263e-02,9.153846153846154077e-02,8.982035928143712600e-02,1.068322981366459645e-01,7.520891364902507203e-02,7.324840764331209952e-02,2.302861130495464093e-01,9.255079006772008732e-02,1.346153846153846090e-01,9.488084730803177103e-02,8.595194085027726971e-02,0.000000000000000000e+00,2.157676348547717948e-01,9.980430528375733301e-02,1.191885038038884154e-01,7.130124777183600993e-02,1.019108280254777121e-01,0.000000000000000000e+00,7.357859531772575901e-02,2.279241793804900607e-01,8.868958644743397957e-02,0.000000000000000000e+00,8.080808080808081495e-02,0.000000000000000000e+00,0.000000000000000000e+00,1.000000000000000056e-01,0.000000000000000000e+00,6.928406466512701534e-02,7.748008689355539991e-02,7.182320441988949977e-02,8.306709265175718504e-02,8.288973384030418057e-02,7.692307692307692735e-02,8.404074702886248083e-02,8.708065667380442132e-02,1.216374269005847941e-01,1.066398390342052360e-01,1.243709561466570801e-01,2.166836215666327614e-01,1.018998272884283213e-01,8.289768483943241173e-02,0.000000000000000000e+00,4.329004329004328827e-02,1.953642384105960250e-01,1.114190687361419074e-01,8.873239436619718978e-02,1.095392077607113962e-01,6.310679611650485410e-02,5.873261205564141857e-02,6.091370558375634736e-02,0.000000000000000000e+00,5.737704918032787010e-02,0.000000000000000000e+00,7.120743034055727894e-02,9.293680297397768908e-02,1.062034739454094240e-01,7.944444444444444253e-02,7.720979765708199660e-02,0.000000000000000000e+00,1.013513513513513570e-01,8.085612366230678083e-02,1.036269430051813406e-01,7.379134860050889921e-02,1.005154639175257769e-01,6.839622641509433831e-02,1.316964285714285754e-01,8.056872037914691864e-02,9.635974304068523066e-02,1.056511056511056507e-01,1.134751773049645363e-01,1.040816326530612235e-01,8.805031446540879936e-02,1.043478260869565161e-01,1.002570694087403652e-01,8.749999999999999445e-02,8.658008658008657654e-02,1.042944785276073566e-01,1.012345679012345706e-01,8.235294117647058709e-02,8.275862068965517127e-02,9.183673469387755584e-02
5.161290322580645018e-01,4.705882352941176405e-01,6.666666666666666297e-01,4.444444444444444198e-01,3.333333333333333148e-01,4.166666666666666852e-01,0.000000000000000000e+00,0.000000000000000000e+00,0.000000000000000000e+00,2.000000000000000111e-01,2.666666666666666630e-01,4.444444444444444198e-01,5.000000000000000000e-01,0.000000000000000000e+00,6.842105263157894912e-01,3.333333333333333148e-01,6.666666666666666297e-01,3.333333333333333148e-01,4.000000000000000222e-01,5.999999999999999778e-01,2.857142857142856984e-01,0.000000000000000000e+00,3.055555555555555802e-01,3.589743589743589758e-01,4.000000000000000222e-01,0.000000000000000000e+00,8.571428571428570953e-01,4.000000000000000222e-01,5.882352941176470784e-01,3.928571428571428492e-01,0.000000000000000000e+00,2.812500000000000000e-01,5.833333333333333703e-01,5.384615384615384359e-01,2.432432432432432567e-01,5.777777777777777235e-01,4.838709677419354982e-01,3.846153846153846367e-01,5.833333333333333703e-01,2.553191489361701927e-01,1.000000000000000000e+00,4.444444444444444198e-01,3.750000000000000000e-01,5.952380952380952328e-01,7.368421052631578538e-01,0.000000000000000000e+00,5.250000000000000222e-01,8.333333333333333703e-01,7.441860465116278966e-01,1.000000000000000000e+00,4.888888888888888729e-01,2.500000000000000000e-01,5.000000000000000000e-01,8.000000000000000444e-01,2.000000000000000111e-01,2.777777777777777901e-01,4.000000000000000222e-01,5.714285714285713969e-01,5.000000000000000000e-01,4.347826086956521618e-02,8.333333333333333703e-01,1.428571428571428492e-01,2.258064516129032195e-01,6.666666666666666297e-01,4.444444444444444198e-01,2.500000000000000000e-01,8.571428571428570953e-01,5.454545454545454142e-01,8.750000000000000000e-01,8.333333333333333703e-01,6.875000000000000000e-01,5.217391304347825942e-01,2.857142857142856984e-01,7.199999999999999734e-01,2.800000000000000266e-01,5.312500000000000000e-01,1.000000000000000000e+00,7.301587301587301182e-01,4.444444444444444198e-01,4.400000000000000022e-01,3.142857142857142794e-01,3.076923076923077094e-01,4.666666666666666741e-01,2.500000000000000000e-01,3.448275862068965747e-01,6.999999999999999556e-01,3.913043478260869734e-01,0.000000000000000000e+00,5.925925925925925597e-01,7.600000000000000089e-01,6.250000000000000000e-01,5.384615384615384359e-01,3.939393939393939226e-01,5.319148936170212671e-01,6.666666666666666297e-01,3.030303030303030387e-01,3.928571428571428492e-01,4.000000000000000222e-01,5.000000000000000000e-01,3.571428571428571508e-01,7.105263157894736725e-01,5.517241379310344751e-01,7.058823529411765163e-01,5.357142857142856984e-01,4.883720930232557933e-01,7.500000000000000000e-01,1.000000000000000000e+00,0.000000000000000000e+00,5.333333333333333259e-01,0.000000000000000000e+00,8.000000000000000444e-01,6.562500000000000000e-01,3.076923076923077094e-01,5.357142857142856984e-01,6.842105263157894912e-01,5.600000000000000533e-01,4.545454545454545303e-01,5.689655172413793371e-01,5.238095238095238360e-01,5.106382978723403854e-01,3.076923076923077094e-01,4.883720930232557933e-01,8.333333333333333703e-01,4.210526315789473450e-01,5.000000000000000000e-01,3.928571428571428492e-01,5.294117647058823595e-01,4.444444444444444198e-01,4.285714285714285476e-01,3.333333333333333148e-01,0.000000000000000000e+00,3.333333333333333148e-01,0.000000000000000000e+00,4.615384615384615641e-01,4.833333333333333370e-01,6.999999999999999556e-01,5.555555555555555802e-01,6.315789473684210176e-01,6.666666666666666297e-01,6.538461538461538547e-01,5.555555555555555802e-01,3.870967741935483764e-01,5.555555555555555802e-01,7.500000000000000000e-01,8.000000000000000444e-01,0.000000000000000000e+00,1.000000000000000000e+00,0.000000000000000000e+00,0.000000000000000000e+00,6.206896551724138122e-01,6.285714285714285587e-01,1.923076923076923184e-01,5.000000000000000000e-01,5.000000000000000000e-01,7.105263157894736725e-01,5.000000000000000000e-01,3.888888888888888951e-01,6.666666666666666297e-01,1.666666666666666574e-01,4.736842105263157632e-01,4.814814814814814548e-01,3.333333333333333148e-01,4.444444444444444198e-01,3.714285714285714413e-01,2.857142857142856984e-01,0.000000000000000000e+00,4.285714285714285476e-01,0.000000000000000000e+00,3.333333333333333148e-01,7.500000000000000000e-01,4.500000000000000111e-01,0.000000000000000000e+00,0.000000000000000000e+00,1.000000000000000000e+00,2.999999999999999889e-01,5.500000000000000444e-01,5.526315789473684736e-01,4.210526315789473450e-01,5.000000000000000000e-01,5.000000000000000000e-01,4.000000000000000222e-01,0.000000000000000000e+00,4.358974358974359031e-01,1.000000000000000000e+00,0.000000000000000000e+00,5.744680851063830307e-01,1.000000000000000000e+00,0.000000000000000000e+00,2.000000000000000111e-01,2.500000000000000000e-01,0.000000000000000000e+00,5.000000000000000000e-01,5.999999999999999778e-01,5.000000000000000000e-01,2.500000000000000000e-01,3.142857142857142794e-01,5.600000000000000533e-01,0.000000000000000000e+00,2.500000000000000000e-01,2.500000000000000000e-01,7.857142857142856984e-01,6.250000000000000000e-01,2.608695652173912971e-01,5.333333333333333259e-01,6.666666666666666297e-01,0.000000000000000000e+00,5.799999999999999600e-01,5.833333333333333703e-01,0.000000000000000000e+00,2.857142857142856984e-01,4.000000000000000222e-01,4.509803921568627527e-01,1.000000000000000000e+00,5.000000000000000000e-01,3.599999999999999867e-01,0.000000000000000000e+00,2.222222222222222099e-01,0.000000000000000000e+00,5.000000000000000000e-01,0.000000000000000000e+00,0.000000000000000000e+00,6.666666666666666297e-01,8.333333333333333703e-01,8.000000000000000444e-01,3.235294117647058987e-01,0.000000000000000000e+00,4.375000000000000000e-01,0.000000000000000000e+00,5.945945945945946276e-01,7.222222222222222099e-01,5.000000000000000000e-01,5.000000000000000000e-01,0.000000000000000000e+00,0.000000000000000000e+00,3.928571428571428492e-01,5.000000000000000000e-01,2.391304347826087029e-01,4.761904761904761640e-01,3.703703703703703498e-01,3.636363636363636465e-01,5.000000000000000000e-01,2.608695652173912971e-01,3.958333333333333148e-01,5.666666666666666519e-01,5.000000000000000000e-01,4.827586206896551935e-01,0.000000000000000000e+00,6.086956521739130821e-01,4.107142857142856984e-01,3.181818181818181768e-01,0.000000000000000000e+00,5.714285714285713969e-01,5.999999999999999778e-01,6.153846153846154188e-01,1.666666666666666574e-01,2.500000000000000000e-01,0.000000000000000000e+00,3.333333333333333148e-01,4.583333333333333148e-01,5.806451612903226200e-01,0.000000000000000000e+00,2.727272727272727071e-01,0.000000000000000000e+00,0.000000000000000000e+00,3.333333333333333148e-01,0.000000000000000000e+00,7.500000000000000000e-01,7.857142857142856984e-01,2.857142857142856984e-01,7.777777777777777901e-01,4.166666666666666852e-01,3.902439024390244038e-01,4.482758620689655249e-01,2.142857142857142738e-01,6.296296296296296502e-01,7.777777777777777901e-01,6.578947368421053099e-01,3.387096774193548154e-01,3.599999999999999867e-01,5.357142857142856984e-01,0.000000000000000000e+00,0.000000000000000000e+00,5.714285714285713969e-01,2.800000000000000266e-01,4.285714285714285476e-01,5.111111111111110716e-01,5.555555555555555802e-01,6.875000000000000000e-01,1.000000000000000000e+00,0.000000000000000000e+00,5.999999999999999778e-01,0.000000000000000000e+00,5.000000000000000000e-01,1.000000000000000000e+00,2.884615384615384359e-01,3.829787234042553168e-01,4.545454545454545303e-01,0.000000000000000000e+00,5.000000000000000000e-01,4.230769230769230727e-01,5.000000000000000000e-01,1.250000000000000000e-01,5.000000000000000000e-01,3.846153846153846367e-01,2.727272727272727071e-01,5.454545454545454142e-01,3.684210526315789269e-01,5.333333333333333259e-01,5.000000000000000000e-01,5.000000000000000000e-01,5.882352941176470784e-01,3.750000000000000000e-01,3.076923076923077094e-01,5.999999999999999778e-01,7.142857142857143016e-01,5.384615384615384359e-01,6.666666666666666297e-01,6.666666666666666297e-01,3.181818181818181768e-01,2.727272727272727071e-01
2.857142857142856984e-01,2.686567164179104461e-01,4.166666666666666852e-01,8.181818181818182323e-01,5.625000000000000000e-01,5.294117647058823595e-01,0.000000000000000000e+00,0.000000000000000000e+00,0.000000000000000000e+00,3.333333333333333148e-01,1.851851851851851749e-01,3.030303030303030387e-01,2.857142857142856984e-01,0.000000000000000000e+00,4.000000000000000222e-01,5.999999999999999778e-01,4.130434782608695676e-01,5.675675675675675436e-01,2.666666666666666630e-01,8.000000000000000444e-01,5.000000000000000000e-01,0.000000000000000000e+00,8.085106382978722861e-01,7.428571428571428825e-01,4.166666666666666852e-01,0.000000000000000000e+00,2.352941176470588203e-01,3.125000000000000000e-01,1.886792452830188815e-01,3.125000000000000000e-01,3.333333333333333148e-01,6.400000000000000133e-01,2.500000000000000000e-01,3.333333333333333148e-01,6.944444444444444198e-01,1.702127659574468044e-01,2.758620689655172376e-01,2.000000000000000111e-01,5.000000000000000000e-01,1.886792452830188815e-01,6.666666666666666297e-01,3.913043478260869734e-01,4.000000000000000222e-01,2.500000000000000000e-01,2.000000000000000111e-01,0.000000000000000000e+00,3.181818181818181768e-01,3.333333333333333148e-01,4.025974025974026205e-01,5.000000000000000000e-01,2.941176470588235392e-01,0.000000000000000000e+00,6.666666666666666574e-02,4.000000000000000222e-01,5.000000000000000000e-01,7.619047619047618625e-01,3.333333333333333148e-01,4.347826086956521618e-01,2.000000000000000111e-01,1.923076923076923184e-01,8.333333333333333703e-01,7.083333333333333703e-01,7.073170731707316694e-01,6.666666666666666297e-01,1.525423728813559421e-01,1.111111111111111049e-01,2.999999999999999889e-01,3.684210526315789269e-01,5.454545454545454142e-01,3.076923076923077094e-01,3.023255813953488191e-01,1.904761904761904656e-01,3.055555555555555802e-01,2.666666666666666630e-01,7.916666666666666297e-01,4.444444444444444198e-01,4.000000000000000222e-01,3.972602739726027177e-01,6.666666666666666297e-01,2.045454545454545581e-01,5.932203389830508211e-01,5.882352941176470784e-01,5.000000000000000000e-01,2.222222222222222099e-01,5.000000000000000000e-01,2.307692307692307820e-01,3.255813953488372325e-01,0.000000000000000000e+00,3.846153846153846367e-01,3.750000000000000000e-01,4.545454545454545303e-01,2.083333333333333426e-01,4.791666666666666852e-01,4.199999999999999845e-01,2.000000000000000111e-01,6.666666666666666297e-01,5.735294117647058432e-01,3.750000000000000000e-01,2.142857142857142738e-01,5.555555555555555802e-01,1.749999999999999889e-01,3.478260869565217295e-01,3.888888888888888951e-01,1.166666666666666685e-01,2.500000000000000000e-01,2.000000000000000111e-01,2.222222222222222099e-01,0.000000000000000000e+00,3.076923076923077094e-01,0.000000000000000000e+00,2.500000000000000000e-01,3.918918918918918859e-01,4.166666666666666852e-01,2.127659574468085124e-01,5.000000000000000000e-01,1.176470588235294101e-01,5.999999999999999778e-01,2.142857142857142738e-01,5.714285714285713969e-01,3.150684931506849140e-01,8.235294117647058432e-01,2.083333333333333426e-01,3.333333333333333148e-01,3.030303030303030387e-01,4.000000000000000222e-01,2.926829268292682751e-01,2.857142857142856984e-01,3.666666666666666408e-01,3.943661971830985657e-01,2.000000000000000111e-01,0.000000000000000000e+00,1.250000000000000000e-01,0.000000000000000000e+00,3.829787234042553168e-01,3.750000000000000000e-01,4.000000000000000222e-01,2.000000000000000111e-01,3.333333333333333148e-01,3.333333333333333148e-01,3.478260869565217295e-01,4.000000000000000222e-01,4.411764705882352811e-01,3.636363636363636465e-01,3.333333333333333148e-01,1.666666666666666574e-01,0.000000000000000000e+00,2.500000000000000000e-01,0.000000000000000000e+00,0.000000000000000000e+00,3.225806451612903136e-01,4.146341463414633943e-01,2.424242424242424310e-01,5.714285714285713969e-01,1.904761904761904656e-01,4.603174603174602919e-01,1.944444444444444475e-01,4.722222222222222099e-01,5.999999999999999778e-01,6.666666666666666297e-01,4.400000000000000022e-01,3.076923076923077094e-01,4.285714285714285476e-01,5.714285714285713969e-01,2.727272727272727071e-01,6.666666666666666297e-01,0.000000000000000000e+00,5.999999999999999778e-01,0.000000000000000000e+00,3.125000000000000000e-01,6.111111111111111605e-01,3.866666666666666585e-01,0.000000000000000000e+00,0.000000000000000000e+00,2.000000000000000111e-01,2.000000000000000111e-01,2.380952380952380820e-01,2.272727272727272652e-01,7.432432432432432012e-01,4.545454545454545303e-01,2.800000000000000266e-01,4.000000000000000222e-01,5.000000000000000000e-01,3.333333333333333148e-01,4.000000000000000222e-01,8.888888888888888395e-01,2.325581395348837177e-01,2.999999999999999889e-01,0.000000000000000000e+00,6.250000000000000000e-01,2.857142857142856984e-01,0.000000000000000000e+00,4.000000000000000222e-01,2.758620689655172376e-01,1.111111111111111049e-01,8.235294117647058432e-01,5.454545454545454142e-01,2.777777777777777901e-01,0.000000000000000000e+00,2.000000000000000111e-01,3.499999999999999778e-01,3.548387096774193727e-01,4.375000000000000000e-01,1.428571428571428492e-01,5.555555555555555802e-01,3.333333333333333148e-01,3.750000000000000000e-01,3.870967741935483764e-01,3.478260869565217295e-01,0.000000000000000000e+00,3.888888888888888951e-01,3.846153846153846367e-01,3.521126760563380031e-01,3.333333333333333148e-01,4.782608695652174058e-01,3.571428571428571508e-01,7.272727272727272929e-01,8.478260869565217295e-01,0.000000000000000000e+00,0.000000000000000000e+00,0.000000000000000000e+00,0.000000000000000000e+00,5.999999999999999778e-01,2.999999999999999889e-01,4.000000000000000222e-01,6.065573770491803351e-01,0.000000000000000000e+00,2.142857142857142738e-01,0.000000000000000000e+00,2.500000000000000000e-01,2.000000000000000111e-01,5.833333333333333703e-01,2.999999999999999889e-01,0.000000000000000000e+00,0.000000000000000000e+00,2.040816326530612290e-01,7.368421052631578538e-01,2.631578947368420907e-01,6.904761904761904656e-01,5.000000000000000000e-01,6.315789473684210176e-01,2.666666666666666630e-01,6.909090909090909172e-01,2.857142857142856984e-01,2.321428571428571508e-01,4.444444444444444198e-01,3.846153846153846367e-01,5.454545454545454142e-01,3.636363636363636465e-01,2.241379310344827624e-01,5.263157894736841813e-01,0.000000000000000000e+00,3.333333333333333148e-01,7.777777777777777901e-01,2.941176470588235392e-01,7.916666666666666297e-01,6.999999999999999556e-01,0.000000000000000000e+00,4.117647058823529216e-01,3.392857142857143016e-01,4.181818181818181546e-01,0.000000000000000000e+00,3.125000000000000000e-01,0.000000000000000000e+00,0.000000000000000000e+00,5.714285714285713969e-01,0.000000000000000000e+00,3.333333333333333148e-01,4.838709677419354982e-01,1.363636363636363535e-01,3.478260869565217295e-01,4.799999999999999822e-01,6.458333333333333703e-01,2.500000000000000000e-01,7.500000000000000000e-01,3.870967741935483764e-01,4.285714285714285476e-01,3.400000000000000244e-01,4.000000000000000222e-01,3.529411764705882582e-01,6.727272727272727293e-01,0.000000000000000000e+00,5.000000000000000000e-01,2.500000000000000000e-01,1.754385964912280604e-01,2.142857142857142738e-01,2.567567567567567433e-01,3.333333333333333148e-01,5.714285714285713969e-01,0.000000000000000000e+00,0.000000000000000000e+00,7.500000000000000000e-01,0.000000000000000000e+00,3.913043478260869734e-01,0.000000000000000000e+00,2.394366197183098455e-01,6.617647058823529216e-01,2.333333333333333370e-01,0.000000000000000000e+00,6.666666666666666297e-01,6.578947368421053099e-01,2.941176470588235392e-01,2.000000000000000111e-01,4.347826086956521618e-01,4.285714285714285476e-01,3.636363636363636465e-01,4.444444444444444198e-01,4.000000000000000222e-01,3.333333333333333148e-01,3.846153846153846367e-01,2.500000000000000000e-01,1.111111111111111049e-01,3.333333333333333148e-01,2.608695652173912971e-01,3.157894736842105088e-01,3.076923076923077094e-01,4.000000000000000222e-01,6.666666666666666297e-01,4.615384615384615641e-01,6.315789473684210176e-01,4.375000000000000000e-01
1.854684512428298182e-01,1.373762376237623872e-01,3.333333333333333148e-01,3.085585585585585711e-01,1.596638655462184753e-01,3.438735177865612780e-01,0.000000000000000000e+00,0.000000000000000000e+00,0.000000000000000000e+00,3.563218390804597790e-01,4.219178082191780699e-01,2.652068126520681357e-01,4.351851851851851749e-01,0.000000000000000000e+00,1.886792452830188815e-01,1.176470588235294101e-01,4.484412470023980690e-01,1.371359223300970820e-01,1.964285714285714246e-01,2.700000000000000178e-01,1.538461538461538547e-01,0.000000000000000000e+00,1.455457967377666306e-01,1.856368563685636963e-01,1.782178217821782096e-01,0.000000000000000000e+00,1.666666666666666574e-01,1.206896551724137984e-01,1.637426900584795231e-01,1.896551724137930939e-01,1.690140845070422504e-01,1.454918032786885196e-01,7.523510971786834256e-02,1.540616246498599518e-01,1.485642946317103641e-01,1.459293394777265718e-01,4.537953795379537913e-01,1.706263498920086441e-01,1.538461538461538547e-01,2.134502923976608069e-01,2.666666666666666630e-01,1.360201511335012714e-01,3.297872340425531679e-01,1.323877068557919590e-01,1.495016611295681142e-01,0.000000000000000000e+00,1.473272490221642639e-01,1.557377049180327933e-01,1.512605042016806622e-01,1.020408163265306145e-01,3.850267379679144231e-01,1.567164179104477695e-01,1.379310344827586188e-01,1.377245508982035960e-01,1.418918918918918859e-01,1.362126245847176120e-01,1.739130434782608647e-01,1.789473684210526327e-01,2.222222222222222099e-01,1.662337662337662336e-01,1.544117647058823595e-01,1.370056497175141108e-01,1.246458923512747813e-01,1.486486486486486569e-01,1.769041769041768963e-01,1.428571428571428492e-01,6.424581005586592342e-02,1.226765799256505640e-01,1.454545454545454475e-01,2.186046511627907085e-01,1.580381471389645798e-01,1.887905604719763986e-01,1.610660486674391767e-01,4.288659793814432741e-01,1.528046421663442900e-01,1.816693944353518775e-01,1.000000000000000056e-01,1.305903398926654690e-01,5.882352941176470507e-02,2.715596330275229509e-01,1.579651941097724166e-01,1.235521235521235550e-01,2.442159383033419007e-01,1.122448979591836732e-01,2.046632124352331661e-01,1.255813953488372214e-01,1.470588235294117696e-01,0.000000000000000000e+00,2.613390928725701778e-01,1.658878504672897103e-01,2.656826568265682753e-01,1.637168141592920401e-01,1.330561330561330635e-01,4.589552238805970075e-01,2.191780821917808098e-01,1.926298157453936455e-01,1.297134238310709009e-01,1.606557377049180335e-01,1.326530612244898044e-01,1.544850498338870559e-01,1.989795918367346927e-01,1.432664756446991317e-01,1.518151815181518205e-01,1.835357624831309153e-01,1.581450653983353105e-01,9.722222222222222376e-02,1.759999999999999898e-01,0.000000000000000000e+00,1.938775510204081565e-01,0.000000000000000000e+00,1.138211382113821085e-01,1.513157894736842091e-01,1.164383561643835552e-01,1.288343558282208645e-01,4.100719424460431695e-01,3.636363636363636465e-01,4.086021505376344343e-01,1.600454029511918230e-01,1.373056994818652732e-01,1.460885956644674966e-01,1.700680272108843483e-01,1.867768595041322255e-01,1.034482758620689641e-01,1.709601873536299721e-01,1.619047619047619124e-01,1.815068493150684970e-01,1.516314779270633295e-01,3.551912568306010987e-01,3.146453089244851120e-01,9.493670886075949999e-02,0.000000000000000000e+00,2.046783625730994038e-01,0.000000000000000000e+00,3.302013422818791955e-01,3.326713008937438043e-01,4.370370370370370572e-01,1.098901098901098883e-01,1.630434782608695676e-01,3.785310734463276927e-01,3.228699551569506609e-01,4.371859296482412116e-01,1.740787801778907185e-01,1.626506024096385505e-01,1.568627450980392135e-01,8.602150537634409289e-02,0.000000000000000000e+00,1.456310679611650394e-01,0.000000000000000000e+00,0.000000000000000000e+00,3.626168224299065601e-01,4.294871794871794601e-01,1.660156250000000000e-01,1.025641025641025605e-01,4.624060150375939870e-01,1.792547834843907228e-01,2.743142144638404112e-01,2.719836400817995936e-01,3.736263736263736313e-01,1.071428571428571369e-01,2.068965517241379282e-01,4.091710758377424817e-01,4.296296296296296391e-01,1.556195965417867533e-01,1.644736842105263275e-01,1.948051948051948146e-01,0.000000000000000000e+00,1.422018348623853290e-01,0.000000000000000000e+00,2.032967032967032961e-01,1.390728476821191939e-01,1.862396204033214819e-01,0.000000000000000000e+00,0.000000000000000000e+00,1.162790697674418589e-02,2.352941176470588203e-01,3.694267515923566614e-01,2.020648967551622321e-01,1.372950819672131284e-01,1.811023622047244208e-01,1.723625557206537873e-01,1.267605633802816878e-01,1.720430107526881858e-01,3.654390934844192751e-01,2.528735632183908288e-01,1.025641025641025605e-01,4.540162980209546117e-01,1.530054644808743203e-01,0.000000000000000000e+00,1.182795698924731242e-01,2.090163934426229608e-01,0.000000000000000000e+00,1.509933774834437137e-01,1.215686274509803905e-01,1.773049645390070983e-01,1.333333333333333315e-01,1.062618595825426948e-01,1.511111111111111127e-01,0.000000000000000000e+00,1.598639455782313035e-01,1.346153846153846090e-01,1.247484909456740426e-01,1.477272727272727348e-01,3.568464730290456521e-01,1.770573566084787942e-01,3.908045977011494476e-01,3.714285714285714413e-01,2.840095465393794871e-01,1.526980482204362832e-01,0.000000000000000000e+00,1.799307958477508740e-01,2.576419213973799027e-01,1.446808510638297740e-01,1.555555555555555580e-01,1.981566820276497720e-01,3.278301886792452935e-01,1.503759398496240518e-01,1.184210526315789408e-01,0.000000000000000000e+00,7.526881720430107781e-02,0.000000000000000000e+00,0.000000000000000000e+00,1.449275362318840632e-01,3.285302593659942261e-01,1.118881118881118880e-01,1.625386996904024661e-01,0.000000000000000000e+00,3.907563025210084029e-01,0.000000000000000000e+00,1.505847953216374324e-01,1.235059760956175312e-01,1.242937853107344698e-01,3.396226415094339424e-01,0.000000000000000000e+00,0.000000000000000000e+00,1.632653061224489666e-01,1.365638766519823855e-01,1.939058171745152437e-01,1.115384615384615447e-01,2.376811594202898614e-01,1.328671328671328644e-01,1.639097744360902276e-01,1.535226077812828493e-01,1.707616707616707585e-01,1.294765840220385711e-01,1.157024793388429784e-01,4.550561797752809001e-01,1.162790697674418589e-01,2.439759036144578397e-01,1.495422177009155529e-01,1.404612159329140519e-01,0.000000000000000000e+00,2.879999999999999782e-01,1.822033898305084609e-01,1.608961303462321801e-01,1.275720164609053520e-01,2.416666666666666685e-01,0.000000000000000000e+00,1.659574468085106280e-01,3.928194297782470756e-01,1.611226611226611316e-01,0.000000000000000000e+00,1.630434782608695676e-01,0.000000000000000000e+00,0.000000000000000000e+00,1.698113207547169712e-01,0.000000000000000000e+00,1.686046511627906919e-01,1.514657980456026176e-01,1.202749140893470819e-01,1.462140992167101916e-01,1.271777003484320656e-01,1.533442088091354072e-01,1.382113821138211407e-01,1.558669001751313565e-01,2.902439024390243705e-01,2.745098039215686514e-01,1.412872841444270111e-01,3.566810344827586188e-01,1.559454191033138315e-01,1.241379310344827569e-01,0.000000000000000000e+00,0.000000000000000000e+00,4.060606060606060663e-01,2.220812182741116747e-01,1.982248520710059303e-01,1.655813953488372015e-01,1.992882562277580039e-01,1.784386617100371664e-01,1.791044776119402882e-01,0.000000000000000000e+00,1.125000000000000028e-01,0.000000000000000000e+00,1.435406698564593297e-01,1.755725190839694527e-01,2.029136316337148693e-01,1.316425120772946877e-01,1.606948968512486309e-01,0.000000000000000000e+00,1.865671641791044888e-01,1.786600496277915562e-01,1.833333333333333204e-01,1.714285714285714302e-01,1.990049751243781195e-01,2.098214285714285754e-01,1.938775510204081565e-01,1.596244131455399062e-01,1.606425702811244971e-01,1.441441441441441429e-01,1.466666666666666674e-01,1.984126984126984017e-01,2.202643171806167310e-01,2.488888888888888817e-01,1.617021276595744794e-01,1.600000000000000033e-01,1.882845188284518745e-01,1.764705882352941291e-01,1.923076923076923184e-01,1.704035874439461806e-01,1.949152542372881436e-01,2.416666666666666685e-01
2.666666666666666630e-01,4.230769230769230727e-01,4.000000000000000222e-01,1.304347826086956486e-01,5.000000000000000000e-01,3.333333333333333148e-01,0.000000000000000000e+00,0.000000000000000000e+00,0.000000000000000000e+00,4.166666666666666852e-01,2.999999999999999889e-01,3.333333333333333148e-01,1.666666666666666574e-01,0.000000000000000000e+00,6.999999999999999556e-01,4.166666666666666852e-01,2.666666666666666630e-01,3.709677419354838745e-01,1.666666666666666574e-01,8.571428571428570953e-01,5.000000000000000000e-01,0.000000000000000000e+00,4.042553191489361430e-01,2.982456140350877027e-01,3.076923076923077094e-01,0.000000000000000000e+00,8.000000000000000444e-01,0.000000000000000000e+00,3.750000000000000000e-01,3.695652173913043237e-01,6.666666666666666297e-01,3.636363636363636465e-01,4.400000000000000022e-01,8.245614035087719396e-01,3.461538461538461453e-01,3.529411764705882582e-01,2.333333333333333370e-01,8.333333333333333703e-01,2.000000000000000111e-01,2.000000000000000111e-01,1.428571428571428492e-01,2.307692307692307820e-01,3.333333333333333148e-01,7.638888888888888395e-01,8.750000000000000000e-01,0.000000000000000000e+00,3.877551020408163129e-01,5.714285714285713969e-01,8.000000000000000444e-01,0.000000000000000000e+00,2.682926829268292845e-01,5.000000000000000000e-01,8.235294117647058432e-01,5.000000000000000000e-01,1.250000000000000000e-01,2.727272727272727071e-01,4.000000000000000222e-01,2.666666666666666630e-01,3.571428571428571508e-01,2.105263157894736725e-01,1.428571428571428492e-01,3.571428571428571508e-01,4.418604651162790775e-01,1.666666666666666574e-01,2.181818181818181712e-01,2.500000000000000000e-01,6.944444444444444198e-01,7.222222222222222099e-01,4.285714285714285476e-01,6.818181818181817677e-01,8.431372549019607865e-01,7.391304347826086474e-01,4.400000000000000022e-01,3.809523809523809312e-01,3.611111111111111049e-01,6.666666666666666297e-01,8.000000000000000444e-01,7.624999999999999556e-01,1.904761904761904656e-01,2.500000000000000000e-01,2.500000000000000000e-01,4.666666666666666741e-01,2.941176470588235392e-01,3.750000000000000000e-01,3.181818181818181768e-01,3.636363636363636465e-01,4.062500000000000000e-01,0.000000000000000000e+00,3.333333333333333148e-01,6.944444444444444198e-01,1.176470588235294101e-01,2.000000000000000111e-01,4.333333333333333481e-01,5.625000000000000000e-01,5.454545454545454142e-01,2.000000000000000111e-01,4.827586206896551935e-01,1.000000000000000000e+00,9.230769230769231282e-01,2.500000000000000000e-01,8.269230769230768718e-01,7.894736842105263275e-01,8.571428571428570953e-01,3.902439024390244038e-01,3.809523809523809312e-01,0.000000000000000000e+00,7.500000000000000000e-01,0.000000000000000000e+00,2.727272727272727071e-01,0.000000000000000000e+00,4.000000000000000222e-01,7.653061224489795533e-01,2.500000000000000000e-01,3.255813953488372325e-01,4.000000000000000222e-01,2.105263157894736725e-01,3.750000000000000000e-01,5.555555555555555802e-01,3.750000000000000000e-01,3.272727272727272707e-01,3.181818181818181768e-01,3.400000000000000244e-01,1.000000000000000000e+00,3.035714285714285476e-01,2.857142857142856984e-01,3.125000000000000000e-01,5.909090909090909394e-01,2.439024390243902385e-01,2.807017543859648967e-01,5.454545454545454142e-01,0.000000000000000000e+00,5.000000000000000000e-01,0.000000000000000000e+00,4.583333333333333148e-01,3.469387755102040782e-01,5.714285714285713969e-01,2.500000000000000000e-01,3.636363636363636465e-01,0.000000000000000000e+00,2.222222222222222099e-01,5.999999999999999778e-01,3.142857142857142794e-01,0.000000000000000000e+00,4.000000000000000222e-01,2.222222222222222099e-01,0.000000000000000000e+00,0.000000000000000000e+00,0.000000000000000000e+00,0.000000000000000000e+00,3.103448275862069061e-01,6.060606060606060774e-01,4.210526315789473450e-01,5.999999999999999778e-01,2.727272727272727071e-01,3.653846153846153633e-01,4.500000000000000111e-01,4.642857142857143016e-01,2.857142857142856984e-01,5.000000000000000000e-01,6.153846153846154188e-01,4.827586206896551935e-01,4.666666666666666741e-01,2.500000000000000000e-01,3.555555555555555691e-01,3.529411764705882582e-01,0.000000000000000000e+00,5.999999999999999778e-01,0.000000000000000000e+00,2.500000000000000000e-01,4.545454545454545303e-01,7.068965517241379004e-01,0.000000000000000000e+00,0.000000000000000000e+00,0.000000000000000000e+00,2.000000000000000111e-01,5.217391304347825942e-01,6.938775510204081565e-01,3.521126760563380031e-01,4.166666666666666852e-01,3.333333333333333148e-01,1.428571428571428492e-01,0.000000000000000000e+00,2.307692307692307820e-01,8.333333333333333703e-01,4.285714285714285476e-01,3.800000000000000044e-01,1.000000000000000000e+00,0.000000000000000000e+00,4.285714285714285476e-01,4.000000000000000222e-01,0.000000000000000000e+00,7.812500000000000000e-01,7.058823529411765163e-01,1.000000000000000000e+00,2.222222222222222099e-01,2.999999999999999889e-01,9.210526315789473450e-01,0.000000000000000000e+00,5.294117647058823595e-01,3.529411764705882582e-01,9.200000000000000400e-01,7.727272727272727071e-01,1.333333333333333315e-01,5.000000000000000000e-01,7.500000000000000000e-01,0.000000000000000000e+00,3.404255319148936088e-01,7.142857142857143016e-01,0.000000000000000000e+00,2.000000000000000111e-01,2.500000000000000000e-01,4.035087719298245390e-01,9.000000000000000222e-01,5.172413793103448620e-01,2.051282051282051211e-01,4.285714285714285476e-01,3.428571428571428603e-01,0.000000000000000000e+00,8.181818181818182323e-01,0.000000000000000000e+00,0.000000000000000000e+00,5.000000000000000000e-01,5.909090909090909394e-01,8.571428571428570953e-01,1.578947368421052544e-01,0.000000000000000000e+00,5.454545454545454142e-01,0.000000000000000000e+00,4.722222222222222099e-01,5.000000000000000000e-01,3.333333333333333148e-01,4.166666666666666852e-01,0.000000000000000000e+00,0.000000000000000000e+00,4.107142857142856984e-01,3.333333333333333148e-01,2.777777777777777901e-01,7.333333333333332815e-01,3.898305084745762872e-01,3.888888888888888951e-01,4.333333333333333481e-01,4.912280701754385692e-01,4.571428571428571286e-01,5.454545454545454142e-01,5.555555555555555802e-01,3.333333333333333148e-01,1.818181818181818232e-01,3.076923076923077094e-01,3.673469387755102233e-01,3.125000000000000000e-01,0.000000000000000000e+00,8.333333333333333703e-01,6.875000000000000000e-01,3.666666666666666408e-01,4.444444444444444198e-01,6.666666666666666297e-01,0.000000000000000000e+00,5.000000000000000000e-01,3.902439024390244038e-01,7.750000000000000222e-01,0.000000000000000000e+00,3.076923076923077094e-01,0.000000000000000000e+00,0.000000000000000000e+00,1.111111111111111049e-01,0.000000000000000000e+00,1.000000000000000000e+00,6.808510638297872175e-01,4.400000000000000022e-01,6.521739130434782705e-01,7.111111111111111382e-01,2.222222222222222099e-01,5.142857142857142350e-01,2.439024390243902385e-01,6.666666666666666297e-01,4.666666666666666741e-01,3.404255319148936088e-01,2.307692307692307820e-01,2.413793103448275967e-01,3.170731707317073211e-01,0.000000000000000000e+00,6.666666666666666297e-01,2.999999999999999889e-01,2.444444444444444364e-01,3.888888888888888951e-01,2.941176470588235392e-01,8.000000000000000444e-01,1.000000000000000000e+00,3.333333333333333148e-01,0.000000000000000000e+00,8.333333333333333703e-01,0.000000000000000000e+00,4.782608695652174058e-01,0.000000000000000000e+00,3.090909090909090828e-01,4.603174603174602919e-01,6.760563380281690016e-01,0.000000000000000000e+00,6.666666666666666297e-01,6.410256410256410797e-01,4.444444444444444198e-01,3.076923076923077094e-01,5.625000000000000000e-01,4.545454545454545303e-01,5.000000000000000000e-01,3.846153846153846367e-01,3.846153846153846367e-01,4.666666666666666741e-01,5.000000000000000000e-01,4.444444444444444198e-01,5.555555555555555802e-01,3.846153846153846367e-01,2.500000000000000000e-01,1.666666666666666574e-01,2.500000000000000000e-01,5.999999999999999778e-01,5.555555555555555802e-01,5.333333333333333259e-01,4.705882352941176405e-01,5.333333333333333259e-01
0.000000000000000000e+00,0.000000000000000000e+00,0.000000000000000000e+00,0.000000000000000000e+00,0.000000000000000000e+00,0.000000000000000000e+00,0.000000000000000000e+00,0.000000000000000000e+00,0.000000000000000000e+00,0.000000000000000000e+00,0.000000000000000000e+00,0.000000000000000000e+00,0.000000000000000000e+00,0.000000000000000000e+00,0.000000000000000000e+00,0.000000000000000000e+00,0.000000000000000000e+00,0.000000000000000000e+00,0.000000000000000000e+00,0.000000000000000000e+00,0.000000000000000000e+00,0.000000000000000000e+00,0.000000000000000000e+00,0.000000000000000000e+00,0.000000000000000000e+00,0.000000000000000000e+00,0.000000000000000000e+00,0.000000000000000000e+00,0.000000000000000000e+00,0.000000000000000000e+00,0.000000000000000000e+00,0.000000000000000000e+00,0.000000000000000000e+00,0.000000000000000000e+00,0.000000000000000000e+00,0.000000000000000000e+00,0.000000000000000000e+00,0.000000000000000000e+00,0.000000000000000000e+00,0.000000000000000000e+00,0.000000000000000000e+00,0.000000000000000000e+00,0.000000000000000000e+00,0.000000000000000000e+00,0.000000000000000000e+00,0.000000000000000000e+00,0.000000000000000000e+00,0.000000000000000000e+00,0.000000000000000000e+00,0.000000000000000000e+00,0.000000000000000000e+00,0.000000000000000000e+00,0.000000000000000000e+00,0.000000000000000000e+00,0.000000000000000000e+00,0.000000000000000000e+00,0.000000000000000000e+00,0.000000000000000000e+00,0.000000000000000000e+00,0.000000000000000000e+00,0.000000000000000000e+00,0.000000000000000000e+00,0.000000000000000000e+00,0.000000000000000000e+00,0.000000000000000000e+00,0.000000000000000000e+00,0.000000000000000000e+00,0.000000000000000000e+00,0.000000000000000000e+00,0.000000000000000000e+00,0.000000000000000000e+00,0.000000000000000000e+00,0.000000000000000000e+00,0.000000000000000000e+00,0.000000000000000000e+00,0.000000000000000000e+00,0.000000000000000000e+00,0.000000000000000000e+00,0.000000000000000000e+00,0.000000000000000000e+00,0.000000000000000000e+00,0.000000000000000000e+00,0.000000000000000000e+00,0.000000000000000000e+00,0.000000000000000000e+00,0.000000000000000000e+00,0.000000000000000000e+00,0.000000000000000000e+00,0.000000000000000000e+00,0.000000000000000000e+00,0.000000000000000000e+00,0.000000000000000000e+00,0.000000000000000000e+00,0.000000000000000000e+00,0.000000000000000000e+00,0.000000000000000000e+00,0.000000000000000000e+00,0.000000000000000000e+00,0.000000000000000000e+00,0.000000000000000000e+00,0.000000000000000000e+00,0.000000000000000000e+00,0.000000000000000000e+00,0.000000000000000000e+00,0.000000000000000000e+00,0.000000000000000000e+00,0.000000000000000000e+00,0.000000000000000000e+00,0.000000000000000000e+00,0.000000000000000000e+00,0.000000000000000000e+00,0.000000000000000000e+00,0.000000000000000000e+00,0.000000000000000000e+00,0.000000000000000000e+00,0.000000000000000000e+00,0.000000000000000000e+00,0.000000000000000000e+00,0.000000000000000000e+00,0.000000000000000000e+00,0.000000000000000000e+00,0.000000000000000000e+00,0.000000000000000000e+00,0.000000000000000000e+00,0.000000000000000000e+00,0.000000000000000000e+00,0.000000000000000000e+00,0.000000000000000000e+00,0.000000000000000000e+00,0.000000000000000000e+00,0.000000000000000000e+00,0.000000000000000000e+00,0.000000000000000000e+00,0.000000000000000000e+00,0.000000000000000000e+00,0.000000000000000000e+00,0.000000000000000000e+00,0.000000000000000000e+00,0.000000000000000000e+00,0.000000000000000000e+00,0.000000000000000000e+00,0.000000000000000000e+00,0.000000000000000000e+00,0.000000000000000000e+00,0.000000000000000000e+00,0.000000000000000000e+00,0.000000000000000000e+00,0.000000000000000000e+00,0.000000000000000000e+00,0.000000000000000000e+00,0.000000000000000000e+00,0.000000000000000000e+00,0.000000000000000000e+00,0.000000000000000000e+00,0.000000000000000000e+00,0.000000000000000000e+00,0.000000000000000000e+00,0.000000000000000000e+00,0.000000000000000000e+00,0.000000000000000000e+00,0.000000000000000000e+00,0.000000000000000000e+00,0.000000000000000000e+00,0.000000000000000000e+00,0.000000000000000000e+00,0.000000000000000000e+00,0.000000000000000000e+00,0.000000000000000000e+00,0.000000000000000000e+00,0.000000000000000000e+00,0.000000000000000000e+00,0.000000000000000000e+00,0.000000000000000000e+00,0.000000000000000000e+00,0.000000000000000000e+00,0.000000000000000000e+00,0.000000000000000000e+00,0.000000000000000000e+00,0.000000000000000000e+00,0.000000000000000000e+00,0.000000000000000000e+00,0.000000000000000000e+00,0.000000000000000000e+00,0.000000000000000000e+00,0.000000000000000000e+00,0.000000000000000000e+00,0.000000000000000000e+00,0.000000000000000000e+00,0.000000000000000000e+00,0.000000000000000000e+00,0.000000000000000000e+00,0.000000000000000000e+00,0.000000000000000000e+00,0.000000000000000000e+00,0.000000000000000000e+00,0.000000000000000000e+00,0.000000000000000000e+00,0.000000000000000000e+00,0.000000000000000000e+00,0.000000000000000000e+00,0.000000000000000000e+00,0.000000000000000000e+00,0.000000000000000000e+00,0.000000000000000000e+00,0.000000000000000000e+00,0.000000000000000000e+00,0.000000000000000000e+00,0.000000000000000000e+00,0.000000000000000000e+00,0.000000000000000000e+00,0.000000000000000000e+00,0.000000000000000000e+00,0.000000000000000000e+00,0.000000000000000000e+00,0.000000000000000000e+00,0.000000000000000000e+00,0.000000000000000000e+00,0.000000000000000000e+00,0.000000000000000000e+00,0.000000000000000000e+00,0.000000000000000000e+00,0.000000000000000000e+00,0.000000000000000000e+00,0.000000000000000000e+00,0.000000000000000000e+00,0.000000000000000000e+00,0.000000000000000000e+00,0.000000000000000000e+00,0.000000000000000000e+00,0.000000000000000000e+00,0.000000000000000000e+00,0.000000000000000000e+00,0.000000000000000000e+00,0.000000000000000000e+00,0.000000000000000000e+00,0.000000000000000000e+00,0.000000000000000000e+00,0.000000000000000000e+00,0.000000000000000000e+00,0.000000000000000000e+00,0.000000000000000000e+00,0.000000000000000000e+00,0.000000000000000000e+00,0.000000000000000000e+00,0.000000000000000000e+00,0.000000000000000000e+00,0.000000000000000000e+00,0.000000000000000000e+00,0.000000000000000000e+00,0.000000000000000000e+00,0.000000000000000000e+00,0.000000000000000000e+00,0.000000000000000000e+00,0.000000000000000000e+00,0.000000000000000000e+00,0.000000000000000000e+00,0.000000000000000000e+00,0.000000000000000000e+00,0.000000000000000000e+00,0.000000000000000000e+00,0.000000000000000000e+00,0.000000000000000000e+00,0.000000000000000000e+00,0.000000000000000000e+00,0.000000000000000000e+00,0.000000000000000000e+00,0.000000000000000000e+00,0.000000000000000000e+00,0.000000000000000000e+00,0.000000000000000000e+00,0.000000000000000000e+00,0.000000000000000000e+00,0.000000000000000000e+00,0.000000000000000000e+00,0.000000000000000000e+00,0.000000000000000000e+00,0.000000000000000000e+00,0.000000000000000000e+00,0.000000000000000000e+00,0.000000000000000000e+00,0.000000000000000000e+00,0.000000000000000000e+00,0.000000000000000000e+00,0.000000000000000000e+00,0.000000000000000000e+00,0.000000000000000000e+00,0.000000000000000000e+00,0.000000000000000000e+00,0.000000000000000000e+00,0.000000000000000000e+00,0.000000000000000000e+00,0.000000000000000000e+00,0.000000000000000000e+00,0.000000000000000000e+00,0.000000000000000000e+00,0.000000000000000000e+00,0.000000000000000000e+00,0.000000000000000000e+00,0.000000000000000000e+00,0.000000000000000000e+00,0.000000000000000000e+00,0.000000000000000000e+00,0.000000000000000000e+00,0.000000000000000000e+00,0.000000000000000000e+00,0.000000000000000000e+00,0.000000000000000000e+00,0.000000000000000000e+00,0.000000000000000000e+00,0.000000000000000000e+00,0.000000000000000000e+00,0.000000000000000000e+00,0.000000000000000000e+00,0.000000000000000000e+00,0.000000000000000000e+00,0.000000000000000000e+00,0.000000000000000000e+00,0.000000000000000000e+00,0.000000000000000000e+00,0.000000000000000000e+00
2.828282828282828176e-01,8.333333333333332871e-02,1.944444444444444475e-01,9.459459459459459985e-02,8.771929824561403022e-02,1.363636363636363535e-01,0.000000000000000000e+00,0.000000000000000000e+00,0.000000000000000000e+00,2.399999999999999911e-01,4.255319148936170109e-02,1.688311688311688319e-01,2.000000000000000111e-01,0.000000000000000000e+00,1.428571428571428492e-01,8.000000000000000167e-02,9.090909090909091161e-02,1.483870967741935387e-01,1.904761904761904656e-01,1.250000000000000000e-01,1.142857142857142821e-01,0.000000000000000000e+00,1.125000000000000028e-01,1.592356687898089096e-01,3.571428571428571230e-02,0.000000000000000000e+00,0.000000000000000000e+00,3.666666666666666408e-01,2.521008403361344602e-02,1.562500000000000000e-01,2.727272727272727071e-01,1.566265060240963902e-01,2.682926829268292845e-01,5.660377358490566169e-02,1.726618705035971313e-01,1.052631578947368363e-01,1.749999999999999889e-01,7.692307692307692735e-02,7.272727272727272374e-02,3.090909090909090828e-01,2.857142857142856984e-01,6.060606060606060774e-02,6.666666666666666574e-02,7.246376811594202987e-03,8.333333333333332871e-02,0.000000000000000000e+00,8.333333333333332871e-02,2.380952380952380820e-01,9.285714285714286031e-02,2.307692307692307820e-01,5.755395683453237710e-02,3.461538461538461453e-01,4.651162790697674354e-02,9.677419354838709409e-02,4.166666666666666852e-01,8.333333333333332871e-02,1.499999999999999944e-01,7.407407407407406996e-02,1.400000000000000133e-01,3.026315789473684181e-01,5.263157894736841813e-02,1.259259259259259134e-01,1.250000000000000000e-01,1.363636363636363535e-01,3.211678832116788285e-01,1.111111111111111049e-01,3.278688524590164105e-02,1.428571428571428492e-01,8.823529411764706454e-02,1.224489795918367319e-01,4.878048780487805047e-02,2.000000000000000042e-02,2.269938650306748407e-01,1.964285714285714246e-01,1.326530612244898044e-01,5.825242718446602130e-02,1.111111111111111049e-01,7.065217391304347283e-02,9.615384615384615918e-02,2.357723577235772416e-01,1.418918918918918859e-01,3.333333333333333287e-02,2.881355932203389925e-01,2.068965517241379282e-01,2.307692307692307820e-01,4.347826086956521618e-02,1.153846153846153910e-01,0.000000000000000000e+00,1.494252873563218509e-01,1.125000000000000028e-01,2.000000000000000111e-01,2.500000000000000000e-01,1.150442477876106179e-01,1.148648648648648712e-01,2.307692307692307820e-01,9.890109890109889668e-02,1.136363636363636326e-01,2.127659574468085055e-02,1.428571428571428492e-01,1.212121212121212155e-01,6.122448979591836593e-02,3.636363636363636187e-02,6.666666666666666574e-02,1.456310679611650394e-01,6.250000000000000000e-02,1.000000000000000056e-01,2.000000000000000111e-01,0.000000000000000000e+00,3.023255813953488191e-01,0.000000000000000000e+00,2.380952380952380820e-01,8.536585365853659180e-02,8.771929824561403022e-02,7.766990291262135249e-02,7.936507936507936067e-02,7.142857142857142461e-02,1.568627450980392135e-01,1.156462585034013640e-01,3.333333333333333287e-02,2.105263157894736725e-01,6.896551724137930939e-02,5.154639175257731687e-02,0.000000000000000000e+00,1.775147928994082747e-01,1.923076923076923184e-01,2.021276595744680715e-01,7.407407407407406996e-02,1.160714285714285754e-01,1.276595744680850963e-01,3.142857142857142794e-01,0.000000000000000000e+00,1.282051282051281937e-01,0.000000000000000000e+00,1.854838709677419373e-01,1.552795031055900499e-01,1.481481481481481399e-01,6.250000000000000000e-02,9.565217391304348116e-02,1.538461538461538547e-01,1.176470588235294101e-01,1.562500000000000000e-01,2.312925170068027281e-01,5.263157894736841813e-02,4.651162790697674354e-02,2.727272727272727071e-01,0.000000000000000000e+00,2.941176470588235392e-01,0.000000000000000000e+00,0.000000000000000000e+00,6.578947368421052266e-02,1.363636363636363535e-01,3.263157894736842257e-01,1.666666666666666574e-01,1.136363636363636326e-01,1.144278606965174194e-01,1.739130434782608647e-01,8.888888888888889228e-02,1.250000000000000000e-01,1.250000000000000000e-01,2.098765432098765316e-01,5.681818181818181629e-02,2.121212121212121271e-01,1.206896551724137984e-01,1.721311475409836034e-01,1.282051282051281937e-01,0.000000000000000000e+00,2.093023255813953598e-01,0.000000000000000000e+00,2.258064516129032195e-01,2.142857142857142738e-01,8.275862068965517127e-02,0.000000000000000000e+00,0.000000000000000000e+00,2.999999999999999889e-01,3.235294117647058987e-01,1.739130434782608647e-01,1.074380165289256228e-01,1.055555555555555552e-01,1.111111111111111049e-01,8.333333333333332871e-02,1.764705882352941291e-01,3.333333333333333148e-01,1.065573770491803213e-01,0.000000000000000000e+00,9.677419354838709409e-02,1.089743589743589758e-01,6.896551724137930939e-02,0.000000000000000000e+00,9.047619047619047672e-01,3.499999999999999778e-01,0.000000000000000000e+00,4.065040650406503975e-02,2.289156626506023973e-01,1.739130434782608647e-01,2.063492063492063378e-01,2.247191011235954994e-01,5.714285714285714107e-02,0.000000000000000000e+00,2.380952380952380820e-01,1.707317073170731836e-01,1.162790697674418589e-01,9.803921568627450844e-02,2.330097087378640852e-01,9.836065573770491621e-02,5.555555555555555247e-02,1.499999999999999944e-01,1.354838709677419484e-01,6.666666666666666574e-02,0.000000000000000000e+00,2.903225806451613100e-01,1.794871794871794879e-01,1.103448275862068950e-01,1.052631578947368363e-01,1.470588235294117696e-01,1.793103448275862044e-01,1.153846153846153910e-01,7.777777777777777901e-02,0.000000000000000000e+00,7.692307692307692735e-02,0.000000000000000000e+00,0.000000000000000000e+00,9.090909090909091161e-02,9.803921568627450844e-02,1.071428571428571369e-01,1.742424242424242542e-01,0.000000000000000000e+00,9.302325581395348708e-02,0.000000000000000000e+00,1.018518518518518462e-01,4.255319148936170109e-02,7.692307692307692735e-02,2.800000000000000266e-01,0.000000000000000000e+00,0.000000000000000000e+00,1.971830985915492829e-01,1.086956521739130405e-01,2.644230769230769273e-01,9.615384615384615918e-03,1.293532338308457652e-01,8.333333333333332871e-02,1.386138613861386260e-01,1.132075471698113234e-01,2.698412698412698263e-01,5.072463768115942351e-02,0.000000000000000000e+00,7.865168539325842478e-02,3.333333333333333148e-01,6.382978723404254817e-02,3.191489361702127825e-01,1.012658227848101250e-01,0.000000000000000000e+00,2.857142857142856984e-01,1.499999999999999944e-01,4.444444444444444614e-02,7.547169811320754429e-02,1.333333333333333315e-01,0.000000000000000000e+00,1.190476190476190410e-01,1.402439024390244038e-01,1.005917159763313612e-01,0.000000000000000000e+00,1.538461538461538547e-01,0.000000000000000000e+00,0.000000000000000000e+00,1.428571428571428492e-01,0.000000000000000000e+00,0.000000000000000000e+00,3.448275862068965469e-02,9.090909090909091161e-02,9.677419354838709409e-02,5.769230769230769551e-02,1.607142857142857262e-01,5.769230769230769551e-02,1.626016260162601590e-01,5.479452054794520244e-02,1.578947368421052544e-01,1.065573770491803213e-01,1.588235294117646967e-01,3.452380952380952328e-01,1.616161616161616299e-01,0.000000000000000000e+00,1.538461538461538547e-01,1.904761904761904656e-01,1.986754966887417095e-01,2.830188679245282946e-01,4.790419161676646997e-02,3.703703703703703498e-02,9.090909090909091161e-02,0.000000000000000000e+00,0.000000000000000000e+00,0.000000000000000000e+00,0.000000000000000000e+00,4.477611940298507204e-02,0.000000000000000000e+00,2.676056338028168780e-01,1.603053435114503711e-01,1.388888888888888951e-01,0.000000000000000000e+00,1.666666666666666574e-01,6.410256410256409687e-02,6.451612903225806273e-02,8.823529411764706454e-02,1.458333333333333426e-01,1.818181818181818232e-01,3.846153846153846367e-02,4.761904761904761640e-02,1.489361702127659504e-01,1.250000000000000000e-01,1.666666666666666574e-01,1.395348837209302306e-01,2.368421052631578816e-01,6.976744186046511531e-02,6.818181818181817677e-02,1.282051282051281937e-01,4.081632653061224164e-02,2.941176470588235253e-02,3.125000000000000000e-01,1.470588235294117696e-01,2.222222222222222099e-01,9.375000000000000000e-02
4.362416107382550146e-01,1.772727272727272763e-01,2.407407407407407274e-01,1.285714285714285587e-01,2.692307692307692180e-01,1.923076923076923184e-01,0.000000000000000000e+00,0.000000000000000000e+00,0.000000000000000000e+00,4.166666666666666852e-01,3.896103896103896291e-01,2.807017543859648967e-01,2.083333333333333426e-01,0.000000000000000000e+00,1.764705882352941291e-01,2.051282051282051211e-01,2.643678160919540332e-01,1.699029126213592311e-01,1.290322580645161255e-01,1.052631578947368363e-01,2.800000000000000266e-01,0.000000000000000000e+00,2.215189873417721389e-01,2.108433734939759163e-01,3.250000000000000111e-01,0.000000000000000000e+00,1.875000000000000000e-01,5.454545454545454142e-01,1.411764705882352922e-01,4.270270270270270507e-01,5.000000000000000000e-01,2.336448598130841103e-01,2.619047619047619180e-01,2.266666666666666552e-01,1.625615763546797987e-01,1.306818181818181768e-01,2.517482517482517723e-01,1.078431372549019662e-01,2.564102564102563875e-01,4.325842696629213502e-01,5.294117647058823595e-01,2.524271844660194164e-01,2.250000000000000056e-01,1.173708920187793436e-01,1.355932203389830504e-01,0.000000000000000000e+00,1.970443349753694673e-01,3.125000000000000000e-01,1.459227467811158863e-01,7.692307692307692735e-02,2.312500000000000111e-01,5.000000000000000000e-01,2.333333333333333370e-01,1.914893617021276584e-01,5.000000000000000000e-01,2.692307692307692180e-01,4.444444444444444198e-01,2.040816326530612290e-01,1.694915254237288060e-01,4.945054945054945250e-01,2.272727272727272652e-01,1.860465116279069742e-01,1.473684210526315652e-01,1.621621621621621712e-01,4.594594594594594850e-01,1.282051282051281937e-01,5.714285714285714107e-02,1.527777777777777901e-01,2.340425531914893664e-01,3.409090909090908839e-01,2.111801242236024945e-01,1.470588235294117696e-01,3.706896551724138122e-01,2.777777777777777901e-01,1.578947368421052544e-01,1.512605042016806622e-01,7.142857142857142461e-02,1.561338289962825310e-01,9.677419354838709409e-02,5.428571428571428159e-01,1.459459459459459540e-01,2.399999999999999911e-01,1.547619047619047672e-01,7.068965517241379004e-01,1.978021978021977934e-01,1.538461538461538547e-01,7.751937984496123923e-02,0.000000000000000000e+00,3.148148148148148251e-01,2.666666666666666630e-01,2.542372881355932090e-01,1.785714285714285754e-01,1.826086956521739135e-01,2.544378698224852298e-01,2.000000000000000111e-01,1.619718309859154992e-01,1.710526315789473728e-01,1.818181818181818232e-01,1.136363636363636326e-01,2.094594594594594572e-01,2.177419354838709686e-01,1.688311688311688319e-01,2.235294117647058931e-01,1.550802139037433247e-01,2.060301507537688481e-01,1.666666666666666574e-01,1.818181818181818232e-01,0.000000000000000000e+00,4.411764705882352811e-01,0.000000000000000000e+00,7.500000000000000000e-01,1.507352941176470507e-01,1.891891891891891997e-01,1.165644171779141036e-01,2.592592592592592449e-01,8.571428571428571508e-02,2.258064516129032195e-01,1.951219512195122019e-01,2.000000000000000111e-01,4.428571428571428381e-01,1.547619047619047672e-01,1.757575757575757514e-01,1.499999999999999944e-01,3.652968036529680163e-01,4.074074074074073848e-01,3.750000000000000000e-01,1.627906976744186163e-01,2.290076335877862523e-01,2.525773195876288568e-01,6.097560975609755962e-01,0.000000000000000000e+00,1.886792452830188815e-01,0.000000000000000000e+00,2.054054054054054168e-01,2.203389830508474534e-01,2.142857142857142738e-01,1.250000000000000000e-01,1.807909604519774005e-01,2.000000000000000111e-01,2.222222222222222099e-01,2.444444444444444364e-01,5.561224489795918435e-01,1.707317073170731836e-01,9.677419354838709409e-02,6.315789473684210176e-01,0.000000000000000000e+00,2.916666666666666852e-01,0.000000000000000000e+00,0.000000000000000000e+00,2.719298245614035214e-01,2.694610778443113919e-01,5.197368421052631637e-01,2.368421052631578816e-01,2.405063291139240556e-01,2.355371900826446208e-01,1.969696969696969613e-01,2.549019607843137081e-01,2.777777777777777901e-01,3.478260869565217295e-01,3.333333333333333148e-01,1.981981981981981999e-01,2.916666666666666852e-01,2.716049382716049232e-01,4.788732394366196909e-01,1.842105263157894635e-01,0.000000000000000000e+00,2.830188679245282946e-01,0.000000000000000000e+00,5.357142857142856984e-01,3.243243243243243423e-01,1.890756302521008347e-01,0.000000000000000000e+00,0.000000000000000000e+00,2.692307692307692180e-01,5.074626865671642006e-01,2.500000000000000000e-01,1.342281879194630878e-01,2.188841201716738294e-01,2.142857142857142738e-01,1.625000000000000056e-01,2.352941176470588203e-01,6.818181818181817677e-01,2.413793103448275967e-01,0.000000000000000000e+00,2.121212121212121271e-01,2.577319587628865705e-01,2.777777777777777901e-01,0.000000000000000000e+00,5.600000000000000533e-01,4.912280701754385692e-01,0.000000000000000000e+00,1.890547263681592038e-01,3.676470588235294379e-01,2.962962962962962798e-01,2.027027027027027140e-01,4.503816793893129500e-01,2.315789473684210509e-01,0.000000000000000000e+00,4.712643678160919336e-01,5.535714285714286031e-01,1.603773584905660299e-01,1.891891891891891997e-01,4.782608695652174058e-01,1.600000000000000033e-01,2.105263157894736725e-01,2.758620689655172376e-01,3.228699551569506609e-01,1.261682242990654068e-01,0.000000000000000000e+00,5.526315789473684736e-01,2.999999999999999889e-01,1.746724890829694232e-01,2.500000000000000000e-01,2.500000000000000000e-01,2.289719626168224276e-01,3.703703703703703498e-02,1.709401709401709435e-01,0.000000000000000000e+00,5.882352941176470507e-02,0.000000000000000000e+00,0.000000000000000000e+00,1.538461538461538547e-01,1.176470588235294101e-01,1.538461538461538547e-01,1.858974358974359031e-01,0.000000000000000000e+00,2.127659574468085124e-01,0.000000000000000000e+00,1.632653061224489666e-01,2.075471698113207641e-01,1.176470588235294101e-01,2.888888888888888618e-01,0.000000000000000000e+00,0.000000000000000000e+00,4.761904761904761640e-01,2.894736842105263275e-01,5.287769784172662302e-01,1.403508771929824483e-01,2.429906542056074759e-01,1.142857142857142821e-01,1.470588235294117696e-01,2.029702970297029840e-01,3.443396226415094130e-01,1.436781609195402210e-01,2.195121951219512202e-01,2.733812949640287981e-01,4.600000000000000200e-01,1.799999999999999933e-01,4.813084112149532690e-01,3.157894736842105088e-01,0.000000000000000000e+00,3.714285714285714413e-01,2.653061224489796088e-01,1.181818181818181795e-01,2.391304347826087029e-01,2.857142857142856984e-01,0.000000000000000000e+00,2.241379310344827624e-01,2.785388127853881124e-01,1.898734177215190000e-01,0.000000000000000000e+00,1.296296296296296224e-01,0.000000000000000000e+00,0.000000000000000000e+00,2.222222222222222099e-01,0.000000000000000000e+00,3.076923076923077094e-01,2.222222222222222099e-01,2.352941176470588203e-01,2.123893805309734484e-01,2.320000000000000118e-01,1.797752808988763995e-01,1.093750000000000000e-01,2.176870748299319647e-01,2.127659574468085124e-01,2.820512820512820484e-01,9.550561797752808724e-02,2.068965517241379282e-01,4.214285714285714302e-01,2.397660818713450159e-01,0.000000000000000000e+00,5.333333333333333259e-01,2.000000000000000111e-01,4.208144796380090535e-01,5.084745762711864181e-01,1.523437500000000000e-01,1.136363636363636326e-01,1.718750000000000000e-01,2.727272727272727071e-01,0.000000000000000000e+00,1.428571428571428492e-01,0.000000000000000000e+00,1.111111111111111049e-01,1.111111111111111049e-01,4.205607476635513930e-01,1.875000000000000000e-01,1.549295774647887203e-01,0.000000000000000000e+00,1.481481481481481399e-01,1.263157894736842146e-01,2.244897959183673464e-01,2.857142857142856984e-01,2.333333333333333370e-01,2.812500000000000000e-01,2.962962962962962798e-01,2.258064516129032195e-01,2.037037037037036924e-01,2.622950819672131284e-01,2.727272727272727071e-01,1.451612903225806550e-01,2.500000000000000000e-01,2.075471698113207641e-01,2.173913043478260809e-01,2.321428571428571508e-01,2.686567164179104461e-01,1.805555555555555525e-01,3.050847457627118842e-01,2.407407407407407274e-01,2.200000000000000011e-01,2.407407407407407274e-01
0.000000000000000000e+00,0.000000000000000000e+00,0.000000000000000000e+00,0.000000000000000000e+00,0.000000000000000000e+00,0.000000000000000000e+00,0.000000000000000000e+00,0.000000000000000000e+00,0.000000000000000000e+00,0.000000000000000000e+00,0.000000000000000000e+00,0.000000000000000000e+00,0.000000000000000000e+00,0.000000000000000000e+00,0.000000000000000000e+00,0.000000000000000000e+00,0.000000000000000000e+00,0.000000000000000000e+00,0.000000000000000000e+00,0.000000000000000000e+00,0.000000000000000000e+00,0.000000000000000000e+00,0.000000000000000000e+00,0.000000000000000000e+00,0.000000000000000000e+00,0.000000000000000000e+00,0.000000000000000000e+00,0.000000000000000000e+00,0.000000000000000000e+00,0.000000000000000000e+00,0.000000000000000000e+00,0.000000000000000000e+00,0.000000000000000000e+00,0.000000000000000000e+00,0.000000000000000000e+00,0.000000000000000000e+00,0.000000000000000000e+00,0.000000000000000000e+00,0.000000000000000000e+00,0.000000000000000000e+00,0.000000000000000000e+00,0.000000000000000000e+00,0.000000000000000000e+00,0.000000000000000000e+00,0.000000000000000000e+00,0.000000000000000000e+00,0.000000000000000000e+00,0.000000000000000000e+00,0.000000000000000000e+00,0.000000000000000000e+00,0.000000000000000000e+00,0.000000000000000000e+00,0.000000000000000000e+00,0.000000000000000000e+00,0.000000000000000000e+00,0.000000000000000000e+00,0.000000000000000000e+00,0.000000000000000000e+00,0.000000000000000000e+00,0.000000000000000000e+00,0.000000000000000000e+00,0.000000000000000000e+00,0.000000000000000000e+00,0.000000000000000000e+00,0.000000000000000000e+00,0.000000000000000000e+00,0.000000000000000000e+00,0.000000000000000000e+00,0.000000000000000000e+00,0.000000000000000000e+00,0.000000000000000000e+00,0.000000000000000000e+00,0.000000000000000000e+00,0.000000000000000000e+00,0.000000000000000000e+00,0.000000000000000000e+00,0.000000000000000000e+00,0.000000000000000000e+00,0.000000000000000000e+00,0.000000000000000000e+00,0.000000000000000000e+00,0.000000000000000000e+00,0.000000000000000000e+00,0.000000000000000000e+00,0.000000000000000000e+00,0.000000000000000000e+00,0.000000000000000000e+00,0.000000000000000000e+00,0.000000000000000000e+00,0.000000000000000000e+00,0.000000000000000000e+00,0.000000000000000000e+00,0.000000000000000000e+00,0.000000000000000000e+00,0.000000000000000000e+00,0.000000000000000000e+00,0.000000000000000000e+00,0.000000000000000000e+00,0.000000000000000000e+00,0.000000000000000000e+00,0.000000000000000000e+00,0.000000000000000000e+00,0.000000000000000000e+00,0.000000000000000000e+00,0.000000000000000000e+00,0.000000000000000000e+00,0.000000000000000000e+00,0.000000000000000000e+00,0.000000000000000000e+00,0.000000000000000000e+00,0.000000000000000000e+00,0.000000000000000000e+00,0.000000000000000000e+00,0.000000000000000000e+00,0.000000000000000000e+00,0.000000000000000000e+00,0.000000000000000000e+00,0.000000000000000000e+00,0.000000000000000000e+00,0.000000000000000000e+00,0.000000000000000000e+00,0.000000000000000000e+00,0.000000000000000000e+00,0.000000000000000000e+00,0.000000000000000000e+00,0.000000000000000000e+00,0.000000000000000000e+00,0.000000000000000000e+00,0.000000000000000000e+00,0.000000000000000000e+00,0.000000000000000000e+00,0.000000000000000000e+00,0.000000000000000000e+00,0.000000000000000000e+00,0.000000000000000000e+00,0.000000000000000000e+00,0.000000000000000000e+00,0.000000000000000000e+00,0.000000000000000000e+00,0.000000000000000000e+00,0.000000000000000000e+00,0.000000000000000000e+00,0.000000000000000000e+00,0.000000000000000000e+00,0.000000000000000000e+00,0.000000000000000000e+00,0.000000000000000000e+00,0.000000000000000000e+00,0.000000000000000000e+00,0.000000000000000000e+00,0.000000000000000000e+00,0.000000000000000000e+00,0.000000000000000000e+00,0.000000000000000000e+00,0.000000000000000000e+00,0.000000000000000000e+00,0.000000000000000000e+00,0.000000000000000000e+00,0.000000000000000000e+00,0.000000000000000000e+00,0.000000000000000000e+00,0.000000000000000000e+00,0.000000000000000000e+00,0.000000000000000000e+00,0.000000000000000000e+00,0.000000000000000000e+00,0.000000000000000000e+00,0.000000000000000000e+00,0.000000000000000000e+00,0.000000000000000000e+00,0.000000000000000000e+00,0.000000000000000000e+00,0.000000000000000000e+00,0.000000000000000000e+00,0.000000000000000000e+00,0.000000000000000000e+00,0.000000000000000000e+00,0.000000000000000000e+00,0.000000000000000000e+00,0.000000000000000000e+00,0.000000000000000000e+00,0.000000000000000000e+00,0.000000000000000000e+00,0.000000000000000000e+00,0.000000000000000000e+00,0.000000000000000000e+00,0.000000000000000000e+00,0.000000000000000000e+00,0.000000000000000000e+00,0.000000000000000000e+00,0.000000000000000000e+00,0.000000000000000000e+00,0.000000000000000000e+00,0.000000000000000000e+00,0.000000000000000000e+00,0.000000000000000000e+00,0.000000000000000000e+00,0.000000000000000000e+00,0.000000000000000000e+00,0.000000000000000000e+00,0.000000000000000000e+00,0.000000000000000000e+00,0.000000000000000000e+00,0.000000000000000000e+00,0.000000000000000000e+00,0.000000000000000000e+00,0.000000000000000000e+00,0.000000000000000000e+00,0.000000000000000000e+00,0.000000000000000000e+00,0.000000000000000000e+00,0.000000000000000000e+00,0.000000000000000000e+00,0.000000000000000000e+00,0.000000000000000000e+00,0.000000000000000000e+00,0.000000000000000000e+00,0.000000000000000000e+00,0.000000000000000000e+00,0.000000000000000000e+00,0.000000000000000000e+00,0.000000000000000000e+00,0.000000000000000000e+00,0.000000000000000000e+00,0.000000000000000000e+00,0.000000000000000000e+00,0.000000000000000000e+00,0.000000000000000000e+00,0.000000000000000000e+00,0.000000000000000000e+00,0.000000000000000000e+00,0.000000000000000000e+00,0.000000000000000000e+00,0.000000000000000000e+00,0.000000000000000000e+00,0.000000000000000000e+00,0.000000000000000000e+00,0.000000000000000000e+00,0.000000000000000000e+00,0.000000000000000000e+00,0.000000000000000000e+00,0.000000000000000000e+00,0.000000000000000000e+00,0.000000000000000000e+00,0.000000000000000000e+00,0.000000000000000000e+00,0.000000000000000000e+00,0.000000000000000000e+00,0.000000000000000000e+00,0.000000000000000000e+00,0.000000000000000000e+00,0.000000000000000000e+00,0.000000000000000000e+00,0.000000000000000000e+00,0.000000000000000000e+00,0.000000000000000000e+00,0.000000000000000000e+00,0.000000000000000000e+00,0.000000000000000000e+00,0.000000000000000000e+00,0.000000000000000000e+00,0.000000000000000000e+00,0.000000000000000000e+00,0.000000000000000000e+00,0.000000000000000000e+00,0.000000000000000000e+00,0.000000000000000000e+00,0.000000000000000000e+00,0.000000000000000000e+00,0.000000000000000000e+00,0.000000000000000000e+00,0.000000000000000000e+00,0.000000000000000000e+00,0.000000000000000000e+00,0.000000000000000000e+00,0.000000000000000000e+00,0.000000000000000000e+00,0.000000000000000000e+00,0.000000000000000000e+00,0.000000000000000000e+00,0.000000000000000000e+00,0.000000000000000000e+00,0.000000000000000000e+00,0.000000000000000000e+00,0.000000000000000000e+00,0.000000000000000000e+00,0.000000000000000000e+00,0.000000000000000000e+00,0.000000000000000000e+00,0.000000000000000000e+00,0.000000000000000000e+00,0.000000000000000000e+00,0.000000000000000000e+00,0.000000000000000000e+00,0.000000000000000000e+00,0.000000000000000000e+00,0.000000000000000000e+00,0.000000000000000000e+00,0.000000000000000000e+00,0.000000000000000000e+00,0.000000000000000000e+00,0.000000000000000000e+00,0.000000000000000000e+00,0.000000000000000000e+00,0.000000000000000000e+00,0.000000000000000000e+00,0.000000000000000000e+00,0.000000000000000000e+00,0.000000000000000000e+00,0.000000000000000000e+00,0.000000000000000000e+00,0.000000000000000000e+00,0.000000000000000000e+00,0.000000000000000000e+00,0.000000000000000000e+00,0.000000000000000000e+00,0.000000000000000000e+00,0.000000000000000000e+00,0.000000000000000000e+00,0.000000000000000000e+00
1.057347670250896043e-01,1.133306155727680370e-01,1.398058252427184511e-01,7.667984189723320299e-02,1.010575793184488869e-01,9.327217125382263052e-02,0.000000000000000000e+00,0.000000000000000000e+00,0.000000000000000000e+00,7.723577235772358107e-02,6.695938529088912849e-02,1.135265700483091833e-01,1.176470588235294101e-01,0.000000000000000000e+00,1.188299817184643448e-01,1.091314031180400934e-01,9.881098810988109271e-02,9.675036927621860627e-02,1.136950904392764888e-01,1.394422310756971983e-01,1.245551601423487559e-01,0.000000000000000000e+00,9.563253012048192336e-02,9.677419354838709409e-02,1.115384615384615447e-01,0.000000000000000000e+00,2.642740619902120836e-01,1.006944444444444475e-01,1.202849958088851590e-01,1.109833237492812014e-01,8.484848484848485362e-02,1.198995605775266815e-01,8.114035087719298489e-02,2.768014059753954315e-01,1.235343383584589644e-01,1.256062075654704180e-01,1.040462427745664775e-01,2.498442367601245995e-01,1.105424769703172994e-01,8.096651123357355428e-02,6.938775510204081565e-02,1.020761245674740442e-01,8.863636363636363813e-02,2.578467769152885669e-01,2.368932038834951348e-01,0.000000000000000000e+00,9.752683154456369408e-02,1.270270270270270341e-01,2.438619774386197869e-01,9.177215189873418055e-02,9.839924670433145004e-02,9.439528023598819928e-02,2.318668252080856029e-01,8.514851485148515475e-02,8.089887640449437700e-02,9.857612267250821791e-02,1.210191082802547780e-01,1.177777777777777729e-01,1.142857142857142821e-01,8.455284552845528101e-02,9.308510638297871898e-02,1.082949308755760398e-01,1.010482180293501009e-01,1.006160164271047291e-01,7.914523149980214056e-02,1.073684210526315852e-01,2.160953800298062721e-01,1.102535832414553441e-01,1.401151631477927095e-01,2.430025445292620934e-01,2.553362867498993327e-01,2.335701598579040805e-01,1.088165210484511453e-01,8.612099644128114184e-02,1.197339246119733941e-01,1.067134268537074104e-01,2.551724137931034586e-01,2.460037930100243964e-01,8.531222515391380379e-02,8.541320022185246164e-02,1.006389776357827504e-01,7.683215130023640649e-02,1.205458680818802114e-01,7.537688442211054607e-02,1.206624605678233431e-01,1.078904991948470143e-01,1.290322580645161255e-01,0.000000000000000000e+00,1.002928257686676455e-01,1.865112406328059969e-01,8.813160987074029895e-02,8.612440191387560340e-02,1.153163808397398016e-01,1.000411692054343354e-01,1.037234042553191460e-01,1.004566210045662045e-01,1.154842050750906207e-01,2.355816226783968848e-01,2.349206349206349187e-01,9.730722154222766485e-02,2.476094614997483567e-01,2.332317073170731836e-01,2.288888888888888917e-01,9.346890887759093380e-02,1.239268383725270622e-01,1.140350877192982393e-01,2.165775401069518769e-01,0.000000000000000000e+00,8.435207823960880202e-02,0.000000000000000000e+00,5.675675675675675991e-02,2.314814814814814825e-01,7.780979827089337664e-02,1.122920517560073994e-01,1.063268892794376058e-01,8.989898989898989501e-02,1.080139372822299659e-01,2.085417468257022011e-01,1.292875989445910201e-01,9.899055682188212524e-02,9.032716927453769695e-02,1.144548593981253026e-01,2.362385321100917424e-01,9.721146398140975697e-02,8.130081300813007950e-02,9.778597785977859169e-02,1.305418719211822731e-01,1.064842355740630575e-01,1.026711185308848140e-01,1.071428571428571369e-01,0.000000000000000000e+00,1.184210526315789408e-01,0.000000000000000000e+00,1.179560649474689638e-01,1.086713807219947953e-01,1.004784688995215280e-01,1.250000000000000000e-01,1.078782452999104691e-01,7.960199004975124226e-02,1.186830015313935643e-01,9.380863039399624237e-02,7.857142857142856984e-02,6.199999999999999956e-02,9.479768786127167057e-02,5.244755244755244794e-02,0.000000000000000000e+00,8.128078817733989936e-02,0.000000000000000000e+00,0.000000000000000000e+00,1.201923076923076955e-01,9.192065795839381159e-02,1.011089367253750759e-01,1.498771498771498678e-01,1.238095238095238138e-01,1.448128993002738008e-01,1.372854914196567910e-01,1.036983321247280654e-01,6.172839506172839164e-02,1.076923076923076983e-01,1.299826689774696842e-01,1.137171286425017747e-01,7.761966364812418473e-02,1.175390266299357195e-01,9.295199182839632146e-02,9.838472834067547856e-02,0.000000000000000000e+00,1.270358306188925090e-01,0.000000000000000000e+00,7.928118393234671879e-02,7.297830374753451477e-02,2.062302839116719189e-01,0.000000000000000000e+00,0.000000000000000000e+00,7.633587786259542207e-02,8.627450980392156743e-02,1.329545454545454641e-01,2.285208148804251660e-01,1.081081081081081141e-01,1.075514874141876437e-01,1.274918868799258254e-01,1.143911439114391193e-01,8.130081300813007950e-02,1.128798842257597718e-01,1.895161290322580627e-01,9.925558312655087534e-02,1.007566706491437730e-01,2.397540983606557263e-01,0.000000000000000000e+00,6.071428571428571369e-02,8.136094674556212936e-02,0.000000000000000000e+00,2.272350993377483530e-01,2.087980173482032187e-01,2.233009708737864196e-01,9.486780715396578301e-02,9.538461538461538713e-02,2.489768076398362895e-01,0.000000000000000000e+00,1.064718162839248389e-01,8.472400513478818562e-02,2.360742705570291755e-01,2.244389027431421546e-01,6.414584740040513156e-02,1.250000000000000000e-01,8.301886792452829733e-02,8.253968253968253788e-02,1.022776106574989213e-01,2.290102389078498279e-01,0.000000000000000000e+00,9.746588693957114469e-02,1.053435114503816772e-01,1.728840754111512223e-01,2.643979057591622772e-01,1.322815533980582492e-01,1.126570915619389546e-01,6.451612903225806273e-02,1.008353221957040552e-01,0.000000000000000000e+00,1.398809523809523836e-01,0.000000000000000000e+00,0.000000000000000000e+00,6.603773584905660299e-02,1.871227364185110709e-01,1.078167115902965018e-01,9.389671361502346936e-02,0.000000000000000000e+00,7.772795216741404389e-02,0.000000000000000000e+00,1.062801932367149760e-01,1.302774427020506609e-01,1.125000000000000028e-01,1.004098360655737709e-01,0.000000000000000000e+00,0.000000000000000000e+00,9.870918754745633406e-02,8.892355694227768725e-02,9.146164978292330161e-02,2.138016019716574290e-01,1.203842689882917982e-01,1.041214750542299311e-01,1.235521235521235550e-01,1.047775947281713305e-01,9.622721492157694512e-02,1.177944862155388406e-01,1.199040767386091166e-01,1.000543773790103369e-01,9.205776173285198927e-02,1.020191285866099834e-01,9.628432956381259566e-02,1.105598866052445034e-01,0.000000000000000000e+00,1.033434650455927056e-01,1.261261261261261146e-01,1.096813725490196068e-01,9.405255878284923821e-02,9.401709401709401615e-02,0.000000000000000000e+00,8.292682926829268719e-02,1.125401929260450157e-01,2.188040096785343891e-01,0.000000000000000000e+00,1.130742049469964650e-01,0.000000000000000000e+00,0.000000000000000000e+00,6.122448979591836593e-02,0.000000000000000000e+00,2.109375000000000000e-01,2.541954590325765095e-01,1.016949152542372947e-01,1.726739312657166736e-01,2.548915917503966067e-01,1.169557918298824856e-01,1.202568593111500300e-01,9.748743718592964291e-02,1.907894736842105365e-01,1.279620853080568610e-01,1.228791773778920293e-01,1.077586206896551657e-01,1.085607940446650099e-01,1.017039403620873250e-01,0.000000000000000000e+00,1.628787878787878729e-01,1.009852216748768489e-01,9.087317265902805641e-02,7.675194660734148411e-02,1.082629674306393314e-01,2.331730769230769273e-01,2.080924855491329550e-01,2.355555555555555458e-01,0.000000000000000000e+00,2.131979695431472088e-01,0.000000000000000000e+00,1.203007518796992414e-01,5.846153846153846062e-02,9.861717612809316191e-02,1.099560175929628209e-01,1.858513189448441350e-01,0.000000000000000000e+00,1.119791666666666713e-01,2.181515403830141531e-01,7.358490566037735603e-02,1.007604562737642595e-01,1.040955631399317349e-01,1.158088235294117696e-01,1.049504950495049466e-01,1.297297297297297369e-01,1.472491909385113262e-01,1.239804241435562837e-01,1.008547008547008572e-01,1.321739130434782528e-01,1.021775544388609652e-01,1.231281198003327804e-01,1.191275167785234845e-01,9.791332263242374934e-02,1.261127596439169107e-01,1.098169717138103157e-01,1.212121212121212155e-01,9.343936381709741501e-02,1.035087719298245640e-01,9.963099630996309630e-02
3.316831683168317002e-01,1.849315068493150582e-01,1.726618705035971313e-01,1.760563380281690016e-01,2.259615384615384637e-01,1.312500000000000056e-01,0.000000000000000000e+00,0.000000000000000000e+00,0.000000000000000000e+00,1.515151515151515194e-01,1.893004115226337436e-01,2.287581699346405151e-01,2.089552238805970075e-01,0.000000000000000000e+00,2.516556291390728561e-01,2.500000000000000000e-01,1.808873720136518759e-01,1.906976744186046624e-01,1.923076923076923184e-01,1.153846153846153910e-01,1.721854304635761501e-01,0.000000000000000000e+00,2.009803921568627527e-01,1.669449081803004997e-01,1.418439716312056842e-01,0.000000000000000000e+00,2.340425531914893664e-01,2.857142857142856984e-01,1.719298245614035159e-01,2.759381898454746351e-01,3.030303030303030387e-01,1.957671957671957563e-01,2.933333333333333348e-01,3.800813008130081161e-01,1.565217391304347949e-01,1.905626134301270369e-01,1.590909090909090884e-01,3.591954022988505524e-01,2.116182572614107860e-01,3.126252505010019833e-01,2.727272727272727071e-01,2.808988764044944020e-01,1.769230769230769329e-01,3.159420289855072728e-01,4.070351758793969710e-01,0.000000000000000000e+00,1.755593803786574814e-01,2.166666666666666741e-01,3.379888268156424624e-01,3.253012048192771011e-01,1.852517985611510654e-01,3.599999999999999867e-01,4.540540540540540793e-01,1.014492753623188470e-01,2.999999999999999889e-01,1.911764705882352811e-01,2.096774193548387177e-01,3.046875000000000000e-01,1.612903225806451568e-01,2.558139534883721034e-01,1.688311688311688319e-01,1.919831223628691852e-01,1.928934010152284217e-01,1.651376146788990917e-01,3.428093645484949770e-01,2.180451127819548751e-01,3.019607843137254721e-01,2.222222222222222099e-01,2.196969696969696961e-01,2.606060606060606188e-01,3.409461663947797594e-01,3.636363636363636465e-01,2.679738562091503185e-01,1.856287425149700521e-01,1.755196304849884481e-01,2.059496567505720854e-01,4.423076923076922906e-01,3.683060109289617579e-01,1.314878892733563898e-01,2.692307692307692180e-01,1.672297297297297425e-01,1.696428571428571508e-01,2.297734627831715115e-01,3.141025641025640969e-01,2.176870748299319647e-01,1.428571428571428492e-01,1.924050632911392389e-01,0.000000000000000000e+00,2.917933130699087996e-01,4.142394822006472688e-01,2.128712871287128661e-01,2.553191489361701927e-01,1.913875598086124397e-01,1.759868421052631637e-01,2.330097087378640852e-01,1.881390593047034820e-01,1.849593495934959420e-01,3.273542600896860999e-01,3.612903225806451402e-01,2.118126272912423669e-01,3.844282238442822131e-01,3.935018050541516099e-01,3.471502590673575250e-01,1.845637583892617561e-01,1.899827288428324601e-01,1.176470588235294101e-01,2.307692307692307820e-01,0.000000000000000000e+00,3.236714975845410569e-01,0.000000000000000000e+00,4.096385542168674565e-01,3.440308087291399364e-01,1.572052401746724948e-01,1.631067961165048597e-01,2.157676348547717948e-01,1.353383458646616466e-01,1.920000000000000040e-01,3.243243243243243423e-01,1.766784452296819852e-01,2.816166883963494016e-01,2.105263157894736725e-01,1.887550200803212730e-01,3.061224489795918435e-01,2.641221374045801262e-01,2.545454545454545192e-01,2.487922705314009608e-01,1.995073891625615825e-01,1.810154525386313551e-01,1.755593803786574814e-01,4.915254237288135819e-01,0.000000000000000000e+00,2.280701754385964786e-01,0.000000000000000000e+00,1.780575539568345356e-01,1.782032400589101673e-01,1.987179487179487059e-01,2.727272727272727071e-01,1.847246891651865008e-01,1.428571428571428492e-01,1.937716262975778536e-01,1.796875000000000000e-01,3.499999999999999778e-01,1.238095238095238138e-01,1.799999999999999933e-01,3.709677419354838745e-01,0.000000000000000000e+00,3.023255813953488191e-01,0.000000000000000000e+00,0.000000000000000000e+00,1.836734693877551117e-01,2.039215686274509776e-01,3.434903047091412698e-01,2.395833333333333426e-01,1.451612903225806550e-01,2.412451361867704314e-01,1.992481203007518686e-01,1.961852861035422446e-01,1.826086956521739135e-01,1.343283582089552231e-01,2.482758620689655138e-01,1.783439490445859754e-01,2.099447513812154609e-01,1.863117870722433567e-01,2.919254658385093126e-01,2.181818181818181712e-01,0.000000000000000000e+00,2.260273972602739601e-01,0.000000000000000000e+00,3.438914027149321262e-01,1.857142857142857206e-01,2.577639751552794900e-01,0.000000000000000000e+00,0.000000000000000000e+00,2.471910112359550493e-01,2.568306010928961824e-01,1.938325991189427389e-01,2.859778597785977983e-01,1.730279898218829437e-01,1.818181818181818232e-01,1.894353369763205897e-01,1.704545454545454419e-01,4.027777777777777901e-01,1.813084112149532801e-01,1.276595744680850963e-01,2.840909090909091161e-01,1.660839160839160944e-01,3.166666666666666519e-01,0.000000000000000000e+00,2.500000000000000000e-01,3.266666666666666607e-01,0.000000000000000000e+00,3.194444444444444198e-01,6.260869565217391797e-01,2.741935483870967527e-01,2.131661442006269613e-01,3.315363881401617308e-01,3.863636363636363535e-01,0.000000000000000000e+00,3.248945147679324630e-01,2.944162436548223294e-01,3.691460055096418835e-01,3.459715639810426735e-01,2.705167173252279733e-01,2.062256809338521291e-01,1.694915254237288060e-01,1.739130434782608647e-01,2.017543859649122695e-01,3.269230769230769273e-01,0.000000000000000000e+00,3.556485355648535407e-01,2.655367231638418035e-01,2.731958762886597669e-01,3.333333333333333148e-01,2.717391304347825942e-01,1.875000000000000000e-01,1.386138613861386260e-01,1.786600496277915562e-01,0.000000000000000000e+00,2.133333333333333470e-01,0.000000000000000000e+00,0.000000000000000000e+00,2.000000000000000111e-01,2.230483271375464649e-01,2.857142857142856984e-01,1.544885177453027003e-01,0.000000000000000000e+00,1.879194630872483285e-01,0.000000000000000000e+00,1.821705426356589053e-01,1.849999999999999978e-01,1.811594202898550721e-01,1.956521739130434867e-01,0.000000000000000000e+00,0.000000000000000000e+00,3.198757763975155211e-01,1.967213114754098324e-01,3.367463026166097606e-01,2.468193384223918707e-01,2.202702702702702686e-01,1.854838709677419373e-01,1.834862385321101019e-01,1.946778711484593860e-01,2.383333333333333415e-01,1.869639794168096170e-01,9.411764705882352811e-02,1.960784313725490169e-01,2.812500000000000000e-01,1.794871794871794879e-01,3.538681948424068913e-01,2.473118279569892497e-01,0.000000000000000000e+00,1.948051948051948146e-01,2.043010752688172171e-01,1.559888579387186669e-01,1.704545454545454419e-01,1.923076923076923184e-01,0.000000000000000000e+00,1.616766467065868240e-01,2.361563517915309385e-01,3.185185185185185341e-01,0.000000000000000000e+00,1.503267973856209083e-01,0.000000000000000000e+00,0.000000000000000000e+00,1.265822784810126667e-01,0.000000000000000000e+00,3.873873873873873719e-01,3.214285714285714524e-01,1.741293532338308581e-01,2.678571428571428492e-01,3.461538461538461453e-01,1.542288557213930267e-01,1.947115384615384637e-01,1.685144124168514446e-01,2.759856630824372714e-01,2.181818181818181712e-01,1.325051759834368625e-01,1.606060606060606133e-01,3.024282560706401668e-01,1.777343750000000000e-01,0.000000000000000000e+00,6.885245901639344135e-01,1.171171171171171144e-01,3.068181818181818232e-01,4.000000000000000222e-01,1.861635220125786028e-01,3.455497382198952638e-01,3.548387096774193727e-01,5.609756097560976151e-01,0.000000000000000000e+00,4.146341463414633943e-01,0.000000000000000000e+00,2.163120567375886594e-01,1.494252873563218509e-01,2.833583208395802355e-01,2.117263843648208577e-01,2.826086956521738913e-01,0.000000000000000000e+00,1.359223300970873738e-01,2.852233676975944876e-01,2.248062015503876077e-01,2.518518518518518268e-01,2.214765100671141074e-01,1.942446043165467762e-01,1.313868613138686192e-01,2.000000000000000111e-01,1.823529411764705788e-01,1.749999999999999889e-01,2.407407407407407274e-01,2.222222222222222099e-01,1.933333333333333293e-01,2.168674698795180766e-01,2.013888888888888951e-01,2.297297297297297425e-01,2.611940298507462455e-01,1.666666666666666574e-01,2.578125000000000000e-01,2.013422818791946178e-01,1.985294117647058709e-01,2.214285714285714191e-01
3.571428571428571508e-01,2.962962962962962798e-01,3.076923076923077094e-01,3.043478260869565410e-01,4.615384615384615641e-01,2.307692307692307820e-01,0.000000000000000000e+00,0.000000000000000000e+00,0.000000000000000000e+00,0.000000000000000000e+00,5.000000000000000000e-01,2.424242424242424310e-01,0.000000000000000000e+00,0.000000000000000000e+00,3.529411764705882582e-01,2.631578947368420907e-01,2.666666666666666630e-01,1.923076923076923184e-01,3.571428571428571508e-01,3.333333333333333148e-01,2.857142857142856984e-01,0.000000000000000000e+00,2.608695652173912971e-01,1.799999999999999933e-01,4.736842105263157632e-01,0.000000000000000000e+00,8.000000000000000444e-01,3.529411764705882582e-01,4.390243902439024404e-01,3.965517241379310498e-01,0.000000000000000000e+00,2.812500000000000000e-01,2.692307692307692180e-01,6.129032258064516236e-01,3.647058823529411575e-01,3.620689655172413812e-01,2.195121951219512202e-01,7.317073170731707155e-01,6.428571428571429047e-01,1.311475409836065642e-01,6.666666666666666297e-01,2.999999999999999889e-01,2.500000000000000000e-01,7.066666666666666652e-01,8.620689655172413257e-01,0.000000000000000000e+00,3.548387096774193727e-01,5.000000000000000000e-01,6.470588235294117974e-01,2.500000000000000000e-01,3.529411764705882582e-01,4.000000000000000222e-01,6.923076923076922906e-01,5.000000000000000000e-01,1.666666666666666574e-01,3.125000000000000000e-01,5.000000000000000000e-01,6.250000000000000000e-01,4.285714285714285476e-01,2.500000000000000000e-01,4.545454545454545303e-01,2.222222222222222099e-01,2.295081967213114804e-01,4.000000000000000222e-01,2.631578947368420907e-01,5.000000000000000000e-01,7.500000000000000000e-01,4.666666666666666741e-01,6.923076923076922906e-01,7.741935483870967527e-01,8.000000000000000444e-01,7.586206896551723755e-01,2.666666666666666630e-01,2.187500000000000000e-01,3.095238095238095344e-01,3.636363636363636465e-01,6.250000000000000000e-01,6.837606837606837740e-01,1.904761904761904656e-01,1.463414634146341375e-01,2.452830188679245293e-01,3.499999999999999778e-01,5.000000000000000000e-01,2.272727272727272652e-01,2.222222222222222099e-01,5.555555555555555802e-01,3.513513513513513709e-01,0.000000000000000000e+00,3.529411764705882582e-01,5.428571428571428159e-01,1.176470588235294101e-01,2.352941176470588203e-01,4.385964912280701511e-01,2.999999999999999889e-01,3.333333333333333148e-01,2.000000000000000111e-01,5.102040816326530726e-01,7.826086956521739468e-01,7.692307692307692735e-01,4.500000000000000111e-01,7.358490566037735325e-01,7.272727272727272929e-01,6.774193548387096309e-01,1.785714285714285754e-01,3.157894736842105088e-01,6.666666666666666297e-01,6.250000000000000000e-01,0.000000000000000000e+00,1.176470588235294101e-01,0.000000000000000000e+00,7.500000000000000000e-01,6.333333333333333037e-01,2.000000000000000111e-01,4.347826086956521618e-01,4.166666666666666852e-01,3.043478260869565410e-01,2.222222222222222099e-01,6.458333333333333703e-01,2.941176470588235392e-01,3.139534883720930258e-01,2.903225806451613100e-01,2.156862745098039325e-01,8.000000000000000444e-01,3.636363636363636465e-01,3.846153846153846367e-01,2.452830188679245293e-01,5.319148936170212671e-01,2.857142857142856984e-01,2.500000000000000000e-01,4.545454545454545303e-01,0.000000000000000000e+00,6.363636363636363535e-01,0.000000000000000000e+00,2.500000000000000000e-01,4.827586206896551935e-01,1.428571428571428492e-01,3.076923076923077094e-01,3.968253968253968034e-01,3.750000000000000000e-01,2.500000000000000000e-01,3.636363636363636465e-01,2.923076923076923239e-01,2.000000000000000111e-01,1.818181818181818232e-01,3.333333333333333148e-01,0.000000000000000000e+00,4.000000000000000222e-01,0.000000000000000000e+00,0.000000000000000000e+00,1.842105263157894635e-01,2.500000000000000000e-01,3.513513513513513709e-01,5.454545454545454142e-01,3.333333333333333148e-01,4.736842105263157632e-01,2.820512820512820484e-01,2.432432432432432567e-01,2.857142857142856984e-01,1.000000000000000000e+00,5.277777777777777901e-01,2.222222222222222099e-01,2.727272727272727071e-01,4.814814814814814548e-01,3.265306122448979331e-01,3.333333333333333148e-01,0.000000000000000000e+00,5.000000000000000000e-01,0.000000000000000000e+00,3.076923076923077094e-01,7.692307692307692735e-02,6.162790697674418450e-01,0.000000000000000000e+00,0.000000000000000000e+00,1.666666666666666574e-01,2.941176470588235392e-01,4.285714285714285476e-01,6.619718309859154992e-01,3.516483516483516758e-01,2.500000000000000000e-01,3.090909090909090828e-01,2.500000000000000000e-01,2.500000000000000000e-01,2.321428571428571508e-01,3.333333333333333148e-01,2.000000000000000111e-01,3.469387755102040782e-01,6.999999999999999556e-01,0.000000000000000000e+00,5.454545454545454142e-01,5.000000000000000000e-01,0.000000000000000000e+00,7.009345794392523032e-01,5.744680851063830307e-01,7.142857142857143016e-01,3.783783783783783994e-01,3.207547169811320598e-01,5.937500000000000000e-01,0.000000000000000000e+00,5.000000000000000000e-01,2.500000000000000000e-01,7.222222222222222099e-01,8.235294117647058432e-01,2.820512820512820484e-01,4.166666666666666852e-01,1.250000000000000000e-01,3.333333333333333148e-01,3.484848484848485084e-01,7.029702970297029285e-01,0.000000000000000000e+00,5.652173913043477826e-01,2.999999999999999889e-01,5.402298850574712707e-01,7.272727272727272929e-01,3.809523809523809312e-01,3.103448275862069061e-01,4.444444444444444198e-01,2.424242424242424310e-01,0.000000000000000000e+00,8.571428571428570953e-01,0.000000000000000000e+00,0.000000000000000000e+00,5.000000000000000000e-01,6.666666666666666297e-01,5.714285714285713969e-01,2.153846153846153966e-01,0.000000000000000000e+00,3.333333333333333148e-01,0.000000000000000000e+00,2.727272727272727071e-01,1.428571428571428492e-01,2.727272727272727071e-01,4.117647058823529216e-01,0.000000000000000000e+00,0.000000000000000000e+00,2.698412698412698263e-01,3.750000000000000000e-01,3.103448275862069061e-01,7.906976744186046124e-01,2.816901408450704358e-01,3.529411764705882582e-01,2.962962962962962798e-01,3.733333333333333504e-01,3.015873015873015706e-01,3.913043478260869734e-01,5.000000000000000000e-01,2.500000000000000000e-01,5.999999999999999778e-01,3.225806451612903136e-01,3.561643835616438158e-01,2.820512820512820484e-01,0.000000000000000000e+00,0.000000000000000000e+00,3.684210526315789269e-01,4.062500000000000000e-01,2.666666666666666630e-01,1.111111111111111049e-01,0.000000000000000000e+00,2.999999999999999889e-01,2.909090909090908950e-01,6.526315789473684514e-01,0.000000000000000000e+00,1.818181818181818232e-01,0.000000000000000000e+00,0.000000000000000000e+00,5.999999999999999778e-01,0.000000000000000000e+00,4.545454545454545303e-01,6.964285714285713969e-01,4.782608695652174058e-01,5.250000000000000222e-01,7.450980392156862919e-01,3.818181818181818343e-01,2.500000000000000000e-01,2.051282051282051211e-01,4.848484848484848619e-01,4.615384615384615641e-01,3.255813953488372325e-01,3.188405797101449002e-01,4.473684210526315819e-01,3.333333333333333148e-01,0.000000000000000000e+00,6.250000000000000000e-01,3.333333333333333148e-01,2.264150943396226467e-01,2.000000000000000111e-01,2.857142857142856984e-01,6.086956521739130821e-01,5.999999999999999778e-01,5.714285714285713969e-01,0.000000000000000000e+00,7.500000000000000000e-01,0.000000000000000000e+00,3.846153846153846367e-01,2.000000000000000111e-01,2.405063291139240556e-01,3.582089552238805763e-01,6.067415730337079038e-01,0.000000000000000000e+00,5.454545454545454142e-01,4.883720930232557933e-01,2.500000000000000000e-01,3.846153846153846367e-01,4.285714285714285476e-01,4.500000000000000111e-01,5.333333333333333259e-01,2.999999999999999889e-01,5.882352941176470784e-01,2.631578947368420907e-01,6.363636363636363535e-01,3.461538461538461453e-01,4.210526315789473450e-01,3.636363636363636465e-01,4.666666666666666741e-01,4.444444444444444198e-01,3.333333333333333148e-01,4.666666666666666741e-01,3.478260869565217295e-01,5.000000000000000000e-01,4.761904761904761640e-01,2.999999999999999889e-01
1.154791154791154767e-01,9.523809523809523281e-02,1.298701298701298579e-01,2.712933753943217452e-01,2.439024390243902385e-01,1.047120418848167533e-01,0.000000000000000000e+00,0.000000000000000000e+00,0.000000000000000000e+00,1.060606060606060635e-01,1.672597864768683162e-01,1.437908496732026031e-01,9.722222222222222376e-02,0.000000000000000000e+00,1.019108280254777121e-01,1.509433962264150886e-01,7.692307692307692735e-02,2.737430167597765251e-01,1.643835616438356073e-01,2.363636363636363591e-01,2.165605095541401348e-01,0.000000000000000000e+00,2.388888888888889006e-01,2.255319148936170137e-01,1.851851851851851749e-01,0.000000000000000000e+00,1.011904761904761918e-01,1.076923076923076983e-01,1.029159519725557498e-01,1.307053941908713768e-01,1.320754716981132060e-01,2.725118483412322101e-01,8.502024291497975450e-02,1.347656250000000000e-01,2.811501597444089340e-01,1.265822784810126667e-01,8.837209302325581273e-02,1.071428571428571369e-01,2.151898734177215278e-01,1.061151079136690711e-01,1.666666666666666574e-01,1.216730038022813681e-01,1.666666666666666574e-01,1.130952380952380959e-01,1.471861471861471982e-01,0.000000000000000000e+00,1.195652173913043514e-01,1.685393258426966245e-01,1.135057471264367818e-01,6.741573033707864981e-02,8.829174664107485027e-02,5.208333333333333565e-02,7.035175879396984855e-02,1.333333333333333315e-01,6.299212598425196763e-02,2.640692640692640647e-01,2.289156626506023973e-01,1.450381679389312894e-01,1.652173913043478160e-01,1.000000000000000056e-01,1.914893617021276584e-01,2.990353697749196238e-01,3.060648801128350027e-01,2.447552447552447663e-01,7.703927492447129599e-02,1.140939597315436260e-01,9.638554216867470381e-02,1.235059760956175312e-01,1.974522292993630690e-01,2.000000000000000111e-01,7.992895204262877307e-02,1.052631578947368363e-01,1.537216828478964459e-01,1.007751937984496110e-01,2.274678111587982721e-01,1.016949152542372947e-01,2.380952380952380820e-01,1.003500583430571719e-01,2.371428571428571552e-01,8.333333333333332871e-02,2.851002865329512748e-01,2.660550458715596478e-01,1.410256410256410242e-01,1.243243243243243312e-01,1.790123456790123357e-01,8.666666666666666963e-02,9.523809523809523281e-02,0.000000000000000000e+00,8.841463414634145868e-02,1.246105919003115264e-01,1.821862348178137636e-01,1.428571428571428492e-01,2.747252747252747485e-01,8.673469387755101956e-02,1.616161616161616299e-01,1.966604823747680753e-01,2.553956834532374320e-01,1.171171171171171144e-01,1.353383458646616466e-01,2.130434782608695565e-01,1.098901098901098883e-01,1.003344481605351196e-01,1.392405063291139167e-01,9.320695102685623568e-02,1.139053254437869811e-01,6.666666666666666574e-02,1.354166666666666574e-01,0.000000000000000000e+00,1.078431372549019662e-01,0.000000000000000000e+00,1.086956521739130405e-01,1.013333333333333308e-01,1.363636363636363535e-01,1.026936026936026980e-01,7.333333333333333370e-02,7.339449541284404077e-02,1.255230125523012497e-01,1.329113924050632778e-01,2.235649546827794543e-01,1.171875000000000000e-01,2.377260981912144577e-01,1.205821205821205888e-01,9.734513274336283051e-02,1.287284144427001675e-01,2.049180327868852514e-01,1.033591731266149810e-01,1.508951406649616245e-01,9.743589743589743668e-02,1.189591078066914442e-01,1.570247933884297564e-01,0.000000000000000000e+00,1.587301587301587213e-01,0.000000000000000000e+00,1.434426229508196649e-01,1.233283803863298722e-01,1.294117647058823650e-01,9.929078014184397616e-02,1.239388794567062857e-01,7.692307692307692735e-02,1.279069767441860517e-01,1.153846153846153910e-01,9.964412811387900193e-02,1.374045801526717625e-01,1.282051282051281937e-01,1.558441558441558406e-01,0.000000000000000000e+00,8.641975308641974829e-02,0.000000000000000000e+00,0.000000000000000000e+00,1.191860465116279105e-01,1.227436823104693098e-01,1.009852216748768489e-01,1.702127659574468044e-01,8.695652173913043237e-02,1.625916870415647919e-01,1.216617210682492539e-01,1.637426900584795231e-01,1.111111111111111049e-01,3.837209302325581550e-01,1.969230769230769229e-01,9.631728045325778365e-02,8.247422680412370977e-02,3.730158730158730229e-01,1.310344827586207017e-01,2.547169811320754707e-01,0.000000000000000000e+00,1.797752808988763995e-01,0.000000000000000000e+00,7.142857142857142461e-02,2.965517241379310165e-01,1.394984326018808840e-01,0.000000000000000000e+00,0.000000000000000000e+00,2.195121951219512202e-01,8.717948717948717507e-02,1.189427312775330342e-01,1.236203090507726338e-01,2.656950672645739808e-01,2.352941176470588203e-01,1.142857142857142821e-01,2.452830188679245293e-01,8.000000000000000167e-02,1.042471042471042469e-01,1.044776119402985037e-01,5.514018691588784549e-01,9.144542772861356805e-02,9.909909909909909997e-02,0.000000000000000000e+00,1.139240506329113889e-01,1.162790697674418589e-01,0.000000000000000000e+00,9.933774834437085477e-02,1.223404255319148898e-01,1.138211382113821085e-01,6.527777777777777901e-01,2.222222222222222099e-01,7.427055702917771673e-02,0.000000000000000000e+00,1.206896551724137984e-01,1.181818181818181795e-01,1.240506329113924000e-01,1.284916201117318468e-01,8.672086720867208665e-02,1.551724137931034531e-01,1.044776119402985037e-01,7.142857142857142461e-02,1.346801346801346777e-01,1.033057851239669450e-01,0.000000000000000000e+00,1.064638783269961919e-01,2.116402116402116285e-01,1.713836477987421281e-01,1.810344827586206906e-01,1.586538461538461453e-01,1.225165562913907297e-01,3.534482758620689502e-01,2.472885032537960881e-01,0.000000000000000000e+00,1.052631578947368363e-01,0.000000000000000000e+00,0.000000000000000000e+00,0.000000000000000000e+00,1.145374449339207068e-01,1.730769230769230727e-01,2.390852390852390985e-01,0.000000000000000000e+00,8.241758241758241621e-02,0.000000000000000000e+00,9.591474245115452768e-02,6.486486486486486847e-02,3.877551020408163129e-01,1.587301587301587213e-01,0.000000000000000000e+00,0.000000000000000000e+00,9.365079365079365115e-02,2.812500000000000000e-01,1.194353963083604753e-01,1.826923076923076816e-01,1.616628175519630450e-01,2.955465587044534548e-01,1.445783132530120418e-01,2.233632862644416017e-01,1.148409893992932834e-01,7.915993537964459426e-02,7.894736842105262720e-02,1.017274472168906013e-01,1.582733812949640162e-01,9.543568464730289858e-02,1.214953271028037379e-01,2.067183462532299620e-01,0.000000000000000000e+00,9.574468085106382920e-02,2.974358974358974339e-01,9.326424870466321071e-02,3.417085427135678199e-01,1.318681318681318715e-01,0.000000000000000000e+00,2.619047619047619180e-01,1.101055806938159853e-01,1.284403669724770714e-01,0.000000000000000000e+00,2.115384615384615363e-01,0.000000000000000000e+00,0.000000000000000000e+00,2.127659574468085124e-01,0.000000000000000000e+00,8.666666666666666963e-02,9.307359307359307221e-02,1.529850746268656692e-01,1.142857142857142821e-01,9.975062344139651316e-02,2.222222222222222099e-01,1.061320754716981174e-01,2.777777777777777901e-01,1.389961389961389959e-01,1.843971631205673645e-01,1.054687500000000000e-01,1.294851794071762985e-01,8.695652173913043237e-02,2.399232245681381936e-01,0.000000000000000000e+00,3.921568627450980338e-02,8.730158730158729674e-02,1.169036334913112207e-01,1.148936170212765950e-01,1.085450346420323287e-01,9.375000000000000000e-02,8.018867924528301494e-02,1.746031746031745935e-01,0.000000000000000000e+00,1.525423728813559421e-01,0.000000000000000000e+00,1.176470588235294101e-01,5.263157894736841813e-02,1.379310344827586188e-01,2.771474878444084022e-01,1.411229135053110872e-01,0.000000000000000000e+00,2.897196261682242757e-01,1.672025723472668757e-01,1.083333333333333370e-01,1.382113821138211407e-01,1.657142857142857029e-01,1.172839506172839441e-01,1.202531645569620278e-01,1.304347826086956486e-01,1.470588235294117696e-01,1.726190476190476164e-01,1.799999999999999933e-01,1.194029850746268634e-01,7.547169811320754429e-02,8.163265306122448328e-02,1.456953642384105907e-01,1.205673758865248163e-01,1.373626373626373742e-01,1.632653061224489666e-01,1.294117647058823650e-01,9.146341463414633943e-02,1.931034482758620663e-01,1.520467836257309857e-01
3.403755868544601215e-01,1.698473282442748145e-01,1.578947368421052544e-01,3.429487179487179516e-01,2.741935483870967527e-01,2.095808383233532801e-01,0.000000000000000000e+00,0.000000000000000000e+00,0.000000000000000000e+00,1.733333333333333393e-01,1.659919028340081093e-01,1.910828025477707137e-01,2.222222222222222099e-01,0.000000000000000000e+00,2.264150943396226467e-01,2.473118279569892497e-01,1.725417439703154088e-01,3.577844311377245679e-01,1.547619047619047672e-01,1.746031746031745935e-01,3.148148148148148251e-01,0.000000000000000000e+00,3.372606774668630569e-01,3.865814696485623259e-01,2.500000000000000000e-01,0.000000000000000000e+00,1.714285714285714302e-01,3.290322580645161366e-01,1.621621621621621712e-01,3.233532934131736480e-01,2.325581395348837177e-01,3.315926892950391558e-01,2.777777777777777901e-01,1.764705882352941291e-01,3.029801324503311188e-01,1.873638344226579433e-01,1.550387596899224785e-01,2.138157894736842091e-01,3.333333333333333148e-01,3.137254901960784270e-01,4.761904761904761640e-01,3.440514469453376245e-01,2.483660130718954306e-01,2.064056939501779375e-01,1.746724890829694232e-01,0.000000000000000000e+00,2.117647058823529382e-01,2.926829268292682751e-01,1.816860465116278966e-01,1.935483870967741882e-01,2.000000000000000111e-01,2.500000000000000000e-01,1.897435897435897356e-01,1.333333333333333315e-01,3.884297520661156855e-01,3.760683760683760646e-01,1.666666666666666574e-01,2.301587301587301460e-01,2.307692307692307820e-01,3.143939393939393923e-01,2.413793103448275967e-01,3.117870722433460084e-01,3.632000000000000228e-01,3.529411764705882582e-01,3.505477308294209782e-01,1.623931623931623991e-01,1.685393258426966245e-01,2.043478260869565355e-01,2.327586206896551657e-01,1.493506493506493449e-01,1.902912621359223178e-01,1.897233201581027540e-01,2.909647779479326291e-01,2.031662269129287657e-01,3.402298850574712596e-01,1.967592592592592726e-01,1.718750000000000000e-01,2.019950124688279225e-01,2.422145328719723101e-01,3.118279569892473124e-01,3.738019169329073743e-01,3.571428571428571508e-01,2.457912457912457826e-01,5.037037037037036535e-01,2.752613240418118612e-01,1.864406779661016977e-01,2.074468085106382920e-01,0.000000000000000000e+00,3.260188087774294474e-01,3.248407643312101745e-01,3.145539906103286265e-01,2.380952380952380820e-01,3.316455696202531556e-01,1.899827288428324601e-01,3.295454545454545303e-01,3.333333333333333148e-01,2.774451097804391253e-01,1.851851851851851749e-01,1.409395973154362325e-01,2.671081677704194024e-01,2.137767220902612730e-01,2.241379310344827624e-01,1.304347826086956486e-01,1.418181818181818155e-01,1.693811074918566695e-01,1.836734693877551117e-01,1.071428571428571369e-01,0.000000000000000000e+00,4.142857142857143127e-01,0.000000000000000000e+00,4.831460674157303514e-01,1.867388362652232792e-01,1.898734177215190000e-01,1.582867783985102417e-01,1.899641577060931785e-01,1.250000000000000000e-01,2.070707070707070718e-01,2.115384615384615363e-01,2.944983818770226525e-01,3.087500000000000244e-01,3.883248730964466988e-01,1.700223713646532575e-01,1.728395061728394966e-01,2.647928994082840437e-01,3.207547169811320598e-01,3.530864197530864113e-01,2.025000000000000133e-01,1.648106904231625702e-01,2.154088050314465486e-01,4.538461538461538436e-01,0.000000000000000000e+00,2.362204724409448786e-01,0.000000000000000000e+00,1.686956521739130521e-01,1.849624060150376059e-01,2.424242424242424310e-01,1.562500000000000000e-01,1.700182815356489907e-01,1.123595505617977497e-01,2.000000000000000111e-01,1.640625000000000000e-01,4.627949183303085023e-01,1.157024793388429784e-01,1.435643564356435531e-01,3.620689655172413812e-01,0.000000000000000000e+00,3.243243243243243423e-01,0.000000000000000000e+00,0.000000000000000000e+00,1.852941176470588314e-01,2.300380228136882088e-01,3.363636363636363646e-01,2.133333333333333470e-01,1.877934272300469387e-01,3.019867549668874274e-01,2.718120805369127480e-01,3.495934959349593640e-01,1.438848920863309289e-01,3.414634146341463672e-01,3.573770491803278659e-01,2.078947368421052710e-01,2.049999999999999878e-01,2.857142857142856984e-01,3.545816733067729265e-01,3.511111111111110961e-01,0.000000000000000000e+00,2.638888888888888951e-01,0.000000000000000000e+00,3.657407407407407551e-01,4.695652173913043570e-01,1.935483870967741882e-01,0.000000000000000000e+00,0.000000000000000000e+00,5.921052631578946901e-01,3.287037037037037202e-01,2.233009708737864196e-01,1.636363636363636354e-01,3.880239520958083665e-01,2.187500000000000000e-01,1.560693641618497163e-01,3.225806451612903136e-01,4.062500000000000000e-01,1.885245901639344135e-01,1.607142857142857262e-01,2.767857142857143016e-01,1.917808219178082085e-01,2.035398230088495686e-01,0.000000000000000000e+00,2.857142857142856984e-01,3.815028901734103806e-01,0.000000000000000000e+00,2.007366482504603922e-01,2.967032967032967039e-01,1.826923076923076816e-01,3.489932885906040227e-01,5.695652173913043903e-01,1.713395638629283402e-01,0.000000000000000000e+00,3.079847908745247387e-01,3.493975903614457978e-01,2.082191780821917859e-01,1.600000000000000033e-01,3.593314763231197917e-01,2.043795620437956206e-01,1.791044776119402882e-01,1.744186046511627952e-01,2.040072859744991030e-01,2.215568862275449080e-01,0.000000000000000000e+00,3.437500000000000000e-01,2.556818181818181768e-01,2.195540308747855884e-01,3.023255813953488191e-01,3.674418604651162878e-01,2.142857142857142738e-01,4.301075268817204367e-01,3.678414096916299836e-01,0.000000000000000000e+00,1.111111111111111049e-01,0.000000000000000000e+00,0.000000000000000000e+00,1.525423728813559421e-01,2.028301886792452935e-01,2.695652173913043459e-01,3.465909090909091161e-01,0.000000000000000000e+00,1.266666666666666774e-01,0.000000000000000000e+00,1.835564053537284968e-01,2.108108108108108225e-01,4.110429447852760876e-01,2.300884955752212357e-01,0.000000000000000000e+00,0.000000000000000000e+00,3.767123287671232945e-01,3.783783783783783994e-01,3.888242142025611359e-01,3.048780487804877981e-01,3.064516129032258118e-01,3.302325581395348930e-01,2.004454342984409720e-01,3.733003708281829591e-01,2.345483359746434182e-01,1.393596986817325911e-01,1.777777777777777846e-01,1.839826839826839699e-01,2.167832167832167700e-01,2.212389380530973559e-01,4.110115236875800382e-01,5.238095238095238360e-01,0.000000000000000000e+00,2.051282051282051211e-01,3.298429319371727897e-01,1.572700296735904946e-01,3.444444444444444420e-01,2.520325203252032353e-01,0.000000000000000000e+00,4.236453201970443172e-01,1.980982567353407331e-01,1.531531531531531432e-01,0.000000000000000000e+00,1.470588235294117696e-01,0.000000000000000000e+00,0.000000000000000000e+00,3.648648648648648574e-01,0.000000000000000000e+00,2.110091743119266172e-01,1.860465116279069742e-01,2.173913043478260809e-01,2.235294117647058931e-01,1.591511936339522482e-01,2.534246575342465890e-01,1.662269129287599068e-01,3.215859030837004418e-01,2.557377049180327711e-01,3.529411764705882582e-01,1.873536299765808100e-01,2.201680672268907513e-01,3.219178082191780921e-01,3.166023166023165802e-01,0.000000000000000000e+00,3.703703703703703498e-02,1.224489795918367319e-01,3.306451612903225645e-01,3.818181818181818343e-01,1.426666666666666639e-01,1.491712707182320519e-01,1.770334928229665150e-01,1.833333333333333204e-01,0.000000000000000000e+00,2.352941176470588203e-01,0.000000000000000000e+00,1.682539682539682668e-01,2.054794520547945091e-01,3.070866141732283561e-01,3.269794721407624505e-01,1.996587030716723554e-01,0.000000000000000000e+00,3.787878787878787845e-01,3.657718120805369399e-01,2.592592592592592449e-01,2.677165354330708902e-01,2.687499999999999889e-01,2.236024844720496951e-01,2.290076335877862523e-01,2.500000000000000000e-01,2.399999999999999911e-01,1.986754966887417095e-01,2.993630573248407534e-01,2.978723404255319007e-01,2.229729729729729715e-01,2.535211267605633756e-01,2.267441860465116144e-01,1.818181818181818232e-01,2.518518518518518268e-01,2.031250000000000000e-01,2.269503546099290725e-01,2.361111111111111049e-01,2.333333333333333370e-01,2.800000000000000266e-01
1.505882352941176339e-01,1.363636363636363535e-01,1.531531531531531432e-01,9.756097560975610095e-02,1.860465116279069742e-01,7.317073170731706877e-02,0.000000000000000000e+00,0.000000000000000000e+00,0.000000000000000000e+00,9.523809523809523281e-02,1.243781094527363212e-01,1.237458193979933119e-01,1.166666666666666685e-01,0.000000000000000000e+00,1.564245810055865937e-01,1.209677419354838745e-01,1.428571428571428492e-01,9.927797833935017580e-02,1.975308641975308532e-01,9.523809523809523281e-02,1.653543307086614289e-01,0.000000000000000000e+00,1.170018281535648991e-01,1.051502145922746795e-01,1.538461538461538547e-01,0.000000000000000000e+00,5.108695652173913526e-01,8.695652173913043237e-02,2.077393075356415431e-01,1.692913385826771699e-01,2.727272727272727071e-01,1.336898395721925203e-01,1.036036036036036001e-01,5.129982668977469684e-01,1.152416356877323383e-01,1.370967741935483764e-01,1.732026143790849626e-01,5.659898477157360164e-01,1.521739130434782705e-01,1.037344398340249024e-01,7.142857142857142461e-02,1.409395973154362325e-01,8.653846153846153633e-02,4.910591471801925567e-01,4.779116465863453844e-01,0.000000000000000000e+00,1.570397111913357513e-01,1.888888888888888840e-01,4.341085271317829397e-01,1.384615384615384692e-01,1.116071428571428631e-01,8.196721311475409222e-02,5.700934579439251859e-01,2.268907563025210072e-01,1.826923076923076816e-01,1.059907834101382479e-01,1.690140845070422504e-01,2.049180327868852514e-01,1.488095238095238082e-01,9.578544061302682322e-02,1.604938271604938183e-01,1.138716356107660477e-01,1.306042884990253339e-01,1.416666666666666630e-01,1.039156626506024111e-01,1.397849462365591267e-01,4.186046511627907196e-01,1.555555555555555580e-01,2.162162162162162282e-01,3.409090909090908839e-01,5.363036303630362989e-01,5.358649789029535926e-01,1.448382126348227994e-01,1.126760563380281716e-01,2.091690544412607433e-01,1.815920398009950310e-01,4.375000000000000000e-01,4.750542299349240771e-01,6.563706563706563080e-02,1.184210526315789408e-01,1.098039215686274495e-01,1.220930232558139483e-01,1.900826446280991788e-01,1.088435374149659823e-01,1.721854304635761501e-01,2.262773722627737238e-01,1.852941176470588314e-01,0.000000000000000000e+00,1.415929203539822989e-01,3.314285714285714057e-01,1.086956521739130405e-01,1.632653061224489666e-01,1.446384039900249496e-01,1.422594142259414329e-01,2.444444444444444364e-01,9.669811320754717610e-02,1.232876712328767055e-01,5.075187969924812581e-01,4.594594594594594850e-01,1.361502347417840320e-01,5.369261477045907949e-01,4.539473684210526550e-01,4.512195121951219634e-01,1.038461538461538519e-01,1.589085072231139761e-01,1.458333333333333426e-01,5.217391304347825942e-01,0.000000000000000000e+00,1.746031746031745935e-01,0.000000000000000000e+00,1.728395061728394966e-01,4.114942528735632266e-01,1.034482758620689641e-01,2.332613390928725827e-01,1.489361702127659504e-01,1.032608695652173919e-01,2.096774193548387177e-01,4.068692206076618412e-01,1.679389312977099258e-01,1.238825031928480203e-01,1.290322580645161255e-01,1.538461538461538547e-01,5.140186915887849928e-01,1.511111111111111127e-01,1.538461538461538547e-01,1.753086419753086544e-01,2.149999999999999967e-01,1.424731182795699047e-01,9.863945578231292366e-02,1.777777777777777846e-01,0.000000000000000000e+00,1.440677966101694962e-01,0.000000000000000000e+00,1.370143149284253625e-01,1.681415929203539938e-01,1.451612903225806550e-01,2.255639097744360777e-01,1.762589928057553823e-01,1.445783132530120418e-01,1.070234113712374563e-01,1.140350877192982393e-01,1.570247933884297564e-01,1.529411764705882470e-01,1.857923497267759683e-01,1.527777777777777901e-01,0.000000000000000000e+00,1.375000000000000111e-01,0.000000000000000000e+00,0.000000000000000000e+00,1.352201257861635197e-01,1.543340380549682866e-01,1.205882352941176489e-01,1.333333333333333315e-01,1.460674157303370746e-01,2.123076923076923084e-01,1.824561403508772051e-01,1.501416430594900986e-01,1.320754716981132060e-01,2.531645569620253333e-01,2.022058823529411797e-01,1.107954545454545442e-01,2.352941176470588203e-01,7.142857142857142461e-02,1.122881355932203451e-01,1.510791366906474864e-01,0.000000000000000000e+00,1.790123456790123357e-01,0.000000000000000000e+00,2.042553191489361597e-01,1.160714285714285754e-01,3.178717598908594733e-01,0.000000000000000000e+00,0.000000000000000000e+00,3.030303030303030387e-02,1.296296296296296224e-01,1.519607843137254777e-01,3.944353518821603899e-01,1.036269430051813406e-01,1.495327102803738206e-01,1.839999999999999969e-01,1.000000000000000056e-01,2.000000000000000111e-01,1.387163561076604490e-01,3.898305084745762872e-01,9.803921568627450844e-02,1.659574468085106280e-01,5.862068965517240882e-01,0.000000000000000000e+00,9.090909090909091161e-02,1.623376623376623362e-01,0.000000000000000000e+00,3.808801213960546495e-01,3.862559241706161051e-01,4.666666666666666741e-01,9.160305343511450371e-02,1.133004926108374388e-01,5.449871465295629269e-01,0.000000000000000000e+00,1.573604060913705582e-01,1.417910447761193959e-01,3.917808219178082196e-01,3.750000000000000000e-01,7.443365695792880654e-02,1.661129568106312349e-01,6.250000000000000000e-02,1.864406779661016977e-01,1.325503355704698016e-01,4.549180327868852514e-01,0.000000000000000000e+00,1.355932203389830504e-01,1.407407407407407496e-01,2.921052631578947567e-01,4.905660377358490587e-01,2.267441860465116144e-01,1.301989150090415992e-01,8.749999999999999445e-02,1.078167115902965018e-01,0.000000000000000000e+00,3.965517241379310498e-01,0.000000000000000000e+00,0.000000000000000000e+00,2.272727272727272652e-01,3.474903474903475176e-01,1.862745098039215730e-01,1.170212765957446832e-01,0.000000000000000000e+00,9.565217391304348116e-02,0.000000000000000000e+00,1.740139211136891018e-01,2.409638554216867457e-01,2.037037037037036924e-01,2.788461538461538547e-01,0.000000000000000000e+00,0.000000000000000000e+00,1.458333333333333426e-01,9.302325581395348708e-02,1.580310880829015607e-01,3.732970027247956568e-01,1.802325581395348708e-01,1.235955056179775247e-01,1.820175438596491335e-01,1.699846860643185187e-01,1.416666666666666630e-01,2.513966480446927498e-01,2.045454545454545581e-01,1.638888888888888895e-01,1.328125000000000000e-01,1.659919028340081093e-01,1.717791411042944860e-01,1.432506887052341638e-01,0.000000000000000000e+00,1.097560975609756101e-01,1.562500000000000000e-01,1.502732240437158473e-01,1.428571428571428492e-01,1.978021978021977934e-01,0.000000000000000000e+00,1.741935483870967749e-01,1.307300509337860905e-01,3.673469387755102233e-01,0.000000000000000000e+00,2.123287671232876594e-01,0.000000000000000000e+00,0.000000000000000000e+00,1.016949152542372947e-01,0.000000000000000000e+00,4.322580645161290258e-01,4.962546816479400658e-01,1.474654377880184331e-01,3.357664233576642121e-01,4.646680942184154284e-01,1.281512605042016695e-01,1.592689295039164399e-01,1.414141414141414088e-01,2.943143812709030360e-01,1.857142857142857206e-01,1.515789473684210631e-01,1.433121019108280214e-01,1.742857142857142938e-01,8.811475409836065642e-02,0.000000000000000000e+00,4.727272727272727182e-01,1.340206185567010266e-01,9.191176470588235947e-02,1.623036649214659732e-01,1.236702127659574518e-01,5.196078431372549433e-01,5.025641025641025550e-01,4.722222222222222099e-01,0.000000000000000000e+00,4.799999999999999822e-01,0.000000000000000000e+00,2.352941176470588203e-01,1.038961038961039030e-01,1.470588235294117696e-01,1.151999999999999968e-01,3.438438438438438660e-01,0.000000000000000000e+00,1.568627450980392135e-01,3.298611111111111049e-01,1.677018633540372783e-01,2.191780821917808098e-01,2.483660130718954306e-01,2.795031055900620842e-01,1.527777777777777901e-01,1.976047904191616800e-01,2.064516129032258063e-01,2.142857142857142738e-01,2.142857142857142738e-01,2.795698924731182533e-01,2.239583333333333426e-01,2.130177514792899462e-01,2.127659574468085124e-01,1.913580246913580141e-01,2.333333333333333370e-01,2.378048780487804770e-01,1.964285714285714246e-01,2.317073170731707432e-01,1.676300578034682076e-01,1.777777777777777846e-01
0.000000000000000000e+00,0.000000000000000000e+00,0.000000000000000000e+00,0.000000000000000000e+00,0.000000000000000000e+00,0.000000000000000000e+00,0.000000000000000000e+00,0.000000000000000000e+00,0.000000000000000000e+00,0.000000000000000000e+00,0.000000000000000000e+00,0.000000000000000000e+00,0.000000000000000000e+00,0.000000000000000000e+00,0.000000000000000000e+00,0.000000000000000000e+00,0.000000000000000000e+00,0.000000000000000000e+00,0.000000000000000000e+00,0.000000000000000000e+00,0.000000000000000000e+00,0.000000000000000000e+00,0.000000000000000000e+00,0.000000000000000000e+00,0.000000000000000000e+00,0.000000000000000000e+00,0.000000000000000000e+00,0.000000000000000000e+00,0.000000000000000000e+00,0.000000000000000000e+00,0.000000000000000000e+00,0.000000000000000000e+00,0.000000000000000000e+00,0.000000000000000000e+00,0.000000000000000000e+00,0.000000000000000000e+00,0.000000000000000000e+00,0.000000000000000000e+00,0.000000000000000000e+00,0.000000000000000000e+00,0.000000000000000000e+00,0.000000000000000000e+00,0.000000000000000000e+00,0.000000000000000000e+00,0.000000000000000000e+00,0.000000000000000000e+00,0.000000000000000000e+00,0.000000000000000000e+00,0.000000000000000000e+00,0.000000000000000000e+00,0.000000000000000000e+00,0.000000000000000000e+00,0.000000000000000000e+00,0.000000000000000000e+00,0.000000000000000000e+00,0.000000000000000000e+00,0.000000000000000000e+00,0.000000000000000000e+00,0.000000000000000000e+00,0.000000000000000000e+00,0.000000000000000000e+00,0.000000000000000000e+00,0.000000000000000000e+00,0.000000000000000000e+00,0.000000000000000000e+00,0.000000000000000000e+00,0.000000000000000000e+00,0.000000000000000000e+00,0.000000000000000000e+00,0.000000000000000000e+00,0.000000000000000000e+00,0.000000000000000000e+00,0.000000000000000000e+00,0.000000000000000000e+00,0.000000000000000000e+00,0.000000000000000000e+00,0.000000000000000000e+00,0.000000000000000000e+00,0.000000000000000000e+00,0.000000000000000000e+00,0.000000000000000000e+00,0.000000000000000000e+00,0.000000000000000000e+00,0.000000000000000000e+00,0.000000000000000000e+00,0.000000000000000000e+00,0.000000000000000000e+00,0.000000000000000000e+00,0.000000000000000000e+00,0.000000000000000000e+00,0.000000000000000000e+00,0.000000000000000000e+00,0.000000000000000000e+00,0.000000000000000000e+00,0.000000000000000000e+00,0.000000000000000000e+00,0.000000000000000000e+00,0.000000000000000000e+00,0.000000000000000000e+00,0.000000000000000000e+00,0.000000000000000000e+00,0.000000000000000000e+00,0.000000000000000000e+00,0.000000000000000000e+00,0.000000000000000000e+00,0.000000000000000000e+00,0.000000000000000000e+00,0.000000000000000000e+00,0.000000000000000000e+00,0.000000000000000000e+00,0.000000000000000000e+00,0.000000000000000000e+00,0.000000000000000000e+00,0.000000000000000000e+00,0.000000000000000000e+00,0.000000000000000000e+00,0.000000000000000000e+00,0.000000000000000000e+00,0.000000000000000000e+00,0.000000000000000000e+00,0.000000000000000000e+00,0.000000000000000000e+00,0.000000000000000000e+00,0.000000000000000000e+00,0.000000000000000000e+00,0.000000000000000000e+00,0.000000000000000000e+00,0.000000000000000000e+00,0.000000000000000000e+00,0.000000000000000000e+00,0.000000000000000000e+00,0.000000000000000000e+00,0.000000000000000000e+00,0.000000000000000000e+00,0.000000000000000000e+00,0.000000000000000000e+00,0.000000000000000000e+00,0.000000000000000000e+00,0.000000000000000000e+00,0.000000000000000000e+00,0.000000000000000000e+00,0.000000000000000000e+00,0.000000000000000000e+00,0.000000000000000000e+00,0.000000000000000000e+00,0.000000000000000000e+00,0.000000000000000000e+00,0.000000000000000000e+00,0.000000000000000000e+00,0.000000000000000000e+00,0.000000000000000000e+00,0.000000000000000000e+00,0.000000000000000000e+00,0.000000000000000000e+00,0.000000000000000000e+00,0.000000000000000000e+00,0.000000000000000000e+00,0.000000000000000000e+00,0.000000000000000000e+00,0.000000000000000000e+00,0.000000000000000000e+00,0.000000000000000000e+00,0.000000000000000000e+00,0.000000000000000000e+00,0.000000000000000000e+00,0.000000000000000000e+00,0.000000000000000000e+00,0.000000000000000000e+00,0.000000000000000000e+00,0.000000000000000000e+00,0.000000000000000000e+00,0.000000000000000000e+00,0.000000000000000000e+00,0.000000000000000000e+00,0.000000000000000000e+00,0.000000000000000000e+00,0.000000000000000000e+00,0.000000000000000000e+00,0.000000000000000000e+00,0.000000000000000000e+00,0.000000000000000000e+00,0.000000000000000000e+00,0.000000000000000000e+00,0.000000000000000000e+00,0.000000000000000000e+00,0.000000000000000000e+00,0.000000000000000000e+00,0.000000000000000000e+00,0.000000000000000000e+00,0.000000000000000000e+00,0.000000000000000000e+00,0.000000000000000000e+00,0.000000000000000000e+00,0.000000000000000000e+00,0.000000000000000000e+00,0.000000000000000000e+00,0.000000000000000000e+00,0.000000000000000000e+00,0.000000000000000000e+00,0.000000000000000000e+00,0.000000000000000000e+00,0.000000000000000000e+00,0.000000000000000000e+00,0.000000000000000000e+00,0.000000000000000000e+00,0.000000000000000000e+00,0.000000000000000000e+00,0.000000000000000000e+00,0.000000000000000000e+00,0.000000000000000000e+00,0.000000000000000000e+00,0.000000000000000000e+00,0.000000000000000000e+00,0.000000000000000000e+00,0.000000000000000000e+00,0.000000000000000000e+00,0.000000000000000000e+00,0.000000000000000000e+00,0.000000000000000000e+00,0.000000000000000000e+00,0.000000000000000000e+00,0.000000000000000000e+00,0.000000000000000000e+00,0.000000000000000000e+00,0.000000000000000000e+00,0.000000000000000000e+00,0.000000000000000000e+00,0.000000000000000000e+00,0.000000000000000000e+00,0.000000000000000000e+00,0.000000000000000000e+00,0.000000000000000000e+00,0.000000000000000000e+00,0.000000000000000000e+00,0.000000000000000000e+00,0.000000000000000000e+00,0.000000000000000000e+00,0.000000000000000000e+00,0.000000000000000000e+00,0.000000000000000000e+00,0.000000000000000000e+00,0.000000000000000000e+00,0.000000000000000000e+00,0.000000000000000000e+00,0.000000000000000000e+00,0.000000000000000000e+00,0.000000000000000000e+00,0.000000000000000000e+00,0.000000000000000000e+00,0.000000000000000000e+00,0.000000000000000000e+00,0.000000000000000000e+00,0.000000000000000000e+00,0.000000000000000000e+00,0.000000000000000000e+00,0.000000000000000000e+00,0.000000000000000000e+00,0.000000000000000000e+00,0.000000000000000000e+00,0.000000000000000000e+00,0.000000000000000000e+00,0.000000000000000000e+00,0.000000000000000000e+00,0.000000000000000000e+00,0.000000000000000000e+00,0.000000000000000000e+00,0.000000000000000000e+00,0.000000000000000000e+00,0.000000000000000000e+00,0.000000000000000000e+00,0.000000000000000000e+00,0.000000000000000000e+00,0.000000000000000000e+00,0.000000000000000000e+00,0.000000000000000000e+00,0.000000000000000000e+00,0.000000000000000000e+00,0.000000000000000000e+00,0.000000000000000000e+00,0.000000000000000000e+00,0.000000000000000000e+00,0.000000000000000000e+00,0.000000000000000000e+00,0.000000000000000000e+00,0.000000000000000000e+00,0.000000000000000000e+00,0.000000000000000000e+00,0.000000000000000000e+00,0.000000000000000000e+00,0.000000000000000000e+00,0.000000000000000000e+00,0.000000000000000000e+00,0.000000000000000000e+00,0.000000000000000000e+00,0.000000000000000000e+00,0.000000000000000000e+00,0.000000000000000000e+00,0.000000000000000000e+00,0.000000000000000000e+00,0.000000000000000000e+00,0.000000000000000000e+00,0.000000000000000000e+00,0.000000000000000000e+00,0.000000000000000000e+00,0.000000000000000000e+00,0.000000000000000000e+00,0.000000000000000000e+00,0.000000000000000000e+00,0.000000000000000000e+00,0.000000000000000000e+00,0.000000000000000000e+00,0.000000000000000000e+00,0.000000000000000000e+00,0.000000000000000000e+00,0.000000000000000000e+00,0.000000000000000000e+00,0.000000000000000000e+00,0.000000000000000000e+00,0.000000000000000000e+00,0.000000000000000000e+00
3.854961832061068461e-01,2.595870206489675480e-01,1.521739130434782705e-01,9.890109890109889668e-02,1.018518518518518462e-01,8.823529411764706454e-02,0.000000000000000000e+00,0.000000000000000000e+00,0.000000000000000000e+00,1.250000000000000000e-01,1.884057971014492794e-01,2.201257861635220192e-01,8.823529411764706454e-02,0.000000000000000000e+00,1.616161616161616299e-01,1.733333333333333393e-01,1.293375394321766569e-01,1.134969325153374203e-01,2.500000000000000000e-01,0.000000000000000000e+00,1.956521739130434867e-01,0.000000000000000000e+00,9.593023255813953876e-02,6.333333333333333870e-02,1.518987341772151944e-01,0.000000000000000000e+00,6.666666666666666574e-02,4.285714285714285476e-01,1.578947368421052544e-01,2.913907284768211814e-01,3.448275862068965747e-01,1.105769230769230727e-01,4.067796610169491789e-01,9.756097560975610095e-02,8.469055374592833474e-02,1.417322834645669272e-01,1.545893719806763211e-01,4.975124378109452988e-02,2.049180327868852514e-01,3.789808917197452498e-01,2.439024390243902385e-01,2.500000000000000000e-01,1.168831168831168804e-01,1.082621082621082614e-01,7.936507936507936067e-02,0.000000000000000000e+00,1.584158415841584178e-01,1.016949152542372947e-01,1.039603960396039556e-01,2.619047619047619180e-01,1.459854014598540028e-01,3.846153846153846367e-01,7.291666666666667129e-02,2.087912087912087988e-01,4.571428571428571286e-01,1.592920353982300863e-01,3.333333333333333148e-01,2.236842105263157909e-01,1.250000000000000000e-01,4.379084967320261423e-01,1.636363636363636354e-01,1.378205128205128305e-01,9.965635738831615797e-02,1.029411764705882304e-01,4.528795811518324665e-01,1.857142857142857206e-01,5.389221556886227699e-02,1.768707482993197300e-01,7.894736842105262720e-02,7.070707070707070441e-02,8.749999999999999445e-02,1.023622047244094474e-01,2.779291553133514947e-01,1.675977653631284814e-01,7.042253521126760896e-02,1.499999999999999944e-01,3.157894736842105088e-01,1.454545454545454475e-01,4.794520547945205213e-02,3.721973094170403784e-01,8.187134502923976154e-02,1.238095238095238138e-01,2.056737588652482185e-01,4.174757281553397870e-01,1.445783132530120418e-01,1.473684210526315652e-01,1.497797356828193815e-01,0.000000000000000000e+00,2.216494845360824639e-01,2.375690607734806670e-01,2.566371681415929307e-01,2.389380530973451433e-01,1.481481481481481399e-01,9.433962264150944077e-02,2.807017543859648967e-01,1.090909090909090856e-01,1.025641025641025605e-01,4.316546762589928282e-02,7.352941176470588480e-02,8.444444444444444697e-02,1.226415094339622647e-01,1.629629629629629761e-01,7.801418439716312214e-02,2.046204620462046264e-01,1.840659340659340781e-01,7.142857142857142461e-02,1.111111111111111049e-01,0.000000000000000000e+00,3.524590163934426257e-01,0.000000000000000000e+00,4.615384615384615641e-01,1.186440677966101725e-01,1.360000000000000098e-01,2.181818181818181712e-01,1.796407185628742520e-01,6.400000000000000133e-02,1.923076923076923184e-01,1.114206128133704704e-01,7.746478873239436014e-02,3.459119496855345699e-01,9.947643979057591013e-02,1.825095057034220591e-01,8.928571428571428770e-02,3.324607329842931835e-01,3.283582089552238847e-01,3.061224489795918435e-01,1.743119266055045968e-01,1.101694915254237267e-01,1.462686567164179219e-01,4.444444444444444198e-01,0.000000000000000000e+00,1.911764705882352811e-01,0.000000000000000000e+00,1.498257839721254259e-01,1.452513966480447061e-01,1.168831168831168804e-01,1.219512195121951192e-01,1.310344827586207017e-01,2.000000000000000111e-01,1.901840490797546135e-01,1.846153846153846256e-01,3.848314606741572996e-01,2.054794520547945091e-01,1.489361702127659504e-01,2.888888888888888618e-01,0.000000000000000000e+00,2.537313432835821003e-01,0.000000000000000000e+00,0.000000000000000000e+00,1.173184357541899453e-01,1.184668989547038309e-01,4.043478260869565188e-01,2.000000000000000111e-01,2.522522522522522292e-01,1.686746987951807109e-01,2.045454545454545581e-01,1.223404255319148898e-01,2.368421052631578816e-01,1.086956521739130405e-01,1.324503311258278249e-01,1.567567567567567655e-01,1.562500000000000000e-01,1.583333333333333259e-01,3.598726114649681285e-01,7.228915662650602092e-02,0.000000000000000000e+00,6.896551724137930939e-02,0.000000000000000000e+00,3.267973856209150374e-01,1.250000000000000000e-01,1.375358166189111775e-01,0.000000000000000000e+00,0.000000000000000000e+00,2.000000000000000111e-01,3.777777777777777679e-01,1.716417910447761153e-01,9.665427509293680886e-02,1.016166281755196271e-01,1.034482758620689641e-01,1.505016722408026864e-01,2.777777777777777624e-02,4.318181818181818232e-01,1.470588235294117696e-01,8.000000000000000167e-02,7.017543859649122417e-02,1.341107871720116640e-01,1.408450704225352179e-01,0.000000000000000000e+00,3.725490196078431460e-01,3.750000000000000000e-01,0.000000000000000000e+00,9.708737864077669755e-02,3.231441048034934260e-01,3.278688524590164105e-02,1.607142857142857262e-01,2.368421052631578816e-01,1.746987951807228989e-01,0.000000000000000000e+00,4.769230769230769496e-01,4.076923076923076872e-01,1.550802139037433247e-01,1.855670103092783574e-01,3.514851485148514643e-01,1.562500000000000000e-01,2.571428571428571175e-01,2.432432432432432567e-01,1.482649842271293317e-01,1.250000000000000000e-01,0.000000000000000000e+00,3.719512195121951192e-01,1.839080459770114917e-01,1.132596685082872950e-01,1.111111111111111049e-01,2.653061224489796088e-01,1.515151515151515194e-01,1.578947368421052544e-01,1.216216216216216284e-01,0.000000000000000000e+00,1.428571428571428492e-01,0.000000000000000000e+00,0.000000000000000000e+00,2.222222222222222099e-01,1.056910569105691117e-01,2.830188679245282946e-01,1.290322580645161255e-01,0.000000000000000000e+00,1.645569620253164445e-01,0.000000000000000000e+00,1.870503597122302186e-01,1.648351648351648324e-01,4.225352112676056260e-02,1.639344262295081844e-01,0.000000000000000000e+00,0.000000000000000000e+00,3.502673796791443972e-01,6.666666666666666574e-02,3.846153846153846367e-01,4.210526315789473589e-02,2.117647058823529382e-01,1.147540983606557402e-01,1.526717557251908441e-01,1.002570694087403652e-01,2.747252747252747485e-01,1.446945337620578753e-01,1.499999999999999944e-01,1.478599221789883289e-01,3.132530120481927804e-01,1.463414634146341375e-01,3.949771689497716953e-01,1.674641148325358986e-01,0.000000000000000000e+00,1.860465116279069742e-01,1.358024691358024616e-01,1.648936170212765839e-01,1.397849462365591267e-01,1.621621621621621712e-01,0.000000000000000000e+00,6.930693069306931298e-02,1.653746770025839863e-01,1.023017902813299213e-01,0.000000000000000000e+00,1.860465116279069742e-01,0.000000000000000000e+00,0.000000000000000000e+00,1.395348837209302306e-01,0.000000000000000000e+00,1.230769230769230838e-01,9.917355371900826722e-02,2.113821138211382233e-01,1.396648044692737345e-01,1.122994652406417160e-01,1.496062992125984370e-01,1.442307692307692180e-01,1.185770750988142247e-01,9.868421052631579093e-02,1.685393258426966245e-01,1.824561403508772051e-01,1.577540106951871579e-01,4.008810572687224738e-01,1.054545454545454536e-01,0.000000000000000000e+00,4.166666666666666852e-01,2.222222222222222099e-01,3.324022346368715186e-01,3.355704697986577334e-01,1.439790575916230497e-01,1.120689655172413812e-01,6.730769230769230449e-02,2.333333333333333370e-01,0.000000000000000000e+00,9.090909090909091161e-02,0.000000000000000000e+00,1.904761904761904656e-01,8.695652173913043237e-02,2.544642857142856984e-01,1.239669421487603340e-01,1.192411924119241157e-01,0.000000000000000000e+00,1.323529411764705899e-01,8.641975308641974829e-02,2.441860465116278966e-01,1.797752808988763995e-01,2.121212121212121271e-01,1.744186046511627952e-01,1.489361702127659504e-01,1.529411764705882470e-01,2.083333333333333426e-01,1.340206185567010266e-01,1.489361702127659504e-01,2.156862745098039325e-01,1.938775510204081565e-01,1.441441441441441429e-01,2.068965517241379282e-01,2.333333333333333370e-01,1.785714285714285754e-01,1.851851851851851749e-01,2.409638554216867457e-01,1.842105263157894635e-01,1.612903225806451568e-01,1.294117647058823650e-01
4.088669950738916259e-01,1.818181818181818232e-01,1.896551724137930939e-01,1.034482758620689641e-01,1.199999999999999956e-01,1.408450704225352179e-01,0.000000000000000000e+00,0.000000000000000000e+00,0.000000000000000000e+00,0.000000000000000000e+00,1.720430107526881858e-01,2.012578616352201366e-01,1.764705882352941291e-01,0.000000000000000000e+00,2.531645569620253333e-01,1.851851851851851749e-01,1.563981042654028486e-01,1.315789473684210453e-01,1.025641025641025605e-01,1.250000000000000000e-01,2.941176470588235392e-01,0.000000000000000000e+00,1.120000000000000023e-01,1.287553648068669454e-01,2.272727272727272652e-01,0.000000000000000000e+00,1.718750000000000000e-01,3.684210526315789269e-01,1.137440758293838811e-01,3.499999999999999778e-01,5.999999999999999778e-01,1.612903225806451568e-01,4.148936170212765839e-01,1.285714285714285587e-01,1.290322580645161255e-01,2.198952879581151931e-01,1.644736842105263275e-01,7.586206896551724033e-02,2.560975609756097615e-01,3.511450381679389054e-01,2.857142857142856984e-01,2.846715328467153139e-01,1.578947368421052544e-01,7.432432432432432845e-02,1.199999999999999956e-01,0.000000000000000000e+00,1.880341880341880323e-01,2.666666666666666630e-01,1.294498381877022541e-01,2.500000000000000000e-01,2.051282051282051211e-01,6.486486486486486847e-01,8.235294117647058709e-02,6.250000000000000000e-02,5.438596491228070429e-01,1.758241758241758379e-01,5.666666666666666519e-01,1.269841269841269771e-01,3.750000000000000000e-01,3.439999999999999725e-01,8.333333333333332871e-02,1.658986175115207407e-01,1.590909090909090884e-01,1.428571428571428492e-01,4.887218045112781684e-01,2.592592592592592449e-01,8.870967741935484319e-02,2.261904761904761918e-01,1.372549019607843257e-01,5.063291139240506250e-02,9.090909090909091161e-02,1.752577319587628746e-01,3.494809688581315132e-01,1.749999999999999889e-01,1.609195402298850552e-01,1.349693251533742311e-01,1.052631578947368363e-01,1.377245508982035960e-01,1.138211382113821085e-01,4.623115577889447270e-01,1.538461538461538547e-01,1.428571428571428492e-01,2.450980392156862642e-01,6.363636363636363535e-01,1.382113821138211407e-01,1.785714285714285754e-01,2.209302325581395388e-01,0.000000000000000000e+00,3.101265822784810000e-01,2.846715328467153139e-01,2.962962962962962798e-01,3.200000000000000067e-01,1.751412429378531033e-01,1.212121212121212155e-01,1.714285714285714302e-01,1.339712918660287133e-01,1.357466063348416185e-01,1.267605633802816878e-01,1.250000000000000000e-01,1.405405405405405483e-01,1.570680628272251300e-01,2.018348623853211121e-01,9.278350515463917869e-02,1.596244131455399062e-01,1.574803149606299191e-01,3.076923076923077094e-01,1.081081081081081141e-01,0.000000000000000000e+00,5.319148936170212671e-01,0.000000000000000000e+00,5.000000000000000000e-01,1.432748538011695827e-01,1.413043478260869457e-01,1.157407407407407413e-01,2.095238095238095288e-01,1.089108910891089105e-01,1.111111111111111049e-01,1.626297577854671217e-01,1.495327102803738206e-01,3.926701570680628528e-01,1.472868217054263684e-01,1.297297297297297369e-01,1.463414634146341375e-01,3.734177215189873333e-01,2.812500000000000000e-01,3.712871287128712838e-01,1.325966850828729227e-01,1.396648044692737345e-01,2.058823529411764608e-01,4.339622641509434109e-01,0.000000000000000000e+00,2.424242424242424310e-01,0.000000000000000000e+00,1.666666666666666574e-01,1.762589928057553823e-01,1.320754716981132060e-01,7.407407407407406996e-02,1.327433628318584191e-01,2.727272727272727071e-01,1.692307692307692402e-01,1.351351351351351426e-01,4.839857651245551562e-01,2.250000000000000056e-01,1.125000000000000028e-01,2.647058823529411797e-01,0.000000000000000000e+00,2.954545454545454697e-01,0.000000000000000000e+00,0.000000000000000000e+00,1.954887218045112673e-01,1.822222222222222299e-01,4.368421052631579204e-01,7.894736842105262720e-02,1.688311688311688319e-01,1.878612716763005674e-01,1.754385964912280604e-01,1.689189189189189144e-01,1.521739130434782705e-01,2.142857142857142738e-01,2.336448598130841103e-01,1.503759398496240518e-01,2.307692307692307820e-01,1.964285714285714246e-01,4.008620689655172376e-01,1.428571428571428492e-01,0.000000000000000000e+00,1.285714285714285587e-01,0.000000000000000000e+00,3.267326732673267453e-01,1.304347826086956486e-01,1.649122807017543990e-01,0.000000000000000000e+00,0.000000000000000000e+00,2.558139534883721034e-01,4.835164835164835195e-01,1.279069767441860517e-01,1.106557377049180307e-01,1.205211726384364801e-01,1.632653061224489666e-01,1.415094339622641473e-01,2.500000000000000000e-01,4.390243902439024404e-01,1.318681318681318715e-01,6.451612903225806273e-02,1.666666666666666574e-01,1.462264150943396179e-01,1.333333333333333315e-01,0.000000000000000000e+00,4.516129032258064391e-01,4.000000000000000222e-01,0.000000000000000000e+00,1.187050359712230191e-01,3.052631578947368474e-01,1.836734693877551117e-01,1.834862385321101019e-01,3.578947368421052655e-01,1.223021582733812979e-01,0.000000000000000000e+00,4.343434343434343647e-01,5.432098765432098464e-01,1.699346405228758239e-01,2.307692307692307820e-01,3.422818791946308781e-01,1.503759398496240518e-01,3.125000000000000000e-02,2.325581395348837177e-01,2.107279693486590055e-01,1.228070175438596423e-01,0.000000000000000000e+00,5.263157894736841813e-01,1.898734177215190000e-01,1.478873239436619691e-01,1.860465116279069742e-01,2.272727272727272652e-01,1.454545454545454475e-01,6.060606060606060774e-02,1.466666666666666674e-01,0.000000000000000000e+00,5.882352941176470507e-02,0.000000000000000000e+00,0.000000000000000000e+00,1.333333333333333315e-01,1.428571428571428492e-01,1.363636363636363535e-01,1.256544502617800985e-01,0.000000000000000000e+00,1.568627450980392135e-01,0.000000000000000000e+00,1.434977578475336302e-01,1.971830985915492829e-01,1.311475409836065642e-01,2.666666666666666630e-01,0.000000000000000000e+00,0.000000000000000000e+00,4.501845018450184588e-01,2.638888888888888951e-01,3.846153846153846367e-01,9.150326797385620325e-02,1.796610169491525411e-01,1.443298969072164817e-01,1.477832512315271074e-01,1.326530612244898044e-01,3.139931740614334554e-01,1.501976284584980170e-01,2.631578947368420907e-01,1.538461538461538547e-01,3.378378378378378288e-01,1.010101010101010083e-01,4.220183486238532344e-01,2.584269662921348520e-01,0.000000000000000000e+00,2.272727272727272652e-01,1.034482758620689641e-01,1.161290322580645212e-01,1.451612903225806550e-01,2.999999999999999889e-01,0.000000000000000000e+00,1.627906976744186163e-01,1.258992805755395628e-01,1.530944625407166249e-01,0.000000000000000000e+00,1.951219512195122019e-01,0.000000000000000000e+00,0.000000000000000000e+00,7.317073170731706877e-02,0.000000000000000000e+00,2.127659574468085124e-01,9.500000000000000111e-02,2.117647058823529382e-01,1.140350877192982393e-01,1.199999999999999956e-01,1.036269430051813406e-01,1.923076923076923184e-01,1.461988304093567170e-01,1.031746031746031689e-01,1.805555555555555525e-01,1.725888324873096347e-01,1.698841698841698777e-01,3.942857142857142949e-01,1.685393258426966245e-01,0.000000000000000000e+00,2.173913043478260809e-01,2.222222222222222099e-01,3.762376237623762387e-01,4.684684684684684575e-01,1.580547112462006021e-01,1.304347826086956486e-01,1.250000000000000000e-01,7.692307692307692735e-02,0.000000000000000000e+00,6.666666666666666574e-02,0.000000000000000000e+00,1.181102362204724393e-01,1.499999999999999944e-01,3.388704318936877069e-01,1.438596491228070207e-01,1.718213058419243988e-01,0.000000000000000000e+00,2.222222222222222099e-01,1.272727272727272596e-01,2.000000000000000111e-01,1.857142857142857206e-01,2.121212121212121271e-01,2.153846153846153966e-01,2.461538461538461675e-01,1.857142857142857206e-01,2.500000000000000000e-01,1.898734177215190000e-01,2.048192771084337283e-01,1.538461538461538547e-01,2.250000000000000056e-01,2.000000000000000111e-01,1.578947368421052544e-01,2.000000000000000111e-01,1.917808219178082085e-01,1.764705882352941291e-01,2.000000000000000111e-01,1.904761904761904656e-01,2.363636363636363591e-01,2.000000000000000111e-01
1.856823266219239377e-01,1.748942172073342793e-01,1.583333333333333259e-01,1.390532544378698110e-01,1.877934272300469387e-01,9.230769230769231282e-02,0.000000000000000000e+00,0.000000000000000000e+00,0.000000000000000000e+00,1.250000000000000000e-01,1.336032388663967729e-01,1.568627450980392135e-01,1.818181818181818232e-01,0.000000000000000000e+00,2.012987012987013102e-01,1.403508771929824483e-01,1.560509554140127320e-01,1.813110181311018143e-01,1.153846153846153910e-01,2.500000000000000000e-01,1.849999999999999978e-01,0.000000000000000000e+00,1.303074670571010285e-01,1.333333333333333315e-01,1.000000000000000056e-01,0.000000000000000000e+00,4.605263157894736725e-01,1.337209302325581273e-01,1.833616298811545087e-01,1.487279843444226923e-01,1.199999999999999956e-01,1.651162790697674465e-01,1.326164874551971351e-01,4.116693679092382485e-01,1.692073170731707432e-01,2.003745318352059823e-01,1.376811594202898559e-01,4.480000000000000093e-01,1.898734177215190000e-01,1.266233766233766100e-01,1.562500000000000000e-02,1.781250000000000056e-01,1.644736842105263275e-01,4.225888324873096624e-01,4.097222222222222099e-01,0.000000000000000000e+00,1.887125220458553687e-01,2.285714285714285643e-01,4.034869240348692432e-01,1.868131868131868156e-01,1.355633802816901545e-01,1.685393258426966245e-01,4.803493449781659486e-01,2.147651006711409349e-01,1.562500000000000000e-01,1.557377049180327933e-01,2.391304347826087029e-01,2.418300653594771255e-01,1.295336787564766723e-01,1.650165016501650150e-01,1.632653061224489666e-01,1.388888888888888951e-01,1.534733441033925561e-01,1.911764705882352811e-01,1.221910112359550493e-01,1.985815602836879523e-01,3.599999999999999867e-01,2.050359712230215847e-01,2.822085889570551953e-01,4.531250000000000000e-01,4.406294706723891119e-01,4.477124183006536140e-01,1.514195583596214534e-01,1.449999999999999900e-01,1.630695443645084064e-01,1.799999999999999933e-01,4.698795180722891707e-01,4.086124401913875381e-01,1.189024390243902385e-01,1.175213675213675202e-01,1.218045112781954847e-01,1.583710407239818929e-01,1.856763925729442988e-01,1.348314606741572996e-01,1.780415430267062449e-01,1.756756756756756854e-01,1.710213776722090129e-01,0.000000000000000000e+00,1.606648199445983305e-01,3.151862464183380896e-01,1.569506726457399193e-01,2.319587628865979467e-01,1.684434968017057555e-01,1.519198664440734592e-01,2.264150943396226467e-01,1.465517241379310220e-01,1.400359066427289134e-01,4.609929078014184389e-01,4.319526627218934767e-01,1.581632653061224580e-01,4.158964879852125596e-01,4.221556886227544880e-01,3.826366559485530616e-01,1.367521367521367659e-01,1.718750000000000000e-01,1.034482758620689641e-01,4.173913043478260643e-01,0.000000000000000000e+00,1.511111111111111127e-01,0.000000000000000000e+00,1.515151515151515194e-01,3.763326226012793096e-01,1.218487394957983166e-01,1.986417657045840279e-01,1.510574018126888129e-01,1.126760563380281716e-01,1.804511278195488622e-01,3.647214854111405780e-01,1.475409836065573743e-01,1.618037135278514727e-01,1.652661064425770265e-01,1.870370370370370294e-01,3.965517241379310498e-01,1.616161616161616299e-01,1.735537190082644676e-01,1.428571428571428492e-01,2.239467849223946705e-01,1.499999999999999944e-01,1.632000000000000117e-01,1.923076923076923184e-01,0.000000000000000000e+00,2.198581560283688063e-01,0.000000000000000000e+00,1.610486891385767838e-01,1.546242774566473910e-01,8.053691275167784713e-02,1.910828025477707137e-01,1.336553945249597530e-01,1.714285714285714302e-01,1.753846153846153888e-01,1.439999999999999891e-01,1.428571428571428492e-01,1.133333333333333276e-01,1.614173228346456601e-01,1.530612244897959218e-01,0.000000000000000000e+00,1.623931623931623991e-01,0.000000000000000000e+00,0.000000000000000000e+00,1.471389645776566835e-01,1.392801251956181652e-01,1.926406926406926401e-01,2.736842105263158076e-01,1.534653465346534629e-01,2.407170294494238028e-01,1.826923076923076816e-01,1.553133514986375918e-01,1.136363636363636326e-01,1.298701298701298579e-01,1.923076923076923184e-01,1.250000000000000000e-01,9.333333333333333759e-02,2.092198581560283654e-01,1.499118165784832368e-01,2.019704433497536977e-01,0.000000000000000000e+00,2.790697674418604612e-01,0.000000000000000000e+00,1.726618705035971313e-01,1.703703703703703665e-01,3.766233766233766378e-01,0.000000000000000000e+00,0.000000000000000000e+00,1.428571428571428492e-01,1.204188481675392691e-01,1.924882629107981247e-01,3.333333333333333148e-01,1.605080831408776110e-01,2.156862745098039325e-01,2.000000000000000111e-01,1.809523809523809479e-01,1.875000000000000000e-01,1.146245059288537593e-01,3.972602739726027177e-01,1.891891891891891997e-01,1.694656488549618201e-01,3.760000000000000009e-01,0.000000000000000000e+00,1.478260869565217461e-01,1.217391304347826136e-01,0.000000000000000000e+00,3.812600969305331433e-01,3.248532289628179859e-01,3.888888888888888951e-01,1.386138613861386260e-01,1.352549889135254979e-01,4.454545454545454364e-01,0.000000000000000000e+00,1.520912547528517067e-01,1.583710407239818929e-01,3.471882640586796964e-01,3.695652173913043237e-01,6.906077348066298749e-02,1.903225806451612767e-01,1.506849315068493067e-01,1.237113402061855716e-01,1.703470031545741281e-01,3.795811518324607170e-01,0.000000000000000000e+00,1.517241379310344807e-01,2.105263157894736725e-01,2.975871313672922014e-01,4.426229508196721230e-01,2.812500000000000000e-01,1.441441441441441429e-01,8.256880733944954587e-02,1.400437636761487914e-01,0.000000000000000000e+00,3.690476190476190688e-01,0.000000000000000000e+00,0.000000000000000000e+00,2.121212121212121271e-01,2.807692307692307709e-01,2.307692307692307820e-01,1.115241635687732324e-01,0.000000000000000000e+00,1.829268292682926789e-01,0.000000000000000000e+00,1.440129449838187803e-01,2.217573221757322133e-01,1.265822784810126667e-01,1.428571428571428492e-01,0.000000000000000000e+00,0.000000000000000000e+00,1.684370257966616158e-01,1.632653061224489666e-01,1.251261352169525665e-01,3.811764705882352833e-01,1.861520998864926169e-01,1.377777777777777768e-01,2.144373673036093497e-01,1.689106487148102909e-01,1.345852895148669792e-01,2.213375796178344013e-01,1.696428571428571508e-01,1.450980392156862864e-01,1.904761904761904656e-01,1.507936507936507853e-01,1.365313653136531469e-01,1.340782122905027907e-01,0.000000000000000000e+00,2.098765432098765316e-01,1.779661016949152519e-01,1.762013729977116583e-01,1.421052631578947345e-01,1.965811965811965767e-01,0.000000000000000000e+00,1.128205128205128221e-01,1.695594125500667626e-01,3.637532133676092405e-01,0.000000000000000000e+00,1.761006289308175987e-01,0.000000000000000000e+00,0.000000000000000000e+00,1.222222222222222182e-01,0.000000000000000000e+00,3.562500000000000111e-01,3.944223107569720943e-01,1.825095057034220591e-01,2.886904761904761640e-01,4.112734864300626181e-01,1.337579617834394885e-01,1.600000000000000033e-01,1.233140655105973010e-01,2.249240121580547147e-01,2.362637362637362570e-01,1.529850746268656692e-01,1.355685131195335236e-01,1.575492341356674042e-01,1.482213438735177913e-01,0.000000000000000000e+00,3.623188405797101441e-01,1.650485436893203983e-01,1.468428781204111633e-01,1.774891774891775020e-01,1.638608305274971977e-01,3.719008264462809743e-01,4.285714285714285476e-01,4.655172413793103314e-01,0.000000000000000000e+00,4.090909090909091161e-01,0.000000000000000000e+00,2.251461988304093442e-01,8.433734939759035543e-02,1.367292225201072464e-01,1.748878923766816196e-01,2.875912408759124239e-01,0.000000000000000000e+00,1.495327102803738206e-01,2.955974842767295496e-01,1.439393939393939503e-01,1.702127659574468044e-01,1.845238095238095344e-01,1.988304093567251352e-01,1.612903225806451568e-01,2.417582417582417598e-01,1.702127659574468044e-01,1.666666666666666574e-01,2.024539877300613466e-01,2.160493827160493707e-01,2.388888888888889006e-01,2.028985507246376940e-01,1.508379888268156499e-01,1.666666666666666574e-01,1.385542168674698815e-01,1.775147928994082747e-01,1.959459459459459429e-01,2.083333333333333426e-01,2.322580645161290425e-01,1.656804733727810786e-01
9.961685823754788671e-02,7.430730478589420152e-02,1.470588235294117696e-01,8.401084010840108307e-02,1.105990783410138317e-01,6.779661016949152519e-02,0.000000000000000000e+00,0.000000000000000000e+00,0.000000000000000000e+00,7.594936708860759722e-02,1.121212121212121215e-01,1.295336787564766723e-01,8.000000000000000167e-02,0.000000000000000000e+00,7.281553398058251969e-02,2.181818181818181712e-01,7.308160779537149765e-02,8.633093525179856564e-02,7.446808510638297518e-02,1.250000000000000000e-01,1.005586592178770999e-01,0.000000000000000000e+00,5.934343434343434392e-02,5.502063273727647585e-02,6.122448979591836593e-02,0.000000000000000000e+00,2.054794520547945091e-01,1.025641025641025605e-01,8.531468531468532068e-02,1.020408163265306145e-01,8.928571428571428770e-02,1.037527593818984573e-01,8.383233532934131205e-02,2.044198895027624363e-01,7.235142118863048533e-02,1.091549295774647821e-01,5.977382875605816159e-02,1.516314779270633295e-01,1.254355400696864076e-01,7.629427792915531581e-02,2.631578947368420907e-02,8.625336927223720140e-02,5.844155844155844021e-02,1.993833504624871467e-01,2.241887905604719733e-01,0.000000000000000000e+00,8.415147265077138616e-02,9.900990099009901457e-02,2.025948103792415134e-01,1.538461538461538547e-01,7.959479015918957678e-02,1.076923076923076983e-01,2.081911262798634699e-01,6.358381502890173009e-02,5.960264900662251564e-02,4.482758620689655110e-02,1.272727272727272596e-01,1.587301587301587213e-01,1.147540983606557402e-01,7.222222222222221544e-02,5.714285714285714107e-02,7.217847769028871985e-02,8.641975308641974829e-02,3.550295857988165771e-02,9.101516919486581092e-02,1.138211382113821085e-01,1.253196930946291476e-01,1.083916083916083850e-01,1.156069364161849689e-01,2.264150943396226467e-01,1.835294117647058854e-01,1.780821917808219079e-01,1.091160220994475127e-01,9.592326139088729053e-02,5.360443622920517404e-02,6.699346405228757961e-02,2.282608695652173780e-01,2.025000000000000133e-01,7.017543859649122417e-02,6.032906764168190217e-02,1.055214723926380382e-01,7.142857142857142461e-02,8.823529411764706454e-02,5.913978494623656212e-02,1.067961165048543631e-01,8.629441624365481733e-02,9.381663113006397103e-02,0.000000000000000000e+00,7.655502392344497309e-02,1.055408970976253330e-01,9.125475285171102957e-02,1.276595744680850963e-01,8.076923076923077371e-02,6.717363751584283504e-02,1.148648648648648712e-01,6.810631229235880602e-02,7.258064516129032751e-02,1.921921921921921905e-01,2.139303482587064653e-01,8.299595141700405465e-02,1.845637583892617561e-01,2.183908045977011603e-01,2.570532915360501658e-01,7.530864197530864890e-02,8.497536945812807219e-02,9.589041095890410427e-02,1.724137931034482873e-01,0.000000000000000000e+00,7.633587786259542207e-02,0.000000000000000000e+00,1.134020618556701027e-01,1.776251226692836249e-01,9.219858156028368223e-02,9.233176838810641662e-02,7.774798927613940647e-02,6.211180124223602411e-02,7.324840764331209952e-02,1.801104972375690561e-01,1.006097560975609817e-01,8.383838383838383701e-02,9.546539379474940079e-02,6.593406593406593574e-02,2.587412587412587506e-01,1.024734982332155542e-01,2.173913043478260809e-01,9.477756286266925123e-02,1.027253668763102729e-01,7.224334600760455583e-02,7.531380753138075534e-02,8.988764044943819975e-02,0.000000000000000000e+00,8.843537414965986498e-02,0.000000000000000000e+00,8.832335329341317598e-02,1.003627569528415947e-01,1.262135922330097082e-01,7.821229050279329686e-02,9.146341463414633943e-02,8.888888888888889228e-02,1.176470588235294101e-01,8.333333333333332871e-02,6.942590120160213596e-02,1.073446327683615781e-01,7.116104868913857018e-02,9.090909090909091161e-02,0.000000000000000000e+00,8.695652173913043237e-02,0.000000000000000000e+00,0.000000000000000000e+00,8.137044967880086022e-02,7.393939393939394367e-02,6.576402321083171798e-02,1.466666666666666674e-01,1.127272727272727315e-01,1.205450733752620601e-01,1.040609137055837630e-01,9.930715935334873123e-02,6.338028169014084390e-02,1.188118811881188064e-01,8.310249307479224135e-02,9.600000000000000200e-02,7.659574468085106336e-02,1.303030303030303094e-01,9.062003179650238160e-02,1.100000000000000006e-01,0.000000000000000000e+00,1.111111111111111049e-01,0.000000000000000000e+00,5.974842767295597545e-02,7.471264367816092544e-02,1.656516443361754076e-01,0.000000000000000000e+00,0.000000000000000000e+00,5.714285714285714107e-02,6.034482758620689918e-02,1.143790849673202575e-01,1.896067415730336991e-01,8.138447146866230331e-02,1.120689655172413812e-01,1.054977711738484397e-01,1.153846153846153910e-01,6.796116504854368690e-02,9.183673469387755584e-02,1.454545454545454475e-01,5.660377358490566169e-02,6.675062972292190866e-02,2.187500000000000000e-01,0.000000000000000000e+00,2.857142857142857054e-02,7.389162561576355370e-02,0.000000000000000000e+00,1.717557251908397031e-01,1.895910780669144979e-01,1.461538461538461620e-01,1.368421052631579038e-01,5.797101449275362389e-02,1.851063829787233939e-01,0.000000000000000000e+00,1.090225563909774376e-01,9.649122807017543324e-02,1.941544885177453050e-01,2.979797979797979557e-01,5.568445475638050812e-02,1.366279069767441789e-01,1.494252873563218509e-01,6.481481481481481122e-02,1.103633916554508793e-01,1.729999999999999871e-01,0.000000000000000000e+00,9.415584415584415945e-02,1.391752577319587680e-01,1.593860684769775604e-01,1.812080536912751560e-01,7.317073170731706877e-02,7.320099255583126241e-02,7.258064516129032751e-02,6.097560975609755962e-02,0.000000000000000000e+00,2.075471698113207641e-01,0.000000000000000000e+00,0.000000000000000000e+00,1.250000000000000000e-01,1.895604395604395531e-01,1.818181818181818232e-01,4.569420035149385217e-02,0.000000000000000000e+00,7.327586206896551102e-02,0.000000000000000000e+00,9.325681492109039183e-02,8.368200836820083310e-02,7.650273224043716014e-02,7.894736842105262720e-02,0.000000000000000000e+00,0.000000000000000000e+00,7.317073170731706877e-02,6.481481481481481122e-02,7.567567567567567988e-02,1.509846827133479175e-01,7.604166666666666019e-02,7.526881720430107781e-02,1.072124756335282592e-01,6.047032474804031610e-02,1.040787623066104089e-01,9.352517985611510931e-02,8.888888888888889228e-02,6.918238993710691676e-02,1.554404145077720178e-01,7.185628742514969802e-02,7.419354838709676936e-02,6.833712984054669815e-02,0.000000000000000000e+00,1.681415929203539938e-01,1.148325358851674666e-01,7.899807321772639446e-02,7.109004739336492740e-02,1.437908496732026031e-01,0.000000000000000000e+00,7.812500000000000000e-02,8.248587570621468412e-02,1.948051948051948146e-01,0.000000000000000000e+00,1.229050279329608891e-01,0.000000000000000000e+00,0.000000000000000000e+00,4.901960784313725422e-02,0.000000000000000000e+00,1.813186813186813129e-01,1.907216494845360710e-01,8.000000000000000167e-02,1.470588235294117696e-01,1.755424063116370892e-01,7.321428571428571785e-02,1.111111111111111049e-01,8.922558922558922190e-02,1.502590673575129598e-01,1.025641025641025605e-01,7.450331125827815149e-02,6.455542021924481899e-02,9.072978303747535056e-02,8.858603066439522944e-02,0.000000000000000000e+00,1.428571428571428492e-01,1.138211382113821085e-01,6.793802145411204085e-02,9.935897435897435293e-02,8.635097493036211769e-02,1.732283464566929110e-01,1.961414790996784674e-01,1.805555555555555525e-01,0.000000000000000000e+00,2.542372881355932090e-01,0.000000000000000000e+00,7.161125319693094349e-02,9.433962264150944077e-02,8.710033076074973069e-02,8.795669824086603528e-02,1.814814814814814936e-01,0.000000000000000000e+00,5.921052631578947040e-02,8.808290155440413882e-02,7.189542483660130157e-02,1.428571428571428492e-01,6.632653061224490221e-02,8.125000000000000278e-02,7.731958762886598224e-02,1.130952380952380959e-01,1.016042780748663138e-01,1.038961038961039030e-01,5.288461538461538408e-02,1.522842639593908753e-01,6.532663316582915103e-02,8.173076923076923184e-02,8.021390374331550943e-02,8.588957055214724301e-02,1.267605633802816878e-01,8.653846153846153633e-02,5.527638190954774211e-02,1.038251366120218622e-01,6.097560975609755962e-02,8.387096774193548987e-02
3.848684210526315819e-01,1.366336633663366440e-01,2.777777777777777901e-01,3.035714285714285476e-01,1.506849315068493067e-01,3.157894736842105088e-01,0.000000000000000000e+00,0.000000000000000000e+00,0.000000000000000000e+00,3.478260869565217295e-01,4.619883040935672258e-01,3.408071748878923612e-01,4.468085106382978511e-01,0.000000000000000000e+00,2.735849056603773533e-01,2.692307692307692180e-01,3.457943925233644689e-01,1.757575757575757514e-01,1.285714285714285587e-01,1.730769230769230727e-01,2.592592592592592449e-01,0.000000000000000000e+00,1.962421711899791366e-01,1.878172588832487389e-01,1.235955056179775247e-01,0.000000000000000000e+00,2.325581395348837177e-02,3.306451612903225645e-01,1.277056277056277112e-01,3.222222222222222432e-01,4.411764705882352811e-01,1.853146853146853124e-01,1.849710982658959446e-01,1.277777777777777679e-01,1.748878923766816196e-01,1.439024390243902329e-01,3.557422969187675199e-01,9.027777777777777624e-02,2.812500000000000000e-01,4.560185185185185452e-01,4.509803921568627527e-01,2.391304347826087029e-01,3.913043478260869734e-01,9.453781512605041737e-02,8.947368421052631637e-02,0.000000000000000000e+00,1.445221445221445133e-01,1.940298507462686617e-01,1.416234887737478354e-01,1.428571428571428492e-01,3.980582524271844558e-01,2.656250000000000000e-01,9.696969696969696961e-02,1.063829787234042562e-01,3.448275862068965747e-01,1.979166666666666574e-01,3.442622950819672067e-01,2.525252525252525415e-01,2.645161290322580738e-01,3.601895734597156395e-01,7.894736842105262720e-02,1.714285714285714302e-01,1.528384279475982488e-01,1.782178217821782096e-01,3.650793650793650591e-01,1.046511627906976799e-01,1.302521008403361436e-01,1.288659793814432852e-01,1.775700934579439172e-01,8.791208791208791895e-02,1.127659574468085069e-01,1.348314606741572996e-01,3.354564755838640999e-01,3.899613899613899592e-01,1.618497109826589619e-01,1.496062992125984370e-01,1.111111111111111049e-01,1.450151057401812826e-01,1.606217616580310759e-01,4.847560975609755962e-01,1.734475374732334096e-01,1.746031746031745935e-01,2.207792207792207695e-01,4.065040650406503975e-01,2.412280701754385970e-01,1.250000000000000000e-01,1.211072664359861550e-01,0.000000000000000000e+00,4.923076923076923350e-01,2.727272727272727071e-01,3.726708074534161308e-01,3.189655172413793371e-01,1.770491803278688436e-01,3.557894736842105443e-01,3.058823529411764941e-01,2.005420054200542090e-01,1.760722347629796736e-01,9.333333333333333759e-02,6.603773584905660299e-02,1.910828025477707137e-01,1.343283582089552231e-01,1.464646464646464641e-01,1.210191082802547780e-01,1.316348195329087034e-01,1.466083150984682781e-01,1.142857142857142821e-01,8.823529411764706454e-02,0.000000000000000000e+00,3.694267515923566614e-01,0.000000000000000000e+00,2.957746478873239382e-01,1.376451077943615375e-01,1.062499999999999972e-01,1.335078534031413633e-01,4.460093896713615003e-01,2.210526315789473617e-01,3.134328358208955390e-01,1.471698113207547121e-01,1.957446808510638347e-01,3.226324237560192487e-01,2.037914691943127909e-01,1.147540983606557402e-01,7.594936708860759722e-02,3.128598848368522312e-01,3.734939759036144391e-01,3.030303030303030387e-01,1.261538461538461442e-01,3.535031847133757732e-01,3.528183716075156684e-01,4.152542372881355970e-01,0.000000000000000000e+00,2.500000000000000000e-01,0.000000000000000000e+00,2.807017543859648967e-01,2.975352112676056260e-01,3.852459016393442459e-01,1.071428571428571369e-01,1.009852216748768489e-01,3.116883116883116811e-01,3.795620437956204185e-01,4.285714285714285476e-01,3.870967741935483764e-01,1.058823529411764691e-01,1.095890410958904049e-01,4.615384615384615641e-01,0.000000000000000000e+00,3.714285714285714413e-01,0.000000000000000000e+00,0.000000000000000000e+00,3.169811320754716832e-01,3.555555555555555691e-01,3.571428571428571508e-01,2.179487179487179516e-01,4.062500000000000000e-01,2.107925801011804323e-01,2.637795275590550936e-01,3.088235294117647189e-01,4.466019417475728392e-01,1.612903225806451568e-01,3.008849557522124130e-01,3.312302839116719189e-01,4.013605442176870763e-01,2.264150943396226467e-01,3.511450381679389054e-01,2.255639097744360777e-01,0.000000000000000000e+00,2.777777777777777901e-01,0.000000000000000000e+00,3.977272727272727071e-01,1.265822784810126667e-01,1.808943089430894435e-01,0.000000000000000000e+00,0.000000000000000000e+00,8.510638297872340219e-02,5.135135135135134865e-01,2.784090909090908839e-01,1.438515081206496460e-01,1.666666666666666574e-01,2.765957446808510745e-01,1.567695961995249354e-01,2.000000000000000111e-01,3.965517241379310498e-01,2.993197278911564618e-01,1.199999999999999956e-01,1.477272727272727348e-01,3.379446640316205452e-01,1.176470588235294101e-01,0.000000000000000000e+00,3.950617283950617065e-01,3.458646616541353191e-01,0.000000000000000000e+00,1.515151515151515194e-01,2.302158273381295084e-01,9.195402298850574585e-02,1.773399014778325178e-01,2.819767441860465129e-01,1.498127340823970088e-01,0.000000000000000000e+00,3.333333333333333148e-01,3.860759493670886111e-01,1.673151750972762530e-01,1.333333333333333315e-01,6.491803278688524914e-01,2.136752136752136655e-01,2.962962962962962798e-01,5.294117647058823595e-01,3.548387096774193727e-01,1.273062730627306238e-01,0.000000000000000000e+00,4.009900990099010132e-01,2.442748091603053340e-01,1.886051080550098236e-01,1.645569620253164445e-01,2.302631578947368363e-01,2.868369351669941003e-01,1.594202898550724501e-01,2.278481012658227778e-01,0.000000000000000000e+00,1.250000000000000000e-01,0.000000000000000000e+00,0.000000000000000000e+00,8.571428571428571508e-02,1.616161616161616299e-01,1.733333333333333393e-01,1.649746192893400965e-01,0.000000000000000000e+00,3.643410852713178105e-01,0.000000000000000000e+00,1.456310679611650394e-01,9.803921568627450844e-02,1.607142857142857262e-01,2.209302325581395388e-01,0.000000000000000000e+00,0.000000000000000000e+00,3.750000000000000000e-01,1.382113821138211407e-01,4.321372854914196648e-01,1.519999999999999962e-01,2.399267399267399348e-01,1.363636363636363535e-01,1.666666666666666574e-01,1.676300578034682076e-01,3.333333333333333148e-01,1.079691516709511551e-01,1.494252873563218509e-01,3.531157270029673390e-01,1.897810218978102093e-01,3.142857142857142794e-01,3.836805555555555802e-01,3.127035830618892231e-01,0.000000000000000000e+00,2.656250000000000000e-01,1.929824561403508665e-01,1.409395973154362325e-01,1.590909090909090884e-01,2.643678160919540332e-01,0.000000000000000000e+00,1.678832116788321061e-01,3.696857670979667443e-01,1.245421245421245438e-01,0.000000000000000000e+00,1.000000000000000056e-01,0.000000000000000000e+00,0.000000000000000000e+00,1.803278688524590223e-01,0.000000000000000000e+00,1.400000000000000133e-01,1.250000000000000000e-01,1.307692307692307765e-01,2.251082251082251184e-01,1.164383561643835552e-01,2.064516129032258063e-01,1.335616438356164448e-01,1.559888579387186669e-01,2.971887550200802974e-01,2.399999999999999911e-01,1.520467836257309857e-01,3.313253012048192891e-01,3.562874251497005762e-01,1.975308641975308532e-01,0.000000000000000000e+00,1.136363636363636326e-01,3.882352941176470673e-01,4.789029535864978704e-01,4.852071005917159563e-01,1.620294599018003157e-01,1.006289308176100683e-01,1.754385964912280604e-01,1.153846153846153910e-01,0.000000000000000000e+00,2.413793103448275967e-01,0.000000000000000000e+00,1.416666666666666630e-01,1.333333333333333315e-01,3.212435233160621517e-01,1.922246220302375741e-01,1.474103585657370596e-01,0.000000000000000000e+00,1.578947368421052544e-01,1.597938144329896781e-01,1.984732824427480891e-01,1.682242990654205517e-01,2.222222222222222099e-01,1.596638655462184753e-01,2.410714285714285754e-01,1.636363636363636354e-01,1.729323308270676596e-01,1.931034482758620663e-01,2.068965517241379282e-01,2.357723577235772416e-01,1.832061068702290074e-01,1.703703703703703665e-01,2.142857142857142738e-01,2.654867256637168382e-01,2.000000000000000111e-01,1.811594202898550721e-01,2.295081967213114804e-01,2.672413793103448065e-01,3.166666666666666519e-01,2.377049180327868716e-01
1.067415730337078622e-01,1.185520361990950178e-01,1.674008810572687189e-01,1.213768115942028963e-01,1.212938005390835627e-01,1.229235880398671099e-01,0.000000000000000000e+00,0.000000000000000000e+00,0.000000000000000000e+00,9.836065573770491621e-02,9.263657957244655905e-02,1.420454545454545581e-01,9.900990099009901457e-02,0.000000000000000000e+00,1.286307053941908585e-01,1.589743589743589647e-01,9.322865554465162297e-02,1.306156405990016589e-01,1.544715447154471621e-01,1.454545454545454475e-01,9.638554216867470381e-02,0.000000000000000000e+00,1.066208082545141850e-01,1.140939597315436260e-01,5.263157894736841813e-02,0.000000000000000000e+00,1.666666666666666574e-01,1.015625000000000000e-01,9.455292908530318896e-02,1.089918256130790186e-01,1.250000000000000000e-01,1.009036144578313310e-01,1.305418719211822731e-01,9.211873080859775409e-02,1.272554605887939172e-01,1.005649717514124353e-01,1.228070175438596423e-01,8.028169014084507449e-02,1.292517006802721136e-01,1.159420289855072478e-01,9.708737864077669755e-02,7.242990654205606893e-02,1.201923076923076955e-01,1.096455070074196236e-01,1.091811414392059587e-01,0.000000000000000000e+00,1.029866117404737436e-01,1.956521739130434867e-01,1.113537117903930090e-01,5.223880597014925187e-02,1.197411003236245886e-01,9.923664122137404453e-02,1.022727272727272790e-01,1.065573770491803213e-01,9.444444444444444198e-02,1.304347826086956486e-01,1.742424242424242542e-01,1.828358208955223885e-01,1.054216867469879582e-01,9.297520661157024358e-02,1.000000000000000056e-01,1.190233977619531980e-01,1.106833493743984570e-01,1.042654028436018898e-01,9.875444839857651369e-02,1.100000000000000006e-01,8.022388059701492102e-02,1.022727272727272790e-01,8.712121212121212710e-02,1.237458193979933119e-01,7.482305358948432294e-02,7.466063348416289436e-02,1.165254237288135541e-01,1.008264462809917300e-01,1.042471042471042469e-01,7.006369426751592189e-02,9.285714285714286031e-02,1.159509202453987697e-01,1.103327495621716225e-01,9.571788413098236692e-02,1.139575971731448811e-01,1.005291005291005235e-01,1.187739463601532597e-01,5.306122448979591621e-02,1.347517730496453903e-01,9.219858156028368223e-02,9.771986970684039264e-02,0.000000000000000000e+00,9.491525423728813804e-02,9.523809523809523281e-02,1.279373368146214107e-01,1.371681415929203451e-01,1.443433029908972598e-01,1.030082041932543352e-01,1.045751633986928136e-01,1.220068415051311222e-01,1.316425120772946877e-01,8.260869565217390798e-02,1.471698113207547121e-01,1.216407355021216358e-01,1.028645833333333287e-01,8.543689320388349329e-02,1.395939086294416265e-01,8.920187793427229728e-02,9.814814814814815103e-02,8.510638297872340219e-02,6.748466257668711554e-02,0.000000000000000000e+00,9.411764705882352811e-02,0.000000000000000000e+00,1.066666666666666735e-01,1.206657420249653279e-01,9.722222222222222376e-02,8.875739644970413733e-02,8.894230769230769551e-02,1.074999999999999983e-01,1.000000000000000056e-01,1.109154929577464838e-01,1.157894736842105254e-01,1.172214182344428340e-01,8.895705521472392630e-02,9.590643274853800915e-02,8.900523560209423757e-02,1.094339622641509469e-01,1.534090909090909116e-01,1.136363636363636326e-01,1.268436578171091567e-01,1.337047353760445756e-01,1.299603174603174705e-01,7.851239669421487821e-02,0.000000000000000000e+00,1.117318435754189876e-01,0.000000000000000000e+00,1.404682274247491536e-01,1.295025728987993230e-01,8.547008547008547175e-02,6.666666666666666574e-02,1.453428863868986565e-01,1.071428571428571369e-01,1.294964028776978415e-01,1.095890410958904049e-01,8.161157024793389003e-02,9.210526315789473173e-02,8.433734939759035543e-02,1.081081081081081141e-01,0.000000000000000000e+00,1.095890410958904049e-01,0.000000000000000000e+00,0.000000000000000000e+00,1.194968553459119509e-01,7.343412526997840362e-02,9.446254071661237817e-02,1.304347826086956486e-01,1.388888888888888951e-01,1.235380116959064328e-01,1.163708086785009838e-01,1.143375680580762249e-01,9.268292682926829174e-02,1.159420289855072478e-01,9.014675052410901779e-02,1.278735632183908011e-01,8.978328173374612586e-02,1.274038461538461453e-01,1.144508670520231197e-01,1.044776119402985037e-01,0.000000000000000000e+00,1.196172248803827748e-01,0.000000000000000000e+00,6.544502617801047084e-02,1.421800947867298548e-01,1.242884250474383251e-01,0.000000000000000000e+00,0.000000000000000000e+00,7.339449541284404077e-02,9.677419354838709409e-02,1.499999999999999944e-01,9.790209790209790375e-02,1.190476190476190410e-01,1.201923076923076955e-01,1.007838745800671842e-01,1.869158878504672827e-01,1.037735849056603821e-01,1.488423373759647228e-01,1.262135922330097082e-01,1.144578313253011986e-01,1.005535055350553486e-01,7.623318385650224016e-02,0.000000000000000000e+00,1.366906474820143991e-01,1.260504201680672232e-01,0.000000000000000000e+00,1.127272727272727315e-01,9.309309309309309055e-02,8.542713567839195499e-02,1.302605210420841597e-01,1.078680203045685321e-01,7.703927492447129599e-02,0.000000000000000000e+00,8.268733850129199314e-02,9.206349206349206948e-02,1.038338658146964882e-01,1.214689265536723212e-01,9.863945578231292366e-02,1.570048309178743995e-01,1.020408163265306145e-01,5.600000000000000117e-02,1.195767195767195729e-01,1.057692307692307682e-01,0.000000000000000000e+00,8.798283261802575250e-02,1.189710610932475932e-01,1.143375680580762249e-01,7.947019867549669214e-02,1.061946902654867242e-01,1.364522417153996026e-01,1.377245508982035960e-01,1.164772727272727210e-01,0.000000000000000000e+00,7.142857142857142461e-02,0.000000000000000000e+00,0.000000000000000000e+00,8.235294117647058709e-02,1.296758104738154616e-01,1.775147928994082747e-01,1.353711790393013203e-01,0.000000000000000000e+00,1.307189542483660205e-01,0.000000000000000000e+00,7.841140529531567815e-02,6.060606060606060774e-02,9.795918367346938271e-02,9.401709401709401615e-02,0.000000000000000000e+00,0.000000000000000000e+00,1.119920713577799848e-01,8.910891089108910479e-02,8.721311475409836145e-02,1.075581395348837177e-01,9.560906515580736009e-02,1.129411764705882393e-01,1.065789473684210509e-01,1.169467787114845947e-01,1.262425447316103400e-01,9.746954076850984638e-02,8.771929824561403022e-02,1.135531135531135521e-01,1.192307692307692374e-01,1.163366336633663428e-01,9.763539282990084389e-02,1.226708074534161447e-01,0.000000000000000000e+00,1.458333333333333426e-01,1.308724832214765155e-01,1.062670299727520445e-01,1.052631578947368363e-01,1.226993865030674841e-01,0.000000000000000000e+00,1.298342541436464104e-01,9.948542024013722063e-02,1.257096512570965163e-01,0.000000000000000000e+00,1.210762331838565048e-01,0.000000000000000000e+00,0.000000000000000000e+00,1.119402985074626905e-01,0.000000000000000000e+00,1.105990783410138317e-01,1.078066914498141265e-01,1.120689655172413812e-01,9.356725146198829890e-02,1.047254150702426612e-01,1.309370988446726669e-01,1.001589825119236915e-01,1.318681318681318715e-01,1.088709677419354843e-01,7.722007722007721842e-02,1.144578313253011986e-01,1.245644599303135924e-01,8.533333333333333048e-02,1.188118811881188064e-01,0.000000000000000000e+00,4.651162790697674354e-02,8.474576271186440302e-02,1.040634291377601633e-01,1.056910569105691117e-01,1.005135730007336720e-01,9.144542772861356805e-02,1.056701030927835044e-01,4.705882352941176405e-02,0.000000000000000000e+00,1.046511627906976799e-01,0.000000000000000000e+00,7.826086956521739746e-02,5.594405594405594401e-02,1.013745704467353959e-01,1.530153015301530250e-01,1.152709359605911393e-01,0.000000000000000000e+00,9.547738693467336391e-02,1.046511627906976799e-01,5.714285714285714107e-02,9.274193548387096864e-02,7.441860465116278966e-02,8.823529411764706454e-02,1.078431372549019662e-01,4.245283018867924280e-02,7.499999999999999722e-02,1.152263374485596736e-01,8.606557377049180169e-02,9.638554216867470381e-02,1.150442477876106179e-01,9.426229508196720674e-02,9.389671361502346936e-02,1.064814814814814825e-01,1.078066914498141265e-01,1.086142322097378293e-01,9.243697478991597105e-02,1.012658227848101250e-01,6.355932203389830226e-02,8.500000000000000611e-02
1.230769230769230838e-01,1.351351351351351426e-01,4.117647058823529216e-01,2.037037037037036924e-01,2.631578947368420907e-01,2.999999999999999889e-01,0.000000000000000000e+00,0.000000000000000000e+00,0.000000000000000000e+00,2.857142857142856984e-01,3.225806451612903136e-01,3.695652173913043237e-01,5.000000000000000000e-01,0.000000000000000000e+00,2.222222222222222099e-01,1.250000000000000000e-01,3.194444444444444198e-01,1.279069767441860517e-01,1.666666666666666574e-01,2.500000000000000000e-01,1.250000000000000000e-01,0.000000000000000000e+00,1.290322580645161255e-01,1.568627450980392135e-01,2.000000000000000111e-01,0.000000000000000000e+00,1.199999999999999956e-01,6.250000000000000000e-02,9.302325581395348708e-02,1.632653061224489666e-01,2.500000000000000000e-01,1.836734693877551117e-01,0.000000000000000000e+00,1.044776119402985037e-01,1.573033707865168496e-01,1.830985915492957805e-01,5.000000000000000000e-01,1.296296296296296224e-01,2.500000000000000000e-01,1.250000000000000000e-01,2.000000000000000111e-01,1.714285714285714302e-01,3.125000000000000000e-01,1.372549019607843257e-01,2.692307692307692180e-01,0.000000000000000000e+00,1.666666666666666574e-01,2.222222222222222099e-01,1.168831168831168804e-01,1.666666666666666574e-01,3.098591549295774406e-01,1.111111111111111049e-01,2.105263157894736725e-01,3.076923076923077094e-01,2.380952380952380820e-01,2.352941176470588203e-01,8.333333333333332871e-02,2.222222222222222099e-01,3.103448275862069061e-01,1.521739130434782705e-01,6.250000000000000000e-02,1.558441558441558406e-01,1.147540983606557402e-01,7.142857142857142461e-02,2.133333333333333470e-01,4.000000000000000222e-01,5.714285714285714107e-02,0.000000000000000000e+00,1.499999999999999944e-01,2.857142857142856984e-01,8.196721311475409222e-02,1.794871794871794879e-01,1.333333333333333315e-01,3.584905660377358250e-01,5.263157894736841813e-02,2.539682539682539542e-01,4.000000000000000222e-01,1.827956989247311870e-01,1.276595744680850963e-01,1.276595744680850963e-01,1.304347826086956486e-01,1.111111111111111049e-01,2.250000000000000056e-01,2.272727272727272652e-01,2.631578947368420907e-01,0.000000000000000000e+00,9.615384615384615918e-02,0.000000000000000000e+00,3.409090909090908839e-01,1.538461538461538547e-01,1.739130434782608647e-01,1.111111111111111049e-01,1.400000000000000133e-01,5.211267605633802535e-01,2.777777777777777901e-01,1.521739130434782705e-01,1.617647058823529493e-01,1.538461538461538547e-01,1.000000000000000056e-01,2.407407407407407274e-01,1.311475409836065642e-01,1.199999999999999956e-01,2.682926829268292845e-01,2.656250000000000000e-01,1.666666666666666574e-01,1.666666666666666574e-01,1.333333333333333315e-01,0.000000000000000000e+00,2.000000000000000111e-01,0.000000000000000000e+00,8.333333333333332871e-02,2.626262626262626521e-01,8.000000000000000167e-02,1.212121212121212155e-01,3.947368421052631637e-01,4.705882352941176405e-01,2.413793103448275967e-01,1.287128712871287162e-01,1.428571428571428492e-01,1.851851851851851749e-01,5.405405405405405705e-02,2.272727272727272652e-01,9.090909090909091161e-02,1.010101010101010083e-01,3.333333333333333148e-01,1.333333333333333315e-01,1.666666666666666574e-01,5.409836065573770947e-01,3.176470588235293935e-01,3.125000000000000000e-01,0.000000000000000000e+00,2.857142857142856984e-01,0.000000000000000000e+00,3.678160919540229834e-01,3.157894736842105088e-01,2.777777777777777901e-01,1.578947368421052544e-01,1.927710843373494076e-01,3.846153846153846367e-01,4.666666666666666741e-01,5.000000000000000000e-01,1.639344262295081844e-01,0.000000000000000000e+00,2.000000000000000111e-01,4.545454545454545303e-01,0.000000000000000000e+00,2.000000000000000111e-01,0.000000000000000000e+00,0.000000000000000000e+00,3.404255319148936088e-01,3.880597014925373234e-01,1.296296296296296224e-01,1.250000000000000000e-01,2.857142857142856984e-01,1.827956989247311870e-01,2.000000000000000111e-01,2.553191489361701927e-01,4.736842105263157632e-01,0.000000000000000000e+00,1.612903225806451568e-01,4.166666666666666852e-01,2.272727272727272652e-01,1.538461538461538547e-01,1.785714285714285754e-01,1.250000000000000000e-01,0.000000000000000000e+00,3.125000000000000000e-01,0.000000000000000000e+00,1.724137931034482873e-01,9.090909090909091161e-02,1.428571428571428492e-01,0.000000000000000000e+00,0.000000000000000000e+00,9.090909090909091161e-02,2.702702702702702853e-01,4.687500000000000000e-01,2.000000000000000111e-01,9.433962264150944077e-02,1.250000000000000000e-01,1.428571428571428492e-01,5.000000000000000000e-01,3.750000000000000000e-01,4.411764705882352811e-01,1.666666666666666574e-01,1.000000000000000056e-01,3.924050632911392222e-01,6.666666666666666574e-02,0.000000000000000000e+00,3.750000000000000000e-01,1.764705882352941291e-01,0.000000000000000000e+00,2.133333333333333470e-01,1.176470588235294101e-01,1.176470588235294101e-01,1.515151515151515194e-01,6.666666666666666574e-02,1.190476190476190410e-01,0.000000000000000000e+00,9.523809523809523281e-02,8.333333333333332871e-02,2.093023255813953598e-01,1.666666666666666574e-01,3.750000000000000000e-01,2.682926829268292845e-01,8.333333333333333703e-01,3.125000000000000000e-01,3.333333333333333148e-01,1.264367816091954144e-01,0.000000000000000000e+00,2.380952380952380820e-01,3.684210526315789269e-01,1.808510638297872453e-01,0.000000000000000000e+00,2.608695652173912971e-01,2.941176470588235392e-01,2.000000000000000111e-01,8.333333333333332871e-02,0.000000000000000000e+00,0.000000000000000000e+00,0.000000000000000000e+00,0.000000000000000000e+00,5.000000000000000000e-01,2.682926829268292845e-01,9.090909090909091161e-02,1.818181818181818232e-01,0.000000000000000000e+00,4.285714285714285476e-01,0.000000000000000000e+00,1.081081081081081141e-01,1.739130434782608647e-01,1.000000000000000056e-01,3.636363636363636465e-01,0.000000000000000000e+00,0.000000000000000000e+00,1.149425287356321823e-01,2.631578947368420907e-01,1.280000000000000027e-01,4.444444444444444614e-02,1.397849462365591267e-01,1.851851851851851749e-01,2.096774193548387177e-01,1.341463414634146423e-01,2.105263157894736725e-01,1.285714285714285587e-01,8.333333333333332871e-02,4.716981132075471761e-01,1.764705882352941291e-01,3.142857142857142794e-01,8.064516129032257841e-02,1.923076923076923184e-01,0.000000000000000000e+00,4.545454545454545303e-01,1.818181818181818232e-01,2.407407407407407274e-01,5.882352941176470507e-02,2.727272727272727071e-01,0.000000000000000000e+00,1.904761904761904656e-01,3.870967741935483764e-01,2.342342342342342287e-01,0.000000000000000000e+00,2.222222222222222099e-01,0.000000000000000000e+00,0.000000000000000000e+00,9.090909090909091161e-02,0.000000000000000000e+00,1.000000000000000056e-01,2.448979591836734637e-01,9.677419354838709409e-02,1.944444444444444475e-01,1.147540983606557402e-01,1.829268292682926789e-01,1.525423728813559421e-01,1.969696969696969613e-01,3.414634146341463672e-01,3.846153846153846367e-01,2.739726027397260122e-01,3.207547169811320598e-01,1.333333333333333315e-01,1.282051282051281937e-01,0.000000000000000000e+00,0.000000000000000000e+00,2.142857142857142738e-01,1.473684210526315652e-01,1.025641025641025605e-01,1.754385964912280604e-01,1.666666666666666574e-01,9.090909090909091161e-02,4.000000000000000222e-01,0.000000000000000000e+00,1.428571428571428492e-01,0.000000000000000000e+00,3.030303030303030387e-02,6.666666666666666574e-02,2.209302325581395388e-01,1.481481481481481399e-01,1.707317073170731836e-01,0.000000000000000000e+00,2.222222222222222099e-01,1.395348837209302306e-01,1.724137931034482873e-01,1.250000000000000000e-01,7.692307692307692735e-02,8.333333333333332871e-02,2.500000000000000000e-01,1.666666666666666574e-01,1.538461538461538547e-01,2.083333333333333426e-01,1.739130434782608647e-01,1.923076923076923184e-01,1.363636363636363535e-01,2.857142857142856984e-01,1.666666666666666574e-01,2.962962962962962798e-01,2.962962962962962798e-01,2.142857142857142738e-01,2.222222222222222099e-01,2.142857142857142738e-01,5.555555555555555247e-02,2.222222222222222099e-01
5.000000000000000000e-01,5.999999999999999778e-01,5.000000000000000000e-01,9.090909090909090606e-01,1.000000000000000000e+00,1.000000000000000000e+00,0.000000000000000000e+00,0.000000000000000000e+00,0.000000000000000000e+00,1.000000000000000000e+00,1.000000000000000000e+00,9.411764705882352811e-01,1.000000000000000000e+00,0.000000000000000000e+00,5.000000000000000000e-01,5.999999999999999778e-01,1.000000000000000000e+00,7.619047619047618625e-01,1.000000000000000000e+00,1.000000000000000000e+00,1.000000000000000000e+00,0.000000000000000000e+00,7.600000000000000089e-01,6.666666666666666297e-01,4.000000000000000222e-01,0.000000000000000000e+00,8.571428571428570953e-01,1.000000000000000000e+00,7.777777777777777901e-01,7.142857142857143016e-01,0.000000000000000000e+00,8.421052631578946901e-01,6.666666666666666297e-01,4.583333333333333148e-01,7.272727272727272929e-01,8.399999999999999689e-01,8.750000000000000000e-01,4.666666666666666741e-01,6.666666666666666297e-01,8.571428571428570953e-01,1.000000000000000000e+00,5.000000000000000000e-01,8.000000000000000444e-01,7.894736842105263275e-01,6.666666666666666297e-01,0.000000000000000000e+00,5.714285714285713969e-01,5.999999999999999778e-01,6.956521739130434590e-01,0.000000000000000000e+00,9.230769230769231282e-01,6.666666666666666297e-01,5.714285714285713969e-01,6.666666666666666297e-01,2.000000000000000111e-01,6.250000000000000000e-01,5.000000000000000000e-01,1.000000000000000000e+00,8.461538461538461453e-01,7.692307692307692735e-01,5.000000000000000000e-01,8.000000000000000444e-01,7.727272727272727071e-01,6.666666666666666297e-01,5.263157894736841813e-01,5.000000000000000000e-01,6.666666666666666297e-01,5.000000000000000000e-01,8.000000000000000444e-01,7.777777777777777901e-01,5.882352941176470784e-01,6.666666666666666297e-01,6.296296296296296502e-01,1.000000000000000000e+00,7.272727272727272929e-01,7.407407407407406996e-01,6.666666666666666297e-01,6.666666666666666297e-01,3.750000000000000000e-01,8.095238095238095344e-01,9.166666666666666297e-01,1.000000000000000000e+00,5.384615384615384359e-01,4.285714285714285476e-01,5.454545454545454142e-01,4.285714285714285476e-01,4.117647058823529216e-01,0.000000000000000000e+00,8.823529411764705621e-01,6.875000000000000000e-01,5.714285714285713969e-01,8.571428571428570953e-01,6.153846153846154188e-01,9.583333333333333703e-01,1.000000000000000000e+00,8.750000000000000000e-01,8.333333333333333703e-01,1.000000000000000000e+00,5.999999999999999778e-01,7.272727272727272929e-01,1.000000000000000000e+00,5.999999999999999778e-01,7.777777777777777901e-01,6.666666666666666297e-01,7.407407407407406996e-01,0.000000000000000000e+00,1.000000000000000000e+00,0.000000000000000000e+00,5.714285714285713969e-01,0.000000000000000000e+00,1.000000000000000000e+00,8.484848484848485084e-01,5.000000000000000000e-01,5.384615384615384359e-01,1.000000000000000000e+00,5.000000000000000000e-01,8.333333333333333703e-01,6.521739130434782705e-01,6.666666666666666297e-01,7.407407407407406996e-01,7.777777777777777901e-01,6.400000000000000133e-01,7.500000000000000000e-01,7.878787878787878451e-01,7.142857142857143016e-01,6.999999999999999556e-01,7.272727272727272929e-01,9.444444444444444198e-01,8.620689655172413257e-01,0.000000000000000000e+00,0.000000000000000000e+00,5.000000000000000000e-01,0.000000000000000000e+00,9.523809523809523281e-01,8.684210526315789824e-01,8.333333333333333703e-01,1.000000000000000000e+00,7.500000000000000000e-01,1.000000000000000000e+00,1.000000000000000000e+00,1.000000000000000000e+00,7.142857142857143016e-01,7.500000000000000000e-01,1.000000000000000000e+00,1.000000000000000000e+00,0.000000000000000000e+00,1.000000000000000000e+00,0.000000000000000000e+00,0.000000000000000000e+00,7.826086956521739468e-01,9.230769230769231282e-01,7.142857142857143016e-01,1.000000000000000000e+00,1.000000000000000000e+00,6.857142857142857206e-01,8.461538461538461453e-01,8.888888888888888395e-01,1.000000000000000000e+00,3.333333333333333148e-01,5.000000000000000000e-01,8.947368421052631637e-01,8.461538461538461453e-01,1.000000000000000000e+00,5.200000000000000178e-01,1.000000000000000000e+00,0.000000000000000000e+00,8.571428571428570953e-01,0.000000000000000000e+00,7.272727272727272929e-01,5.000000000000000000e-01,8.800000000000000044e-01,0.000000000000000000e+00,0.000000000000000000e+00,0.000000000000000000e+00,8.750000000000000000e-01,7.142857142857143016e-01,5.833333333333333703e-01,7.241379310344827624e-01,1.000000000000000000e+00,6.428571428571429047e-01,5.000000000000000000e-01,6.666666666666666297e-01,1.000000000000000000e+00,1.000000000000000000e+00,0.000000000000000000e+00,9.200000000000000400e-01,5.999999999999999778e-01,0.000000000000000000e+00,0.000000000000000000e+00,6.666666666666666297e-01,0.000000000000000000e+00,8.695652173913043237e-01,7.142857142857143016e-01,5.000000000000000000e-01,5.384615384615384359e-01,4.666666666666666741e-01,5.714285714285713969e-01,0.000000000000000000e+00,7.142857142857143016e-01,7.777777777777777901e-01,8.399999999999999689e-01,8.888888888888888395e-01,9.583333333333333703e-01,6.363636363636363535e-01,1.000000000000000000e+00,1.000000000000000000e+00,8.484848484848485084e-01,6.250000000000000000e-01,0.000000000000000000e+00,7.692307692307692735e-01,8.000000000000000444e-01,7.241379310344827624e-01,3.333333333333333148e-01,6.999999999999999556e-01,9.200000000000000400e-01,1.000000000000000000e+00,6.666666666666666297e-01,0.000000000000000000e+00,1.000000000000000000e+00,0.000000000000000000e+00,0.000000000000000000e+00,1.000000000000000000e+00,1.000000000000000000e+00,8.000000000000000444e-01,6.666666666666666297e-01,0.000000000000000000e+00,8.571428571428570953e-01,0.000000000000000000e+00,6.666666666666666297e-01,8.000000000000000444e-01,1.000000000000000000e+00,7.500000000000000000e-01,0.000000000000000000e+00,0.000000000000000000e+00,6.999999999999999556e-01,1.000000000000000000e+00,7.931034482758620996e-01,8.333333333333333703e-01,4.736842105263157632e-01,6.999999999999999556e-01,7.500000000000000000e-01,9.090909090909090606e-01,7.241379310344827624e-01,4.444444444444444198e-01,5.000000000000000000e-01,1.000000000000000000e+00,9.090909090909090606e-01,6.666666666666666297e-01,6.818181818181817677e-01,6.923076923076922906e-01,0.000000000000000000e+00,1.000000000000000000e+00,1.000000000000000000e+00,5.625000000000000000e-01,7.142857142857143016e-01,3.333333333333333148e-01,0.000000000000000000e+00,6.666666666666666297e-01,9.677419354838709964e-01,9.000000000000000222e-01,0.000000000000000000e+00,4.000000000000000222e-01,0.000000000000000000e+00,0.000000000000000000e+00,1.000000000000000000e+00,0.000000000000000000e+00,6.250000000000000000e-01,6.842105263157894912e-01,4.444444444444444198e-01,8.571428571428570953e-01,5.000000000000000000e-01,6.153846153846154188e-01,7.857142857142856984e-01,8.823529411764705621e-01,8.823529411764705621e-01,5.714285714285713969e-01,8.571428571428570953e-01,9.642857142857143016e-01,6.800000000000000488e-01,4.375000000000000000e-01,0.000000000000000000e+00,1.000000000000000000e+00,1.000000000000000000e+00,8.529411764705882026e-01,8.000000000000000444e-01,6.785714285714286031e-01,6.666666666666666297e-01,6.666666666666666297e-01,1.000000000000000000e+00,0.000000000000000000e+00,0.000000000000000000e+00,0.000000000000000000e+00,7.142857142857143016e-01,1.000000000000000000e+00,7.500000000000000000e-01,6.896551724137931494e-01,7.199999999999999734e-01,0.000000000000000000e+00,1.000000000000000000e+00,8.181818181818182323e-01,1.000000000000000000e+00,8.000000000000000444e-01,6.250000000000000000e-01,7.142857142857143016e-01,7.777777777777777901e-01,8.333333333333333703e-01,1.000000000000000000e+00,8.000000000000000444e-01,1.000000000000000000e+00,1.000000000000000000e+00,6.999999999999999556e-01,5.999999999999999778e-01,6.666666666666666297e-01,2.857142857142856984e-01,5.000000000000000000e-01,6.250000000000000000e-01,1.000000000000000000e+00,8.750000000000000000e-01,8.888888888888888395e-01,6.666666666666666297e-01
1.388261851015801240e-01,9.529065489330390548e-02,1.915708812260536464e-01,1.582089552238805930e-01,1.004962779156327590e-01,1.573187414500684111e-01,0.000000000000000000e+00,0.000000000000000000e+00,0.000000000000000000e+00,2.142857142857142738e-01,2.385496183206106957e-01,2.327459618208516934e-01,1.639871382636655939e-01,0.000000000000000000e+00,1.238805970149253755e-01,1.416837782340862328e-01,2.034860154033238666e-01,1.127197518097207835e-01,1.016949152542372947e-01,1.535836177474402819e-01,1.365131578947368363e-01,0.000000000000000000e+00,8.912721893491123981e-02,9.745065789473683626e-02,6.534653465346534906e-02,0.000000000000000000e+00,7.742998352553541463e-02,1.218130311614730871e-01,7.937181663837011847e-02,1.317567567567567433e-01,1.126126126126126142e-01,1.033834586466165356e-01,7.715133531157269964e-02,8.276450511945392108e-02,1.163876994939665177e-01,1.035305343511450371e-01,2.347052280311457129e-01,8.293556085918854515e-02,1.188016528925619902e-01,1.554227156276686561e-01,1.254125412541254037e-01,9.491525423728813804e-02,1.772388059701492657e-01,8.627717391304347283e-02,8.858267716535432601e-02,0.000000000000000000e+00,1.129173989455184574e-01,1.120943952802359866e-01,9.329993738259236002e-02,4.545454545454545581e-02,2.496919917864476313e-01,9.020618556701030799e-02,5.985915492957746137e-02,6.204379562043795676e-02,1.055776892430278918e-01,8.784473953013278991e-02,1.218130311614730871e-01,1.159169550173010377e-01,1.207970112079701092e-01,1.281198003327786994e-01,7.396449704142012138e-02,9.970674486803518533e-02,1.074168797953964222e-01,9.074074074074074681e-02,1.304954640614096328e-01,1.019108280254777121e-01,6.956521739130434867e-02,7.684098185699039796e-02,1.048252911813643967e-01,1.204188481675392691e-01,7.339089481946624305e-02,7.198612315698178776e-02,1.226378711916698838e-01,2.366362451108213749e-01,8.762012436404748028e-02,7.164179104477612359e-02,8.633093525179856564e-02,7.808499743983614294e-02,8.922829581993568793e-02,1.918158567774936041e-01,1.046639735585750963e-01,7.464454976303316891e-02,1.236597569692637621e-01,9.803921568627450844e-02,1.493993993993993907e-01,6.436420722135008377e-02,9.706411024565608781e-02,0.000000000000000000e+00,1.662087912087912012e-01,8.430913348946135477e-02,1.701631701631701743e-01,1.244019138755980830e-01,1.031439602868174238e-01,2.032617342879872724e-01,1.307189542483660205e-01,1.143552311435523106e-01,1.108398437500000000e-01,7.081339712918660600e-02,9.208633093525180058e-02,1.057242990654205655e-01,9.535951045385007707e-02,8.284023668639053928e-02,9.475806451612903136e-02,1.027027027027027084e-01,1.107395020438498717e-01,8.294930875576037033e-02,6.666666666666666574e-02,0.000000000000000000e+00,8.531317494600432205e-02,0.000000000000000000e+00,9.217877094972067031e-02,1.076746849942726292e-01,6.091370558375634736e-02,7.450628366247755152e-02,1.899488926746167039e-01,1.473477406679764290e-01,1.554054054054054002e-01,1.009598293636686794e-01,8.703071672354949218e-02,1.288901937756899707e-01,8.504606661941885304e-02,8.612919379068602332e-02,5.773672055427251509e-02,1.314606741573033644e-01,1.255813953488372214e-01,1.410835214446952701e-01,9.428403064230996000e-02,2.323232323232323204e-01,2.202264740335806437e-01,1.066666666666666735e-01,0.000000000000000000e+00,1.600000000000000033e-01,0.000000000000000000e+00,1.974324922532093851e-01,1.864579789043892544e-01,1.694078947368421184e-01,6.028368794326240815e-02,9.420610349402919192e-02,1.371158392434988216e-01,2.274647887323943685e-01,1.717557251908397031e-01,1.126418152350081026e-01,8.128544423440453581e-02,6.756756756756757132e-02,1.041009463722397527e-01,0.000000000000000000e+00,1.152882205513784397e-01,0.000000000000000000e+00,0.000000000000000000e+00,1.958438287153652368e-01,1.794439764111204760e-01,1.220518867924528239e-01,1.279069767441860517e-01,2.240663900414937848e-01,1.372331577488217491e-01,1.462686567164179219e-01,1.454918032786885196e-01,1.640625000000000000e-01,9.467455621301774926e-02,1.095484826054774208e-01,2.303225806451612845e-01,1.576971214017521827e-01,1.337099811676082939e-01,1.286363636363636320e-01,8.125819134993446380e-02,0.000000000000000000e+00,1.118644067796610159e-01,0.000000000000000000e+00,7.777777777777777901e-02,8.506616257088846222e-02,1.091389728096676670e-01,0.000000000000000000e+00,0.000000000000000000e+00,4.000000000000000083e-02,1.498800959232614027e-01,1.718106995884773613e-01,9.877622377622377603e-02,9.193457416807671034e-02,1.297169811320754707e-01,9.103078982597054281e-02,9.600000000000000200e-02,1.075949367088607639e-01,2.107910379515317845e-01,1.392405063291139167e-01,9.090909090909091161e-02,1.938373342887853845e-01,8.179959100204499400e-02,0.000000000000000000e+00,6.116207951070336268e-02,1.065868263473053884e-01,0.000000000000000000e+00,9.361189232623542966e-02,7.654623392529087689e-02,6.947368421052631249e-02,1.176024279210925588e-01,8.209806157354618272e-02,6.777493606138107474e-02,0.000000000000000000e+00,1.078717201166180806e-01,8.518518518518518323e-02,8.804283164782866766e-02,1.065868263473053884e-01,2.303370786516854007e-01,1.210720887245841093e-01,1.639871382636655939e-01,2.241887905604719733e-01,2.225445503522585911e-01,9.237726098191215152e-02,0.000000000000000000e+00,1.003717472118959148e-01,1.389252948885976446e-01,1.239636794315041451e-01,8.571428571428571508e-02,1.443914081145584727e-01,2.158385093167701774e-01,9.043927648578811707e-02,8.671484157865480547e-02,0.000000000000000000e+00,3.039513677811550227e-02,0.000000000000000000e+00,0.000000000000000000e+00,7.582938388625592996e-02,1.621112158341187492e-01,1.304347826086956486e-01,1.199074074074074070e-01,0.000000000000000000e+00,1.986754966887417095e-01,0.000000000000000000e+00,7.493426818580192772e-02,6.909547738693466723e-02,9.424920127795527458e-02,1.188524590163934358e-01,0.000000000000000000e+00,0.000000000000000000e+00,1.258442943476715259e-01,8.241082410824107640e-02,1.186991869918699177e-01,7.481005260081823038e-02,1.199999999999999956e-01,8.161157024793389003e-02,1.069665386725178330e-01,9.746410021387107159e-02,1.423251965246172812e-01,7.099879663056558876e-02,5.853658536585366196e-02,1.895643848731450587e-01,1.039370078740157466e-01,1.281032770605759763e-01,9.857408555486671387e-02,9.946949602122015510e-02,0.000000000000000000e+00,1.698630136986301331e-01,1.005509641873278265e-01,9.858323494687130928e-02,7.984293193717277581e-02,1.034482758620689641e-01,0.000000000000000000e+00,6.745562130177515381e-02,1.819082205348299675e-01,1.083445491251682352e-01,0.000000000000000000e+00,1.099099099099099114e-01,0.000000000000000000e+00,0.000000000000000000e+00,7.560137457044673048e-02,0.000000000000000000e+00,7.407407407407406996e-02,9.533169533169533194e-02,8.212058212058212514e-02,9.008264462809917328e-02,8.716323296354992756e-02,1.073094867807153907e-01,8.284023668639053928e-02,1.100702576112412151e-01,1.552845528455284452e-01,7.435508345978755762e-02,1.124814997533300498e-01,2.120754716981131938e-01,1.257720381807972965e-01,1.227634194831013908e-01,0.000000000000000000e+00,6.741573033707864981e-02,1.658536585365853744e-01,1.765320334261838431e-01,1.085427135678391913e-01,9.982537834691501688e-02,6.681514476614699993e-02,8.539325842696629532e-02,7.630522088353414167e-02,0.000000000000000000e+00,7.462686567164178442e-02,0.000000000000000000e+00,7.697790449037776594e-02,9.295774647887324049e-02,1.418756441085537723e-01,1.206581352833638043e-01,1.137347500983864612e-01,0.000000000000000000e+00,8.353221957040572743e-02,9.756097560975610095e-02,8.940397350993377346e-02,1.055456171735241477e-01,1.328671328671328644e-01,1.113043478260869606e-01,1.030195381882770822e-01,1.055276381909547728e-01,9.344262295081967595e-02,9.278350515463917869e-02,1.069692058346839586e-01,1.078582434514637894e-01,7.679180887372014097e-02,1.097372488408037139e-01,8.500000000000000611e-02,1.018181818181818216e-01,1.088534107402031881e-01,1.011608623548922031e-01,1.045871559633027581e-01,9.756097560975610095e-02,8.710217755443885879e-02,1.258389261744966570e-01
1.004709576138147625e-01,1.017994858611825232e-01,1.224999999999999978e-01,6.928645294725956083e-02,1.423785594639865870e-01,1.098901098901098883e-01,0.000000000000000000e+00,0.000000000000000000e+00,0.000000000000000000e+00,7.042253521126760896e-02,1.191709844559585424e-01,1.106719367588932801e-01,9.821428571428571230e-02,0.000000000000000000e+00,1.153846153846153910e-01,1.094147582697201082e-01,9.730005094243504571e-02,1.092682926829268292e-01,1.527272727272727393e-01,2.723004694835680639e-01,1.514522821576763378e-01,0.000000000000000000e+00,9.989701338825952848e-02,1.008174386920980964e-01,1.360691144708423284e-01,0.000000000000000000e+00,3.849287169042769907e-01,1.023454157782515972e-01,1.387940841865756558e-01,1.348803480783176134e-01,1.205673758865248163e-01,1.107325383304940403e-01,9.972299168975069794e-02,3.638968481375358111e-01,1.181144067796610214e-01,1.467324290998766878e-01,1.042993630573248454e-01,3.487261146496815067e-01,1.476510067114094049e-01,1.085680751173708908e-01,6.806282722513089245e-02,1.277955271565495154e-01,9.813084112149532412e-02,3.663636363636363913e-01,3.948967193195625502e-01,0.000000000000000000e+00,1.239892183288409666e-01,1.172413793103448260e-01,3.091603053435114656e-01,1.481481481481481399e-01,9.927797833935017580e-02,8.802816901408450079e-02,3.465189873417721667e-01,1.222493887530562290e-01,6.250000000000000000e-02,1.251738525730180795e-01,1.094890510948905160e-01,1.352657004830917775e-01,1.180030257186081705e-01,1.047180667433832008e-01,1.054421768707483054e-01,1.163323782234957082e-01,1.329842931937172679e-01,1.072319201995012433e-01,9.582919563058589496e-02,7.651715039577836053e-02,3.330232558139534782e-01,1.386503067484662621e-01,1.811764705882352999e-01,2.699822380106571829e-01,3.590285110876452190e-01,3.345864661654135430e-01,1.026944585663446818e-01,9.961315280464216881e-02,1.316590563165905559e-01,1.352750809061488702e-01,2.599118942731277748e-01,3.597292724196277658e-01,4.767184035476718096e-02,8.654545454545455041e-02,1.063829787234042562e-01,9.800918836140888601e-02,1.454005934718100856e-01,9.282700421940928703e-02,1.216494845360824723e-01,1.447368421052631637e-01,1.499999999999999944e-01,0.000000000000000000e+00,1.009174311926605561e-01,1.830543933054393224e-01,1.148036253776435062e-01,1.053677932405566592e-01,1.198156682027649717e-01,1.047568145376803900e-01,1.464968152866241990e-01,1.043478260869565161e-01,1.056803170409511272e-01,3.622795115332428928e-01,3.100436681222707436e-01,1.256544502617800985e-01,3.363460296965784524e-01,3.415112855740922715e-01,3.204134366925064370e-01,1.081632653061224553e-01,1.324701195219123440e-01,8.465608465608465139e-02,3.911564625850340038e-01,0.000000000000000000e+00,8.908045977011494476e-02,0.000000000000000000e+00,1.268115942028985588e-01,2.793553338449731305e-01,8.443271767810026085e-02,1.419647927314026115e-01,1.021087680355160926e-01,7.919463087248322652e-02,1.521739130434782705e-01,2.817037754114230519e-01,1.181716833890746887e-01,1.188898094449047232e-01,1.186283595922150158e-01,1.316120906801007684e-01,3.235294117647058987e-01,1.179149797570850228e-01,1.340206185567010266e-01,1.207609594706368916e-01,1.494423791821561376e-01,1.023738872403560790e-01,9.902597402597403120e-02,1.076115485564304447e-01,0.000000000000000000e+00,1.413043478260869457e-01,0.000000000000000000e+00,1.198813056379822023e-01,1.141787552643893366e-01,1.260683760683760646e-01,1.478873239436619691e-01,1.224249558563861029e-01,1.102362204724409434e-01,1.011122345803842221e-01,1.131221719457013580e-01,9.757505773672055238e-02,1.036269430051813406e-01,1.089108910891089105e-01,1.166666666666666685e-01,0.000000000000000000e+00,7.526881720430107781e-02,0.000000000000000000e+00,0.000000000000000000e+00,1.058150619637750200e-01,1.091628959276018107e-01,1.034188034188034122e-01,1.297709923664122078e-01,9.306260575296108895e-02,1.844331641285955892e-01,1.452404317958783109e-01,1.261425959780621553e-01,9.444444444444444198e-02,1.520912547528517067e-01,1.803455723542116695e-01,1.126248864668483174e-01,1.204188481675392691e-01,1.267427122940431028e-01,1.033112582781456901e-01,1.097560975609756101e-01,0.000000000000000000e+00,1.239130434782608758e-01,0.000000000000000000e+00,1.147098515519568152e-01,1.250000000000000000e-01,2.453680520781171825e-01,0.000000000000000000e+00,0.000000000000000000e+00,8.658008658008657654e-02,7.986111111111110494e-02,1.178160919540229834e-01,2.660996354799514130e-01,1.141094834232845023e-01,1.342281879194630878e-01,1.480343980343980237e-01,8.920187793427229728e-02,1.069958847736625501e-01,1.126760563380281716e-01,2.089552238805970075e-01,1.180327868852459050e-01,1.159646385855434281e-01,3.017031630170316503e-01,0.000000000000000000e+00,6.250000000000000000e-02,9.768211920529801251e-02,0.000000000000000000e+00,2.698412698412698263e-01,2.559055118110236116e-01,3.265306122448979331e-01,1.344537815126050362e-01,1.165884194053208173e-01,3.532834580216126508e-01,0.000000000000000000e+00,1.150070126227208944e-01,1.148325358851674666e-01,3.080032336297494067e-01,2.776025236593059886e-01,7.288888888888889195e-02,1.369509043927648606e-01,1.309523809523809590e-01,1.008064516129032195e-01,1.373297002724795657e-01,3.409978308026030414e-01,0.000000000000000000e+00,1.033623910336239071e-01,1.415441176470588203e-01,2.283702213279678039e-01,3.151125401929260605e-01,1.910828025477707137e-01,1.081513052743739989e-01,6.325301204819276657e-02,1.160179640718562860e-01,0.000000000000000000e+00,3.246753246753246724e-01,0.000000000000000000e+00,0.000000000000000000e+00,1.010638297872340358e-01,2.531120331950207358e-01,1.818181818181818232e-01,1.062706270627062771e-01,0.000000000000000000e+00,1.150097465886939507e-01,0.000000000000000000e+00,1.358726549175668097e-01,1.518771331058020591e-01,1.317991631799163288e-01,1.675000000000000100e-01,0.000000000000000000e+00,0.000000000000000000e+00,1.171125694093892028e-01,6.920415224913495367e-02,1.035141329258976312e-01,2.799678197908286315e-01,1.554903604358759406e-01,1.031207598371777501e-01,1.421245421245421192e-01,1.281940233867475132e-01,1.056686846450192591e-01,1.605916534601162238e-01,1.362229102167182571e-01,1.171662125340599409e-01,1.328671328671328644e-01,1.111111111111111049e-01,1.143106457242582946e-01,1.074977416440831141e-01,0.000000000000000000e+00,8.365019011406843452e-02,9.774436090225563367e-02,1.320312499999999889e-01,1.068840579710144956e-01,1.352941176470588147e-01,0.000000000000000000e+00,1.020733652312599687e-01,9.417433201927288833e-02,2.697892271662763464e-01,0.000000000000000000e+00,1.380042462845010587e-01,0.000000000000000000e+00,0.000000000000000000e+00,8.097165991902834092e-02,0.000000000000000000e+00,3.039647577092510766e-01,3.679999999999999938e-01,1.326530612244898044e-01,2.385321100917431325e-01,3.335729690869878028e-01,1.146589259796806926e-01,1.515151515151515194e-01,1.176880222841225621e-01,2.268623024830699886e-01,1.333333333333333315e-01,1.025477707006369477e-01,1.026944585663446818e-01,1.187139323990107215e-01,1.164574616457461631e-01,0.000000000000000000e+00,2.486772486772486634e-01,9.329446064139941541e-02,1.052901900359527465e-01,1.064120054570259211e-01,1.193225558121632085e-01,3.153961136023916145e-01,3.176144244105409409e-01,3.005464480874316946e-01,0.000000000000000000e+00,3.081395348837209225e-01,0.000000000000000000e+00,1.499999999999999944e-01,1.305970149253731227e-01,1.066849816849816807e-01,1.269270298047276424e-01,2.460276781137878122e-01,0.000000000000000000e+00,1.353591160220994349e-01,2.319004524886877916e-01,1.407407407407407496e-01,1.697247706422018443e-01,1.241534988713318272e-01,1.500974658869395628e-01,1.556064073226544608e-01,1.590909090909090884e-01,1.266968325791855143e-01,1.826086956521739135e-01,1.418918918918918859e-01,1.231732776617954078e-01,1.556503198294243162e-01,1.752136752136752018e-01,1.422222222222222221e-01,1.264916467780429488e-01,1.477732793522267274e-01,1.212121212121212155e-01,1.184834123222748836e-01,1.547085201793721998e-01,1.336302895322939999e-01,1.287356321839080442e-01
0.000000000000000000e+00,0.000000000000000000e+00,0.000000000000000000e+00,0.000000000000000000e+00,0.000000000000000000e+00,0.000000000000000000e+00,0.000000000000000000e+00,0.000000000000000000e+00,0.000000000000000000e+00,0.000000000000000000e+00,0.000000000000000000e+00,0.000000000000000000e+00,0.000000000000000000e+00,0.000000000000000000e+00,0.000000000000000000e+00,0.000000000000000000e+00,0.000000000000000000e+00,0.000000000000000000e+00,0.000000000000000000e+00,0.000000000000000000e+00,0.000000000000000000e+00,0.000000000000000000e+00,0.000000000000000000e+00,0.000000000000000000e+00,0.000000000000000000e+00,0.000000000000000000e+00,0.000000000000000000e+00,0.000000000000000000e+00,0.000000000000000000e+00,0.000000000000000000e+00,0.000000000000000000e+00,0.000000000000000000e+00,0.000000000000000000e+00,0.000000000000000000e+00,0.000000000000000000e+00,0.000000000000000000e+00,0.000000000000000000e+00,0.000000000000000000e+00,0.000000000000000000e+00,0.000000000000000000e+00,0.000000000000000000e+00,0.000000000000000000e+00,0.000000000000000000e+00,0.000000000000000000e+00,0.000000000000000000e+00,0.000000000000000000e+00,0.000000000000000000e+00,0.000000000000000000e+00,0.000000000000000000e+00,0.000000000000000000e+00,0.000000000000000000e+00,0.000000000000000000e+00,0.000000000000000000e+00,0.000000000000000000e+00,0.000000000000000000e+00,0.000000000000000000e+00,0.000000000000000000e+00,0.000000000000000000e+00,0.000000000000000000e+00,0.000000000000000000e+00,0.000000000000000000e+00,0.000000000000000000e+00,0.000000000000000000e+00,0.000000000000000000e+00,0.000000000000000000e+00,0.000000000000000000e+00,0.000000000000000000e+00,0.000000000000000000e+00,0.000000000000000000e+00,0.000000000000000000e+00,0.000000000000000000e+00,0.000000000000000000e+00,0.000000000000000000e+00,0.000000000000000000e+00,0.000000000000000000e+00,0.000000000000000000e+00,0.000000000000000000e+00,0.000000000000000000e+00,0.000000000000000000e+00,0.000000000000000000e+00,0.000000000000000000e+00,0.000000000000000000e+00,0.000000000000000000e+00,0.000000000000000000e+00,0.000000000000000000e+00,0.000000000000000000e+00,0.000000000000000000e+00,0.000000000000000000e+00,0.000000000000000000e+00,0.000000000000000000e+00,0.000000000000000000e+00,0.000000000000000000e+00,0.000000000000000000e+00,0.000000000000000000e+00,0.000000000000000000e+00,0.000000000000000000e+00,0.000000000000000000e+00,0.000000000000000000e+00,0.000000000000000000e+00,0.000000000000000000e+00,0.000000000000000000e+00,0.000000000000000000e+00,0.000000000000000000e+00,0.000000000000000000e+00,0.000000000000000000e+00,0.000000000000000000e+00,0.000000000000000000e+00,0.000000000000000000e+00,0.000000000000000000e+00,0.000000000000000000e+00,0.000000000000000000e+00,0.000000000000000000e+00,0.000000000000000000e+00,0.000000000000000000e+00,0.000000000000000000e+00,0.000000000000000000e+00,0.000000000000000000e+00,0.000000000000000000e+00,0.000000000000000000e+00,0.000000000000000000e+00,0.000000000000000000e+00,0.000000000000000000e+00,0.000000000000000000e+00,0.000000000000000000e+00,0.000000000000000000e+00,0.000000000000000000e+00,0.000000000000000000e+00,0.000000000000000000e+00,0.000000000000000000e+00,0.000000000000000000e+00,0.000000000000000000e+00,0.000000000000000000e+00,0.000000000000000000e+00,0.000000000000000000e+00,0.000000000000000000e+00,0.000000000000000000e+00,0.000000000000000000e+00,0.000000000000000000e+00,0.000000000000000000e+00,0.000000000000000000e+00,0.000000000000000000e+00,0.000000000000000000e+00,0.000000000000000000e+00,0.000000000000000000e+00,0.000000000000000000e+00,0.000000000000000000e+00,0.000000000000000000e+00,0.000000000000000000e+00,0.000000000000000000e+00,0.000000000000000000e+00,0.000000000000000000e+00,0.000000000000000000e+00,0.000000000000000000e+00,0.000000000000000000e+00,0.000000000000000000e+00,0.000000000000000000e+00,0.000000000000000000e+00,0.000000000000000000e+00,0.000000000000000000e+00,0.000000000000000000e+00,0.000000000000000000e+00,0.000000000000000000e+00,0.000000000000000000e+00,0.000000000000000000e+00,0.000000000000000000e+00,0.000000000000000000e+00,0.000000000000000000e+00,0.000000000000000000e+00,0.000000000000000000e+00,0.000000000000000000e+00,0.000000000000000000e+00,0.000000000000000000e+00,0.000000000000000000e+00,0.000000000000000000e+00,0.000000000000000000e+00,0.000000000000000000e+00,0.000000000000000000e+00,0.000000000000000000e+00,0.000000000000000000e+00,0.000000000000000000e+00,0.000000000000000000e+00,0.000000000000000000e+00,0.000000000000000000e+00,0.000000000000000000e+00,0.000000000000000000e+00,0.000000000000000000e+00,0.000000000000000000e+00,0.000000000000000000e+00,0.000000000000000000e+00,0.000000000000000000e+00,0.000000000000000000e+00,0.000000000000000000e+00,0.000000000000000000e+00,0.000000000000000000e+00,0.000000000000000000e+00,0.000000000000000000e+00,0.000000000000000000e+00,0.000000000000000000e+00,0.000000000000000000e+00,0.000000000000000000e+00,0.000000000000000000e+00,0.000000000000000000e+00,0.000000000000000000e+00,0.000000000000000000e+00,0.000000000000000000e+00,0.000000000000000000e+00,0.000000000000000000e+00,0.000000000000000000e+00,0.000000000000000000e+00,0.000000000000000000e+00,0.000000000000000000e+00,0.000000000000000000e+00,0.000000000000000000e+00,0.000000000000000000e+00,0.000000000000000000e+00,0.000000000000000000e+00,0.000000000000000000e+00,0.000000000000000000e+00,0.000000000000000000e+00,0.000000000000000000e+00,0.000000000000000000e+00,0.000000000000000000e+00,0.000000000000000000e+00,0.000000000000000000e+00,0.000000000000000000e+00,0.000000000000000000e+00,0.000000000000000000e+00,0.000000000000000000e+00,0.000000000000000000e+00,0.000000000000000000e+00,0.000000000000000000e+00,0.000000000000000000e+00,0.000000000000000000e+00,0.000000000000000000e+00,0.000000000000000000e+00,0.000000000000000000e+00,0.000000000000000000e+00,0.000000000000000000e+00,0.000000000000000000e+00,0.000000000000000000e+00,0.000000000000000000e+00,0.000000000000000000e+00,0.000000000000000000e+00,0.000000000000000000e+00,0.000000000000000000e+00,0.000000000000000000e+00,0.000000000000000000e+00,0.000000000000000000e+00,0.000000000000000000e+00,0.000000000000000000e+00,0.000000000000000000e+00,0.000000000000000000e+00,0.000000000000000000e+00,0.000000000000000000e+00,0.000000000000000000e+00,0.000000000000000000e+00,0.000000000000000000e+00,0.000000000000000000e+00,0.000000000000000000e+00,0.000000000000000000e+00,0.000000000000000000e+00,0.000000000000000000e+00,0.000000000000000000e+00,0.000000000000000000e+00,0.000000000000000000e+00,0.000000000000000000e+00,0.000000000000000000e+00,0.000000000000000000e+00,0.000000000000000000e+00,0.000000000000000000e+00,0.000000000000000000e+00,0.000000000000000000e+00,0.000000000000000000e+00,0.000000000000000000e+00,0.000000000000000000e+00,0.000000000000000000e+00,0.000000000000000000e+00,0.000000000000000000e+00,0.000000000000000000e+00,0.000000000000000000e+00,0.000000000000000000e+00,0.000000000000000000e+00,0.000000000000000000e+00,0.000000000000000000e+00,0.000000000000000000e+00,0.000000000000000000e+00,0.000000000000000000e+00,0.000000000000000000e+00,0.000000000000000000e+00,0.000000000000000000e+00,0.000000000000000000e+00,0.000000000000000000e+00,0.000000000000000000e+00,0.000000000000000000e+00,0.000000000000000000e+00,0.000000000000000000e+00,0.000000000000000000e+00,0.000000000000000000e+00,0.000000000000000000e+00,0.000000000000000000e+00,0.000000000000000000e+00,0.000000000000000000e+00,0.000000000000000000e+00,0.000000000000000000e+00,0.000000000000000000e+00,0.000000000000000000e+00,0.000000000000000000e+00,0.000000000000000000e+00,0.000000000000000000e+00,0.000000000000000000e+00,0.000000000000000000e+00,0.000000000000000000e+00,0.000000000000000000e+00,0.000000000000000000e+00,0.000000000000000000e+00,0.000000000000000000e+00,0.000000000000000000e+00,0.000000000000000000e+00,0.000000000000000000e+00,0.000000000000000000e+00
3.318385650224215389e-01,1.776504297994269399e-01,1.785714285714285754e-01,9.638554216867470381e-02,1.052631578947368363e-01,1.400000000000000133e-01,0.000000000000000000e+00,0.000000000000000000e+00,0.000000000000000000e+00,1.860465116279069742e-01,1.735537190082644676e-01,2.052631578947368418e-01,1.951219512195122019e-01,0.000000000000000000e+00,2.233009708737864196e-01,2.444444444444444364e-01,1.335504885993485380e-01,6.422018348623853568e-02,5.128205128205128027e-02,5.000000000000000278e-02,1.789473684210526327e-01,0.000000000000000000e+00,1.180555555555555525e-01,7.364341085271318421e-02,1.818181818181818232e-01,0.000000000000000000e+00,2.142857142857142738e-01,3.333333333333333148e-01,1.398601398601398704e-01,3.422053231939163331e-01,1.739130434782608647e-01,1.720430107526881858e-01,3.169014084507042472e-01,9.890109890109889668e-02,1.236749116607773896e-01,1.570881226053639779e-01,1.566820276497695730e-01,1.225806451612903164e-01,2.047244094488188948e-01,3.251748251748251550e-01,2.058823529411764608e-01,3.112582781456953440e-01,1.969696969696969613e-01,1.181556195965417916e-01,1.271186440677966045e-01,0.000000000000000000e+00,1.493055555555555525e-01,3.589743589743589758e-01,1.678832116788321061e-01,1.818181818181818232e-01,2.027972027972027858e-01,4.814814814814814548e-01,1.030927835051546337e-01,1.443298969072164817e-01,4.782608695652174058e-01,2.162162162162162282e-01,2.325581395348837177e-01,1.733333333333333393e-01,1.573033707865168496e-01,3.483870967741935498e-01,3.921568627450980338e-02,1.287878787878787845e-01,8.934707903780068905e-02,7.352941176470588480e-02,3.495702005730659256e-01,1.923076923076923184e-01,1.055555555555555552e-01,2.248062015503876077e-01,1.975308641975308532e-01,1.290322580645161255e-01,1.443298969072164817e-01,1.151079136690647542e-01,2.896935933147632425e-01,1.616766467065868240e-01,8.808290155440413882e-02,1.600000000000000033e-01,2.413793103448275967e-01,1.354401805869074604e-01,8.270676691729322849e-02,2.943925233644859585e-01,1.111111111111111049e-01,1.171171171171171144e-01,1.666666666666666574e-01,3.950617283950617065e-01,1.456953642384105907e-01,1.868131868131868156e-01,1.393034825870646809e-01,0.000000000000000000e+00,2.977528089887640506e-01,2.487046632124352286e-01,2.596153846153846367e-01,2.222222222222222099e-01,1.268292682926829285e-01,1.945288753799392090e-01,1.666666666666666574e-01,1.158798283261802536e-01,1.082251082251082241e-01,1.111111111111111049e-01,1.720430107526881858e-01,1.315789473684210453e-01,1.290322580645161255e-01,1.511627906976744096e-01,1.641791044776119424e-01,1.570512820512820484e-01,1.428571428571428492e-01,1.071428571428571369e-01,2.142857142857142738e-01,0.000000000000000000e+00,3.831775700934579310e-01,0.000000000000000000e+00,4.400000000000000022e-01,1.257995735607675969e-01,1.478260869565217461e-01,1.338289962825278678e-01,1.635220125786163436e-01,8.333333333333332871e-02,1.261261261261261146e-01,1.820728291316526526e-01,1.589403973509933843e-01,2.774193548387096642e-01,1.686746987951807109e-01,1.390977443609022479e-01,1.525423728813559421e-01,2.790055248618784622e-01,1.525423728813559421e-01,3.155737704918032960e-01,1.578947368421052544e-01,1.327433628318584191e-01,1.802721088435374208e-01,4.843750000000000000e-01,0.000000000000000000e+00,2.236842105263157909e-01,0.000000000000000000e+00,1.643835616438356073e-01,1.792929292929292817e-01,9.859154929577464144e-02,8.955223880597014408e-02,1.686274509803921684e-01,2.333333333333333370e-01,1.975308641975308532e-01,1.749999999999999889e-01,3.862928348909657195e-01,1.525423728813559421e-01,1.043478260869565161e-01,4.285714285714285476e-01,0.000000000000000000e+00,4.193548387096774355e-01,0.000000000000000000e+00,0.000000000000000000e+00,1.340782122905027907e-01,1.708185053380782970e-01,4.375000000000000000e-01,1.304347826086956486e-01,1.467889908256880815e-01,2.010443864229765065e-01,1.970802919708029288e-01,1.149425287356321823e-01,8.571428571428571508e-02,7.894736842105262720e-02,1.801242236024844789e-01,1.600000000000000033e-01,2.254901960784313764e-01,1.415929203539822989e-01,2.992424242424242542e-01,1.265822784810126667e-01,0.000000000000000000e+00,1.566265060240963902e-01,0.000000000000000000e+00,3.170731707317073211e-01,2.539682539682539542e-01,1.643835616438356073e-01,0.000000000000000000e+00,0.000000000000000000e+00,1.739130434782608647e-01,3.611111111111111049e-01,2.016806722689075682e-01,1.689655172413793149e-01,1.203931203931203897e-01,1.276595744680850963e-01,1.654676258992805737e-01,5.405405405405405705e-02,2.857142857142856984e-01,1.512915129151291560e-01,8.333333333333332871e-02,1.509433962264150886e-01,1.610738255033556943e-01,1.612903225806451568e-01,0.000000000000000000e+00,4.782608695652174058e-01,4.774774774774774855e-01,0.000000000000000000e+00,1.727272727272727293e-01,3.049327354260089606e-01,8.196721311475409222e-02,1.928571428571428659e-01,2.875536480686695096e-01,1.910112359550561745e-01,0.000000000000000000e+00,4.508196721311475419e-01,3.271028037383177378e-01,1.625615763546797987e-01,1.546391752577319645e-01,3.333333333333333148e-01,1.812080536912751560e-01,1.351351351351351426e-01,1.481481481481481399e-01,1.682539682539682668e-01,1.272189349112426149e-01,0.000000000000000000e+00,3.422818791946308781e-01,1.975308641975308532e-01,1.543026706231453993e-01,1.851851851851851749e-01,2.816901408450704358e-01,1.531791907514450934e-01,1.228070175438596423e-01,1.354166666666666574e-01,0.000000000000000000e+00,1.153846153846153910e-01,0.000000000000000000e+00,0.000000000000000000e+00,1.666666666666666574e-01,1.180555555555555525e-01,1.071428571428571369e-01,1.181818181818181795e-01,0.000000000000000000e+00,1.891891891891891997e-01,0.000000000000000000e+00,1.677852348993288667e-01,1.590909090909090884e-01,1.343283582089552231e-01,2.531645569620253333e-01,0.000000000000000000e+00,0.000000000000000000e+00,3.591160220994475405e-01,1.022727272727272790e-01,3.725910064239828512e-01,1.213872832369942145e-01,1.659192825112107694e-01,1.250000000000000000e-01,1.360000000000000098e-01,1.107594936708860694e-01,2.990033222591362283e-01,1.856677524429967419e-01,2.033898305084745894e-01,1.594202898550724501e-01,2.857142857142856984e-01,1.554054054054054002e-01,3.724999999999999978e-01,2.169312169312169192e-01,0.000000000000000000e+00,1.951219512195122019e-01,1.265822784810126667e-01,1.354166666666666574e-01,1.020408163265306145e-01,1.636363636363636354e-01,0.000000000000000000e+00,1.685393258426966245e-01,1.932773109243697551e-01,1.439205955334987574e-01,0.000000000000000000e+00,1.566265060240963902e-01,0.000000000000000000e+00,0.000000000000000000e+00,4.444444444444444614e-02,0.000000000000000000e+00,1.250000000000000000e-01,1.578947368421052544e-01,2.340425531914893664e-01,1.094890510948905160e-01,1.554621848739495826e-01,1.312217194570135803e-01,1.634615384615384637e-01,1.228070175438596423e-01,1.741935483870967749e-01,1.341463414634146423e-01,1.423357664233576569e-01,1.596638655462184753e-01,3.383458646616541166e-01,1.238095238095238138e-01,0.000000000000000000e+00,4.545454545454545303e-01,2.181818181818181712e-01,3.261455525606469230e-01,3.628318584070796549e-01,1.735941320293398482e-01,2.178217821782178210e-01,1.317829457364341206e-01,2.307692307692307820e-01,0.000000000000000000e+00,1.428571428571428492e-01,0.000000000000000000e+00,1.466666666666666674e-01,1.627906976744186163e-01,3.189873417721518778e-01,1.166180758017492658e-01,1.341853035143769912e-01,0.000000000000000000e+00,1.578947368421052544e-01,1.292517006802721136e-01,2.124999999999999944e-01,2.261904761904761918e-01,1.686746987951807109e-01,1.894736842105263219e-01,1.917808219178082085e-01,1.351351351351351426e-01,2.272727272727272652e-01,2.000000000000000111e-01,2.266666666666666552e-01,1.190476190476190410e-01,1.827956989247311870e-01,1.086956521739130405e-01,2.000000000000000111e-01,3.125000000000000000e-01,1.456310679611650394e-01,8.235294117647058709e-02,2.183908045977011603e-01,1.688311688311688319e-01,2.500000000000000000e-01,1.376146788990825764e-01
1.025641025641025605e-01,1.081730769230769273e-01,2.187500000000000000e-01,1.940928270042193982e-01,1.388888888888888951e-01,1.779661016949152519e-01,0.000000000000000000e+00,0.000000000000000000e+00,0.000000000000000000e+00,2.448979591836734637e-01,1.465968586387434436e-01,1.069958847736625501e-01,1.129032258064516098e-01,0.000000000000000000e+00,1.081081081081081141e-01,1.282051282051281937e-01,1.271820448877805376e-01,1.297405189620758348e-01,5.128205128205128027e-02,7.692307692307692735e-02,1.801801801801801717e-01,0.000000000000000000e+00,1.677148846960167805e-01,1.612903225806451568e-01,6.796116504854368690e-02,0.000000000000000000e+00,1.413043478260869457e-01,1.456310679611650394e-01,1.226666666666666600e-01,1.051136363636363674e-01,1.379310344827586188e-01,1.618705035971222950e-01,1.292134831460674260e-01,5.322128851540616074e-02,1.242105263157894796e-01,1.038961038961039030e-01,1.263537906137184030e-01,7.851239669421487821e-02,1.918604651162790775e-01,9.798994974874371267e-02,6.557377049180328210e-02,8.256880733944954587e-02,1.860465116279069742e-01,9.898989898989898895e-02,1.325301204819277212e-01,0.000000000000000000e+00,1.133501259445843790e-01,1.250000000000000000e-01,1.132812500000000000e-01,1.666666666666666574e-01,1.378446115288220475e-01,1.639344262295081844e-01,8.029197080291970712e-02,1.463414634146341375e-01,6.741573033707864981e-02,2.026143790849673221e-01,1.607142857142857262e-01,1.379310344827586188e-01,1.496062992125984370e-01,1.329787234042553168e-01,5.263157894736841813e-02,1.000000000000000056e-01,1.131105398457583483e-01,1.359223300970873738e-01,9.176470588235294268e-02,1.351351351351351426e-01,1.122448979591836732e-01,6.134969325153374203e-02,1.595744680851063912e-01,1.162790697674418589e-01,1.067285382830626406e-01,9.693877551020407823e-02,9.940357852882704404e-02,1.790393013100436692e-01,1.569343065693430683e-01,1.197411003236245886e-01,1.000000000000000056e-01,9.756097560975610095e-02,9.952606635071090113e-02,1.423611111111111049e-01,1.183574879227053123e-01,1.449275362318840632e-01,1.904761904761904656e-01,5.504587155963303058e-02,1.794871794871794879e-01,1.153846153846153910e-01,1.030927835051546337e-01,0.000000000000000000e+00,1.062992125984252023e-01,8.298755186721991361e-02,1.235294117647058876e-01,8.333333333333332871e-02,1.486068111455108309e-01,1.343283582089552231e-01,2.428571428571428548e-01,1.543026706231453993e-01,1.494252873563218509e-01,1.329787234042553168e-01,1.287878787878787845e-01,1.269349845201238336e-01,1.003039513677811551e-01,1.000000000000000056e-01,9.433962264150944077e-02,1.005154639175257769e-01,1.084070796460177011e-01,8.108108108108108558e-02,9.523809523809523281e-02,0.000000000000000000e+00,7.894736842105262720e-02,0.000000000000000000e+00,1.076923076923076983e-01,8.525754884547069590e-02,1.530054644808743203e-01,1.406727828746177356e-01,1.340206185567010266e-01,1.349693251533742311e-01,1.491712707182320519e-01,1.115311909262759887e-01,1.588785046728971861e-01,1.279279279279279258e-01,1.680327868852458939e-01,7.297297297297297702e-02,1.060606060606060635e-01,1.113636363636363591e-01,2.096774193548387177e-01,1.501706484641638362e-01,1.250000000000000000e-01,1.503496503496503378e-01,1.361607142857142738e-01,1.734693877551020391e-01,0.000000000000000000e+00,1.304347826086956486e-01,0.000000000000000000e+00,1.662468513853904151e-01,1.403162055335968328e-01,1.339285714285714246e-01,6.185567010309278579e-02,8.941176470588235725e-02,2.388059701492537268e-01,1.393442622950819554e-01,1.028037383177570069e-01,1.136890951276102041e-01,7.407407407407406996e-02,9.554140127388535686e-02,1.707317073170731836e-01,0.000000000000000000e+00,1.095890410958904049e-01,0.000000000000000000e+00,0.000000000000000000e+00,1.423076923076923017e-01,1.133501259445843790e-01,7.142857142857142461e-02,2.045454545454545581e-01,1.210191082802547780e-01,1.606498194945848446e-01,1.772727272727272763e-01,1.546762589928057652e-01,1.219512195121951192e-01,1.698113207547169712e-01,1.688311688311688319e-01,1.549295774647887203e-01,1.970802919708029288e-01,1.368421052631579038e-01,1.019830028328611859e-01,2.561983471074379959e-01,0.000000000000000000e+00,1.388888888888888951e-01,0.000000000000000000e+00,1.233766233766233761e-01,1.962616822429906482e-01,1.457905544147843901e-01,0.000000000000000000e+00,0.000000000000000000e+00,1.052631578947368363e-01,1.203007518796992414e-01,2.352941176470588203e-01,1.499999999999999944e-01,1.365935919055649150e-01,1.029411764705882304e-01,1.015625000000000000e-01,2.045454545454545581e-01,1.000000000000000056e-01,1.517615176151761447e-01,6.976744186046511531e-02,8.108108108108108558e-02,1.451247165532879857e-01,1.132075471698113234e-01,0.000000000000000000e+00,3.404255319148936088e-01,1.395348837209302306e-01,0.000000000000000000e+00,1.006711409395973089e-01,1.258278145695364281e-01,1.282051282051281937e-01,1.279620853080568610e-01,1.751592356687897978e-01,7.563025210084033112e-02,0.000000000000000000e+00,1.103448275862068950e-01,1.343283582089552231e-01,1.404255319148936254e-01,1.716417910447761153e-01,1.254480286738351158e-01,1.624365482233502411e-01,1.320754716981132060e-01,1.764705882352941291e-01,1.299303944315545190e-01,1.214128035320088256e-01,0.000000000000000000e+00,1.337209302325581273e-01,2.500000000000000000e-01,1.196911196911196879e-01,1.208791208791208799e-01,1.250000000000000000e-01,1.318181818181818066e-01,2.441860465116278966e-01,8.333333333333332871e-02,0.000000000000000000e+00,9.677419354838709409e-02,0.000000000000000000e+00,0.000000000000000000e+00,1.600000000000000033e-01,1.295336787564766723e-01,8.749999999999999445e-02,1.949152542372881436e-01,0.000000000000000000e+00,1.578947368421052544e-01,0.000000000000000000e+00,9.115281501340483095e-02,9.302325581395348708e-02,1.764705882352941291e-01,2.072072072072072002e-01,0.000000000000000000e+00,0.000000000000000000e+00,1.198257080610021785e-01,2.500000000000000000e-01,1.122994652406417160e-01,1.080246913580246854e-01,1.433506044905008547e-01,1.165644171779141036e-01,1.037463976945244976e-01,1.697080291970802790e-01,9.976798143851507705e-02,1.215189873417721472e-01,1.097560975609756101e-01,1.158536585365853716e-01,1.375000000000000111e-01,1.428571428571428492e-01,8.867924528301886211e-02,1.085271317829457349e-01,0.000000000000000000e+00,9.090909090909091161e-02,2.258064516129032195e-01,1.039999999999999952e-01,1.818181818181818232e-01,2.222222222222222099e-01,0.000000000000000000e+00,2.054794520547945091e-01,1.420118343195266308e-01,1.025145067698259166e-01,0.000000000000000000e+00,1.165048543689320426e-01,0.000000000000000000e+00,0.000000000000000000e+00,1.515151515151515194e-01,0.000000000000000000e+00,1.538461538461538547e-01,9.717868338557993091e-02,1.045751633986928136e-01,8.866995073891625889e-02,1.360759493670886111e-01,1.771428571428571297e-01,1.365638766519823855e-01,1.171171171171171144e-01,1.346153846153846090e-01,1.525423728813559421e-01,8.556149732620320358e-02,1.383219954648526040e-01,1.519434628975264989e-01,1.376146788990825764e-01,0.000000000000000000e+00,5.128205128205128027e-02,2.124999999999999944e-01,1.000000000000000056e-01,1.173184357541899453e-01,1.094527363184079616e-01,1.146496815286624227e-01,1.666666666666666574e-01,7.692307692307692735e-02,0.000000000000000000e+00,8.571428571428571508e-02,0.000000000000000000e+00,1.168831168831168804e-01,1.290322580645161255e-01,9.036144578313252962e-02,1.531914893617021267e-01,1.434599156118143426e-01,0.000000000000000000e+00,1.410256410256410242e-01,1.141552511415525051e-01,1.182795698924731242e-01,1.290322580645161255e-01,1.442307692307692180e-01,7.547169811320754429e-02,1.071428571428571369e-01,8.547008547008547175e-02,1.342281879194630878e-01,9.615384615384615918e-02,1.271186440677966045e-01,7.031250000000000000e-02,1.320754716981132060e-01,1.275167785234899431e-01,9.174311926605505096e-02,1.078431372549019662e-01,1.147540983606557402e-01,1.832061068702290074e-01,1.555555555555555580e-01,1.101694915254237267e-01,9.482758620689654694e-02,1.160714285714285754e-01
1.015473887814313386e-01,1.193144363876071229e-01,1.258169934640522847e-01,1.017520215633423153e-01,9.433962264150944077e-02,1.139705882352941152e-01,0.000000000000000000e+00,0.000000000000000000e+00,0.000000000000000000e+00,5.747126436781609116e-02,9.255898366606170324e-02,1.414276184122748581e-01,8.823529411764706454e-02,0.000000000000000000e+00,1.277533039647577029e-01,1.655913978494623628e-01,9.833585476550681104e-02,1.192971639950678175e-01,9.732360097323601578e-02,1.419939577039275036e-01,1.245085190039318529e-01,0.000000000000000000e+00,9.940159574468085402e-02,8.832011535688535919e-02,1.085972850678733059e-01,0.000000000000000000e+00,2.127071823204420009e-01,9.053497942386831698e-02,1.089144500359453677e-01,1.216275984077841710e-01,1.008771929824561348e-01,1.205915813424345839e-01,9.887459807073954721e-02,2.066210045662100481e-01,1.264695404346277141e-01,1.371527777777777901e-01,9.614395886889459675e-02,1.866883116883116811e-01,1.225364181662382118e-01,1.037253469685902180e-01,7.931034482758621273e-02,1.147318397827562786e-01,9.778597785977859169e-02,2.139725226541946690e-01,2.140410958904109540e-01,0.000000000000000000e+00,1.334367726920093200e-01,1.581196581196581130e-01,2.244027303754266289e-01,1.063218390804597652e-01,1.077603538399678346e-01,6.094182825484764643e-02,1.770186335403726718e-01,8.666666666666666963e-02,8.605851979345954805e-02,8.089668615984405009e-02,1.100702576112412151e-01,1.187607573149741802e-01,9.748427672955975454e-02,9.324982602644397989e-02,9.814323607427055673e-02,1.117540687160940294e-01,1.084971910112359494e-01,8.614864864864864302e-02,1.124610591900311596e-01,1.056603773584905703e-01,1.678018575851393246e-01,1.009174311926605561e-01,1.283880171184022811e-01,1.953028430160692330e-01,2.035218421943786049e-01,2.062883435582822111e-01,1.109932838458819321e-01,1.095717884130982395e-01,9.063444108761328777e-02,9.102509570395576899e-02,2.108843537414966107e-01,2.033195020746887960e-01,7.615230460921844358e-02,9.350649350649350988e-02,1.079207920792079195e-01,8.594539939332659917e-02,1.245745405037440440e-01,8.874172185430463655e-02,1.206096752816434720e-01,9.348093480934809019e-02,1.206293706293706247e-01,0.000000000000000000e+00,9.693251533742330839e-02,1.538978494623655935e-01,1.167315175097276281e-01,1.313269493844049229e-01,1.326990485728593017e-01,9.933283914010378191e-02,7.294117647058823151e-02,9.460083064143977316e-02,1.165048543689320426e-01,1.906382978723404342e-01,2.100396301188903470e-01,1.253132832080200432e-01,2.170474516695957701e-01,1.745583038869258086e-01,2.462030375699440499e-01,9.867109634551494979e-02,1.280869278893645158e-01,8.695652173913043237e-02,1.760722347629796736e-01,0.000000000000000000e+00,8.469387755102041060e-02,0.000000000000000000e+00,8.500000000000000611e-02,2.158590308370044175e-01,1.013864818024263481e-01,1.218161683277962370e-01,9.105304829770387298e-02,8.517887563884156410e-02,1.019230769230769218e-01,2.124172707217144573e-01,1.051817478731631866e-01,1.098812095032397351e-01,1.061173533083645398e-01,1.113258600695786610e-01,1.597051597051596938e-01,1.068976789800588495e-01,1.368653421633554135e-01,1.302301255230125521e-01,1.417404898384575229e-01,1.280081925243215513e-01,1.306338028169014009e-01,8.970099667774086849e-02,0.000000000000000000e+00,1.283524904214559392e-01,0.000000000000000000e+00,1.241753977493209177e-01,1.270580925753339585e-01,7.052186177715091819e-02,1.142384105960264906e-01,1.220748829953198084e-01,9.166666666666666019e-02,1.066225165562913885e-01,9.984152139461172082e-02,8.127611090011394035e-02,7.968749999999999445e-02,9.474768280123584130e-02,8.695652173913043237e-02,0.000000000000000000e+00,1.013824884792626779e-01,0.000000000000000000e+00,0.000000000000000000e+00,1.202156334231805901e-01,8.918185343156262435e-02,1.035007610350076046e-01,1.368159203980099381e-01,1.255319148936170082e-01,1.502753737214791441e-01,1.163398692810457546e-01,1.140350877192982393e-01,9.925093632958802148e-02,1.066282420749279508e-01,1.041825095057034162e-01,1.143889223359422086e-01,1.048867699642431484e-01,1.484071484071484148e-01,1.083092186854071881e-01,9.885057471264367679e-02,0.000000000000000000e+00,1.586206896551724255e-01,0.000000000000000000e+00,7.155635062611806485e-02,8.347826086956522396e-02,1.936121172209417096e-01,0.000000000000000000e+00,0.000000000000000000e+00,8.383233532934131205e-02,9.120879120879120394e-02,1.231481481481481455e-01,2.115537848605577587e-01,1.090633678364049536e-01,8.400000000000000522e-02,1.361445783132530229e-01,1.291390728476821126e-01,9.756097560975610095e-02,9.373703857320614397e-02,1.414141414141414088e-01,8.474576271186440302e-02,9.324866310160427607e-02,1.864077669902912682e-01,0.000000000000000000e+00,7.865168539325842478e-02,8.028335301062573814e-02,0.000000000000000000e+00,2.015662240381341508e-01,1.662417134115247441e-01,1.909650924024640650e-01,1.381055676066522131e-01,9.264565425023878198e-02,1.789156626506024084e-01,0.000000000000000000e+00,7.509157509157508847e-02,8.963282937365010805e-02,1.986455981941309124e-01,2.202043132803632175e-01,7.723815096547688441e-02,1.334431630971993354e-01,1.073825503355704675e-01,9.239130434782608092e-02,1.334841628959275994e-01,2.079838009835117130e-01,0.000000000000000000e+00,1.047693510555121194e-01,1.208651399491094125e-01,1.844164681864579880e-01,1.446028513238289126e-01,1.297297297297297369e-01,1.287719298245613986e-01,7.529411764705881693e-02,1.041562343515272937e-01,0.000000000000000000e+00,1.475903614457831359e-01,0.000000000000000000e+00,0.000000000000000000e+00,7.490636704119850442e-02,1.693344566133108686e-01,1.464530892448512589e-01,1.054216867469879582e-01,0.000000000000000000e+00,1.030150753768844241e-01,0.000000000000000000e+00,9.175019275250578810e-02,1.024774774774774716e-01,1.295180722891566272e-01,1.121856866537717656e-01,0.000000000000000000e+00,0.000000000000000000e+00,8.605246321177223434e-02,9.892729439809297420e-02,9.401709401709401615e-02,1.786922209695603059e-01,9.353437260414004806e-02,1.020036429872495515e-01,1.431244153414406028e-01,1.138985005767012698e-01,1.181657848324514926e-01,1.104356636271529857e-01,8.441558441558441594e-02,9.461294703485739754e-02,1.304347826086956486e-01,1.115879828326180323e-01,9.157509157509156894e-02,1.052937754508435075e-01,0.000000000000000000e+00,1.397260273972602829e-01,9.249999999999999889e-02,1.212281630492323958e-01,7.358262967430639900e-02,1.133200795228628266e-01,0.000000000000000000e+00,9.771309771309771852e-02,8.650519031141867821e-02,1.942124105011933111e-01,0.000000000000000000e+00,1.442176870748299311e-01,0.000000000000000000e+00,0.000000000000000000e+00,7.017543859649122417e-02,0.000000000000000000e+00,1.782334384858044185e-01,1.967963386727688835e-01,1.013133208255159456e-01,1.661911554921540746e-01,2.115577889447236293e-01,1.277108433734939763e-01,1.180830039525691683e-01,1.135371179039301320e-01,1.435045317220543792e-01,1.121751025991792050e-01,1.154004106776180677e-01,1.065188172043010778e-01,1.114044350580781356e-01,1.256190904997748770e-01,0.000000000000000000e+00,1.413427561837455881e-01,8.597285067873303155e-02,1.103092783505154606e-01,8.595988538681947899e-02,1.233548387096774224e-01,1.695095948827292087e-01,1.748120300751879741e-01,1.595330739299610778e-01,0.000000000000000000e+00,1.871921182266009787e-01,0.000000000000000000e+00,1.054398925453324393e-01,6.483790523690773078e-02,1.132303966091432051e-01,1.465487929275756662e-01,2.032577903682719622e-01,0.000000000000000000e+00,9.324009324009324695e-02,1.719653179190751557e-01,1.225490196078431321e-01,1.037567084078711982e-01,1.090909090909090856e-01,1.067073170731707293e-01,1.087719298245614086e-01,1.099554234769687944e-01,1.070336391437308882e-01,8.675799086757990386e-02,1.024844720496894401e-01,1.192930780559646603e-01,1.119631901840490856e-01,8.229813664596273559e-02,7.413793103448275412e-02,1.042735042735042778e-01,1.034482758620689641e-01,1.027190332326284039e-01,1.365777080062794413e-01,1.262798634812286602e-01,1.114457831325301185e-01,1.009036144578313310e-01
1.296296296296296224e-01,2.250000000000000056e-01,2.222222222222222099e-01,6.060606060606060774e-02,2.352941176470588203e-01,3.157894736842105088e-01,0.000000000000000000e+00,0.000000000000000000e+00,0.000000000000000000e+00,0.000000000000000000e+00,4.000000000000000222e-01,3.214285714285714524e-01,0.000000000000000000e+00,0.000000000000000000e+00,3.333333333333333148e-01,3.809523809523809312e-01,2.698412698412698263e-01,2.816901408450704358e-01,2.352941176470588203e-01,1.666666666666666574e-01,2.941176470588235392e-01,0.000000000000000000e+00,2.000000000000000111e-01,1.891891891891891997e-01,1.428571428571428492e-01,0.000000000000000000e+00,7.692307692307692735e-01,3.750000000000000000e-01,1.764705882352941291e-01,3.260869565217391353e-01,1.666666666666666574e-01,2.399999999999999911e-01,4.000000000000000222e-01,8.620689655172413257e-01,2.068965517241379282e-01,1.458333333333333426e-01,1.190476190476190410e-01,7.692307692307692735e-01,5.384615384615384359e-01,2.112676056338028130e-01,0.000000000000000000e+00,2.820512820512820484e-01,2.500000000000000000e-01,6.585365853658536883e-01,6.363636363636363535e-01,0.000000000000000000e+00,2.753623188405797118e-01,2.000000000000000111e-01,6.022727272727272929e-01,3.333333333333333148e-01,1.403508771929824483e-01,2.999999999999999889e-01,8.000000000000000444e-01,9.090909090909091161e-02,6.666666666666666574e-02,2.727272727272727071e-01,4.000000000000000222e-01,4.000000000000000222e-01,2.941176470588235392e-01,1.612903225806451568e-01,2.307692307692307820e-01,2.115384615384615363e-01,1.447368421052631637e-01,4.285714285714285476e-01,2.750000000000000222e-01,2.857142857142856984e-01,6.999999999999999556e-01,3.333333333333333148e-01,3.846153846153846367e-01,7.500000000000000000e-01,7.627118644067796271e-01,5.999999999999999778e-01,2.388059701492537268e-01,2.380952380952380820e-01,2.926829268292682751e-01,2.380952380952380820e-01,8.333333333333333703e-01,6.952380952380952106e-01,8.695652173913043237e-02,2.941176470588235392e-01,2.207792207792207695e-01,4.761904761904761640e-01,3.750000000000000000e-01,3.157894736842105088e-01,2.631578947368420907e-01,1.333333333333333315e-01,2.244897959183673464e-01,0.000000000000000000e+00,2.444444444444444364e-01,5.000000000000000000e-01,3.333333333333333148e-01,2.666666666666666630e-01,3.902439024390244038e-01,2.051282051282051211e-01,2.500000000000000000e-01,1.551724137931034531e-01,2.888888888888888618e-01,6.818181818181817677e-01,7.142857142857143016e-01,2.727272727272727071e-01,6.851851851851852304e-01,8.461538461538461453e-01,6.666666666666666297e-01,1.785714285714285754e-01,1.304347826086956486e-01,2.500000000000000000e-01,8.000000000000000444e-01,0.000000000000000000e+00,3.225806451612903136e-01,0.000000000000000000e+00,1.250000000000000000e-01,5.779816513761467656e-01,1.333333333333333315e-01,2.181818181818181712e-01,2.500000000000000000e-01,1.081081081081081141e-01,3.750000000000000000e-01,5.727272727272727515e-01,3.333333333333333148e-01,3.200000000000000067e-01,1.111111111111111049e-01,1.228070175438596423e-01,9.230769230769231282e-01,2.278481012658227778e-01,0.000000000000000000e+00,2.241379310344827624e-01,2.173913043478260809e-01,1.666666666666666574e-01,1.904761904761904656e-01,4.000000000000000222e-01,0.000000000000000000e+00,1.000000000000000056e-01,0.000000000000000000e+00,1.794871794871794879e-01,2.800000000000000266e-01,1.111111111111111049e-01,2.999999999999999889e-01,2.187500000000000000e-01,2.000000000000000111e-01,3.030303030303030387e-01,1.111111111111111049e-01,2.413793103448275967e-01,1.333333333333333315e-01,4.444444444444444198e-01,0.000000000000000000e+00,0.000000000000000000e+00,5.000000000000000000e-01,0.000000000000000000e+00,0.000000000000000000e+00,1.956521739130434867e-01,3.333333333333333148e-01,1.666666666666666574e-01,3.333333333333333148e-01,1.562500000000000000e-01,2.784810126582278333e-01,3.428571428571428603e-01,2.830188679245282946e-01,2.857142857142856984e-01,5.000000000000000000e-01,4.242424242424242542e-01,1.509433962264150886e-01,3.499999999999999778e-01,2.307692307692307820e-01,2.638888888888888951e-01,2.758620689655172376e-01,0.000000000000000000e+00,3.103448275862069061e-01,0.000000000000000000e+00,3.599999999999999867e-01,1.538461538461538547e-01,5.476190476190476719e-01,0.000000000000000000e+00,0.000000000000000000e+00,0.000000000000000000e+00,2.142857142857142738e-01,2.222222222222222099e-01,5.131578947368421462e-01,2.533333333333333548e-01,4.545454545454545303e-01,2.151898734177215278e-01,0.000000000000000000e+00,3.333333333333333148e-01,1.666666666666666574e-01,7.142857142857143016e-01,1.428571428571428492e-01,2.399999999999999911e-01,7.692307692307692735e-01,0.000000000000000000e+00,4.615384615384615641e-01,3.076923076923077094e-01,0.000000000000000000e+00,4.285714285714285476e-01,6.734693877551020114e-01,7.500000000000000000e-01,3.333333333333333148e-01,1.538461538461538547e-01,8.095238095238095344e-01,0.000000000000000000e+00,2.380952380952380820e-01,4.285714285714285476e-01,7.317073170731707155e-01,7.096774193548387455e-01,1.875000000000000000e-01,2.894736842105263275e-01,2.000000000000000111e-01,2.500000000000000000e-01,1.406250000000000000e-01,6.666666666666666297e-01,0.000000000000000000e+00,3.214285714285714524e-01,0.000000000000000000e+00,4.623655913978494403e-01,8.181818181818182323e-01,3.846153846153846367e-01,1.857142857142857206e-01,0.000000000000000000e+00,3.469387755102040782e-01,0.000000000000000000e+00,5.999999999999999778e-01,0.000000000000000000e+00,0.000000000000000000e+00,0.000000000000000000e+00,4.137931034482758563e-01,5.999999999999999778e-01,3.214285714285714524e-01,0.000000000000000000e+00,3.157894736842105088e-01,0.000000000000000000e+00,2.241379310344827624e-01,4.761904761904761640e-02,2.500000000000000000e-01,5.000000000000000000e-01,0.000000000000000000e+00,0.000000000000000000e+00,3.166666666666666519e-01,4.000000000000000222e-01,2.454545454545454530e-01,7.567567567567567988e-01,2.658227848101265556e-01,2.258064516129032195e-01,3.275862068965517127e-01,3.421052631578947456e-01,3.281250000000000000e-01,1.829268292682926789e-01,2.307692307692307820e-01,2.153846153846153966e-01,3.750000000000000000e-01,3.529411764705882582e-01,2.441860465116278966e-01,3.125000000000000000e-01,0.000000000000000000e+00,2.000000000000000111e-01,4.400000000000000022e-01,1.956521739130434867e-01,3.750000000000000000e-01,5.000000000000000000e-01,0.000000000000000000e+00,5.000000000000000000e-01,1.408450704225352179e-01,5.974025974025973795e-01,0.000000000000000000e+00,3.333333333333333148e-01,0.000000000000000000e+00,0.000000000000000000e+00,2.142857142857142738e-01,0.000000000000000000e+00,5.882352941176470784e-01,6.451612903225806273e-01,1.304347826086956486e-01,4.473684210526315819e-01,6.166666666666666963e-01,1.836734693877551117e-01,2.500000000000000000e-01,2.419354838709677491e-01,4.871794871794871695e-01,3.684210526315789269e-01,1.617647058823529493e-01,2.580645161290322509e-01,2.619047619047619180e-01,1.886792452830188815e-01,0.000000000000000000e+00,5.000000000000000000e-01,2.857142857142856984e-01,1.904761904761904656e-01,4.347826086956521618e-01,2.352941176470588203e-01,8.000000000000000444e-01,5.999999999999999778e-01,6.666666666666666297e-01,0.000000000000000000e+00,7.142857142857143016e-01,0.000000000000000000e+00,2.068965517241379282e-01,2.500000000000000000e-01,1.744186046511627952e-01,2.428571428571428548e-01,4.606741573033708015e-01,0.000000000000000000e+00,2.727272727272727071e-01,6.190476190476190688e-01,3.157894736842105088e-01,5.714285714285713969e-01,2.142857142857142738e-01,4.210526315789473450e-01,2.631578947368420907e-01,2.916666666666666852e-01,3.913043478260869734e-01,3.888888888888888951e-01,4.285714285714285476e-01,3.928571428571428492e-01,5.625000000000000000e-01,3.181818181818181768e-01,5.000000000000000000e-01,3.684210526315789269e-01,3.636363636363636465e-01,2.999999999999999889e-01,2.857142857142856984e-01,3.499999999999999778e-01,3.333333333333333148e-01,4.000000000000000222e-01
1.469194312796208435e-01,1.165644171779141036e-01,1.384615384615384692e-01,1.698113207547169712e-01,1.552511415525114069e-01,1.612903225806451568e-01,0.000000000000000000e+00,0.000000000000000000e+00,0.000000000000000000e+00,1.230769230769230838e-01,1.211072664359861550e-01,1.213114754098360698e-01,1.403508771929824483e-01,0.000000000000000000e+00,1.241830065359477153e-01,1.439393939393939503e-01,1.421143847487001677e-01,1.496183206106870278e-01,1.612903225806451568e-01,3.026315789473684181e-01,9.615384615384615918e-02,0.000000000000000000e+00,1.414634146341463283e-01,1.091492776886035382e-01,1.509433962264150886e-01,0.000000000000000000e+00,1.455696202531645556e-01,2.147651006711409349e-01,1.209386281588447631e-01,1.405895691609977405e-01,1.304347826086956486e-01,1.825613079019073604e-01,1.450980392156862864e-01,1.161904761904761912e-01,1.158432708688245383e-01,1.190926275992438554e-01,1.120218579234972672e-01,1.400560224089635875e-01,1.518987341772151944e-01,1.358267716535433156e-01,2.999999999999999889e-01,1.689189189189189144e-01,9.821428571428571230e-02,1.452859350850077280e-01,1.772151898734177222e-01,0.000000000000000000e+00,1.114982578397212543e-01,1.847826086956521618e-01,1.304347826086956486e-01,1.688311688311688319e-01,1.682974559686888361e-01,1.086956521739130405e-01,1.400966183574879342e-01,1.235955056179775247e-01,1.328125000000000000e-01,1.302521008403361436e-01,1.298701298701298579e-01,1.578947368421052544e-01,1.203703703703703637e-01,1.486486486486486569e-01,1.666666666666666574e-01,1.402214022140221283e-01,1.450777202072538741e-01,1.640625000000000000e-01,1.314553990610328738e-01,8.943089430894309022e-02,1.404109589041095951e-01,1.491228070175438514e-01,2.278481012658227778e-01,1.499999999999999944e-01,1.505016722408026864e-01,1.279620853080568610e-01,1.135225375626043448e-01,1.238095238095238138e-01,9.414758269720101269e-02,1.518026565464895561e-01,1.896551724137930939e-01,1.733914940021810125e-01,1.504702194357366851e-01,1.527446300715990524e-01,1.169036334913112207e-01,1.266968325791855143e-01,1.419141914191419107e-01,1.608391608391608329e-01,1.146496815286624227e-01,1.204188481675392691e-01,1.129032258064516098e-01,0.000000000000000000e+00,1.594684385382059699e-01,2.094594594594594572e-01,1.789473684210526327e-01,1.807228915662650592e-01,1.488888888888888762e-01,1.328545780969479229e-01,1.499999999999999944e-01,1.422319474835886111e-01,1.154684095860566417e-01,1.333333333333333315e-01,1.130952380952380959e-01,1.308203991130820476e-01,1.459854014598540028e-01,1.924198250728862969e-01,1.735849056603773477e-01,1.122448979591836732e-01,1.136690647482014455e-01,1.034482758620689641e-01,1.445783132530120418e-01,0.000000000000000000e+00,1.787439613526569937e-01,0.000000000000000000e+00,8.235294117647058709e-02,1.286624203821656043e-01,1.314741035856573648e-01,1.070175438596491224e-01,1.068965517241379365e-01,1.488549618320610668e-01,1.140350877192982393e-01,1.369426751592356661e-01,1.428571428571428492e-01,1.368421052631579038e-01,1.253731343283581989e-01,1.129629629629629595e-01,1.415094339622641473e-01,1.257142857142857229e-01,1.511627906976744096e-01,1.052631578947368363e-01,1.519607843137254777e-01,1.316964285714285754e-01,1.493212669683257887e-01,1.969696969696969613e-01,0.000000000000000000e+00,1.739130434782608647e-01,0.000000000000000000e+00,1.169354838709677352e-01,1.337931034482758574e-01,1.029411764705882304e-01,1.360544217687074953e-01,1.106639839034205264e-01,1.170212765957446832e-01,1.235294117647058876e-01,1.258741258741258862e-01,1.373801916932907430e-01,1.015625000000000000e-01,1.100917431192660612e-01,1.764705882352941291e-01,0.000000000000000000e+00,2.040816326530612290e-01,0.000000000000000000e+00,0.000000000000000000e+00,1.394101876675603313e-01,1.376146788990825764e-01,1.498708010335917384e-01,1.075268817204301092e-01,1.693989071038251304e-01,2.031662269129287657e-01,1.156250000000000056e-01,1.391304347826086973e-01,1.275167785234899431e-01,9.090909090909091161e-02,1.650485436893203983e-01,1.440922190201729125e-01,1.428571428571428492e-01,1.445312500000000000e-01,1.247357293868921746e-01,1.800947867298578198e-01,0.000000000000000000e+00,1.145038167938931262e-01,0.000000000000000000e+00,1.344537815126050362e-01,1.920000000000000040e-01,1.260504201680672232e-01,0.000000000000000000e+00,0.000000000000000000e+00,3.888888888888888951e-01,1.725888324873096347e-01,1.165919282511210797e-01,1.321739130434782528e-01,1.287970838396111650e-01,1.875000000000000000e-01,1.381957773512476062e-01,1.690140845070422504e-01,1.486486486486486569e-01,1.239316239316239354e-01,3.181818181818181768e-01,1.386138613861386260e-01,1.341853035143769912e-01,1.052631578947368363e-01,0.000000000000000000e+00,8.823529411764706454e-02,1.443850267379679086e-01,0.000000000000000000e+00,1.299638989169674963e-01,1.966019417475728115e-01,9.345794392523364136e-02,1.549295774647887203e-01,1.917475728155339787e-01,1.353591160220994349e-01,0.000000000000000000e+00,9.859154929577464144e-02,1.635514018691588689e-01,1.690140845070422504e-01,1.505376344086021556e-01,1.988472622478386076e-01,1.375838926174496601e-01,1.785714285714285754e-01,1.492537313432835688e-01,1.346153846153846090e-01,1.268221574344023383e-01,0.000000000000000000e+00,1.386861313868613110e-01,1.516853932584269760e-01,1.517450682852807264e-01,1.250000000000000000e-01,2.241379310344827624e-01,1.170395869191049876e-01,6.862745098039216285e-02,1.441860465116279189e-01,0.000000000000000000e+00,1.182795698924731242e-01,0.000000000000000000e+00,0.000000000000000000e+00,1.320754716981132060e-01,1.434262948207171429e-01,1.276595744680850963e-01,1.181434599156118148e-01,0.000000000000000000e+00,8.333333333333332871e-02,0.000000000000000000e+00,1.148409893992932834e-01,1.551724137931034531e-01,1.307189542483660205e-01,8.461538461538462008e-02,0.000000000000000000e+00,0.000000000000000000e+00,1.540785498489425920e-01,1.526315789473684237e-01,1.438679245283018826e-01,1.542168674698795316e-01,1.474773609314359579e-01,1.250000000000000000e-01,1.169724770642201900e-01,1.387696709585121702e-01,9.948542024013722063e-02,1.494435612082671005e-01,2.018348623853211121e-01,1.559139784946236562e-01,1.798561151079136611e-01,1.447368421052631637e-01,1.596752368064952576e-01,1.306532663316583021e-01,0.000000000000000000e+00,1.304347826086956486e-01,1.042944785276073566e-01,1.295336787564766723e-01,7.777777777777777901e-02,1.346153846153846090e-01,0.000000000000000000e+00,1.818181818181818232e-01,1.235632183908045995e-01,1.264880952380952328e-01,0.000000000000000000e+00,1.242236024844720482e-01,0.000000000000000000e+00,0.000000000000000000e+00,1.176470588235294101e-01,0.000000000000000000e+00,1.824817518248175174e-01,1.293103448275862155e-01,2.060085836909871237e-01,1.889250814332247563e-01,1.321585903083700442e-01,1.152941176470588247e-01,1.366906474820143991e-01,1.272727272727272596e-01,1.513157894736842091e-01,1.796407185628742520e-01,1.219512195121951192e-01,1.112903225806451679e-01,1.522842639593908753e-01,1.296296296296296224e-01,0.000000000000000000e+00,3.188405797101449002e-01,1.458333333333333426e-01,1.460481099656357473e-01,1.398305084745762594e-01,1.342756183745583143e-01,1.415094339622641473e-01,1.404958677685950452e-01,1.000000000000000056e-01,0.000000000000000000e+00,1.739130434782608647e-01,0.000000000000000000e+00,1.414473684210526272e-01,1.084337349397590383e-01,1.291248206599713011e-01,1.515650741350905994e-01,1.327800829875518673e-01,0.000000000000000000e+00,1.443298969072164817e-01,1.885521885521885543e-01,9.701492537313433084e-02,1.104294478527607370e-01,1.146496815286624227e-01,1.096774193548387122e-01,1.851851851851851749e-01,1.386861313868613110e-01,1.194968553459119509e-01,1.241830065359477153e-01,1.907894736842105365e-01,9.696969696969696961e-02,1.172839506172839441e-01,1.206896551724137984e-01,1.724137931034482873e-01,1.277777777777777679e-01,1.304347826086956486e-01,1.030303030303030276e-01,1.390728476821191939e-01,1.032258064516129031e-01,1.418918918918918859e-01,1.463414634146341375e-01
1.100447856685860537e-01,9.946236559139784439e-02,1.908396946564885621e-01,1.609561752988047933e-01,1.323119777158774379e-01,1.839622641509433831e-01,0.000000000000000000e+00,0.000000000000000000e+00,0.000000000000000000e+00,2.454545454545454530e-01,2.069693769799366423e-01,2.262837249782419513e-01,1.799163179916317967e-01,0.000000000000000000e+00,1.097345132743362817e-01,1.227621483375959111e-01,2.314734088927637434e-01,1.034343434343434343e-01,1.464174454828660321e-01,1.086956521739130405e-01,8.196721311475409222e-02,0.000000000000000000e+00,1.074380165289256228e-01,1.035434882650713290e-01,1.063829787234042562e-01,0.000000000000000000e+00,1.032148900169204686e-01,1.066907775768535238e-01,1.056676272814601331e-01,1.249238269347958535e-01,4.545454545454545581e-02,9.886201991465148886e-02,7.241379310344828180e-02,8.242539081004263135e-02,1.101422670949977062e-01,9.955752212389380740e-02,2.715273412947831755e-01,7.896575821104122317e-02,1.183368869936034101e-01,1.356013416387158721e-01,1.250000000000000000e-01,7.142857142857142461e-02,1.946308724832214732e-01,8.355189209441737930e-02,9.497206703910614223e-02,0.000000000000000000e+00,1.206726013847675555e-01,1.197771587743732546e-01,1.047721564406171452e-01,5.882352941176470507e-02,2.703739213806327646e-01,1.169230769230769212e-01,7.378129117259552006e-02,6.153846153846154188e-02,8.695652173913043237e-02,8.117647058823529438e-02,1.381578947368421184e-01,1.174089068825910909e-01,1.404421326397919390e-01,1.355140186915887723e-01,1.022364217252396124e-01,9.024031387935262105e-02,1.012601260126012592e-01,9.276018099547511664e-02,1.049747048903878627e-01,9.855769230769230449e-02,4.363312555654497160e-02,6.250000000000000000e-02,9.189189189189189699e-02,1.190476190476190410e-01,6.896551724137930939e-02,6.111696522655427066e-02,1.203221222169587878e-01,2.623335943617854382e-01,1.017672151127361341e-01,9.988584474885844888e-02,1.091549295774647821e-01,7.842556969517608390e-02,6.150978564771668322e-02,1.445937300063979414e-01,1.023947151114781157e-01,8.674101610904584592e-02,1.476345840130505738e-01,8.992805755395683054e-02,1.561216105176664037e-01,6.408094435075885331e-02,1.040339702760084972e-01,0.000000000000000000e+00,1.669354838709677380e-01,7.116788321167882847e-02,1.820448877805486421e-01,1.171328671328671356e-01,1.194318915429309208e-01,2.390917186108637571e-01,1.205128205128205149e-01,1.245376078914919860e-01,1.341800110436223159e-01,6.696428571428571230e-02,9.318996415770609831e-02,1.220930232558139483e-01,7.389460932768018853e-02,8.355321020228671791e-02,8.759954493742889980e-02,1.251175917215427980e-01,1.256213285133303270e-01,1.150442477876106179e-01,6.510416666666667129e-02,0.000000000000000000e+00,9.132947976878612317e-02,0.000000000000000000e+00,8.024691358024690913e-02,1.144913313706247965e-01,8.956796628029504992e-02,9.834368530020703991e-02,2.049504950495049382e-01,2.305194805194805130e-01,1.739631336405529916e-01,9.849749582637729040e-02,7.802874743326489171e-02,1.213159698423577765e-01,8.616780045351474238e-02,9.282245008094981709e-02,7.788944723618090871e-02,1.266753134457414554e-01,1.375358166189111775e-01,1.399721448467966534e-01,1.026536312849161969e-01,2.725575606720597177e-01,2.159789288849868205e-01,7.169811320754716777e-02,0.000000000000000000e+00,1.666666666666666574e-01,0.000000000000000000e+00,2.230252968508002198e-01,2.327227310574521146e-01,2.486678507992895193e-01,7.333333333333333370e-02,1.028423772609819153e-01,2.418136020151133436e-01,2.500000000000000000e-01,1.947791164658634611e-01,9.314179796107506515e-02,1.201814058956916093e-01,7.554417413572343809e-02,9.293680297397768908e-02,0.000000000000000000e+00,1.253561253561253641e-01,0.000000000000000000e+00,0.000000000000000000e+00,2.407407407407407274e-01,2.059507205950720510e-01,1.041666666666666713e-01,1.603260869565217295e-01,2.769640479360852003e-01,1.238968092328581183e-01,1.702493551160791097e-01,1.362586605080831348e-01,2.358078602620087283e-01,1.006711409395973089e-01,1.000000000000000056e-01,2.389053254437869811e-01,2.320730117340286947e-01,1.245828698553948788e-01,9.746696035242290168e-02,9.888357256778308735e-02,0.000000000000000000e+00,1.088929219600725945e-01,0.000000000000000000e+00,8.924485125858123979e-02,9.054325955734406073e-02,9.536194191590810498e-02,0.000000000000000000e+00,0.000000000000000000e+00,4.330708661417322775e-02,1.283880171184022811e-01,2.569974554707379344e-01,1.273182957393483583e-01,9.864406779661016866e-02,1.111111111111111049e-01,9.828141783029001322e-02,1.314741035856573648e-01,1.012269938650306733e-01,2.522618414050026847e-01,9.956709956709956788e-02,5.247813411078717377e-02,2.276657060518731956e-01,8.242950108459870528e-02,0.000000000000000000e+00,8.196721311475409222e-02,1.009174311926605561e-01,0.000000000000000000e+00,9.099018733273862847e-02,6.675843083275981305e-02,1.045918367346938826e-01,9.519572953736654686e-02,7.557354925775978949e-02,6.162876008804108602e-02,0.000000000000000000e+00,9.057071960297766178e-02,8.918918918918919414e-02,7.675597393193338280e-02,1.188524590163934358e-01,1.873554356206630633e-01,1.361256544502617849e-01,2.213438735177865602e-01,2.037037037037036924e-01,1.986879100281162269e-01,8.684308609765188647e-02,0.000000000000000000e+00,1.005586592178770999e-01,1.855999999999999872e-01,1.150743099787685797e-01,6.476683937823833614e-02,1.223922114047287929e-01,2.783185840707964598e-01,9.473684210526316096e-02,7.948369565217391908e-02,0.000000000000000000e+00,5.016722408026755980e-02,0.000000000000000000e+00,0.000000000000000000e+00,1.280487804878048808e-01,2.049356223175965719e-01,1.279761904761904656e-01,1.140155728587319284e-01,0.000000000000000000e+00,2.290322580645161310e-01,0.000000000000000000e+00,7.371631926792068801e-02,6.397774687065369004e-02,7.407407407407406996e-02,1.351351351351351426e-01,0.000000000000000000e+00,0.000000000000000000e+00,8.501502790897380590e-02,1.012658227848101250e-01,1.181127295756808082e-01,6.765327695560253984e-02,1.241098677517802618e-01,7.906976744186046402e-02,1.095975232198142385e-01,1.136445892146217829e-01,1.317418213969938079e-01,9.539170506912442171e-02,7.102272727272727904e-02,2.215189873417721389e-01,1.263345195729537462e-01,1.586368977673325575e-01,9.290953545232273625e-02,9.438040345821326060e-02,0.000000000000000000e+00,2.839116719242902320e-01,1.060606060606060635e-01,1.066961000735835163e-01,9.103260869565217572e-02,9.367088607594936667e-02,0.000000000000000000e+00,1.057401812688821691e-01,2.421641791044776004e-01,1.135775064742878260e-01,0.000000000000000000e+00,1.266294227188081989e-01,0.000000000000000000e+00,0.000000000000000000e+00,1.018518518518518462e-01,0.000000000000000000e+00,8.141962421711899933e-02,8.969907407407406996e-02,1.036513545347467619e-01,1.014354066985645869e-01,9.633312616532006822e-02,1.195851128737034780e-01,8.137044967880086022e-02,9.949692565679151002e-02,1.513157894736842091e-01,1.131147540983606509e-01,1.340815121086827988e-01,2.320261437908496815e-01,1.073105298457411177e-01,1.074766355140186896e-01,0.000000000000000000e+00,3.738317757009345516e-02,2.034883720930232565e-01,1.383966244725738370e-01,9.647058823529411353e-02,1.183206106870229035e-01,7.512953367875647992e-02,8.606060606060605966e-02,9.917355371900826722e-02,0.000000000000000000e+00,9.302325581395348708e-02,0.000000000000000000e+00,6.905829596412556282e-02,9.062499999999999722e-02,1.196682464454976308e-01,1.043741879601559064e-01,1.072796934865900415e-01,0.000000000000000000e+00,1.036414565826330597e-01,7.314725697786332581e-02,1.068702290076335853e-01,8.395061728395061817e-02,1.476793248945147685e-01,1.025145067698259166e-01,1.057884231536926206e-01,8.176100628930817182e-02,1.119266055045871622e-01,1.198501872659176043e-01,1.102661596958174894e-01,1.029668411867364769e-01,8.934707903780068905e-02,1.228406909788867518e-01,8.664259927797833549e-02,1.351888667992047766e-01,1.003717472118959148e-01,1.107266435986159203e-01,1.571428571428571397e-01,1.153846153846153910e-01,9.411764705882352811e-02,1.309771309771309844e-01
1.666666666666666574e-01,2.380952380952380820e-01,2.000000000000000111e-01,4.117647058823529216e-01,3.043478260869565410e-01,5.454545454545454142e-01,0.000000000000000000e+00,0.000000000000000000e+00,0.000000000000000000e+00,5.999999999999999778e-01,7.142857142857142461e-02,3.571428571428571508e-01,2.500000000000000000e-01,0.000000000000000000e+00,2.222222222222222099e-01,2.727272727272727071e-01,2.045454545454545581e-01,4.691358024691357764e-01,2.857142857142856984e-01,3.750000000000000000e-01,2.500000000000000000e-01,0.000000000000000000e+00,4.615384615384615641e-01,7.049180327868852514e-01,4.285714285714285476e-01,0.000000000000000000e+00,0.000000000000000000e+00,0.000000000000000000e+00,1.212121212121212155e-01,3.076923076923077094e-01,0.000000000000000000e+00,5.102040816326530726e-01,3.333333333333333148e-01,2.653061224489796088e-01,3.898305084745762872e-01,2.000000000000000111e-01,1.111111111111111049e-01,1.860465116279069742e-01,4.814814814814814548e-01,2.153846153846153966e-01,4.000000000000000222e-01,9.375000000000000000e-02,3.846153846153846367e-01,1.636363636363636354e-01,7.142857142857142461e-02,0.000000000000000000e+00,1.754385964912280604e-01,4.000000000000000222e-01,1.492537313432835688e-01,1.666666666666666574e-01,1.304347826086956486e-01,1.250000000000000000e-01,1.176470588235294101e-01,1.428571428571428492e-01,1.333333333333333315e-01,5.714285714285713969e-01,4.000000000000000222e-01,2.727272727272727071e-01,6.999999999999999556e-01,3.750000000000000000e-01,5.000000000000000000e-01,5.555555555555555802e-01,4.328358208955223607e-01,4.615384615384615641e-01,2.031250000000000000e-01,1.666666666666666574e-01,3.225806451612903136e-02,1.600000000000000033e-01,5.000000000000000000e-01,1.666666666666666574e-01,2.830188679245282946e-01,1.666666666666666574e-01,2.000000000000000111e-01,1.562500000000000000e-01,4.347826086956521618e-01,1.960784313725490169e-01,8.333333333333332871e-02,1.111111111111111049e-01,5.208333333333333703e-01,6.896551724137930939e-02,5.079365079365079083e-01,6.086956521739130821e-01,2.000000000000000111e-01,2.857142857142856984e-01,4.687500000000000000e-01,4.615384615384615641e-01,2.105263157894736725e-01,0.000000000000000000e+00,6.451612903225806273e-02,1.428571428571428492e-01,3.181818181818181768e-01,2.857142857142856984e-01,5.272727272727272263e-01,2.448979591836734637e-01,4.285714285714285476e-01,5.000000000000000000e-01,3.653846153846153633e-01,3.076923076923077094e-01,5.000000000000000000e-01,5.000000000000000000e-01,3.055555555555555802e-01,4.761904761904761640e-02,2.916666666666666852e-01,1.499999999999999944e-01,1.304347826086956486e-01,0.000000000000000000e+00,2.999999999999999889e-01,0.000000000000000000e+00,1.875000000000000000e-01,0.000000000000000000e+00,2.500000000000000000e-01,1.619047619047619124e-01,3.200000000000000067e-01,2.558139534883721034e-01,1.499999999999999944e-01,6.250000000000000000e-02,7.692307692307692735e-02,1.690140845070422504e-01,3.225806451612903136e-01,1.749999999999999889e-01,6.060606060606060774e-01,2.033898305084745894e-01,0.000000000000000000e+00,2.261904761904761918e-01,1.000000000000000056e-01,2.941176470588235392e-01,2.051282051282051211e-01,2.399999999999999911e-01,3.333333333333333148e-01,8.333333333333332871e-02,0.000000000000000000e+00,4.000000000000000222e-01,0.000000000000000000e+00,1.555555555555555580e-01,1.940298507462686617e-01,8.333333333333332871e-02,2.500000000000000000e-01,2.608695652173912971e-01,2.500000000000000000e-01,1.875000000000000000e-01,2.500000000000000000e-01,2.222222222222222099e-01,4.545454545454545303e-01,1.000000000000000056e-01,3.333333333333333148e-01,0.000000000000000000e+00,2.999999999999999889e-01,0.000000000000000000e+00,0.000000000000000000e+00,2.727272727272727071e-01,2.999999999999999889e-01,2.058823529411764608e-01,5.714285714285713969e-01,1.538461538461538547e-01,2.575757575757575690e-01,2.894736842105263275e-01,3.333333333333333148e-01,1.428571428571428492e-01,4.285714285714285476e-01,1.250000000000000000e-01,2.325581395348837177e-01,7.692307692307692735e-02,2.692307692307692180e-01,1.612903225806451568e-01,3.888888888888888951e-01,0.000000000000000000e+00,3.529411764705882582e-01,0.000000000000000000e+00,3.181818181818181768e-01,5.999999999999999778e-01,1.692307692307692402e-01,0.000000000000000000e+00,0.000000000000000000e+00,5.000000000000000000e-01,1.428571428571428492e-01,1.764705882352941291e-01,2.413793103448275967e-01,3.958333333333333148e-01,3.333333333333333148e-01,1.777777777777777846e-01,1.000000000000000000e+00,0.000000000000000000e+00,1.282051282051281937e-01,0.000000000000000000e+00,4.666666666666666741e-01,1.764705882352941291e-01,0.000000000000000000e+00,0.000000000000000000e+00,4.444444444444444198e-01,7.500000000000000000e-01,0.000000000000000000e+00,1.833333333333333204e-01,2.051282051282051211e-01,2.857142857142856984e-01,4.736842105263157632e-01,3.076923076923077094e-01,1.538461538461538547e-01,0.000000000000000000e+00,3.333333333333333148e-01,2.500000000000000000e-01,2.121212121212121271e-01,1.764705882352941291e-01,1.176470588235294101e-01,1.818181818181818232e-01,1.250000000000000000e-01,0.000000000000000000e+00,2.372881355932203451e-01,2.380952380952380820e-01,0.000000000000000000e+00,9.090909090909091161e-02,5.384615384615384359e-01,2.758620689655172376e-01,2.500000000000000000e-01,2.000000000000000111e-01,2.343750000000000000e-01,9.000000000000000222e-01,4.363636363636363424e-01,0.000000000000000000e+00,0.000000000000000000e+00,0.000000000000000000e+00,0.000000000000000000e+00,0.000000000000000000e+00,1.666666666666666574e-01,2.222222222222222099e-01,5.777777777777777235e-01,0.000000000000000000e+00,3.333333333333333148e-01,0.000000000000000000e+00,4.000000000000000222e-01,7.142857142857142461e-02,6.363636363636363535e-01,2.000000000000000111e-01,0.000000000000000000e+00,0.000000000000000000e+00,1.509433962264150886e-01,9.090909090909090606e-01,2.112676056338028130e-01,3.548387096774193727e-01,2.343750000000000000e-01,3.076923076923077094e-01,2.037037037037036924e-01,4.603174603174602919e-01,2.280701754385964786e-01,1.509433962264150886e-01,7.500000000000000000e-01,1.702127659574468044e-01,2.352941176470588203e-01,2.105263157894736725e-01,1.929824561403508665e-01,3.750000000000000000e-01,0.000000000000000000e+00,5.555555555555555802e-01,4.375000000000000000e-01,2.000000000000000111e-01,3.076923076923077094e-01,4.000000000000000222e-01,0.000000000000000000e+00,4.285714285714285476e-01,1.587301587301587213e-01,2.602739726027397116e-01,0.000000000000000000e+00,4.000000000000000222e-01,0.000000000000000000e+00,0.000000000000000000e+00,7.272727272727272929e-01,0.000000000000000000e+00,1.250000000000000000e-01,2.500000000000000000e-01,2.083333333333333426e-01,1.379310344827586188e-01,1.515151515151515194e-01,5.283018867924528239e-01,2.444444444444444364e-01,5.111111111111110716e-01,1.851851851851851749e-01,1.250000000000000000e-01,1.639344262295081844e-01,2.131147540983606425e-01,2.093023255813953598e-01,6.071428571428570953e-01,0.000000000000000000e+00,0.000000000000000000e+00,1.000000000000000056e-01,2.222222222222222099e-01,3.333333333333333148e-01,2.352941176470588203e-01,2.666666666666666630e-01,1.428571428571428492e-01,0.000000000000000000e+00,0.000000000000000000e+00,0.000000000000000000e+00,0.000000000000000000e+00,1.818181818181818232e-01,3.333333333333333148e-01,3.139534883720930258e-01,5.324675324675324228e-01,1.803278688524590223e-01,0.000000000000000000e+00,6.250000000000000000e-01,4.000000000000000222e-01,4.375000000000000000e-01,3.333333333333333148e-01,4.705882352941176405e-01,3.181818181818181768e-01,1.818181818181818232e-01,2.307692307692307820e-01,2.000000000000000111e-01,1.176470588235294101e-01,3.529411764705882582e-01,3.636363636363636465e-01,4.347826086956521618e-01,1.764705882352941291e-01,3.499999999999999778e-01,3.333333333333333148e-01,7.142857142857142461e-02,3.636363636363636465e-01,4.500000000000000111e-01,7.692307692307692735e-02,5.555555555555555802e-01,4.347826086956521618e-02
9.154929577464789026e-02,1.016042780748663138e-01,7.623318385650224016e-02,1.751592356687897978e-01,1.806930693069306870e-01,1.275964391691394584e-01,0.000000000000000000e+00,0.000000000000000000e+00,0.000000000000000000e+00,7.299270072992700142e-02,5.506607929515418276e-02,7.785467128027681594e-02,7.801418439716312214e-02,0.000000000000000000e+00,1.003236245954692574e-01,1.276595744680850963e-01,8.093023255813953931e-02,2.483468038207200523e-01,8.805031446540879936e-02,1.439393939393939503e-01,1.474358974358974395e-01,0.000000000000000000e+00,2.951334379905808381e-01,2.644836272040302361e-01,1.098039215686274495e-01,0.000000000000000000e+00,6.488549618320610390e-02,9.795918367346938271e-02,9.189723320158102449e-02,1.053268765133171941e-01,9.345794392523364136e-02,2.479999999999999982e-01,6.161137440758293615e-02,6.448311156601842231e-02,2.599830076465590722e-01,9.908998988877654179e-02,5.937921727395411436e-02,7.503828483920367554e-02,1.571072319201995138e-01,8.617234468937876035e-02,1.711711711711711714e-01,1.071428571428571369e-01,1.615384615384615474e-01,7.337180544105523228e-02,6.290672451193059234e-02,0.000000000000000000e+00,9.872922776148582158e-02,1.292134831460674260e-01,7.148530579825258802e-02,1.148648648648648712e-01,7.900432900432900751e-02,8.474576271186440302e-02,7.238605898123325055e-02,9.361702127659574102e-02,1.004784688995215280e-01,2.865612648221343983e-01,6.015037593984962072e-02,1.124031007751938038e-01,1.428571428571428492e-01,7.092198581560284210e-02,1.156069364161849689e-01,2.679211469534050205e-01,2.669491525423728917e-01,2.669172932330827197e-01,7.805325987144169642e-02,1.025641025641025605e-01,5.472636815920398079e-02,8.764044943820224753e-02,1.270491803278688547e-01,5.167173252279635282e-02,6.551059730250481661e-02,7.358490566037735603e-02,1.138075313807531408e-01,7.705479452054794787e-02,2.710059171597632988e-01,1.413160733549083115e-01,5.882352941176470507e-02,7.660083782166367261e-02,3.010563380281690016e-01,7.346938775510204744e-02,2.643764002987303852e-01,2.918552036199095201e-01,1.418312387791741402e-01,1.016393442622950810e-01,1.644295302013422944e-01,1.505376344086021556e-01,9.358974358974359031e-02,0.000000000000000000e+00,7.523510971786834256e-02,9.532062391681109248e-02,1.000000000000000056e-01,1.023890784982935120e-01,2.344497607655502414e-01,7.128712871287128106e-02,1.525423728813559421e-01,2.318840579710144956e-01,1.859039836567926429e-01,6.833712984054669815e-02,3.921568627450980338e-02,1.819322459222082744e-01,8.888888888888889228e-02,7.889908256880734383e-02,5.357142857142856845e-02,7.677543186180421642e-02,8.657243816254417412e-02,4.629629629629629373e-02,7.179487179487178961e-02,0.000000000000000000e+00,1.070496083550913774e-01,0.000000000000000000e+00,7.222222222222221544e-02,7.161290322580644852e-02,1.876288659793814428e-01,9.090909090909091161e-02,8.807339449541284893e-02,5.424528301886792636e-02,1.155555555555555503e-01,6.454183266932271568e-02,2.133815551537070476e-01,9.417685118619698037e-02,2.878378378378378399e-01,8.416389811738649029e-02,6.818181818181817677e-02,9.160958904109589573e-02,9.793814432989690622e-02,7.971014492753622505e-02,8.513513513513513986e-02,7.692307692307692735e-02,1.014760147601476009e-01,1.030534351145038219e-01,0.000000000000000000e+00,1.206896551724137984e-01,0.000000000000000000e+00,8.324552160168598169e-02,9.062253743104807524e-02,5.000000000000000278e-02,1.064638783269961919e-01,8.817829457364341483e-02,6.435643564356435808e-02,5.574912891986062713e-02,8.661417322834645549e-02,1.228893058161350804e-01,6.374501992031872399e-02,1.401425178147268358e-01,1.057692307692307682e-01,0.000000000000000000e+00,7.317073170731706877e-02,0.000000000000000000e+00,0.000000000000000000e+00,8.720930232558139761e-02,1.001945525291828842e-01,1.128798842257597718e-01,1.222222222222222182e-01,7.297297297297297702e-02,1.455830388692579414e-01,1.232876712328767055e-01,2.094081942336873947e-01,1.188118811881188064e-01,2.197802197802197766e-01,1.755027422303473417e-01,8.188976377952755792e-02,8.955223880597014408e-02,1.636771300448430499e-01,1.104513064133016559e-01,2.790697674418604612e-01,0.000000000000000000e+00,1.637630662020905792e-01,0.000000000000000000e+00,1.216216216216216284e-01,2.418032786885245811e-01,7.796610169491526021e-02,0.000000000000000000e+00,0.000000000000000000e+00,2.039473684210526272e-01,7.499999999999999722e-02,9.523809523809523281e-02,7.558733401430030308e-02,2.838244137101623710e-01,1.761363636363636465e-01,1.024498886414253879e-01,1.914893617021276584e-01,6.722689075630251809e-02,6.958473625140292051e-02,5.468750000000000000e-02,2.875536480686695096e-01,9.723461195361284004e-02,9.821428571428571230e-02,0.000000000000000000e+00,1.136363636363636326e-01,1.066666666666666735e-01,0.000000000000000000e+00,1.016949152542372947e-01,7.475317348377996662e-02,4.736842105263158048e-02,2.466887417218543155e-01,2.213001383125864363e-01,6.031746031746031828e-02,0.000000000000000000e+00,6.493506493506492894e-02,1.290322580645161255e-01,8.025682182985553748e-02,7.142857142857142461e-02,5.760709010339733899e-02,1.151736745886654534e-01,5.511811023622047168e-02,7.843137254901960675e-02,1.011029411764705899e-01,9.672262190247801761e-02,0.000000000000000000e+00,9.915611814345991204e-02,1.066666666666666735e-01,8.361486486486487124e-02,8.866995073891625889e-02,1.610738255033556943e-01,8.422939068100358806e-02,1.632653061224489666e-01,3.107142857142857206e-01,0.000000000000000000e+00,5.202312138728323876e-02,0.000000000000000000e+00,0.000000000000000000e+00,8.695652173913043237e-02,3.864734299516908028e-02,9.844559585492228260e-02,2.471443406022845179e-01,0.000000000000000000e+00,7.615894039735099375e-02,0.000000000000000000e+00,1.223021582733812979e-01,1.033519553072625718e-01,3.082191780821917915e-01,1.082251082251082241e-01,0.000000000000000000e+00,0.000000000000000000e+00,9.898242368177613548e-02,1.917098445595854794e-01,1.032215647600262937e-01,1.746905089408528067e-01,1.492842535787320957e-01,2.345924453280318067e-01,1.255924170616113666e-01,2.549575070821529788e-01,7.468123861566484945e-02,8.867427568042142438e-02,1.322751322751322678e-01,8.863636363636363813e-02,1.244979919678714797e-01,1.120689655172413812e-01,1.205259313367421509e-01,1.626591230551626688e-01,0.000000000000000000e+00,8.333333333333332871e-02,2.112676056338028130e-01,1.034985422740524741e-01,2.390804597701149392e-01,1.255813953488372214e-01,0.000000000000000000e+00,2.370892018779342802e-01,9.222133119486768116e-02,6.215139442231075451e-02,0.000000000000000000e+00,1.237113402061855716e-01,0.000000000000000000e+00,0.000000000000000000e+00,2.201257861635220192e-01,0.000000000000000000e+00,5.737704918032787010e-02,7.002457002457002089e-02,1.010101010101010083e-01,9.152542372881355970e-02,6.700379266750948470e-02,2.053274139844617208e-01,1.122853368560105675e-01,2.478991596638655537e-01,5.197132616487454976e-02,1.385135135135135143e-01,7.732497387669801103e-02,1.031613976705490904e-01,6.929133858267716439e-02,2.561983471074379959e-01,0.000000000000000000e+00,3.623188405797101580e-02,1.000000000000000056e-01,7.568590350047303683e-02,1.085972850678733059e-01,1.014492753623188470e-01,6.281407035175878839e-02,8.838383838383838398e-02,7.476635514018691031e-02,0.000000000000000000e+00,9.890109890109889668e-02,0.000000000000000000e+00,1.018675721561969477e-01,1.402439024390244038e-01,7.843137254901960675e-02,2.118713932399010624e-01,8.684436801375752801e-02,0.000000000000000000e+00,2.425531914893616914e-01,1.252302025782688899e-01,1.484098939929328620e-01,1.143911439114391193e-01,9.090909090909091161e-02,1.074074074074074098e-01,1.052631578947368363e-01,1.209964412811387890e-01,1.139705882352941152e-01,1.123188405797101441e-01,1.302931596091205235e-01,9.287925696594427627e-02,1.269349845201238336e-01,1.494252873563218509e-01,1.413427561837455881e-01,1.161048689138576839e-01,1.446153846153846179e-01,1.308724832214765155e-01,8.064516129032257841e-02,1.228070175438596423e-01,8.843537414965986498e-02,1.045296167247386776e-01
0.000000000000000000e+00,0.000000000000000000e+00,0.000000000000000000e+00,0.000000000000000000e+00,0.000000000000000000e+00,0.000000000000000000e+00,0.000000000000000000e+00,0.000000000000000000e+00,0.000000000000000000e+00,0.000000000000000000e+00,0.000000000000000000e+00,0.000000000000000000e+00,0.000000000000000000e+00,0.000000000000000000e+00,0.000000000000000000e+00,0.000000000000000000e+00,0.000000000000000000e+00,0.000000000000000000e+00,0.000000000000000000e+00,0.000000000000000000e+00,0.000000000000000000e+00,0.000000000000000000e+00,0.000000000000000000e+00,0.000000000000000000e+00,0.000000000000000000e+00,0.000000000000000000e+00,0.000000000000000000e+00,0.000000000000000000e+00,0.000000000000000000e+00,0.000000000000000000e+00,0.000000000000000000e+00,0.000000000000000000e+00,0.000000000000000000e+00,0.000000000000000000e+00,0.000000000000000000e+00,0.000000000000000000e+00,0.000000000000000000e+00,0.000000000000000000e+00,0.000000000000000000e+00,0.000000000000000000e+00,0.000000000000000000e+00,0.000000000000000000e+00,0.000000000000000000e+00,0.000000000000000000e+00,0.000000000000000000e+00,0.000000000000000000e+00,0.000000000000000000e+00,0.000000000000000000e+00,0.000000000000000000e+00,0.000000000000000000e+00,0.000000000000000000e+00,0.000000000000000000e+00,0.000000000000000000e+00,0.000000000000000000e+00,0.000000000000000000e+00,0.000000000000000000e+00,0.000000000000000000e+00,0.000000000000000000e+00,0.000000000000000000e+00,0.000000000000000000e+00,0.000000000000000000e+00,0.000000000000000000e+00,0.000000000000000000e+00,0.000000000000000000e+00,0.000000000000000000e+00,0.000000000000000000e+00,0.000000000000000000e+00,0.000000000000000000e+00,0.000000000000000000e+00,0.000000000000000000e+00,0.000000000000000000e+00,0.000000000000000000e+00,0.000000000000000000e+00,0.000000000000000000e+00,0.000000000000000000e+00,0.000000000000000000e+00,0.000000000000000000e+00,0.000000000000000000e+00,0.000000000000000000e+00,0.000000000000000000e+00,0.000000000000000000e+00,0.000000000000000000e+00,0.000000000000000000e+00,0.000000000000000000e+00,0.000000000000000000e+00,0.000000000000000000e+00,0.000000000000000000e+00,0.000000000000000000e+00,0.000000000000000000e+00,0.000000000000000000e+00,0.000000000000000000e+00,0.000000000000000000e+00,0.000000000000000000e+00,0.000000000000000000e+00,0.000000000000000000e+00,0.000000000000000000e+00,0.000000000000000000e+00,0.000000000000000000e+00,0.000000000000000000e+00,0.000000000000000000e+00,0.000000000000000000e+00,0.000000000000000000e+00,0.000000000000000000e+00,0.000000000000000000e+00,0.000000000000000000e+00,0.000000000000000000e+00,0.000000000000000000e+00,0.000000000000000000e+00,0.000000000000000000e+00,0.000000000000000000e+00,0.000000000000000000e+00,0.000000000000000000e+00,0.000000000000000000e+00,0.000000000000000000e+00,0.000000000000000000e+00,0.000000000000000000e+00,0.000000000000000000e+00,0.000000000000000000e+00,0.000000000000000000e+00,0.000000000000000000e+00,0.000000000000000000e+00,0.000000000000000000e+00,0.000000000000000000e+00,0.000000000000000000e+00,0.000000000000000000e+00,0.000000000000000000e+00,0.000000000000000000e+00,0.000000000000000000e+00,0.000000000000000000e+00,0.000000000000000000e+00,0.000000000000000000e+00,0.000000000000000000e+00,0.000000000000000000e+00,0.000000000000000000e+00,0.000000000000000000e+00,0.000000000000000000e+00,0.000000000000000000e+00,0.000000000000000000e+00,0.000000000000000000e+00,0.000000000000000000e+00,0.000000000000000000e+00,0.000000000000000000e+00,0.000000000000000000e+00,0.000000000000000000e+00,0.000000000000000000e+00,0.000000000000000000e+00,0.000000000000000000e+00,0.000000000000000000e+00,0.000000000000000000e+00,0.000000000000000000e+00,0.000000000000000000e+00,0.000000000000000000e+00,0.000000000000000000e+00,0.000000000000000000e+00,0.000000000000000000e+00,0.000000000000000000e+00,0.000000000000000000e+00,0.000000000000000000e+00,0.000000000000000000e+00,0.000000000000000000e+00,0.000000000000000000e+00,0.000000000000000000e+00,0.000000000000000000e+00,0.000000000000000000e+00,0.000000000000000000e+00,0.000000000000000000e+00,0.000000000000000000e+00,0.000000000000000000e+00,0.000000000000000000e+00,0.000000000000000000e+00,0.000000000000000000e+00,0.000000000000000000e+00,0.000000000000000000e+00,0.000000000000000000e+00,0.000000000000000000e+00,0.000000000000000000e+00,0.000000000000000000e+00,0.000000000000000000e+00,0.000000000000000000e+00,0.000000000000000000e+00,0.000000000000000000e+00,0.000000000000000000e+00,0.000000000000000000e+00,0.000000000000000000e+00,0.000000000000000000e+00,0.000000000000000000e+00,0.000000000000000000e+00,0.000000000000000000e+00,0.000000000000000000e+00,0.000000000000000000e+00,0.000000000000000000e+00,0.000000000000000000e+00,0.000000000000000000e+00,0.000000000000000000e+00,0.000000000000000000e+00,0.000000000000000000e+00,0.000000000000000000e+00,0.000000000000000000e+00,0.000000000000000000e+00,0.000000000000000000e+00,0.000000000000000000e+00,0.000000000000000000e+00,0.000000000000000000e+00,0.000000000000000000e+00,0.000000000000000000e+00,0.000000000000000000e+00,0.000000000000000000e+00,0.000000000000000000e+00,0.000000000000000000e+00,0.000000000000000000e+00,0.000000000000000000e+00,0.000000000000000000e+00,0.000000000000000000e+00,0.000000000000000000e+00,0.000000000000000000e+00,0.000000000000000000e+00,0.000000000000000000e+00,0.000000000000000000e+00,0.000000000000000000e+00,0.000000000000000000e+00,0.000000000000000000e+00,0.000000000000000000e+00,0.000000000000000000e+00,0.000000000000000000e+00,0.000000000000000000e+00,0.000000000000000000e+00,0.000000000000000000e+00,0.000000000000000000e+00,0.000000000000000000e+00,0.000000000000000000e+00,0.000000000000000000e+00,0.000000000000000000e+00,0.000000000000000000e+00,0.000000000000000000e+00,0.000000000000000000e+00,0.000000000000000000e+00,0.000000000000000000e+00,0.000000000000000000e+00,0.000000000000000000e+00,0.000000000000000000e+00,0.000000000000000000e+00,0.000000000000000000e+00,0.000000000000000000e+00,0.000000000000000000e+00,0.000000000000000000e+00,0.000000000000000000e+00,0.000000000000000000e+00,0.000000000000000000e+00,0.000000000000000000e+00,0.000000000000000000e+00,0.000000000000000000e+00,0.000000000000000000e+00,0.000000000000000000e+00,0.000000000000000000e+00,0.000000000000000000e+00,0.000000000000000000e+00,0.000000000000000000e+00,0.000000000000000000e+00,0.000000000000000000e+00,0.000000000000000000e+00,0.000000000000000000e+00,0.000000000000000000e+00,0.000000000000000000e+00,0.000000000000000000e+00,0.000000000000000000e+00,0.000000000000000000e+00,0.000000000000000000e+00,0.000000000000000000e+00,0.000000000000000000e+00,0.000000000000000000e+00,0.000000000000000000e+00,0.000000000000000000e+00,0.000000000000000000e+00,0.000000000000000000e+00,0.000000000000000000e+00,0.000000000000000000e+00,0.000000000000000000e+00,0.000000000000000000e+00,0.000000000000000000e+00,0.000000000000000000e+00,0.000000000000000000e+00,0.000000000000000000e+00,0.000000000000000000e+00,0.000000000000000000e+00,0.000000000000000000e+00,0.000000000000000000e+00,0.000000000000000000e+00,0.000000000000000000e+00,0.000000000000000000e+00,0.000000000000000000e+00,0.000000000000000000e+00,0.000000000000000000e+00,0.000000000000000000e+00,0.000000000000000000e+00,0.000000000000000000e+00,0.000000000000000000e+00,0.000000000000000000e+00,0.000000000000000000e+00,0.000000000000000000e+00,0.000000000000000000e+00,0.000000000000000000e+00,0.000000000000000000e+00,0.000000000000000000e+00,0.000000000000000000e+00,0.000000000000000000e+00,0.000000000000000000e+00,0.000000000000000000e+00,0.000000000000000000e+00,0.000000000000000000e+00,0.000000000000000000e+00,0.000000000000000000e+00,0.000000000000000000e+00,0.000000000000000000e+00,0.000000000000000000e+00,0.000000000000000000e+00,0.000000000000000000e+00,0.000000000000000000e+00,0.000000000000000000e+00,0.000000000000000000e+00,0.000000000000000000e+00
2.941176470588235392e-01,3.529411764705882582e-01,1.875000000000000000e-01,1.052631578947368363e-01,2.000000000000000111e-01,2.142857142857142738e-01,0.000000000000000000e+00,0.000000000000000000e+00,0.000000000000000000e+00,0.000000000000000000e+00,2.272727272727272652e-01,3.076923076923077094e-01,5.000000000000000000e-01,0.000000000000000000e+00,2.857142857142856984e-01,2.307692307692307820e-01,2.399999999999999911e-01,1.739130434782608647e-01,2.000000000000000111e-01,0.000000000000000000e+00,1.250000000000000000e-01,0.000000000000000000e+00,1.041666666666666713e-01,1.470588235294117696e-01,5.000000000000000000e-01,0.000000000000000000e+00,4.285714285714285476e-01,1.818181818181818232e-01,4.347826086956521618e-01,1.428571428571428492e-01,1.000000000000000000e+00,1.923076923076923184e-01,3.499999999999999778e-01,3.703703703703703498e-01,2.166666666666666741e-01,3.333333333333333148e-01,1.612903225806451568e-01,4.545454545454545303e-01,2.666666666666666630e-01,2.372881355932203451e-01,5.999999999999999778e-01,3.214285714285714524e-01,1.250000000000000000e-01,3.108108108108108003e-01,5.999999999999999778e-01,0.000000000000000000e+00,5.000000000000000000e-01,2.857142857142856984e-01,2.698412698412698263e-01,2.500000000000000000e-01,1.320754716981132060e-01,2.000000000000000111e-01,3.125000000000000000e-01,6.153846153846154188e-01,0.000000000000000000e+00,2.500000000000000000e-01,5.714285714285713969e-01,2.222222222222222099e-01,1.111111111111111049e-01,1.818181818181818232e-01,3.333333333333333148e-01,1.136363636363636326e-01,2.173913043478260809e-01,4.285714285714285476e-01,1.607142857142857262e-01,4.285714285714285476e-01,3.846153846153846367e-01,2.999999999999999889e-01,7.142857142857143016e-01,3.333333333333333148e-01,4.000000000000000222e-01,4.166666666666666852e-01,2.121212121212121271e-01,2.500000000000000000e-01,1.333333333333333315e-01,4.062500000000000000e-01,3.333333333333333148e-01,2.676056338028168780e-01,2.500000000000000000e-01,8.333333333333332871e-02,2.040816326530612290e-01,1.000000000000000056e-01,3.636363636363636465e-01,5.000000000000000000e-01,1.333333333333333315e-01,6.428571428571429047e-01,4.249999999999999889e-01,0.000000000000000000e+00,1.111111111111111049e-01,4.000000000000000222e-01,1.333333333333333315e-01,2.500000000000000000e-01,2.619047619047619180e-01,1.521739130434782705e-01,2.222222222222222099e-01,2.051282051282051211e-01,3.125000000000000000e-01,4.444444444444444198e-01,1.333333333333333315e-01,2.500000000000000000e-01,3.111111111111111160e-01,3.846153846153846367e-01,5.263157894736841813e-02,4.680851063829787329e-01,3.921568627450980338e-01,0.000000000000000000e+00,5.000000000000000000e-01,0.000000000000000000e+00,2.222222222222222099e-01,0.000000000000000000e+00,0.000000000000000000e+00,3.285714285714285698e-01,4.400000000000000022e-01,4.285714285714285476e-01,2.777777777777777901e-01,2.999999999999999889e-01,2.222222222222222099e-01,2.500000000000000000e-01,3.125000000000000000e-01,1.451612903225806550e-01,4.074074074074073848e-01,4.074074074074073848e-01,4.444444444444444198e-01,1.666666666666666574e-01,0.000000000000000000e+00,1.379310344827586188e-01,3.589743589743589758e-01,2.051282051282051211e-01,2.037037037037036924e-01,3.333333333333333148e-01,0.000000000000000000e+00,2.666666666666666630e-01,0.000000000000000000e+00,2.653061224489796088e-01,2.448979591836734637e-01,3.333333333333333148e-01,3.333333333333333148e-01,3.076923076923077094e-01,3.333333333333333148e-01,1.724137931034482873e-01,2.857142857142856984e-01,1.333333333333333315e-01,3.750000000000000000e-01,5.555555555555555802e-01,2.500000000000000000e-01,0.000000000000000000e+00,1.428571428571428492e-01,0.000000000000000000e+00,0.000000000000000000e+00,1.395348837209302306e-01,4.000000000000000083e-02,3.214285714285714524e-01,4.000000000000000222e-01,7.692307692307692735e-02,3.442622950819672067e-01,2.941176470588235392e-01,1.000000000000000056e-01,9.090909090909091161e-02,5.999999999999999778e-01,2.380952380952380820e-01,2.142857142857142738e-01,2.000000000000000111e-01,4.615384615384615641e-01,1.951219512195122019e-01,0.000000000000000000e+00,0.000000000000000000e+00,2.500000000000000000e-01,0.000000000000000000e+00,1.538461538461538547e-01,0.000000000000000000e+00,1.969696969696969613e-01,0.000000000000000000e+00,0.000000000000000000e+00,1.000000000000000000e+00,2.000000000000000111e-01,1.764705882352941291e-01,3.095238095238095344e-01,1.886792452830188815e-01,1.428571428571428492e-01,5.000000000000000000e-01,2.000000000000000111e-01,5.000000000000000000e-01,2.000000000000000111e-01,1.000000000000000000e+00,1.666666666666666574e-01,3.265306122448979331e-01,3.333333333333333148e-01,0.000000000000000000e+00,0.000000000000000000e+00,1.250000000000000000e-01,0.000000000000000000e+00,3.283582089552238847e-01,4.545454545454545581e-02,2.500000000000000000e-01,1.578947368421052544e-01,1.666666666666666574e-01,4.400000000000000022e-01,0.000000000000000000e+00,3.478260869565217295e-01,2.222222222222222099e-01,4.074074074074073848e-01,1.538461538461538547e-01,1.250000000000000000e-01,3.214285714285714524e-01,5.000000000000000000e-01,0.000000000000000000e+00,1.428571428571428492e-01,3.666666666666666408e-01,0.000000000000000000e+00,2.999999999999999889e-01,1.428571428571428492e-01,2.432432432432432567e-01,5.555555555555555802e-01,5.000000000000000000e-01,1.803278688524590223e-01,1.111111111111111049e-01,7.692307692307692735e-02,0.000000000000000000e+00,5.714285714285713969e-01,0.000000000000000000e+00,0.000000000000000000e+00,5.000000000000000000e-01,5.200000000000000178e-01,3.750000000000000000e-01,2.765957446808510745e-01,0.000000000000000000e+00,2.941176470588235392e-01,0.000000000000000000e+00,3.437500000000000000e-01,2.000000000000000111e-01,7.142857142857142461e-02,3.846153846153846367e-01,0.000000000000000000e+00,0.000000000000000000e+00,1.818181818181818232e-01,6.666666666666666574e-02,1.836734693877551117e-01,1.538461538461538547e-01,2.580645161290322509e-01,1.875000000000000000e-01,3.725490196078431460e-01,1.403508771929824483e-01,1.666666666666666574e-01,3.571428571428571508e-01,5.000000000000000000e-01,1.111111111111111049e-01,4.285714285714285476e-01,5.999999999999999778e-01,1.458333333333333426e-01,2.380952380952380820e-01,0.000000000000000000e+00,0.000000000000000000e+00,1.250000000000000000e-01,3.555555555555555691e-01,1.538461538461538547e-01,0.000000000000000000e+00,0.000000000000000000e+00,2.000000000000000111e-01,2.075471698113207641e-01,3.880597014925373234e-01,0.000000000000000000e+00,4.166666666666666852e-01,0.000000000000000000e+00,0.000000000000000000e+00,2.000000000000000111e-01,0.000000000000000000e+00,3.333333333333333148e-01,2.619047619047619180e-01,1.333333333333333315e-01,5.714285714285713969e-01,3.461538461538461453e-01,2.045454545454545581e-01,3.333333333333333148e-01,2.291666666666666574e-01,2.413793103448275967e-01,1.428571428571428492e-01,4.000000000000000222e-01,1.785714285714285754e-01,1.818181818181818232e-01,2.727272727272727071e-01,0.000000000000000000e+00,5.000000000000000000e-01,1.250000000000000000e-01,7.317073170731706877e-02,1.666666666666666574e-01,4.342105263157894912e-01,3.571428571428571508e-01,5.000000000000000000e-01,0.000000000000000000e+00,0.000000000000000000e+00,6.666666666666666297e-01,0.000000000000000000e+00,3.599999999999999867e-01,8.000000000000000444e-01,1.799999999999999933e-01,3.333333333333333148e-01,3.225806451612903136e-01,0.000000000000000000e+00,2.000000000000000111e-01,2.083333333333333426e-01,2.666666666666666630e-01,4.545454545454545303e-01,2.000000000000000111e-01,2.999999999999999889e-01,1.875000000000000000e-01,4.117647058823529216e-01,4.166666666666666852e-01,2.000000000000000111e-01,3.333333333333333148e-01,2.500000000000000000e-01,1.578947368421052544e-01,4.705882352941176405e-01,3.333333333333333148e-01,5.454545454545454142e-01,2.777777777777777901e-01,2.857142857142856984e-01,3.076923076923077094e-01,1.875000000000000000e-01,2.500000000000000000e-01,3.636363636363636465e-01
0.000000000000000000e+00,0.000000000000000000e+00,0.000000000000000000e+00,0.000000000000000000e+00,0.000000000000000000e+00,0.000000000000000000e+00,0.000000000000000000e+00,0.000000000000000000e+00,0.000000000000000000e+00,0.000000000000000000e+00,0.000000000000000000e+00,0.000000000000000000e+00,0.000000000000000000e+00,0.000000000000000000e+00,0.000000000000000000e+00,0.000000000000000000e+00,0.000000000000000000e+00,0.000000000000000000e+00,0.000000000000000000e+00,0.000000000000000000e+00,0.000000000000000000e+00,0.000000000000000000e+00,0.000000000000000000e+00,0.000000000000000000e+00,0.000000000000000000e+00,0.000000000000000000e+00,0.000000000000000000e+00,0.000000000000000000e+00,0.000000000000000000e+00,0.000000000000000000e+00,0.000000000000000000e+00,0.000000000000000000e+00,0.000000000000000000e+00,0.000000000000000000e+00,0.000000000000000000e+00,0.000000000000000000e+00,0.000000000000000000e+00,0.000000000000000000e+00,0.000000000000000000e+00,0.000000000000000000e+00,0.000000000000000000e+00,0.000000000000000000e+00,0.000000000000000000e+00,0.000000000000000000e+00,0.000000000000000000e+00,0.000000000000000000e+00,0.000000000000000000e+00,0.000000000000000000e+00,0.000000000000000000e+00,0.000000000000000000e+00,0.000000000000000000e+00,0.000000000000000000e+00,0.000000000000000000e+00,0.000000000000000000e+00,0.000000000000000000e+00,0.000000000000000000e+00,0.000000000000000000e+00,0.000000000000000000e+00,0.000000000000000000e+00,0.000000000000000000e+00,0.000000000000000000e+00,0.000000000000000000e+00,0.000000000000000000e+00,0.000000000000000000e+00,0.000000000000000000e+00,0.000000000000000000e+00,0.000000000000000000e+00,0.000000000000000000e+00,0.000000000000000000e+00,0.000000000000000000e+00,0.000000000000000000e+00,0.000000000000000000e+00,0.000000000000000000e+00,0.000000000000000000e+00,0.000000000000000000e+00,0.000000000000000000e+00,0.000000000000000000e+00,0.000000000000000000e+00,0.000000000000000000e+00,0.000000000000000000e+00,0.000000000000000000e+00,0.000000000000000000e+00,0.000000000000000000e+00,0.000000000000000000e+00,0.000000000000000000e+00,0.000000000000000000e+00,0.000000000000000000e+00,0.000000000000000000e+00,0.000000000000000000e+00,0.000000000000000000e+00,0.000000000000000000e+00,0.000000000000000000e+00,0.000000000000000000e+00,0.000000000000000000e+00,0.000000000000000000e+00,0.000000000000000000e+00,0.000000000000000000e+00,0.000000000000000000e+00,0.000000000000000000e+00,0.000000000000000000e+00,0.000000000000000000e+00,0.000000000000000000e+00,0.000000000000000000e+00,0.000000000000000000e+00,0.000000000000000000e+00,0.000000000000000000e+00,0.000000000000000000e+00,0.000000000000000000e+00,0.000000000000000000e+00,0.000000000000000000e+00,0.000000000000000000e+00,0.000000000000000000e+00,0.000000000000000000e+00,0.000000000000000000e+00,0.000000000000000000e+00,0.000000000000000000e+00,0.000000000000000000e+00,0.000000000000000000e+00,0.000000000000000000e+00,0.000000000000000000e+00,0.000000000000000000e+00,0.000000000000000000e+00,0.000000000000000000e+00,0.000000000000000000e+00,0.000000000000000000e+00,0.000000000000000000e+00,0.000000000000000000e+00,0.000000000000000000e+00,0.000000000000000000e+00,0.000000000000000000e+00,0.000000000000000000e+00,0.000000000000000000e+00,0.000000000000000000e+00,0.000000000000000000e+00,0.000000000000000000e+00,0.000000000000000000e+00,0.000000000000000000e+00,0.000000000000000000e+00,0.000000000000000000e+00,0.000000000000000000e+00,0.000000000000000000e+00,0.000000000000000000e+00,0.000000000000000000e+00,0.000000000000000000e+00,0.000000000000000000e+00,0.000000000000000000e+00,0.000000000000000000e+00,0.000000000000000000e+00,0.000000000000000000e+00,0.000000000000000000e+00,0.000000000000000000e+00,0.000000000000000000e+00,0.000000000000000000e+00,0.000000000000000000e+00,0.000000000000000000e+00,0.000000000000000000e+00,0.000000000000000000e+00,0.000000000000000000e+00,0.000000000000000000e+00,0.000000000000000000e+00,0.000000000000000000e+00,0.000000000000000000e+00,0.000000000000000000e+00,0.000000000000000000e+00,0.000000000000000000e+00,0.000000000000000000e+00,0.000000000000000000e+00,0.000000000000000000e+00,0.000000000000000000e+00,0.000000000000000000e+00,0.000000000000000000e+00,0.000000000000000000e+00,0.000000000000000000e+00,0.000000000000000000e+00,0.000000000000000000e+00,0.000000000000000000e+00,0.000000000000000000e+00,0.000000000000000000e+00,0.000000000000000000e+00,0.000000000000000000e+00,0.000000000000000000e+00,0.000000000000000000e+00,0.000000000000000000e+00,0.000000000000000000e+00,0.000000000000000000e+00,0.000000000000000000e+00,0.000000000000000000e+00,0.000000000000000000e+00,0.000000000000000000e+00,0.000000000000000000e+00,0.000000000000000000e+00,0.000000000000000000e+00,0.000000000000000000e+00,0.000000000000000000e+00,0.000000000000000000e+00,0.000000000000000000e+00,0.000000000000000000e+00,0.000000000000000000e+00,0.000000000000000000e+00,0.000000000000000000e+00,0.000000000000000000e+00,0.000000000000000000e+00,0.000000000000000000e+00,0.000000000000000000e+00,0.000000000000000000e+00,0.000000000000000000e+00,0.000000000000000000e+00,0.000000000000000000e+00,0.000000000000000000e+00,0.000000000000000000e+00,0.000000000000000000e+00,0.000000000000000000e+00,0.000000000000000000e+00,0.000000000000000000e+00,0.000000000000000000e+00,0.000000000000000000e+00,0.000000000000000000e+00,0.000000000000000000e+00,0.000000000000000000e+00,0.000000000000000000e+00,0.000000000000000000e+00,0.000000000000000000e+00,0.000000000000000000e+00,0.000000000000000000e+00,0.000000000000000000e+00,0.000000000000000000e+00,0.000000000000000000e+00,0.000000000000000000e+00,0.000000000000000000e+00,0.000000000000000000e+00,0.000000000000000000e+00,0.000000000000000000e+00,0.000000000000000000e+00,0.000000000000000000e+00,0.000000000000000000e+00,0.000000000000000000e+00,0.000000000000000000e+00,0.000000000000000000e+00,0.000000000000000000e+00,0.000000000000000000e+00,0.000000000000000000e+00,0.000000000000000000e+00,0.000000000000000000e+00,0.000000000000000000e+00,0.000000000000000000e+00,0.000000000000000000e+00,0.000000000000000000e+00,0.000000000000000000e+00,0.000000000000000000e+00,0.000000000000000000e+00,0.000000000000000000e+00,0.000000000000000000e+00,0.000000000000000000e+00,0.000000000000000000e+00,0.000000000000000000e+00,0.000000000000000000e+00,0.000000000000000000e+00,0.000000000000000000e+00,0.000000000000000000e+00,0.000000000000000000e+00,0.000000000000000000e+00,0.000000000000000000e+00,0.000000000000000000e+00,0.000000000000000000e+00,0.000000000000000000e+00,0.000000000000000000e+00,0.000000000000000000e+00,0.000000000000000000e+00,0.000000000000000000e+00,0.000000000000000000e+00,0.000000000000000000e+00,0.000000000000000000e+00,0.000000000000000000e+00,0.000000000000000000e+00,0.000000000000000000e+00,0.000000000000000000e+00,0.000000000000000000e+00,0.000000000000000000e+00,0.000000000000000000e+00,0.000000000000000000e+00,0.000000000000000000e+00,0.000000000000000000e+00,0.000000000000000000e+00,0.000000000000000000e+00,0.000000000000000000e+00,0.000000000000000000e+00,0.000000000000000000e+00,0.000000000000000000e+00,0.000000000000000000e+00,0.000000000000000000e+00,0.000000000000000000e+00,0.000000000000000000e+00,0.000000000000000000e+00,0.000000000000000000e+00,0.000000000000000000e+00,0.000000000000000000e+00,0.000000000000000000e+00,0.000000000000000000e+00,0.000000000000000000e+00,0.000000000000000000e+00,0.000000000000000000e+00,0.000000000000000000e+00,0.000000000000000000e+00,0.000000000000000000e+00,0.000000000000000000e+00,0.000000000000000000e+00,0.000000000000000000e+00,0.000000000000000000e+00,0.000000000000000000e+00,0.000000000000000000e+00,0.000000000000000000e+00,0.000000000000000000e+00,0.000000000000000000e+00,0.000000000000000000e+00,0.000000000000000000e+00,0.000000000000000000e+00,0.000000000000000000e+00,0.000000000000000000e+00,0.000000000000000000e+00,0.000000000000000000e+00
0.000000000000000000e+00,0.000000000000000000e+00,0.000000000000000000e+00,0.000000000000000000e+00,0.000000000000000000e+00,0.000000000000000000e+00,0.000000000000000000e+00,0.000000000000000000e+00,0.000000000000000000e+00,0.000000000000000000e+00,0.000000000000000000e+00,0.000000000000000000e+00,0.000000000000000000e+00,0.000000000000000000e+00,0.000000000000000000e+00,0.000000000000000000e+00,0.000000000000000000e+00,0.000000000000000000e+00,0.000000000000000000e+00,0.000000000000000000e+00,0.000000000000000000e+00,0.000000000000000000e+00,0.000000000000000000e+00,0.000000000000000000e+00,0.000000000000000000e+00,0.000000000000000000e+00,0.000000000000000000e+00,0.000000000000000000e+00,0.000000000000000000e+00,0.000000000000000000e+00,0.000000000000000000e+00,0.000000000000000000e+00,0.000000000000000000e+00,0.000000000000000000e+00,0.000000000000000000e+00,0.000000000000000000e+00,0.000000000000000000e+00,0.000000000000000000e+00,0.000000000000000000e+00,0.000000000000000000e+00,0.000000000000000000e+00,0.000000000000000000e+00,0.000000000000000000e+00,0.000000000000000000e+00,0.000000000000000000e+00,0.000000000000000000e+00,0.000000000000000000e+00,0.000000000000000000e+00,0.000000000000000000e+00,0.000000000000000000e+00,0.000000000000000000e+00,0.000000000000000000e+00,0.000000000000000000e+00,0.000000000000000000e+00,0.000000000000000000e+00,0.000000000000000000e+00,0.000000000000000000e+00,0.000000000000000000e+00,0.000000000000000000e+00,0.000000000000000000e+00,0.000000000000000000e+00,0.000000000000000000e+00,0.000000000000000000e+00,0.000000000000000000e+00,0.000000000000000000e+00,0.000000000000000000e+00,0.000000000000000000e+00,0.000000000000000000e+00,0.000000000000000000e+00,0.000000000000000000e+00,0.000000000000000000e+00,0.000000000000000000e+00,0.000000000000000000e+00,0.000000000000000000e+00,0.000000000000000000e+00,0.000000000000000000e+00,0.000000000000000000e+00,0.000000000000000000e+00,0.000000000000000000e+00,0.000000000000000000e+00,0.000000000000000000e+00,0.000000000000000000e+00,0.000000000000000000e+00,0.000000000000000000e+00,0.000000000000000000e+00,0.000000000000000000e+00,0.000000000000000000e+00,0.000000000000000000e+00,0.000000000000000000e+00,0.000000000000000000e+00,0.000000000000000000e+00,0.000000000000000000e+00,0.000000000000000000e+00,0.000000000000000000e+00,0.000000000000000000e+00,0.000000000000000000e+00,0.000000000000000000e+00,0.000000000000000000e+00,0.000000000000000000e+00,0.000000000000000000e+00,0.000000000000000000e+00,0.000000000000000000e+00,0.000000000000000000e+00,0.000000000000000000e+00,0.000000000000000000e+00,0.000000000000000000e+00,0.000000000000000000e+00,0.000000000000000000e+00,0.000000000000000000e+00,0.000000000000000000e+00,0.000000000000000000e+00,0.000000000000000000e+00,0.000000000000000000e+00,0.000000000000000000e+00,0.000000000000000000e+00,0.000000000000000000e+00,0.000000000000000000e+00,0.000000000000000000e+00,0.000000000000000000e+00,0.000000000000000000e+00,0.000000000000000000e+00,0.000000000000000000e+00,0.000000000000000000e+00,0.000000000000000000e+00,0.000000000000000000e+00,0.000000000000000000e+00,0.000000000000000000e+00,0.000000000000000000e+00,0.000000000000000000e+00,0.000000000000000000e+00,0.000000000000000000e+00,0.000000000000000000e+00,0.000000000000000000e+00,0.000000000000000000e+00,0.000000000000000000e+00,0.000000000000000000e+00,0.000000000000000000e+00,0.000000000000000000e+00,0.000000000000000000e+00,0.000000000000000000e+00,0.000000000000000000e+00,0.000000000000000000e+00,0.000000000000000000e+00,0.000000000000000000e+00,0.000000000000000000e+00,0.000000000000000000e+00,0.000000000000000000e+00,0.000000000000000000e+00,0.000000000000000000e+00,0.000000000000000000e+00,0.000000000000000000e+00,0.000000000000000000e+00,0.000000000000000000e+00,0.000000000000000000e+00,0.000000000000000000e+00,0.000000000000000000e+00,0.000000000000000000e+00,0.000000000000000000e+00,0.000000000000000000e+00,0.000000000000000000e+00,0.000000000000000000e+00,0.000000000000000000e+00,0.000000000000000000e+00,0.000000000000000000e+00,0.000000000000000000e+00,0.000000000000000000e+00,0.000000000000000000e+00,0.000000000000000000e+00,0.000000000000000000e+00,0.000000000000000000e+00,0.000000000000000000e+00,0.000000000000000000e+00,0.000000000000000000e+00,0.000000000000000000e+00,0.000000000000000000e+00,0.000000000000000000e+00,0.000000000000000000e+00,0.000000000000000000e+00,0.000000000000000000e+00,0.000000000000000000e+00,0.000000000000000000e+00,0.000000000000000000e+00,0.000000000000000000e+00,0.000000000000000000e+00,0.000000000000000000e+00,0.000000000000000000e+00,0.000000000000000000e+00,0.000000000000000000e+00,0.000000000000000000e+00,0.000000000000000000e+00,0.000000000000000000e+00,0.000000000000000000e+00,0.000000000000000000e+00,0.000000000000000000e+00,0.000000000000000000e+00,0.000000000000000000e+00,0.000000000000000000e+00,0.000000000000000000e+00,0.000000000000000000e+00,0.000000000000000000e+00,0.000000000000000000e+00,0.000000000000000000e+00,0.000000000000000000e+00,0.000000000000000000e+00,0.000000000000000000e+00,0.000000000000000000e+00,0.000000000000000000e+00,0.000000000000000000e+00,0.000000000000000000e+00,0.000000000000000000e+00,0.000000000000000000e+00,0.000000000000000000e+00,0.000000000000000000e+00,0.000000000000000000e+00,0.000000000000000000e+00,0.000000000000000000e+00,0.000000000000000000e+00,0.000000000000000000e+00,0.000000000000000000e+00,0.000000000000000000e+00,0.000000000000000000e+00,0.000000000000000000e+00,0.000000000000000000e+00,0.000000000000000000e+00,0.000000000000000000e+00,0.000000000000000000e+00,0.000000000000000000e+00,0.000000000000000000e+00,0.000000000000000000e+00,0.000000000000000000e+00,0.000000000000000000e+00,0.000000000000000000e+00,0.000000000000000000e+00,0.000000000000000000e+00,0.000000000000000000e+00,0.000000000000000000e+00,0.000000000000000000e+00,0.000000000000000000e+00,0.000000000000000000e+00,0.000000000000000000e+00,0.000000000000000000e+00,0.000000000000000000e+00,0.000000000000000000e+00,0.000000000000000000e+00,0.000000000000000000e+00,0.000000000000000000e+00,0.000000000000000000e+00,0.000000000000000000e+00,0.000000000000000000e+00,0.000000000000000000e+00,0.000000000000000000e+00,0.000000000000000000e+00,0.000000000000000000e+00,0.000000000000000000e+00,0.000000000000000000e+00,0.000000000000000000e+00,0.000000000000000000e+00,0.000000000000000000e+00,0.000000000000000000e+00,0.000000000000000000e+00,0.000000000000000000e+00,0.000000000000000000e+00,0.000000000000000000e+00,0.000000000000000000e+00,0.000000000000000000e+00,0.000000000000000000e+00,0.000000000000000000e+00,0.000000000000000000e+00,0.000000000000000000e+00,0.000000000000000000e+00,0.000000000000000000e+00,0.000000000000000000e+00,0.000000000000000000e+00,0.000000000000000000e+00,0.000000000000000000e+00,0.000000000000000000e+00,0.000000000000000000e+00,0.000000000000000000e+00,0.000000000000000000e+00,0.000000000000000000e+00,0.000000000000000000e+00,0.000000000000000000e+00,0.000000000000000000e+00,0.000000000000000000e+00,0.000000000000000000e+00,0.000000000000000000e+00,0.000000000000000000e+00,0.000000000000000000e+00,0.000000000000000000e+00,0.000000000000000000e+00,0.000000000000000000e+00,0.000000000000000000e+00,0.000000000000000000e+00,0.000000000000000000e+00,0.000000000000000000e+00,0.000000000000000000e+00,0.000000000000000000e+00,0.000000000000000000e+00,0.000000000000000000e+00,0.000000000000000000e+00,0.000000000000000000e+00,0.000000000000000000e+00,0.000000000000000000e+00,0.000000000000000000e+00,0.000000000000000000e+00,0.000000000000000000e+00,0.000000000000000000e+00,0.000000000000000000e+00,0.000000000000000000e+00,0.000000000000000000e+00,0.000000000000000000e+00,0.000000000000000000e+00,0.000000000000000000e+00,0.000000000000000000e+00,0.000000000000000000e+00,0.000000000000000000e+00,0.000000000000000000e+00,0.000000000000000000e+00,0.000000000000000000e+00,0.000000000000000000e+00
4.705882352941176405e-01,7.199999999999999734e-01,5.714285714285713969e-01,3.636363636363636465e-01,7.500000000000000000e-01,5.000000000000000000e-01,0.000000000000000000e+00,0.000000000000000000e+00,0.000000000000000000e+00,0.000000000000000000e+00,1.111111111111111049e-01,0.000000000000000000e+00,2.500000000000000000e-01,0.000000000000000000e+00,3.750000000000000000e-01,2.500000000000000000e-01,3.333333333333333148e-01,4.848484848484848619e-01,6.666666666666666297e-01,0.000000000000000000e+00,3.333333333333333148e-01,0.000000000000000000e+00,2.105263157894736725e-01,4.000000000000000222e-01,8.000000000000000444e-01,0.000000000000000000e+00,7.500000000000000000e-01,0.000000000000000000e+00,8.235294117647058432e-01,4.615384615384615641e-01,1.000000000000000000e+00,5.000000000000000000e-01,8.571428571428570953e-01,5.769230769230768718e-01,4.090909090909091161e-01,5.217391304347825942e-01,5.000000000000000000e-01,2.500000000000000000e-01,7.777777777777777901e-01,5.714285714285713969e-01,0.000000000000000000e+00,7.333333333333332815e-01,0.000000000000000000e+00,6.250000000000000000e-01,7.500000000000000000e-01,0.000000000000000000e+00,6.785714285714286031e-01,6.666666666666666297e-01,2.777777777777777901e-01,5.000000000000000000e-01,2.999999999999999889e-01,1.000000000000000000e+00,2.500000000000000000e-01,8.888888888888888395e-01,4.000000000000000222e-01,2.999999999999999889e-01,6.666666666666666297e-01,7.500000000000000000e-01,6.666666666666666297e-01,8.333333333333333703e-01,1.000000000000000000e+00,3.333333333333333148e-01,4.545454545454545303e-01,0.000000000000000000e+00,4.000000000000000222e-01,7.142857142857143016e-01,9.090909090909090606e-01,8.666666666666666963e-01,1.000000000000000000e+00,5.999999999999999778e-01,5.000000000000000000e-01,7.500000000000000000e-01,4.705882352941176405e-01,3.750000000000000000e-01,3.913043478260869734e-01,6.956521739130434590e-01,5.000000000000000000e-01,5.999999999999999778e-01,6.875000000000000000e-01,3.750000000000000000e-01,3.888888888888888951e-01,5.000000000000000000e-01,4.000000000000000222e-01,5.000000000000000000e-01,3.125000000000000000e-01,7.142857142857143016e-01,9.375000000000000000e-01,0.000000000000000000e+00,2.222222222222222099e-01,2.857142857142856984e-01,3.333333333333333148e-01,7.777777777777777901e-01,2.857142857142856984e-01,7.142857142857143016e-01,0.000000000000000000e+00,5.000000000000000000e-01,4.761904761904761640e-01,1.111111111111111049e-01,5.000000000000000000e-01,3.913043478260869734e-01,5.000000000000000000e-01,5.833333333333333703e-01,2.857142857142856984e-01,8.461538461538461453e-01,6.206896551724138122e-01,1.000000000000000000e+00,5.000000000000000000e-01,0.000000000000000000e+00,4.000000000000000222e-01,0.000000000000000000e+00,0.000000000000000000e+00,5.312500000000000000e-01,7.500000000000000000e-01,5.769230769230768718e-01,5.000000000000000000e-01,7.142857142857143016e-01,0.000000000000000000e+00,3.214285714285714524e-01,6.428571428571429047e-01,3.478260869565217295e-01,3.333333333333333148e-01,8.125000000000000000e-01,5.999999999999999778e-01,5.238095238095238360e-01,2.000000000000000111e-01,2.307692307692307820e-01,7.647058823529411242e-01,3.750000000000000000e-01,5.500000000000000444e-01,3.333333333333333148e-01,0.000000000000000000e+00,3.333333333333333148e-01,0.000000000000000000e+00,3.703703703703703498e-01,3.750000000000000000e-01,8.000000000000000444e-01,8.571428571428570953e-01,6.363636363636363535e-01,0.000000000000000000e+00,5.714285714285713969e-01,3.750000000000000000e-01,3.333333333333333148e-01,1.000000000000000000e+00,1.000000000000000000e+00,0.000000000000000000e+00,0.000000000000000000e+00,1.000000000000000000e+00,0.000000000000000000e+00,0.000000000000000000e+00,4.615384615384615641e-01,4.285714285714285476e-01,6.470588235294117974e-01,0.000000000000000000e+00,4.000000000000000222e-01,5.384615384615384359e-01,4.166666666666666852e-01,3.636363636363636465e-01,3.333333333333333148e-01,5.000000000000000000e-01,5.000000000000000000e-01,4.000000000000000222e-01,2.500000000000000000e-01,4.615384615384615641e-01,4.000000000000000222e-01,6.666666666666666297e-01,0.000000000000000000e+00,7.500000000000000000e-01,0.000000000000000000e+00,3.333333333333333148e-01,6.250000000000000000e-01,4.285714285714285476e-01,0.000000000000000000e+00,0.000000000000000000e+00,0.000000000000000000e+00,3.333333333333333148e-01,4.285714285714285476e-01,4.827586206896551935e-01,4.864864864864865135e-01,5.000000000000000000e-01,6.129032258064516236e-01,1.000000000000000000e+00,2.500000000000000000e-01,6.923076923076922906e-01,1.000000000000000000e+00,1.000000000000000000e+00,4.117647058823529216e-01,5.000000000000000000e-01,0.000000000000000000e+00,0.000000000000000000e+00,6.666666666666666297e-01,0.000000000000000000e+00,4.166666666666666852e-01,5.882352941176470784e-01,7.500000000000000000e-01,5.999999999999999778e-01,3.076923076923077094e-01,4.117647058823529216e-01,0.000000000000000000e+00,6.666666666666666297e-01,0.000000000000000000e+00,6.111111111111111605e-01,6.363636363636363535e-01,5.000000000000000000e-01,6.666666666666666297e-01,2.500000000000000000e-01,3.333333333333333148e-01,4.666666666666666741e-01,4.749999999999999778e-01,0.000000000000000000e+00,3.750000000000000000e-01,5.999999999999999778e-01,5.806451612903226200e-01,5.000000000000000000e-01,5.000000000000000000e-01,4.500000000000000111e-01,4.000000000000000222e-01,3.043478260869565410e-01,0.000000000000000000e+00,1.000000000000000000e+00,0.000000000000000000e+00,0.000000000000000000e+00,6.666666666666666297e-01,2.222222222222222099e-01,8.888888888888888395e-01,4.090909090909091161e-01,0.000000000000000000e+00,0.000000000000000000e+00,0.000000000000000000e+00,7.647058823529411242e-01,9.230769230769231282e-01,4.285714285714285476e-01,0.000000000000000000e+00,0.000000000000000000e+00,0.000000000000000000e+00,6.666666666666666297e-01,3.333333333333333148e-01,3.200000000000000067e-01,2.631578947368420907e-01,3.939393939393939226e-01,4.000000000000000222e-01,6.111111111111111605e-01,3.333333333333333148e-01,4.761904761904761640e-01,7.826086956521739468e-01,5.999999999999999778e-01,4.500000000000000111e-01,5.000000000000000000e-01,7.777777777777777901e-01,5.000000000000000000e-01,5.000000000000000000e-01,0.000000000000000000e+00,3.333333333333333148e-01,3.333333333333333148e-01,5.555555555555555802e-01,3.333333333333333148e-01,5.000000000000000000e-01,0.000000000000000000e+00,4.117647058823529216e-01,6.111111111111111605e-01,4.333333333333333481e-01,0.000000000000000000e+00,1.000000000000000000e+00,0.000000000000000000e+00,0.000000000000000000e+00,1.000000000000000000e+00,0.000000000000000000e+00,2.000000000000000111e-01,5.909090909090909394e-01,7.500000000000000000e-01,6.666666666666666297e-01,6.666666666666666297e-01,3.529411764705882582e-01,6.875000000000000000e-01,3.043478260869565410e-01,2.727272727272727071e-01,0.000000000000000000e+00,7.500000000000000000e-01,3.888888888888888951e-01,6.666666666666666297e-01,5.000000000000000000e-01,0.000000000000000000e+00,1.000000000000000000e+00,1.000000000000000000e+00,3.478260869565217295e-01,2.857142857142856984e-01,5.862068965517240882e-01,4.444444444444444198e-01,7.500000000000000000e-01,3.333333333333333148e-01,0.000000000000000000e+00,1.000000000000000000e+00,0.000000000000000000e+00,6.875000000000000000e-01,1.000000000000000000e+00,5.714285714285713969e-01,4.615384615384615641e-01,4.583333333333333148e-01,0.000000000000000000e+00,5.000000000000000000e-01,2.857142857142856984e-01,1.000000000000000000e+00,4.285714285714285476e-01,7.500000000000000000e-01,4.285714285714285476e-01,5.714285714285713969e-01,5.714285714285713969e-01,3.636363636363636465e-01,7.500000000000000000e-01,6.666666666666666297e-01,4.615384615384615641e-01,1.428571428571428492e-01,5.000000000000000000e-01,5.000000000000000000e-01,4.444444444444444198e-01,7.777777777777777901e-01,1.428571428571428492e-01,5.714285714285713969e-01,2.500000000000000000e-01,7.142857142857143016e-01,1.000000000000000000e+00
9.842519685039370636e-02,1.137026239067055328e-01,1.474358974358974395e-01,1.101449275362318819e-01,1.288659793814432852e-01,1.576576576576576572e-01,0.000000000000000000e+00,0.000000000000000000e+00,0.000000000000000000e+00,2.000000000000000111e-01,1.678321678321678390e-01,1.501416430594900986e-01,1.975308641975308532e-01,0.000000000000000000e+00,1.499999999999999944e-01,9.917355371900826722e-02,1.746987951807228989e-01,1.150568181818181768e-01,9.473684210526316096e-02,1.866666666666666752e-01,1.089743589743589758e-01,0.000000000000000000e+00,8.575581395348837177e-02,1.124161073825503399e-01,6.756756756756757132e-02,0.000000000000000000e+00,2.797619047619047672e-01,1.306818181818181768e-01,8.362989323843415812e-02,1.087866108786610941e-01,1.346153846153846090e-01,1.203007518796992414e-01,4.878048780487805047e-02,1.962905718701700164e-01,1.169686985172981863e-01,8.299595141700405465e-02,1.914414414414414289e-01,2.200956937799043167e-01,1.062271062271062244e-01,9.708737864077669755e-02,9.259259259259258745e-02,9.009009009009008584e-02,1.307692307692307765e-01,1.888198757763975277e-01,2.874999999999999778e-01,0.000000000000000000e+00,1.079734219269102985e-01,1.061946902654867242e-01,2.099871959026888557e-01,1.020408163265306145e-01,1.477449455676516366e-01,1.100917431192660612e-01,1.384615384615384692e-01,9.027777777777777624e-02,1.231884057971014551e-01,7.264957264957265515e-02,2.068965517241379282e-01,1.194029850746268634e-01,9.803921568627450844e-02,1.082802547770700674e-01,3.296703296703296787e-02,8.768971332209106462e-02,9.175738724727838802e-02,7.792207792207792028e-02,9.275362318840579823e-02,1.076923076923076983e-01,1.093750000000000000e-01,8.300395256916996700e-02,1.347150259067357581e-01,3.943661971830985657e-01,1.841269841269841390e-01,1.718750000000000000e-01,1.065693430656934337e-01,2.268041237113402053e-01,9.330143540669856572e-02,6.716417910447761153e-02,2.446808510638297796e-01,1.932270916334661304e-01,1.192982456140350839e-01,8.278867102396514355e-02,7.560627674750357297e-02,9.433962264150944077e-02,1.466275659824047006e-01,9.375000000000000000e-02,1.170568561872909752e-01,6.111111111111110911e-02,8.136482939632545819e-02,0.000000000000000000e+00,1.362397820163487872e-01,1.065088757396449731e-01,1.470588235294117696e-01,9.554140127388535686e-02,1.004784688995215280e-01,1.732745961820851555e-01,1.862745098039215730e-01,8.498023715415019275e-02,8.812260536398466848e-02,1.766784452296819852e-01,2.944444444444444531e-01,1.200873362445414871e-01,2.061657032755298546e-01,1.641791044776119424e-01,2.531645569620253333e-01,8.854961832061068738e-02,9.530583214793740543e-02,7.936507936507936067e-02,1.929824561403508665e-01,0.000000000000000000e+00,8.810572687224670074e-02,0.000000000000000000e+00,1.162790697674418589e-01,2.087658592848904149e-01,6.538461538461538824e-02,6.620209059233449211e-02,1.588235294117646967e-01,1.239669421487603340e-01,2.352941176470588203e-01,1.613722998729351932e-01,8.783783783783784271e-02,9.241706161137440423e-02,6.182795698924731242e-02,6.751824817518248256e-02,1.869158878504672827e-01,1.062590975254730646e-01,1.041666666666666713e-01,8.597285067873303155e-02,9.930715935334873123e-02,1.744680851063829807e-01,1.719242902208202028e-01,6.081081081081081419e-02,0.000000000000000000e+00,1.901408450704225317e-01,0.000000000000000000e+00,1.797556719022687655e-01,2.035278154681139651e-01,1.772151898734177222e-01,7.333333333333333370e-02,9.298245614035087481e-02,1.393442622950819554e-01,2.058823529411764608e-01,1.793103448275862044e-01,8.126036484245439950e-02,6.818181818181817677e-02,1.039603960396039556e-01,1.190476190476190410e-01,0.000000000000000000e+00,1.018518518518518462e-01,0.000000000000000000e+00,0.000000000000000000e+00,1.704834605597964348e-01,1.754385964912280604e-01,9.523809523809523281e-02,1.650485436893203983e-01,1.694915254237288060e-01,1.257275902211874297e-01,1.257485029940119681e-01,1.163895486935866974e-01,1.428571428571428492e-01,8.749999999999999445e-02,8.285714285714285143e-02,1.546134663341645898e-01,1.787709497206703968e-01,1.223021582733812979e-01,1.016333938294010919e-01,1.117021276595744628e-01,0.000000000000000000e+00,1.524390243902438991e-01,0.000000000000000000e+00,7.865168539325842478e-02,8.396946564885496289e-02,1.588397790055248726e-01,0.000000000000000000e+00,0.000000000000000000e+00,7.865168539325842478e-02,1.005025125628140753e-01,2.328767123287671104e-01,2.594594594594594739e-01,7.792207792207792028e-02,1.081081081081081141e-01,1.083650190114068407e-01,8.474576271186440302e-02,6.578947368421052266e-02,1.275917065390749505e-01,1.625000000000000056e-01,5.999999999999999778e-02,1.560693641618497163e-01,1.612903225806451568e-01,0.000000000000000000e+00,1.250000000000000000e-01,9.580838323353293995e-02,0.000000000000000000e+00,1.652892561983471120e-01,1.465721040189125191e-01,1.829268292682926789e-01,1.231671554252199430e-01,8.300395256916996700e-02,1.678657074340527688e-01,0.000000000000000000e+00,9.813084112149532412e-02,1.213592233009708754e-01,1.947483588621444217e-01,2.160804020100502432e-01,8.454106280193236789e-02,1.095890410958904049e-01,1.643835616438356073e-01,1.666666666666666574e-01,1.451851851851851949e-01,2.110215053763440929e-01,0.000000000000000000e+00,8.945686900958466081e-02,1.641791044776119424e-01,1.507936507936507853e-01,2.857142857142856984e-01,1.428571428571428492e-01,1.782178217821782096e-01,7.207207207207207145e-02,9.004739336492890989e-02,0.000000000000000000e+00,7.499999999999999722e-02,0.000000000000000000e+00,0.000000000000000000e+00,5.660377358490566169e-02,4.175438596491228282e-01,1.478260869565217461e-01,1.084558823529411797e-01,0.000000000000000000e+00,2.242424242424242431e-01,0.000000000000000000e+00,9.165302782324058484e-02,1.010638297872340358e-01,1.377245508982035960e-01,9.090909090909091161e-02,0.000000000000000000e+00,0.000000000000000000e+00,9.574468085106382920e-02,7.537688442211054607e-02,8.287895310796074277e-02,1.345646437994723055e-01,1.132947976878612706e-01,1.369294605809128762e-01,9.019607843137254777e-02,9.265944645006016223e-02,1.150306748466257689e-01,7.966101694915253550e-02,1.192660550458715663e-01,1.453488372093023340e-01,1.267605633802816878e-01,1.236363636363636415e-01,7.858048162230671374e-02,9.482758620689654694e-02,0.000000000000000000e+00,2.333333333333333370e-01,1.199999999999999956e-01,1.055155875299760154e-01,7.075471698113207364e-02,1.181102362204724393e-01,0.000000000000000000e+00,7.881773399014778414e-02,1.807081807081807046e-01,2.404730617608409893e-01,0.000000000000000000e+00,1.285714285714285587e-01,0.000000000000000000e+00,0.000000000000000000e+00,6.363636363636362980e-02,0.000000000000000000e+00,1.338582677165354451e-01,1.992551210428305519e-01,9.459459459459459985e-02,1.085526315789473728e-01,2.198852772466539096e-01,1.239130434782608758e-01,1.017369727047146427e-01,1.025641025641025605e-01,2.621082621082621023e-01,1.117021276595744628e-01,8.221797323135755786e-02,1.430446194225721834e-01,1.060948081264108389e-01,1.181988742964352745e-01,0.000000000000000000e+00,4.477611940298507204e-02,1.473684210526315652e-01,9.891808346213291914e-02,7.627118644067797104e-02,9.481808158765159256e-02,2.086956521739130321e-01,2.100456621004566093e-01,2.236842105263157909e-01,0.000000000000000000e+00,2.452830188679245293e-01,0.000000000000000000e+00,6.116207951070336268e-02,5.882352941176470507e-02,1.148197596795727665e-01,8.527131782945736316e-02,1.603375527426160463e-01,0.000000000000000000e+00,7.407407407407406996e-02,1.400000000000000133e-01,1.000000000000000056e-01,9.352517985611510931e-02,1.081081081081081141e-01,1.388888888888888951e-01,1.181102362204724393e-01,9.210526315789473173e-02,1.145833333333333287e-01,8.139534883720930813e-02,1.262626262626262708e-01,8.080808080808081495e-02,8.917197452229298771e-02,1.124260355029585851e-01,1.151079136690647542e-01,1.022727272727272790e-01,1.189189189189189255e-01,1.040462427745664775e-01,9.859154929577464144e-02,1.000000000000000056e-01,9.202453987730060958e-02,1.621621621621621712e-01
2.380952380952380820e-01,2.510822510822510734e-01,3.181818181818181768e-01,2.016129032258064391e-01,2.615384615384615530e-01,2.000000000000000111e-01,0.000000000000000000e+00,0.000000000000000000e+00,0.000000000000000000e+00,2.500000000000000000e-01,1.648351648351648324e-01,2.808988764044944020e-01,7.692307692307692735e-02,0.000000000000000000e+00,2.769230769230769384e-01,3.243243243243243423e-01,1.933701657458563594e-01,2.329317269076305319e-01,2.413793103448275967e-01,2.857142857142856984e-01,2.790697674418604612e-01,0.000000000000000000e+00,2.100456621004566093e-01,1.355140186915887723e-01,2.285714285714285643e-01,0.000000000000000000e+00,3.239436619718309984e-01,2.000000000000000111e-01,2.020202020202020166e-01,2.024539877300613466e-01,2.857142857142856984e-01,1.176470588235294101e-01,1.789473684210526327e-01,3.409090909090908839e-01,2.037914691943127909e-01,2.794117647058823595e-01,1.960784313725490169e-01,3.134328358208955390e-01,1.688311688311688319e-01,2.487562189054726425e-01,2.222222222222222099e-01,1.927710843373494076e-01,1.891891891891891997e-01,3.585657370517928433e-01,2.987012987012986898e-01,0.000000000000000000e+00,2.149999999999999967e-01,2.500000000000000000e-01,3.771929824561403577e-01,2.222222222222222099e-01,2.476190476190476275e-01,1.428571428571428492e-01,3.432835820895522305e-01,2.542372881355932090e-01,1.199999999999999956e-01,1.285714285714285587e-01,3.157894736842105088e-01,3.076923076923077094e-01,2.222222222222222099e-01,1.636363636363636354e-01,1.666666666666666574e-01,2.076271186440677985e-01,1.849999999999999978e-01,1.836734693877551117e-01,2.202166064981949389e-01,2.558139534883721034e-01,1.985294117647058709e-01,2.459016393442622905e-01,3.265306122448979331e-01,3.442622950819672067e-01,2.369668246445497672e-01,2.631578947368420907e-01,1.688888888888888939e-01,1.913043478260869623e-01,1.691176470588235392e-01,1.963190184049079801e-01,4.545454545454545303e-01,2.815533980582524132e-01,2.876712328767123128e-01,2.133333333333333470e-01,1.544715447154471621e-01,1.780821917808219079e-01,1.803278688524590223e-01,1.846153846153846256e-01,2.110091743119266172e-01,2.641509433962264120e-01,1.962025316455696111e-01,0.000000000000000000e+00,2.374100719424460382e-01,1.724137931034482873e-01,2.741935483870967527e-01,2.542372881355932090e-01,1.677852348993288667e-01,1.927083333333333426e-01,2.941176470588235392e-01,1.987577639751552661e-01,2.000000000000000111e-01,3.333333333333333148e-01,2.142857142857142738e-01,1.965317919075144637e-01,3.169398907103825325e-01,2.795698924731182533e-01,3.611111111111111049e-01,1.818181818181818232e-01,2.347826086956521785e-01,3.499999999999999778e-01,3.902439024390244038e-01,0.000000000000000000e+00,2.236842105263157909e-01,0.000000000000000000e+00,3.030303030303030387e-01,3.257575757575757458e-01,2.571428571428571175e-01,1.770334928229665150e-01,2.032520325203251987e-01,2.051282051282051211e-01,2.068965517241379282e-01,3.013100436681222516e-01,1.893939393939393923e-01,2.484472049689440964e-01,1.584158415841584178e-01,2.048192771084337283e-01,4.333333333333333481e-01,1.561181434599156204e-01,2.941176470588235392e-01,1.920529801324503405e-01,2.478632478632478708e-01,2.111801242236024945e-01,2.416666666666666685e-01,2.075471698113207641e-01,0.000000000000000000e+00,2.291666666666666574e-01,0.000000000000000000e+00,2.282608695652173780e-01,2.123552123552123472e-01,1.400000000000000133e-01,2.000000000000000111e-01,2.049999999999999878e-01,1.315789473684210453e-01,2.399999999999999911e-01,1.351351351351351426e-01,1.559633027522935866e-01,2.340425531914893664e-01,1.764705882352941291e-01,3.666666666666666408e-01,0.000000000000000000e+00,1.333333333333333315e-01,0.000000000000000000e+00,0.000000000000000000e+00,2.013422818791946178e-01,1.626794258373205626e-01,2.196531791907514464e-01,2.500000000000000000e-01,2.023809523809523836e-01,2.464788732394366244e-01,1.379310344827586188e-01,1.923076923076923184e-01,1.860465116279069742e-01,2.999999999999999889e-01,2.211538461538461453e-01,2.142857142857142738e-01,1.639344262295081844e-01,2.500000000000000000e-01,1.758241758241758379e-01,2.597402597402597157e-01,0.000000000000000000e+00,2.448979591836734637e-01,0.000000000000000000e+00,1.123595505617977497e-01,1.388888888888888951e-01,3.597883597883597684e-01,0.000000000000000000e+00,0.000000000000000000e+00,1.724137931034482873e-01,2.023809523809523836e-01,2.222222222222222099e-01,3.395348837209302140e-01,1.875000000000000000e-01,2.142857142857142738e-01,2.108108108108108225e-01,2.500000000000000000e-01,1.724137931034482873e-01,2.338308457711442689e-01,2.500000000000000000e-01,2.142857142857142738e-01,1.658536585365853744e-01,2.500000000000000000e-01,0.000000000000000000e+00,8.571428571428571508e-02,1.525423728813559421e-01,0.000000000000000000e+00,2.564102564102563875e-01,2.248520710059171701e-01,4.193548387096774355e-01,3.068181818181818232e-01,1.572327044025157161e-01,3.082706766917293062e-01,0.000000000000000000e+00,2.441860465116278966e-01,1.875000000000000000e-01,2.500000000000000000e-01,3.725490196078431460e-01,1.478260869565217461e-01,2.888888888888888618e-01,2.500000000000000000e-01,2.758620689655172376e-01,1.809954751131221673e-01,2.941176470588235392e-01,0.000000000000000000e+00,1.946902654867256610e-01,2.031250000000000000e-01,2.975609756097560843e-01,1.666666666666666574e-01,1.799999999999999933e-01,2.011494252873563260e-01,1.562500000000000000e-01,1.560283687943262443e-01,0.000000000000000000e+00,6.666666666666666574e-02,0.000000000000000000e+00,0.000000000000000000e+00,1.481481481481481399e-01,2.564102564102563875e-01,3.488372093023255904e-01,1.846153846153846256e-01,0.000000000000000000e+00,1.791044776119402882e-01,0.000000000000000000e+00,1.641025641025641024e-01,1.896551724137930939e-01,2.711864406779661008e-01,2.291666666666666574e-01,0.000000000000000000e+00,0.000000000000000000e+00,1.895910780669144979e-01,1.666666666666666574e-01,1.687116564417177889e-01,3.061224489795918435e-01,1.942675159235668914e-01,1.975308641975308532e-01,1.320754716981132060e-01,2.185430463576158999e-01,2.247706422018348749e-01,1.878172588832487389e-01,2.142857142857142738e-01,1.839080459770114917e-01,2.608695652173912971e-01,2.118644067796610075e-01,1.834532374100719399e-01,1.879699248120300648e-01,0.000000000000000000e+00,3.599999999999999867e-01,1.555555555555555580e-01,2.539682539682539542e-01,1.875000000000000000e-01,1.935483870967741882e-01,0.000000000000000000e+00,1.630434782608695676e-01,1.927710843373494076e-01,2.867647058823529216e-01,0.000000000000000000e+00,2.000000000000000111e-01,0.000000000000000000e+00,0.000000000000000000e+00,2.173913043478260809e-01,0.000000000000000000e+00,3.275862068965517127e-01,3.909774436090225347e-01,2.592592592592592449e-01,2.702702702702702853e-01,3.354037267080745566e-01,2.536231884057971175e-01,2.483660130718954306e-01,2.171052631578947456e-01,2.250000000000000056e-01,2.068965517241379282e-01,2.666666666666666630e-01,2.187500000000000000e-01,1.721854304635761501e-01,2.045454545454545581e-01,0.000000000000000000e+00,2.105263157894736725e-01,2.608695652173912971e-01,2.025316455696202500e-01,1.818181818181818232e-01,2.274143302180685333e-01,2.588235294117647300e-01,3.218390804597701105e-01,2.941176470588235392e-01,0.000000000000000000e+00,3.076923076923077094e-01,0.000000000000000000e+00,2.142857142857142738e-01,2.592592592592592449e-01,2.056737588652482185e-01,2.021276595744680715e-01,2.986425339366515774e-01,0.000000000000000000e+00,2.000000000000000111e-01,2.134831460674157244e-01,2.666666666666666630e-01,2.272727272727272652e-01,2.765957446808510745e-01,2.051282051282051211e-01,2.127659574468085124e-01,2.500000000000000000e-01,2.280701754385964786e-01,1.923076923076923184e-01,1.739130434782608647e-01,1.600000000000000033e-01,1.176470588235294101e-01,2.068965517241379282e-01,1.199999999999999956e-01,2.325581395348837177e-01,2.200000000000000011e-01,2.391304347826087029e-01,1.470588235294117696e-01,1.794871794871794879e-01,9.523809523809523281e-02,1.363636363636363535e-01
9.551495016611295796e-02,6.888633754305395485e-02,1.053984575835475584e-01,2.925809822361546408e-01,2.048558421851289779e-01,2.594059405940594143e-01,0.000000000000000000e+00,0.000000000000000000e+00,0.000000000000000000e+00,9.547738693467336391e-02,5.631659056316590251e-02,9.839816933638444174e-02,9.734513274336283051e-02,0.000000000000000000e+00,8.801955990220049209e-02,1.388101983002832940e-01,1.026570048309178723e-01,2.380492515692901878e-01,8.518518518518518323e-02,1.743589743589743501e-01,1.807780320366132731e-01,0.000000000000000000e+00,2.503793626707132014e-01,3.101135190918472562e-01,5.671641791044776393e-02,0.000000000000000000e+00,6.550218340611353718e-02,9.308510638297871898e-02,5.903187721369539814e-02,9.951845906902086203e-02,1.223021582733812979e-01,2.025974025974026094e-01,6.279434850863421791e-02,7.115869017632241167e-02,2.133981631550513347e-01,7.259786476868326788e-02,7.385398981324278744e-02,6.799637352674524349e-02,1.598173515981735071e-01,8.898847631241997569e-02,1.513513513513513598e-01,9.389671361502346936e-02,1.123919308357348712e-01,6.089743589743589619e-02,7.132018209408194642e-02,0.000000000000000000e+00,9.187045604758757589e-02,1.373239436619718423e-01,6.937561942517343760e-02,5.670103092783505133e-02,1.088904203997243247e-01,1.067193675889328008e-01,5.192629815745393451e-02,7.226107226107225667e-02,7.843137254901960675e-02,2.459222082810539611e-01,1.284403669724770714e-01,1.128608923884514420e-01,1.608996539792387492e-01,8.678756476683938126e-02,8.438818565400843519e-02,2.419547079856972649e-01,2.400893355667224893e-01,2.354430379746835500e-01,9.211252068394926162e-02,7.476635514018691031e-02,6.057385759829968241e-02,5.539358600583090680e-02,9.296482412060301515e-02,6.477732793522267274e-02,5.757575757575757874e-02,7.179487179487178961e-02,1.000546746856205566e-01,8.858057630736393406e-02,2.504012841091493025e-01,7.365439093484418831e-02,6.521739130434782428e-02,7.498952660242982904e-02,1.394072447859495134e-01,7.430069930069929662e-02,2.595723520636499249e-01,2.423802612481857632e-01,1.893939393939393923e-01,9.029345372460496899e-02,2.151029748283752874e-01,9.482758620689654694e-02,6.554307116104868269e-02,0.000000000000000000e+00,1.084462982273201315e-01,6.988564167725540288e-02,1.373913043478260931e-01,1.030303030303030276e-01,2.380952380952380820e-01,8.303249097472924223e-02,2.006369426751592466e-01,3.210818307905686786e-01,2.501681237390719348e-01,6.906906906906906674e-02,8.068459657701711196e-02,1.650264950794852470e-01,6.206361520558572459e-02,5.875299760191846771e-02,7.982583454281567958e-02,5.702023298589822126e-02,5.633047210300429208e-02,6.172839506172839164e-02,4.333333333333333481e-02,0.000000000000000000e+00,1.135303265940902084e-01,0.000000000000000000e+00,7.003891050583657685e-02,7.678806494076349798e-02,7.863695937090432742e-02,6.194125159642401013e-02,9.601873536299765366e-02,4.113475177304964231e-02,9.393063583815028372e-02,7.755324959038777111e-02,1.599526066350710762e-01,9.008555611474584890e-02,2.444821731748726690e-01,5.936395759717314619e-02,7.913669064748200810e-02,8.860759493670886111e-02,1.066176470588235253e-01,1.067518248175182427e-01,6.210621062106210649e-02,8.027327070879590465e-02,1.133903133903133853e-01,1.017811704834605535e-01,0.000000000000000000e+00,1.061452513966480438e-01,0.000000000000000000e+00,1.145695364238410591e-01,1.111704970603955150e-01,9.129511677282377280e-02,5.376344086021505458e-02,8.156498673740053551e-02,1.054216867469879582e-01,6.276150627615062483e-02,1.078431372549019662e-01,9.540846750149076239e-02,4.210526315789473589e-02,9.546925566343042457e-02,6.951871657754010725e-02,0.000000000000000000e+00,1.008064516129032195e-01,0.000000000000000000e+00,0.000000000000000000e+00,9.702970297029703262e-02,1.005089058524172990e-01,9.963099630996309630e-02,1.722846441947565588e-01,8.214285714285714246e-02,1.602947950253339471e-01,1.545352743561030362e-01,1.752677702044790620e-01,1.049382716049382658e-01,2.393162393162393264e-01,1.481056257175660251e-01,8.015267175572518554e-02,1.081081081081081141e-01,1.963534361851332344e-01,1.040242976461655255e-01,2.265917602996254665e-01,0.000000000000000000e+00,1.514476614699331869e-01,0.000000000000000000e+00,8.936825885978427753e-02,2.513812154696132839e-01,7.638072855464159150e-02,0.000000000000000000e+00,0.000000000000000000e+00,1.359223300970873738e-01,6.072874493927125222e-02,1.010452961672473893e-01,7.446068197633959329e-02,2.540243423635649700e-01,1.265306122448979498e-01,6.985769728331177320e-02,3.239436619718309984e-01,7.339449541284404077e-02,9.496810772501772246e-02,4.790419161676646997e-02,2.390670553935859977e-01,9.656652360515020905e-02,6.707317073170732113e-02,0.000000000000000000e+00,1.801801801801801717e-01,9.746588693957114469e-02,0.000000000000000000e+00,7.363013698630137271e-02,7.632850241545893755e-02,8.108108108108108558e-02,1.918367346938775475e-01,2.157177225340818072e-01,6.940371456500488145e-02,0.000000000000000000e+00,7.559055118110236116e-02,8.130081300813007950e-02,7.770961145194274500e-02,7.952286282306163245e-02,8.755274261603375463e-02,1.496163682864450062e-01,1.451612903225806550e-01,6.504065040650407192e-02,9.929532351057014650e-02,9.502923976608186607e-02,0.000000000000000000e+00,8.733624454148471161e-02,2.000000000000000111e-01,9.090909090909091161e-02,5.454545454545454281e-02,1.140186915887850400e-01,9.366391184573003015e-02,3.828996282527881156e-01,2.485422740524781404e-01,0.000000000000000000e+00,5.703422053231939348e-02,0.000000000000000000e+00,0.000000000000000000e+00,1.000000000000000056e-01,6.896551724137930939e-02,8.231707317073171104e-02,3.114406779661016977e-01,0.000000000000000000e+00,9.108910891089108675e-02,0.000000000000000000e+00,6.704980842911877070e-02,4.695652173913043154e-02,2.355289421157684693e-01,1.428571428571428492e-01,0.000000000000000000e+00,0.000000000000000000e+00,1.095971563981042590e-01,3.510273972602739878e-01,9.433198380566801267e-02,1.558773424190800783e-01,1.924398625429553367e-01,2.429149797570850089e-01,8.688783570300158410e-02,2.348964934516265257e-01,9.335839598997493216e-02,5.523917995444191376e-02,7.796610169491526021e-02,9.693513898788311267e-02,7.925407925407924881e-02,1.081871345029239706e-01,1.117344553529686785e-01,1.758034026465028488e-01,0.000000000000000000e+00,1.016949152542372947e-01,2.485549132947976747e-01,8.349705304518663385e-02,2.405063291139240556e-01,1.923076923076923184e-01,0.000000000000000000e+00,2.428810720268006762e-01,7.949367088607595111e-02,7.123436650353452693e-02,0.000000000000000000e+00,6.250000000000000000e-02,0.000000000000000000e+00,0.000000000000000000e+00,3.224489795918367152e-01,0.000000000000000000e+00,6.940874035989717805e-02,7.120253164556962500e-02,7.033639143730886778e-02,8.424908424908425508e-02,5.433901054339010384e-02,2.082728592162554349e-01,6.161137440758293615e-02,2.498321020819341820e-01,8.624999999999999334e-02,1.352459016393442737e-01,7.137601177336276581e-02,1.619365609348914770e-01,8.318098720292504966e-02,2.149532710280373793e-01,0.000000000000000000e+00,3.389830508474576259e-02,1.066666666666666735e-01,7.873563218390804141e-02,9.171597633136094330e-02,6.585475868290482926e-02,6.701940035273368235e-02,7.559055118110236116e-02,5.442176870748299117e-02,0.000000000000000000e+00,9.554140127388535686e-02,0.000000000000000000e+00,6.993736951983298145e-02,6.334841628959275717e-02,1.233732431025507531e-01,2.137203166226912809e-01,9.055118110236221041e-02,0.000000000000000000e+00,2.374581939799331187e-01,1.531213191990577205e-01,1.132075471698113234e-01,1.142857142857142821e-01,9.523809523809523281e-02,1.258907363420427583e-01,1.078431372549019662e-01,1.065375302663438273e-01,1.071428571428571369e-01,9.156626506024095891e-02,1.253012048192771177e-01,9.615384615384615918e-02,1.415730337078651702e-01,1.247563352826510652e-01,1.086956521739130405e-01,1.121718377088305463e-01,1.067761806981519512e-01,1.199040767386091166e-01,1.235431235431235369e-01,9.210526315789473173e-02,1.237113402061855716e-01,1.038961038961039030e-01
0.000000000000000000e+00,0.000000000000000000e+00,0.000000000000000000e+00,0.000000000000000000e+00,0.000000000000000000e+00,0.000000000000000000e+00,0.000000000000000000e+00,0.000000000000000000e+00,0.000000000000000000e+00,0.000000000000000000e+00,0.000000000000000000e+00,0.000000000000000000e+00,0.000000000000000000e+00,0.000000000000000000e+00,0.000000000000000000e+00,0.000000000000000000e+00,0.000000000000000000e+00,0.000000000000000000e+00,0.000000000000000000e+00,0.000000000000000000e+00,0.000000000000000000e+00,0.000000000000000000e+00,0.000000000000000000e+00,0.000000000000000000e+00,0.000000000000000000e+00,0.000000000000000000e+00,0.000000000000000000e+00,0.000000000000000000e+00,0.000000000000000000e+00,0.000000000000000000e+00,0.000000000000000000e+00,0.000000000000000000e+00,0.000000000000000000e+00,0.000000000000000000e+00,0.000000000000000000e+00,0.000000000000000000e+00,0.000000000000000000e+00,0.000000000000000000e+00,0.000000000000000000e+00,0.000000000000000000e+00,0.000000000000000000e+00,0.000000000000000000e+00,0.000000000000000000e+00,0.000000000000000000e+00,0.000000000000000000e+00,0.000000000000000000e+00,0.000000000000000000e+00,0.000000000000000000e+00,0.000000000000000000e+00,0.000000000000000000e+00,0.000000000000000000e+00,0.000000000000000000e+00,0.000000000000000000e+00,0.000000000000000000e+00,0.000000000000000000e+00,0.000000000000000000e+00,0.000000000000000000e+00,0.000000000000000000e+00,0.000000000000000000e+00,0.000000000000000000e+00,0.000000000000000000e+00,0.000000000000000000e+00,0.000000000000000000e+00,0.000000000000000000e+00,0.000000000000000000e+00,0.000000000000000000e+00,0.000000000000000000e+00,0.000000000000000000e+00,0.000000000000000000e+00,0.000000000000000000e+00,0.000000000000000000e+00,0.000000000000000000e+00,0.000000000000000000e+00,0.000000000000000000e+00,0.000000000000000000e+00,0.000000000000000000e+00,0.000000000000000000e+00,0.000000000000000000e+00,0.000000000000000000e+00,0.000000000000000000e+00,0.000000000000000000e+00,0.000000000000000000e+00,0.000000000000000000e+00,0.000000000000000000e+00,0.000000000000000000e+00,0.000000000000000000e+00,0.000000000000000000e+00,0.000000000000000000e+00,0.000000000000000000e+00,0.000000000000000000e+00,0.000000000000000000e+00,0.000000000000000000e+00,0.000000000000000000e+00,0.000000000000000000e+00,0.000000000000000000e+00,0.000000000000000000e+00,0.000000000000000000e+00,0.000000000000000000e+00,0.000000000000000000e+00,0.000000000000000000e+00,0.000000000000000000e+00,0.000000000000000000e+00,0.000000000000000000e+00,0.000000000000000000e+00,0.000000000000000000e+00,0.000000000000000000e+00,0.000000000000000000e+00,0.000000000000000000e+00,0.000000000000000000e+00,0.000000000000000000e+00,0.000000000000000000e+00,0.000000000000000000e+00,0.000000000000000000e+00,0.000000000000000000e+00,0.000000000000000000e+00,0.000000000000000000e+00,0.000000000000000000e+00,0.000000000000000000e+00,0.000000000000000000e+00,0.000000000000000000e+00,0.000000000000000000e+00,0.000000000000000000e+00,0.000000000000000000e+00,0.000000000000000000e+00,0.000000000000000000e+00,0.000000000000000000e+00,0.000000000000000000e+00,0.000000000000000000e+00,0.000000000000000000e+00,0.000000000000000000e+00,0.000000000000000000e+00,0.000000000000000000e+00,0.000000000000000000e+00,0.000000000000000000e+00,0.000000000000000000e+00,0.000000000000000000e+00,0.000000000000000000e+00,0.000000000000000000e+00,0.000000000000000000e+00,0.000000000000000000e+00,0.000000000000000000e+00,0.000000000000000000e+00,0.000000000000000000e+00,0.000000000000000000e+00,0.000000000000000000e+00,0.000000000000000000e+00,0.000000000000000000e+00,0.000000000000000000e+00,0.000000000000000000e+00,0.000000000000000000e+00,0.000000000000000000e+00,0.000000000000000000e+00,0.000000000000000000e+00,0.000000000000000000e+00,0.000000000000000000e+00,0.000000000000000000e+00,0.000000000000000000e+00,0.000000000000000000e+00,0.000000000000000000e+00,0.000000000000000000e+00,0.000000000000000000e+00,0.000000000000000000e+00,0.000000000000000000e+00,0.000000000000000000e+00,0.000000000000000000e+00,0.000000000000000000e+00,0.000000000000000000e+00,0.000000000000000000e+00,0.000000000000000000e+00,0.000000000000000000e+00,0.000000000000000000e+00,0.000000000000000000e+00,0.000000000000000000e+00,0.000000000000000000e+00,0.000000000000000000e+00,0.000000000000000000e+00,0.000000000000000000e+00,0.000000000000000000e+00,0.000000000000000000e+00,0.000000000000000000e+00,0.000000000000000000e+00,0.000000000000000000e+00,0.000000000000000000e+00,0.000000000000000000e+00,0.000000000000000000e+00,0.000000000000000000e+00,0.000000000000000000e+00,0.000000000000000000e+00,0.000000000000000000e+00,0.000000000000000000e+00,0.000000000000000000e+00,0.000000000000000000e+00,0.000000000000000000e+00,0.000000000000000000e+00,0.000000000000000000e+00,0.000000000000000000e+00,0.000000000000000000e+00,0.000000000000000000e+00,0.000000000000000000e+00,0.000000000000000000e+00,0.000000000000000000e+00,0.000000000000000000e+00,0.000000000000000000e+00,0.000000000000000000e+00,0.000000000000000000e+00,0.000000000000000000e+00,0.000000000000000000e+00,0.000000000000000000e+00,0.000000000000000000e+00,0.000000000000000000e+00,0.000000000000000000e+00,0.000000000000000000e+00,0.000000000000000000e+00,0.000000000000000000e+00,0.000000000000000000e+00,0.000000000000000000e+00,0.000000000000000000e+00,0.000000000000000000e+00,0.000000000000000000e+00,0.000000000000000000e+00,0.000000000000000000e+00,0.000000000000000000e+00,0.000000000000000000e+00,0.000000000000000000e+00,0.000000000000000000e+00,0.000000000000000000e+00,0.000000000000000000e+00,0.000000000000000000e+00,0.000000000000000000e+00,0.000000000000000000e+00,0.000000000000000000e+00,0.000000000000000000e+00,0.000000000000000000e+00,0.000000000000000000e+00,0.000000000000000000e+00,0.000000000000000000e+00,0.000000000000000000e+00,0.000000000000000000e+00,0.000000000000000000e+00,0.000000000000000000e+00,0.000000000000000000e+00,0.000000000000000000e+00,0.000000000000000000e+00,0.000000000000000000e+00,0.000000000000000000e+00,0.000000000000000000e+00,0.000000000000000000e+00,0.000000000000000000e+00,0.000000000000000000e+00,0.000000000000000000e+00,0.000000000000000000e+00,0.000000000000000000e+00,0.000000000000000000e+00,0.000000000000000000e+00,0.000000000000000000e+00,0.000000000000000000e+00,0.000000000000000000e+00,0.000000000000000000e+00,0.000000000000000000e+00,0.000000000000000000e+00,0.000000000000000000e+00,0.000000000000000000e+00,0.000000000000000000e+00,0.000000000000000000e+00,0.000000000000000000e+00,0.000000000000000000e+00,0.000000000000000000e+00,0.000000000000000000e+00,0.000000000000000000e+00,0.000000000000000000e+00,0.000000000000000000e+00,0.000000000000000000e+00,0.000000000000000000e+00,0.000000000000000000e+00,0.000000000000000000e+00,0.000000000000000000e+00,0.000000000000000000e+00,0.000000000000000000e+00,0.000000000000000000e+00,0.000000000000000000e+00,0.000000000000000000e+00,0.000000000000000000e+00,0.000000000000000000e+00,0.000000000000000000e+00,0.000000000000000000e+00,0.000000000000000000e+00,0.000000000000000000e+00,0.000000000000000000e+00,0.000000000000000000e+00,0.000000000000000000e+00,0.000000000000000000e+00,0.000000000000000000e+00,0.000000000000000000e+00,0.000000000000000000e+00,0.000000000000000000e+00,0.000000000000000000e+00,0.000000000000000000e+00,0.000000000000000000e+00,0.000000000000000000e+00,0.000000000000000000e+00,0.000000000000000000e+00,0.000000000000000000e+00,0.000000000000000000e+00,0.000000000000000000e+00,0.000000000000000000e+00,0.000000000000000000e+00,0.000000000000000000e+00,0.000000000000000000e+00,0.000000000000000000e+00,0.000000000000000000e+00,0.000000000000000000e+00,0.000000000000000000e+00,0.000000000000000000e+00,0.000000000000000000e+00,0.000000000000000000e+00,0.000000000000000000e+00,0.000000000000000000e+00,0.000000000000000000e+00,0.000000000000000000e+00,0.000000000000000000e+00
1.917808219178082085e-01,1.626794258373205626e-01,2.999999999999999889e-01,3.398058252427184622e-01,1.272727272727272596e-01,2.968750000000000000e-01,0.000000000000000000e+00,0.000000000000000000e+00,0.000000000000000000e+00,4.705882352941176405e-01,4.579439252336448551e-01,4.105263157894736836e-01,1.111111111111111049e-01,0.000000000000000000e+00,3.090909090909090828e-01,2.619047619047619180e-01,4.311926605504587395e-01,1.271929824561403577e-01,1.538461538461538547e-01,2.608695652173912971e-01,1.886792452830188815e-01,0.000000000000000000e+00,1.531100478468899462e-01,1.758241758241758379e-01,1.666666666666666574e-01,0.000000000000000000e+00,1.739130434782608647e-01,1.632653061224489666e-01,1.647058823529411742e-01,2.096774193548387177e-01,2.857142857142856984e-01,1.538461538461538547e-01,7.692307692307692735e-02,1.128205128205128221e-01,1.464646464646464641e-01,1.164021164021163957e-01,4.329268292682926789e-01,1.186440677966101725e-01,1.643835616438356073e-01,2.234042553191489255e-01,2.258064516129032195e-01,1.808510638297872453e-01,3.421052631578947456e-01,1.590909090909090884e-01,1.304347826086956486e-01,0.000000000000000000e+00,1.465517241379310220e-01,1.621621621621621712e-01,1.498127340823970088e-01,1.612903225806451568e-01,4.061135371179039333e-01,1.515151515151515194e-01,1.029411764705882304e-01,2.647058823529411797e-01,1.590909090909090884e-01,3.947368421052631360e-02,2.222222222222222099e-01,1.904761904761904656e-01,2.203389830508474534e-01,1.744186046511627952e-01,1.000000000000000056e-01,1.125000000000000028e-01,1.319796954314720883e-01,1.960784313725490169e-01,1.846153846153846256e-01,6.976744186046511531e-02,4.081632653061224164e-02,1.081081081081081141e-01,2.500000000000000000e-01,1.944444444444444475e-01,1.028571428571428553e-01,2.153846153846153966e-01,1.703056768558952050e-01,5.221238938053097689e-01,1.196581196581196632e-01,1.272727272727272596e-01,9.523809523809523281e-02,1.163522012578616371e-01,4.166666666666666435e-02,2.805755395683453002e-01,1.518324607329842868e-01,1.052631578947368363e-01,2.277227722772277307e-01,1.707317073170731836e-01,2.621359223300970820e-01,2.244897959183673464e-01,1.748251748251748172e-01,0.000000000000000000e+00,2.016129032258064391e-01,1.940298507462686617e-01,3.015873015873015706e-01,2.000000000000000111e-01,8.461538461538462008e-02,4.550264550264550012e-01,2.857142857142856984e-01,2.159090909090909116e-01,1.534090909090909116e-01,8.888888888888889228e-02,1.777777777777777846e-01,1.564625850340136126e-01,1.642857142857142849e-01,1.111111111111111049e-01,1.014492753623188470e-01,1.627906976744186163e-01,1.111111111111111049e-01,2.000000000000000111e-01,7.692307692307692735e-02,0.000000000000000000e+00,1.911764705882352811e-01,0.000000000000000000e+00,6.666666666666666574e-02,1.274509803921568540e-01,8.235294117647058709e-02,1.000000000000000056e-01,4.526315789473684403e-01,3.092783505154639290e-01,3.780487804878048808e-01,1.274131274131274083e-01,9.278350515463917869e-02,2.068965517241379282e-01,1.192660550458715663e-01,1.604938271604938183e-01,2.162162162162162282e-01,2.610441767068273355e-01,2.682926829268292845e-01,1.875000000000000000e-01,1.805555555555555525e-01,3.963414634146341653e-01,3.437500000000000000e-01,6.521739130434782428e-02,0.000000000000000000e+00,2.727272727272727071e-01,0.000000000000000000e+00,3.128491620111731875e-01,3.382899628252787894e-01,5.066666666666667096e-01,1.739130434782608647e-01,1.126126126126126142e-01,5.384615384615384359e-01,4.191176470588235392e-01,4.615384615384615641e-01,1.888888888888888840e-01,2.040816326530612290e-01,8.064516129032257841e-02,1.739130434782608647e-01,0.000000000000000000e+00,8.000000000000000167e-02,0.000000000000000000e+00,0.000000000000000000e+00,3.984962406015037373e-01,4.351851851851851749e-01,1.212121212121212155e-01,2.812500000000000000e-01,3.846153846153846367e-01,1.948529411764705899e-01,2.702702702702702853e-01,2.999999999999999889e-01,4.313725490196078649e-01,4.761904761904761640e-02,2.380952380952380820e-01,3.812499999999999778e-01,3.880597014925373234e-01,2.093023255813953598e-01,1.518987341772151944e-01,5.357142857142856845e-02,0.000000000000000000e+00,2.187500000000000000e-01,0.000000000000000000e+00,1.216216216216216284e-01,4.545454545454545581e-02,1.645021645021645107e-01,0.000000000000000000e+00,0.000000000000000000e+00,1.034482758620689641e-01,2.608695652173912971e-01,4.090909090909091161e-01,1.457286432160803946e-01,8.833922261484099259e-02,2.000000000000000111e-01,1.038251366120218622e-01,1.000000000000000056e-01,3.225806451612903136e-01,3.537735849056603543e-01,2.142857142857142738e-01,2.777777777777777624e-02,3.654822335025380564e-01,1.515151515151515194e-01,0.000000000000000000e+00,2.222222222222222099e-01,2.280701754385964786e-01,0.000000000000000000e+00,1.320754716981132060e-01,1.159420289855072478e-01,1.714285714285714302e-01,1.515151515151515194e-01,7.913669064748200810e-02,1.132075471698113234e-01,0.000000000000000000e+00,1.025641025641025605e-01,2.419354838709677491e-01,8.737864077669903196e-02,1.475409836065573743e-01,3.805970149253731227e-01,2.336448598130841103e-01,5.789473684210526550e-01,5.172413793103448620e-01,3.262711864406779849e-01,1.179039301310043641e-01,0.000000000000000000e+00,2.705882352941176294e-01,2.777777777777777901e-01,1.703703703703703665e-01,2.413793103448275967e-01,1.866666666666666752e-01,3.406113537117904100e-01,1.818181818181818232e-01,1.250000000000000000e-01,0.000000000000000000e+00,1.071428571428571369e-01,0.000000000000000000e+00,0.000000000000000000e+00,5.000000000000000278e-02,2.500000000000000000e-01,2.666666666666666630e-01,1.354838709677419484e-01,0.000000000000000000e+00,4.561403508771929571e-01,0.000000000000000000e+00,1.890243902439024404e-01,1.400000000000000133e-01,1.162790697674418589e-01,1.250000000000000000e-01,0.000000000000000000e+00,0.000000000000000000e+00,1.749999999999999889e-01,4.255319148936170109e-02,2.361111111111111049e-01,1.545454545454545414e-01,2.120141342756183822e-01,1.279069767441860517e-01,1.604938271604938183e-01,1.811594202898550721e-01,2.533333333333333548e-01,1.257485029940119681e-01,2.432432432432432567e-01,4.105960264900662127e-01,1.351351351351351426e-01,2.738095238095238360e-01,1.603773584905660299e-01,1.880341880341880323e-01,0.000000000000000000e+00,2.903225806451613100e-01,9.090909090909091161e-02,1.538461538461538547e-01,6.153846153846154188e-02,2.916666666666666852e-01,0.000000000000000000e+00,1.230769230769230838e-01,4.306049822064056953e-01,1.776859504132231315e-01,0.000000000000000000e+00,1.304347826086956486e-01,0.000000000000000000e+00,0.000000000000000000e+00,3.333333333333333148e-01,0.000000000000000000e+00,1.224489795918367319e-01,1.164021164021163957e-01,7.228915662650602092e-02,2.095238095238095288e-01,1.138211382113821085e-01,1.411042944785275977e-01,1.313868613138686192e-01,1.481481481481481399e-01,2.035398230088495686e-01,1.777777777777777846e-01,1.912568306010928865e-01,3.787234042553191404e-01,1.791044776119402882e-01,1.379310344827586188e-01,0.000000000000000000e+00,4.166666666666666435e-02,4.062500000000000000e-01,3.173076923076922906e-01,2.602739726027397116e-01,9.854014598540146441e-02,1.333333333333333315e-01,2.142857142857142738e-01,2.000000000000000111e-01,0.000000000000000000e+00,1.818181818181818232e-01,0.000000000000000000e+00,1.509433962264150886e-01,1.250000000000000000e-01,2.208333333333333259e-01,1.495726495726495686e-01,1.700404858299595090e-01,0.000000000000000000e+00,8.000000000000000167e-02,1.530612244897959218e-01,2.205882352941176405e-01,2.439024390243902385e-01,2.500000000000000000e-01,1.290322580645161255e-01,1.590909090909090884e-01,1.600000000000000033e-01,2.307692307692307820e-01,1.481481481481481399e-01,2.295081967213114804e-01,1.428571428571428492e-01,2.407407407407407274e-01,2.031250000000000000e-01,2.000000000000000111e-01,2.711864406779661008e-01,1.764705882352941291e-01,1.718750000000000000e-01,2.826086956521738913e-01,1.499999999999999944e-01,1.730769230769230727e-01,2.000000000000000111e-01
0.000000000000000000e+00,0.000000000000000000e+00,0.000000000000000000e+00,0.000000000000000000e+00,0.000000000000000000e+00,0.000000000000000000e+00,0.000000000000000000e+00,0.000000000000000000e+00,0.000000000000000000e+00,0.000000000000000000e+00,0.000000000000000000e+00,0.000000000000000000e+00,0.000000000000000000e+00,0.000000000000000000e+00,0.000000000000000000e+00,0.000000000000000000e+00,0.000000000000000000e+00,0.000000000000000000e+00,0.000000000000000000e+00,0.000000000000000000e+00,0.000000000000000000e+00,0.000000000000000000e+00,0.000000000000000000e+00,0.000000000000000000e+00,0.000000000000000000e+00,0.000000000000000000e+00,0.000000000000000000e+00,0.000000000000000000e+00,0.000000000000000000e+00,0.000000000000000000e+00,0.000000000000000000e+00,0.000000000000000000e+00,0.000000000000000000e+00,0.000000000000000000e+00,0.000000000000000000e+00,0.000000000000000000e+00,0.000000000000000000e+00,0.000000000000000000e+00,0.000000000000000000e+00,0.000000000000000000e+00,0.000000000000000000e+00,0.000000000000000000e+00,0.000000000000000000e+00,0.000000000000000000e+00,0.000000000000000000e+00,0.000000000000000000e+00,0.000000000000000000e+00,0.000000000000000000e+00,0.000000000000000000e+00,0.000000000000000000e+00,0.000000000000000000e+00,0.000000000000000000e+00,0.000000000000000000e+00,0.000000000000000000e+00,0.000000000000000000e+00,0.000000000000000000e+00,0.000000000000000000e+00,0.000000000000000000e+00,0.000000000000000000e+00,0.000000000000000000e+00,0.000000000000000000e+00,0.000000000000000000e+00,0.000000000000000000e+00,0.000000000000000000e+00,0.000000000000000000e+00,0.000000000000000000e+00,0.000000000000000000e+00,0.000000000000000000e+00,0.000000000000000000e+00,0.000000000000000000e+00,0.000000000000000000e+00,0.000000000000000000e+00,0.000000000000000000e+00,0.000000000000000000e+00,0.000000000000000000e+00,0.000000000000000000e+00,0.000000000000000000e+00,0.000000000000000000e+00,0.000000000000000000e+00,0.000000000000000000e+00,0.000000000000000000e+00,0.000000000000000000e+00,0.000000000000000000e+00,0.000000000000000000e+00,0.000000000000000000e+00,0.000000000000000000e+00,0.000000000000000000e+00,0.000000000000000000e+00,0.000000000000000000e+00,0.000000000000000000e+00,0.000000000000000000e+00,0.000000000000000000e+00,0.000000000000000000e+00,0.000000000000000000e+00,0.000000000000000000e+00,0.000000000000000000e+00,0.000000000000000000e+00,0.000000000000000000e+00,0.000000000000000000e+00,0.000000000000000000e+00,0.000000000000000000e+00,0.000000000000000000e+00,0.000000000000000000e+00,0.000000000000000000e+00,0.000000000000000000e+00,0.000000000000000000e+00,0.000000000000000000e+00,0.000000000000000000e+00,0.000000000000000000e+00,0.000000000000000000e+00,0.000000000000000000e+00,0.000000000000000000e+00,0.000000000000000000e+00,0.000000000000000000e+00,0.000000000000000000e+00,0.000000000000000000e+00,0.000000000000000000e+00,0.000000000000000000e+00,0.000000000000000000e+00,0.000000000000000000e+00,0.000000000000000000e+00,0.000000000000000000e+00,0.000000000000000000e+00,0.000000000000000000e+00,0.000000000000000000e+00,0.000000000000000000e+00,0.000000000000000000e+00,0.000000000000000000e+00,0.000000000000000000e+00,0.000000000000000000e+00,0.000000000000000000e+00,0.000000000000000000e+00,0.000000000000000000e+00,0.000000000000000000e+00,0.000000000000000000e+00,0.000000000000000000e+00,0.000000000000000000e+00,0.000000000000000000e+00,0.000000000000000000e+00,0.000000000000000000e+00,0.000000000000000000e+00,0.000000000000000000e+00,0.000000000000000000e+00,0.000000000000000000e+00,0.000000000000000000e+00,0.000000000000000000e+00,0.000000000000000000e+00,0.000000000000000000e+00,0.000000000000000000e+00,0.000000000000000000e+00,0.000000000000000000e+00,0.000000000000000000e+00,0.000000000000000000e+00,0.000000000000000000e+00,0.000000000000000000e+00,0.000000000000000000e+00,0.000000000000000000e+00,0.000000000000000000e+00,0.000000000000000000e+00,0.000000000000000000e+00,0.000000000000000000e+00,0.000000000000000000e+00,0.000000000000000000e+00,0.000000000000000000e+00,0.000000000000000000e+00,0.000000000000000000e+00,0.000000000000000000e+00,0.000000000000000000e+00,0.000000000000000000e+00,0.000000000000000000e+00,0.000000000000000000e+00,0.000000000000000000e+00,0.000000000000000000e+00,0.000000000000000000e+00,0.000000000000000000e+00,0.000000000000000000e+00,0.000000000000000000e+00,0.000000000000000000e+00,0.000000000000000000e+00,0.000000000000000000e+00,0.000000000000000000e+00,0.000000000000000000e+00,0.000000000000000000e+00,0.000000000000000000e+00,0.000000000000000000e+00,0.000000000000000000e+00,0.000000000000000000e+00,0.000000000000000000e+00,0.000000000000000000e+00,0.000000000000000000e+00,0.000000000000000000e+00,0.000000000000000000e+00,0.000000000000000000e+00,0.000000000000000000e+00,0.000000000000000000e+00,0.000000000000000000e+00,0.000000000000000000e+00,0.000000000000000000e+00,0.000000000000000000e+00,0.000000000000000000e+00,0.000000000000000000e+00,0.000000000000000000e+00,0.000000000000000000e+00,0.000000000000000000e+00,0.000000000000000000e+00,0.000000000000000000e+00,0.000000000000000000e+00,0.000000000000000000e+00,0.000000000000000000e+00,0.000000000000000000e+00,0.000000000000000000e+00,0.000000000000000000e+00,0.000000000000000000e+00,0.000000000000000000e+00,0.000000000000000000e+00,0.000000000000000000e+00,0.000000000000000000e+00,0.000000000000000000e+00,0.000000000000000000e+00,0.000000000000000000e+00,0.000000000000000000e+00,0.000000000000000000e+00,0.000000000000000000e+00,0.000000000000000000e+00,0.000000000000000000e+00,0.000000000000000000e+00,0.000000000000000000e+00,0.000000000000000000e+00,0.000000000000000000e+00,0.000000000000000000e+00,0.000000000000000000e+00,0.000000000000000000e+00,0.000000000000000000e+00,0.000000000000000000e+00,0.000000000000000000e+00,0.000000000000000000e+00,0.000000000000000000e+00,0.000000000000000000e+00,0.000000000000000000e+00,0.000000000000000000e+00,0.000000000000000000e+00,0.000000000000000000e+00,0.000000000000000000e+00,0.000000000000000000e+00,0.000000000000000000e+00,0.000000000000000000e+00,0.000000000000000000e+00,0.000000000000000000e+00,0.000000000000000000e+00,0.000000000000000000e+00,0.000000000000000000e+00,0.000000000000000000e+00,0.000000000000000000e+00,0.000000000000000000e+00,0.000000000000000000e+00,0.000000000000000000e+00,0.000000000000000000e+00,0.000000000000000000e+00,0.000000000000000000e+00,0.000000000000000000e+00,0.000000000000000000e+00,0.000000000000000000e+00,0.000000000000000000e+00,0.000000000000000000e+00,0.000000000000000000e+00,0.000000000000000000e+00,0.000000000000000000e+00,0.000000000000000000e+00,0.000000000000000000e+00,0.000000000000000000e+00,0.000000000000000000e+00,0.000000000000000000e+00,0.000000000000000000e+00,0.000000000000000000e+00,0.000000000000000000e+00,0.000000000000000000e+00,0.000000000000000000e+00,0.000000000000000000e+00,0.000000000000000000e+00,0.000000000000000000e+00,0.000000000000000000e+00,0.000000000000000000e+00,0.000000000000000000e+00,0.000000000000000000e+00,0.000000000000000000e+00,0.000000000000000000e+00,0.000000000000000000e+00,0.000000000000000000e+00,0.000000000000000000e+00,0.000000000000000000e+00,0.000000000000000000e+00,0.000000000000000000e+00,0.000000000000000000e+00,0.000000000000000000e+00,0.000000000000000000e+00,0.000000000000000000e+00,0.000000000000000000e+00,0.000000000000000000e+00,0.000000000000000000e+00,0.000000000000000000e+00,0.000000000000000000e+00,0.000000000000000000e+00,0.000000000000000000e+00,0.000000000000000000e+00,0.000000000000000000e+00,0.000000000000000000e+00,0.000000000000000000e+00,0.000000000000000000e+00,0.000000000000000000e+00,0.000000000000000000e+00,0.000000000000000000e+00,0.000000000000000000e+00,0.000000000000000000e+00,0.000000000000000000e+00,0.000000000000000000e+00,0.000000000000000000e+00,0.000000000000000000e+00,0.000000000000000000e+00,0.000000000000000000e+00,0.000000000000000000e+00
1.936339522546419167e-01,4.914529914529914278e-01,1.735537190082644676e-01,8.127208480565370485e-02,1.513513513513513598e-01,1.428571428571428492e-01,0.000000000000000000e+00,0.000000000000000000e+00,0.000000000000000000e+00,2.105263157894736725e-01,1.714285714285714302e-01,1.551155115511551053e-01,1.780821917808219079e-01,0.000000000000000000e+00,1.988636363636363535e-01,1.532258064516129059e-01,2.247899159663865609e-01,2.031746031746031744e-01,3.207547169811320598e-01,3.703703703703703498e-02,2.846715328467153139e-01,0.000000000000000000e+00,2.194244604316546721e-01,1.448692152917505083e-01,5.378787878787878451e-01,0.000000000000000000e+00,1.487603305785124008e-01,1.481481481481481399e-01,5.463917525773195338e-01,2.095032397408207459e-01,1.555555555555555580e-01,1.650000000000000078e-01,4.831932773109243739e-01,2.285714285714285643e-01,1.890547263681592038e-01,4.301886792452830344e-01,2.580645161290322509e-01,2.290322580645161310e-01,2.717391304347825942e-01,1.599229287090558893e-01,5.660377358490566169e-02,3.839009287925696512e-01,9.482758620689654694e-02,1.891472868217054237e-01,1.988950276243093840e-01,0.000000000000000000e+00,4.136947218259628967e-01,1.898734177215190000e-01,1.767180925666199109e-01,4.468085106382978511e-01,1.652719665271966398e-01,1.756756756756756854e-01,2.270270270270270396e-01,6.014492753623188470e-01,2.240000000000000047e-01,1.900452488687782715e-01,2.528735632183908288e-01,2.447552447552447663e-01,1.428571428571428492e-01,2.350877192982456232e-01,5.444444444444443976e-01,2.008368200836820050e-01,1.876138433515482651e-01,1.764705882352941291e-01,2.046589018302828744e-01,4.402985074626865614e-01,4.450867052023121384e-01,5.454545454545454142e-01,2.777777777777777901e-01,2.058823529411764608e-01,2.245681381957773393e-01,1.917808219178082085e-01,2.192982456140350755e-01,1.273885350318471332e-01,2.065217391304347838e-01,6.103092783505155161e-01,8.928571428571428770e-02,2.289293849658314284e-01,4.454828660436137011e-01,1.108374384236453236e-01,2.127272727272727371e-01,1.935483870967741882e-01,2.167300380228136814e-01,1.294964028776978415e-01,1.924398625429553367e-01,6.103896103896103709e-01,4.482758620689655249e-01,0.000000000000000000e+00,1.865889212827988308e-01,2.376543209876543217e-01,1.650000000000000078e-01,2.849162011173184128e-01,1.687657430730478691e-01,2.479338842975206680e-01,2.613636363636363535e-01,1.638141809290953599e-01,1.565377532228360846e-01,1.839622641509433831e-01,1.760563380281690016e-01,2.077294685990338230e-01,1.728723404255319285e-01,2.207357859531772493e-01,1.549999999999999989e-01,6.117850953206238618e-01,4.821428571428571508e-01,6.129032258064516236e-01,2.758620689655172376e-01,0.000000000000000000e+00,2.000000000000000111e-01,0.000000000000000000e+00,1.304347826086956486e-01,2.002341920374707263e-01,5.787401574803149318e-01,5.749999999999999556e-01,1.521739130434782705e-01,5.152838427947598055e-01,1.650000000000000078e-01,1.815336463223787278e-01,3.717105263157894912e-01,1.885026737967914479e-01,1.770833333333333426e-01,5.521235521235521304e-01,1.818181818181818232e-01,2.050898203592814439e-01,1.585365853658536606e-01,1.802884615384615363e-01,4.013452914798206206e-01,2.152777777777777901e-01,1.942078364565587856e-01,1.744966442953020114e-01,0.000000000000000000e+00,2.164179104477611804e-01,0.000000000000000000e+00,1.388888888888888951e-01,2.008196721311475419e-01,1.594202898550724501e-01,4.895104895104895326e-01,4.564860426929392423e-01,1.848739495798319421e-01,1.737804878048780366e-01,2.058823529411764608e-01,1.965973534971644510e-01,5.500000000000000444e-01,5.864978902953587037e-01,3.518518518518518601e-01,0.000000000000000000e+00,2.077922077922078059e-01,0.000000000000000000e+00,0.000000000000000000e+00,2.075471698113207641e-01,2.064516129032258063e-01,1.781914893617021212e-01,1.428571428571428492e-01,1.972789115646258473e-01,2.189189189189189311e-01,2.683823529411764608e-01,1.306990881458966469e-01,2.096774193548387177e-01,1.558441558441558406e-01,2.135231316725978712e-01,1.930379746835443056e-01,1.860465116279069742e-01,1.538461538461538547e-01,2.108695652173913082e-01,1.710526315789473728e-01,0.000000000000000000e+00,1.829268292682926789e-01,0.000000000000000000e+00,1.796116504854368967e-01,1.792452830188679125e-01,2.098765432098765316e-01,0.000000000000000000e+00,0.000000000000000000e+00,4.729729729729729715e-01,1.696969696969697072e-01,1.813471502590673634e-01,1.851179673321234065e-01,2.002840909090909116e-01,1.858407079646017812e-01,5.054151624548736121e-01,1.153846153846153910e-01,2.500000000000000000e-01,2.231947483588621328e-01,4.545454545454545303e-01,2.250000000000000056e-01,1.700182815356489907e-01,1.980198019801980291e-01,0.000000000000000000e+00,1.290322580645161255e-01,2.716049382716049232e-01,0.000000000000000000e+00,2.015748031496062964e-01,1.472868217054263684e-01,2.105263157894736725e-01,1.434262948207171429e-01,1.381074168797953861e-01,2.368421052631578816e-01,0.000000000000000000e+00,2.352941176470588203e-01,2.574850299401197362e-01,2.362204724409448786e-01,2.076502732240437243e-01,1.054421768707483054e-01,2.241379310344827624e-01,1.864406779661016977e-01,1.111111111111111049e-01,1.773399014778325178e-01,1.907514450867051903e-01,0.000000000000000000e+00,2.540322580645161255e-01,1.847133757961783307e-01,2.177068214804063762e-01,1.250000000000000000e-01,2.421052631578947401e-01,1.678700361010830311e-01,9.708737864077669755e-02,2.246153846153846056e-01,0.000000000000000000e+00,5.000000000000000000e-01,0.000000000000000000e+00,0.000000000000000000e+00,6.041666666666666297e-01,1.077586206896551657e-01,3.170731707317073211e-01,1.659292035398230170e-01,0.000000000000000000e+00,1.666666666666666574e-01,0.000000000000000000e+00,5.823223570190640963e-01,5.468750000000000000e-01,2.500000000000000000e-01,2.031250000000000000e-01,0.000000000000000000e+00,0.000000000000000000e+00,2.093023255813953598e-01,1.686746987951807109e-01,1.870794078061911170e-01,1.058495821727019476e-01,2.685950413223140432e-01,1.699029126213592311e-01,3.841807909604519899e-01,1.637168141592920401e-01,2.000000000000000111e-01,5.927750410509031731e-01,5.899999999999999689e-01,1.885856079404466534e-01,2.158273381294963933e-01,3.798449612403100861e-01,2.236220472440944851e-01,1.869918699186991773e-01,0.000000000000000000e+00,2.151898734177215278e-01,2.173913043478260809e-01,5.952380952380952328e-01,1.854304635761589437e-01,2.040816326530612290e-01,0.000000000000000000e+00,1.749999999999999889e-01,2.142857142857142738e-01,1.874163319946452466e-01,0.000000000000000000e+00,3.664596273291925721e-01,0.000000000000000000e+00,0.000000000000000000e+00,1.818181818181818232e-01,0.000000000000000000e+00,2.460317460317460181e-01,1.971496437054631734e-01,4.876847290640394239e-01,3.516129032258064613e-01,1.918158567774936041e-01,1.934065934065934134e-01,5.214446952595936935e-01,1.991051454138702548e-01,1.543624161073825496e-01,2.699386503067484622e-01,4.752851711026616077e-01,1.944444444444444475e-01,1.897018970189701947e-01,1.886363636363636298e-01,0.000000000000000000e+00,4.307692307692307931e-01,1.341463414634146423e-01,1.546572934973637903e-01,2.210526315789473617e-01,5.229885057471264087e-01,1.736526946107784519e-01,1.907216494845360710e-01,2.553191489361701927e-01,0.000000000000000000e+00,5.263157894736841813e-02,0.000000000000000000e+00,5.462184873949579300e-01,5.686274509803921351e-01,2.661870503597122406e-01,1.746293245469522359e-01,1.977077363896848072e-01,0.000000000000000000e+00,1.458333333333333426e-01,1.298245614035087592e-01,2.847222222222222099e-01,2.655367231638418035e-01,2.662721893491124536e-01,1.976047904191616800e-01,2.384105960264900625e-01,2.486486486486486625e-01,2.284263959390862853e-01,2.571428571428571175e-01,2.597402597402597157e-01,2.657004830917874538e-01,2.804878048780488076e-01,2.554347826086956763e-01,3.396226415094339424e-01,3.841059602649006810e-01,2.162162162162162282e-01,2.295081967213114804e-01,2.266666666666666552e-01,2.380952380952380820e-01,2.764705882352941346e-01,2.763157894736842368e-01
1.473684210526315652e-01,4.000000000000000222e-01,2.063492063492063378e-01,1.000000000000000056e-01,1.875000000000000000e-01,7.936507936507936067e-02,0.000000000000000000e+00,0.000000000000000000e+00,0.000000000000000000e+00,7.407407407407406996e-02,1.649484536082474195e-01,1.491228070175438514e-01,1.304347826086956486e-01,0.000000000000000000e+00,2.105263157894736725e-01,1.600000000000000033e-01,1.511627906976744096e-01,1.391941391941391992e-01,2.413793103448275967e-01,3.448275862068965469e-02,1.690140845070422504e-01,0.000000000000000000e+00,1.050583657587548653e-01,8.979591836734693300e-02,3.921568627450980338e-01,0.000000000000000000e+00,2.297297297297297425e-01,1.607142857142857262e-01,4.652014652014652141e-01,1.559633027522935866e-01,3.809523809523809312e-01,1.718750000000000000e-01,3.951612903225806273e-01,1.864406779661016977e-01,1.111111111111111049e-01,3.289473684210526550e-01,1.973684210526315819e-01,2.307692307692307820e-01,1.782178217821782096e-01,1.474654377880184331e-01,8.000000000000000167e-02,3.464566929133858220e-01,1.000000000000000056e-01,2.087912087912087988e-01,1.958762886597938124e-01,0.000000000000000000e+00,3.772241992882562345e-01,9.523809523809523281e-02,1.948051948051948146e-01,4.444444444444444198e-01,1.638418079096045088e-01,1.290322580645161255e-01,2.528735632183908288e-01,4.761904761904761640e-01,2.093023255813953598e-01,8.333333333333332871e-02,2.352941176470588203e-01,2.068965517241379282e-01,1.428571428571428492e-01,1.078431372549019662e-01,5.000000000000000000e-01,1.111111111111111049e-01,1.374407582938388661e-01,1.578947368421052544e-01,1.866666666666666752e-01,3.859649122807017330e-01,4.405594405594405738e-01,4.193548387096774355e-01,3.584905660377358250e-01,1.842105263157894635e-01,1.818181818181818232e-01,1.376146788990825764e-01,1.360294117647058709e-01,1.021897810218978103e-01,1.354838709677419484e-01,4.396551724137930939e-01,3.125000000000000000e-02,1.548556430446194343e-01,3.405797101449275499e-01,6.369426751592356661e-02,1.087866108786610941e-01,1.743119266055045968e-01,1.393442622950819554e-01,1.666666666666666574e-01,1.372549019607843257e-01,4.571428571428571286e-01,3.937823834196891304e-01,0.000000000000000000e+00,9.523809523809523281e-02,1.276595744680850963e-01,1.647058823529411742e-01,1.756756756756756854e-01,1.183431952662721831e-01,1.216216216216216284e-01,2.291666666666666574e-01,7.734806629834253822e-02,1.343283582089552231e-01,1.758241758241758379e-01,1.851851851851851749e-01,1.633663366336633727e-01,1.413612565445026281e-01,1.891891891891891997e-01,1.914893617021276584e-01,4.204545454545454697e-01,3.817567567567567433e-01,5.652173913043477826e-01,3.170731707317073211e-01,0.000000000000000000e+00,1.851851851851851749e-01,0.000000000000000000e+00,2.083333333333333426e-01,1.751412429378531033e-01,4.205607476635513930e-01,4.940711462450592673e-01,1.441441441441441429e-01,4.857142857142857095e-01,1.134020618556701027e-01,1.452145214521452232e-01,1.984126984126984017e-01,1.261538461538461442e-01,1.052631578947368363e-01,4.253393665158370918e-01,1.904761904761904656e-01,1.710037174721189546e-01,1.749999999999999889e-01,1.675392670157068165e-01,3.058252427184465772e-01,1.304347826086956486e-01,1.240601503759398427e-01,1.199999999999999956e-01,0.000000000000000000e+00,1.428571428571428492e-01,0.000000000000000000e+00,1.138613861386138654e-01,1.618705035971222950e-01,1.228070175438596423e-01,4.098360655737705027e-01,2.923728813559322015e-01,1.499999999999999944e-01,1.958041958041958075e-01,1.538461538461538547e-01,1.296296296296296224e-01,5.757575757575758013e-01,4.787234042553191737e-01,2.424242424242424310e-01,0.000000000000000000e+00,1.666666666666666574e-01,0.000000000000000000e+00,0.000000000000000000e+00,1.619718309859154992e-01,1.317073170731707377e-01,1.346153846153846090e-01,2.352941176470588203e-01,2.656250000000000000e-01,1.768115942028985477e-01,1.538461538461538547e-01,1.038961038961039030e-01,1.600000000000000033e-01,2.285714285714285643e-01,2.399999999999999911e-01,1.052631578947368363e-01,1.573033707865168496e-01,1.574074074074074125e-01,1.392405063291139167e-01,1.194029850746268634e-01,0.000000000000000000e+00,2.205882352941176405e-01,0.000000000000000000e+00,1.098901098901098883e-01,2.368421052631578816e-01,1.639871382636655939e-01,0.000000000000000000e+00,0.000000000000000000e+00,2.972972972972973138e-01,1.714285714285714302e-01,1.477272727272727348e-01,1.531100478468899462e-01,1.127596439169139403e-01,2.307692307692307820e-01,4.369747899159663884e-01,1.333333333333333315e-01,1.499999999999999944e-01,1.499999999999999944e-01,1.499999999999999944e-01,1.063829787234042562e-01,9.917355371900826722e-02,1.176470588235294101e-01,0.000000000000000000e+00,1.250000000000000000e-01,1.764705882352941291e-01,0.000000000000000000e+00,1.270491803278688547e-01,5.847953216374268681e-02,1.025641025641025605e-01,1.519999999999999962e-01,9.090909090909091161e-02,2.153846153846153966e-01,0.000000000000000000e+00,1.891891891891891997e-01,1.058823529411764691e-01,2.062499999999999889e-01,1.891891891891891997e-01,7.518796992481202590e-02,2.137404580152671707e-01,1.000000000000000056e-01,7.499999999999999722e-02,1.169811320754716999e-01,1.985294117647058709e-01,0.000000000000000000e+00,1.833333333333333204e-01,2.222222222222222099e-01,1.225806451612903164e-01,1.351351351351351426e-01,2.337662337662337608e-01,1.422764227642276391e-01,9.302325581395348708e-02,1.184210526315789408e-01,0.000000000000000000e+00,4.473684210526315819e-01,0.000000000000000000e+00,0.000000000000000000e+00,4.090909090909091161e-01,1.515151515151515194e-01,2.363636363636363591e-01,6.372549019607842702e-02,0.000000000000000000e+00,1.739130434782608647e-01,0.000000000000000000e+00,4.575645756457564772e-01,4.482758620689655249e-01,1.499999999999999944e-01,1.346153846153846090e-01,0.000000000000000000e+00,0.000000000000000000e+00,1.376518218623481726e-01,1.058823529411764691e-01,1.313868613138686192e-01,1.276595744680850963e-01,1.770491803278688436e-01,1.028037383177570069e-01,2.844444444444444442e-01,1.032028469750889688e-01,1.208333333333333343e-01,4.835526315789473450e-01,4.313725490196078649e-01,1.917098445595854794e-01,2.000000000000000111e-01,3.214285714285714524e-01,1.510791366906474864e-01,1.653543307086614289e-01,0.000000000000000000e+00,1.538461538461538547e-01,1.304347826086956486e-01,3.742690058479531956e-01,2.028985507246376940e-01,2.452830188679245293e-01,0.000000000000000000e+00,1.733333333333333393e-01,1.291512915129151284e-01,1.600000000000000033e-01,0.000000000000000000e+00,3.733333333333333504e-01,0.000000000000000000e+00,0.000000000000000000e+00,1.388888888888888951e-01,0.000000000000000000e+00,1.206896551724137984e-01,1.317073170731707377e-01,4.827586206896551935e-01,2.518518518518518268e-01,2.108108108108108225e-01,1.641791044776119424e-01,3.699999999999999956e-01,1.055276381909547728e-01,6.299212598425196763e-02,1.935483870967741882e-01,3.254901960784313819e-01,1.050847457627118592e-01,1.095890410958904049e-01,1.237113402061855716e-01,0.000000000000000000e+00,2.307692307692307820e-01,1.025641025641025605e-01,8.333333333333332871e-02,1.473684210526315652e-01,3.547486033519552939e-01,2.168674698795180766e-01,1.976744186046511531e-01,0.000000000000000000e+00,0.000000000000000000e+00,1.875000000000000000e-01,0.000000000000000000e+00,4.609929078014184389e-01,5.000000000000000000e-01,1.178451178451178499e-01,1.373801916932907430e-01,1.499999999999999944e-01,0.000000000000000000e+00,1.162790697674418589e-01,1.323529411764705899e-01,2.361111111111111049e-01,1.948051948051948146e-01,1.014492753623188470e-01,1.403508771929824483e-01,2.399999999999999911e-01,2.261904761904761918e-01,1.408450704225352179e-01,1.875000000000000000e-01,1.944444444444444475e-01,2.285714285714285643e-01,2.328767123287671104e-01,2.000000000000000111e-01,1.780821917808219079e-01,2.571428571428571175e-01,1.910112359550561745e-01,1.774193548387096864e-01,1.754385964912280604e-01,2.063492063492063378e-01,1.666666666666666574e-01,1.578947368421052544e-01
1.233766233766233761e-01,1.129707112970711330e-01,1.162790697674418589e-01,3.333333333333333148e-01,3.493975903614457978e-01,1.250000000000000000e-01,0.000000000000000000e+00,0.000000000000000000e+00,0.000000000000000000e+00,8.695652173913043237e-02,1.011235955056179747e-01,9.420289855072463969e-02,1.142857142857142821e-01,0.000000000000000000e+00,1.884057971014492794e-01,1.707317073170731836e-01,1.567567567567567655e-01,3.208955223880596841e-01,8.333333333333332871e-02,2.413793103448275967e-01,1.967213114754098324e-01,0.000000000000000000e+00,3.531746031746031966e-01,3.305439330543932797e-01,1.538461538461538547e-01,0.000000000000000000e+00,1.020408163265306145e-01,1.578947368421052544e-01,9.278350515463917869e-02,1.552795031055900499e-01,0.000000000000000000e+00,2.451612903225806328e-01,1.428571428571428492e-01,8.962264150943395624e-02,3.195020746887966556e-01,9.090909090909091161e-02,8.108108108108108558e-02,7.758620689655172653e-02,2.837837837837837718e-01,9.134615384615384082e-02,3.703703703703703498e-01,1.578947368421052544e-01,1.891891891891891997e-01,1.084337349397590383e-01,1.818181818181818232e-01,0.000000000000000000e+00,1.365853658536585469e-01,6.896551724137930939e-02,1.211072664359861550e-01,1.388888888888888951e-01,8.720930232558139761e-02,1.250000000000000000e-01,5.333333333333333676e-02,8.928571428571428770e-02,1.320754716981132060e-01,2.980769230769230727e-01,2.000000000000000111e-01,2.399999999999999911e-01,1.369863013698630061e-01,8.256880733944954587e-02,1.428571428571428492e-01,3.160173160173160301e-01,3.809523809523809312e-01,4.285714285714285476e-01,1.057268722466960381e-01,1.489361702127659504e-01,8.064516129032257841e-02,1.363636363636363535e-01,1.153846153846153910e-01,4.687500000000000000e-02,8.823529411764706454e-02,2.413793103448275967e-01,1.567796610169491511e-01,7.826086956521739746e-02,3.823529411764705621e-01,1.402439024390244038e-01,1.250000000000000000e-01,1.339285714285714246e-01,2.704918032786885473e-01,7.638888888888889506e-02,3.541666666666666852e-01,4.047619047619047672e-01,1.896551724137930939e-01,1.346153846153846090e-01,1.804511278195488622e-01,1.612903225806451568e-01,1.242603550295857950e-01,0.000000000000000000e+00,1.721311475409836034e-01,1.384615384615384692e-01,1.896551724137930939e-01,1.000000000000000056e-01,3.190184049079754502e-01,6.395348837209302584e-02,3.170731707317073211e-01,2.874251497005987921e-01,2.352941176470588203e-01,8.749999999999999445e-02,1.346153846153846090e-01,2.290502793296089468e-01,9.340659340659340781e-02,7.954545454545454419e-02,9.210526315789473173e-02,7.216494845360824084e-02,8.713692946058090860e-02,4.347826086956521618e-02,8.333333333333332871e-02,0.000000000000000000e+00,8.823529411764706454e-02,0.000000000000000000e+00,1.199999999999999956e-01,1.133333333333333276e-01,1.851851851851851749e-01,8.823529411764706454e-02,1.309523809523809590e-01,1.449275362318840597e-02,1.590909090909090884e-01,1.289198606271776959e-01,2.241379310344827624e-01,1.324041811846689842e-01,2.958579881656804855e-01,9.090909090909091161e-02,1.714285714285714302e-01,1.263940520446096560e-01,2.631578947368420907e-01,8.426966292134831227e-02,1.301775147928994070e-01,6.578947368421052266e-02,1.704035874439461806e-01,1.071428571428571369e-01,0.000000000000000000e+00,8.510638297872340219e-02,0.000000000000000000e+00,1.601941747572815655e-01,8.888888888888889228e-02,8.196721311475409222e-02,5.555555555555555247e-02,1.333333333333333315e-01,1.111111111111111049e-01,1.166666666666666685e-01,1.666666666666666574e-01,1.739130434782608647e-01,1.499999999999999944e-01,1.481481481481481399e-01,3.333333333333333148e-01,0.000000000000000000e+00,2.222222222222222099e-01,0.000000000000000000e+00,0.000000000000000000e+00,1.322314049586776896e-01,1.587301587301587213e-01,1.039999999999999952e-01,1.562500000000000000e-01,1.499999999999999944e-01,1.720430107526881858e-01,1.683168316831683275e-01,2.229299363057324901e-01,1.034482758620689641e-01,3.225806451612903136e-01,2.524271844660194164e-01,7.751937984496123923e-02,5.882352941176470507e-02,2.727272727272727071e-01,1.388888888888888951e-01,4.303797468354430555e-01,0.000000000000000000e+00,1.641791044776119424e-01,0.000000000000000000e+00,1.463414634146341375e-01,4.186046511627907196e-01,1.066176470588235253e-01,0.000000000000000000e+00,0.000000000000000000e+00,3.636363636363636465e-01,1.071428571428571369e-01,1.463414634146341375e-01,1.179245283018867940e-01,3.676975945017182390e-01,3.548387096774193727e-01,1.343283582089552231e-01,3.666666666666666408e-01,2.000000000000000111e-01,1.045454545454545386e-01,1.333333333333333315e-01,3.793103448275861878e-01,1.339712918660287133e-01,9.803921568627450844e-02,0.000000000000000000e+00,1.562500000000000000e-01,1.129032258064516098e-01,0.000000000000000000e+00,1.282051282051281937e-01,1.190476190476190410e-01,2.500000000000000000e-01,3.257575757575757458e-01,3.012820512820512664e-01,1.111111111111111049e-01,0.000000000000000000e+00,7.692307692307692735e-02,1.538461538461538547e-01,1.278195488721804440e-01,1.052631578947368363e-01,5.970149253731343170e-02,1.875000000000000000e-01,1.111111111111111049e-01,1.379310344827586188e-01,1.043956043956043994e-01,1.134020618556701027e-01,0.000000000000000000e+00,1.458333333333333426e-01,2.343750000000000000e-01,1.529411764705882470e-01,1.142857142857142821e-01,1.643835616438356073e-01,1.479999999999999927e-01,2.500000000000000000e-01,3.988095238095238360e-01,0.000000000000000000e+00,5.555555555555555247e-02,0.000000000000000000e+00,0.000000000000000000e+00,0.000000000000000000e+00,1.304347826086956486e-01,1.463414634146341375e-01,3.024390243902438935e-01,0.000000000000000000e+00,8.928571428571428770e-02,0.000000000000000000e+00,1.436170212765957577e-01,1.492537313432835688e-01,3.559322033898305038e-01,2.222222222222222099e-01,0.000000000000000000e+00,0.000000000000000000e+00,1.351351351351351426e-01,3.188405797101449002e-01,1.272727272727272596e-01,2.934131736526945922e-01,2.074074074074074014e-01,3.222222222222222432e-01,9.444444444444444198e-02,2.765957446808510745e-01,1.145374449339207068e-01,1.038961038961039030e-01,1.282051282051281937e-01,1.235294117647058876e-01,1.428571428571428492e-01,1.395348837209302306e-01,1.673469387755102122e-01,2.746478873239436846e-01,0.000000000000000000e+00,1.250000000000000000e-01,2.272727272727272652e-01,1.384615384615384692e-01,3.611111111111111049e-01,2.121212121212121271e-01,0.000000000000000000e+00,3.861386138613861485e-01,1.057268722466960381e-01,1.387755102040816313e-01,0.000000000000000000e+00,1.562500000000000000e-01,0.000000000000000000e+00,0.000000000000000000e+00,4.000000000000000222e-01,0.000000000000000000e+00,6.382978723404254817e-02,1.210191082802547780e-01,1.578947368421052544e-01,1.000000000000000056e-01,8.670520231213872664e-02,2.690355329949238317e-01,1.952662721893491105e-01,3.333333333333333148e-01,1.147540983606557402e-01,2.203389830508474534e-01,1.206896551724137984e-01,1.369294605809128762e-01,1.147540983606557402e-01,3.048128342245989275e-01,0.000000000000000000e+00,3.846153846153846367e-02,8.888888888888889228e-02,1.144067796610169496e-01,9.876543209876542662e-02,8.896797153024911531e-02,1.604938271604938183e-01,1.219512195121951192e-01,0.000000000000000000e+00,0.000000000000000000e+00,1.739130434782608647e-01,0.000000000000000000e+00,1.651376146788990917e-01,0.000000000000000000e+00,1.399176954732510303e-01,2.593984962406015171e-01,1.952191235059760888e-01,0.000000000000000000e+00,3.809523809523809312e-01,2.845528455284552782e-01,2.027027027027027140e-01,1.964285714285714246e-01,1.384615384615384692e-01,2.285714285714285643e-01,2.096774193548387177e-01,2.027027027027027140e-01,6.666666666666666574e-02,2.222222222222222099e-01,1.617647058823529493e-01,1.298701298701298579e-01,1.780821917808219079e-01,1.971830985915492829e-01,2.602739726027397116e-01,9.836065573770491621e-02,2.000000000000000111e-01,1.466666666666666674e-01,8.823529411764706454e-02,1.587301587301587213e-01,1.296296296296296224e-01,1.355932203389830504e-01
8.571428571428570953e-01,9.259259259259259300e-01,1.000000000000000000e+00,9.000000000000000222e-01,1.000000000000000000e+00,1.000000000000000000e+00,0.000000000000000000e+00,0.000000000000000000e+00,0.000000000000000000e+00,0.000000000000000000e+00,7.777777777777777901e-01,1.000000000000000000e+00,1.000000000000000000e+00,0.000000000000000000e+00,1.000000000000000000e+00,1.000000000000000000e+00,8.571428571428570953e-01,8.666666666666666963e-01,1.000000000000000000e+00,0.000000000000000000e+00,8.333333333333333703e-01,0.000000000000000000e+00,9.259259259259259300e-01,9.117647058823529216e-01,1.000000000000000000e+00,0.000000000000000000e+00,7.500000000000000000e-01,8.000000000000000444e-01,8.518518518518518601e-01,9.062500000000000000e-01,6.666666666666666297e-01,8.947368421052631637e-01,1.000000000000000000e+00,9.354838709677418818e-01,9.230769230769231282e-01,7.692307692307692735e-01,8.571428571428570953e-01,1.000000000000000000e+00,1.000000000000000000e+00,9.666666666666666741e-01,0.000000000000000000e+00,9.230769230769231282e-01,1.000000000000000000e+00,9.259259259259259300e-01,1.000000000000000000e+00,0.000000000000000000e+00,8.076923076923077094e-01,1.000000000000000000e+00,8.823529411764705621e-01,5.000000000000000000e-01,9.655172413793103869e-01,5.000000000000000000e-01,1.000000000000000000e+00,5.000000000000000000e-01,1.000000000000000000e+00,1.000000000000000000e+00,6.666666666666666297e-01,1.000000000000000000e+00,8.000000000000000444e-01,1.000000000000000000e+00,6.666666666666666297e-01,9.523809523809523281e-01,9.333333333333333481e-01,1.000000000000000000e+00,8.518518518518518601e-01,6.666666666666666297e-01,8.571428571428570953e-01,1.000000000000000000e+00,1.000000000000000000e+00,8.333333333333333703e-01,8.421052631578946901e-01,1.000000000000000000e+00,9.523809523809523281e-01,8.181818181818182323e-01,1.000000000000000000e+00,8.666666666666666963e-01,8.333333333333333703e-01,8.780487804878048808e-01,8.000000000000000444e-01,9.310344827586206629e-01,9.310344827586206629e-01,1.000000000000000000e+00,1.000000000000000000e+00,7.500000000000000000e-01,1.000000000000000000e+00,8.333333333333333703e-01,9.599999999999999645e-01,0.000000000000000000e+00,9.130434782608695121e-01,8.750000000000000000e-01,8.888888888888888395e-01,1.000000000000000000e+00,9.259259259259259300e-01,9.000000000000000222e-01,8.000000000000000444e-01,7.600000000000000089e-01,8.750000000000000000e-01,1.000000000000000000e+00,8.333333333333333703e-01,8.846153846153845812e-01,9.375000000000000000e-01,9.000000000000000222e-01,9.000000000000000222e-01,8.437500000000000000e-01,7.317073170731707155e-01,2.500000000000000000e-01,1.000000000000000000e+00,0.000000000000000000e+00,8.181818181818182323e-01,0.000000000000000000e+00,8.000000000000000444e-01,8.292682926829267887e-01,1.000000000000000000e+00,8.421052631578946901e-01,1.000000000000000000e+00,9.000000000000000222e-01,5.000000000000000000e-01,8.333333333333333703e-01,9.285714285714286031e-01,8.863636363636363535e-01,1.000000000000000000e+00,9.444444444444444198e-01,1.000000000000000000e+00,9.200000000000000400e-01,1.000000000000000000e+00,9.090909090909090606e-01,7.391304347826086474e-01,8.181818181818182323e-01,9.411764705882352811e-01,1.000000000000000000e+00,0.000000000000000000e+00,1.000000000000000000e+00,0.000000000000000000e+00,9.333333333333333481e-01,9.523809523809523281e-01,1.000000000000000000e+00,1.000000000000000000e+00,9.000000000000000222e-01,8.000000000000000444e-01,8.000000000000000444e-01,8.750000000000000000e-01,9.411764705882352811e-01,1.000000000000000000e+00,8.000000000000000444e-01,1.000000000000000000e+00,0.000000000000000000e+00,0.000000000000000000e+00,0.000000000000000000e+00,0.000000000000000000e+00,1.000000000000000000e+00,8.947368421052631637e-01,8.888888888888888395e-01,1.000000000000000000e+00,1.000000000000000000e+00,8.529411764705882026e-01,1.000000000000000000e+00,1.000000000000000000e+00,1.000000000000000000e+00,1.000000000000000000e+00,1.000000000000000000e+00,9.499999999999999556e-01,1.000000000000000000e+00,1.000000000000000000e+00,8.800000000000000044e-01,1.000000000000000000e+00,0.000000000000000000e+00,1.000000000000000000e+00,0.000000000000000000e+00,1.000000000000000000e+00,1.000000000000000000e+00,8.837209302325581550e-01,0.000000000000000000e+00,0.000000000000000000e+00,6.666666666666666297e-01,1.000000000000000000e+00,1.000000000000000000e+00,7.826086956521739468e-01,9.142857142857142572e-01,7.500000000000000000e-01,9.499999999999999556e-01,1.000000000000000000e+00,1.000000000000000000e+00,1.000000000000000000e+00,1.000000000000000000e+00,1.000000000000000000e+00,9.000000000000000222e-01,7.500000000000000000e-01,0.000000000000000000e+00,1.000000000000000000e+00,1.000000000000000000e+00,0.000000000000000000e+00,8.571428571428570953e-01,8.571428571428570953e-01,1.000000000000000000e+00,1.000000000000000000e+00,7.272727272727272929e-01,8.571428571428570953e-01,0.000000000000000000e+00,7.777777777777777901e-01,8.333333333333333703e-01,8.636363636363636465e-01,8.750000000000000000e-01,9.090909090909090606e-01,9.230769230769231282e-01,1.000000000000000000e+00,1.000000000000000000e+00,8.750000000000000000e-01,8.333333333333333703e-01,0.000000000000000000e+00,8.000000000000000444e-01,1.000000000000000000e+00,9.285714285714286031e-01,1.000000000000000000e+00,8.888888888888888395e-01,9.032258064516128782e-01,1.000000000000000000e+00,9.375000000000000000e-01,0.000000000000000000e+00,1.000000000000000000e+00,0.000000000000000000e+00,0.000000000000000000e+00,0.000000000000000000e+00,9.411764705882352811e-01,4.285714285714285476e-01,9.393939393939394478e-01,0.000000000000000000e+00,6.666666666666666297e-01,0.000000000000000000e+00,7.368421052631578538e-01,1.000000000000000000e+00,1.000000000000000000e+00,1.000000000000000000e+00,0.000000000000000000e+00,0.000000000000000000e+00,9.200000000000000400e-01,1.000000000000000000e+00,1.000000000000000000e+00,8.000000000000000444e-01,1.000000000000000000e+00,8.333333333333333703e-01,7.931034482758620996e-01,9.000000000000000222e-01,8.846153846153845812e-01,9.285714285714286031e-01,1.000000000000000000e+00,1.000000000000000000e+00,1.000000000000000000e+00,8.461538461538461453e-01,8.333333333333333703e-01,8.750000000000000000e-01,0.000000000000000000e+00,1.000000000000000000e+00,8.333333333333333703e-01,9.090909090909090606e-01,1.000000000000000000e+00,0.000000000000000000e+00,0.000000000000000000e+00,9.090909090909090606e-01,7.931034482758620996e-01,9.230769230769231282e-01,0.000000000000000000e+00,8.750000000000000000e-01,0.000000000000000000e+00,0.000000000000000000e+00,1.000000000000000000e+00,0.000000000000000000e+00,1.000000000000000000e+00,7.826086956521739468e-01,7.500000000000000000e-01,9.375000000000000000e-01,9.230769230769231282e-01,9.583333333333333703e-01,8.235294117647058432e-01,8.750000000000000000e-01,1.000000000000000000e+00,1.000000000000000000e+00,9.499999999999999556e-01,8.666666666666666963e-01,9.411764705882352811e-01,9.000000000000000222e-01,0.000000000000000000e+00,1.000000000000000000e+00,1.000000000000000000e+00,8.928571428571429047e-01,1.000000000000000000e+00,8.048780487804878536e-01,8.333333333333333703e-01,8.333333333333333703e-01,7.500000000000000000e-01,0.000000000000000000e+00,1.000000000000000000e+00,0.000000000000000000e+00,9.333333333333333481e-01,1.000000000000000000e+00,8.249999999999999556e-01,9.666666666666666741e-01,8.333333333333333703e-01,0.000000000000000000e+00,1.000000000000000000e+00,8.181818181818182323e-01,8.333333333333333703e-01,1.000000000000000000e+00,7.500000000000000000e-01,1.000000000000000000e+00,9.230769230769231282e-01,8.888888888888888395e-01,5.714285714285713969e-01,1.000000000000000000e+00,1.000000000000000000e+00,8.333333333333333703e-01,9.000000000000000222e-01,7.500000000000000000e-01,1.000000000000000000e+00,9.000000000000000222e-01,8.888888888888888395e-01,1.000000000000000000e+00,1.000000000000000000e+00,6.666666666666666297e-01,1.000000000000000000e+00,9.285714285714286031e-01
0.000000000000000000e+00,0.000000000000000000e+00,0.000000000000000000e+00,0.000000000000000000e+00,0.000000000000000000e+00,0.000000000000000000e+00,0.000000000000000000e+00,0.000000000000000000e+00,0.000000000000000000e+00,0.000000000000000000e+00,0.000000000000000000e+00,0.000000000000000000e+00,0.000000000000000000e+00,0.000000000000000000e+00,0.000000000000000000e+00,0.000000000000000000e+00,0.000000000000000000e+00,0.000000000000000000e+00,0.000000000000000000e+00,0.000000000000000000e+00,0.000000000000000000e+00,0.000000000000000000e+00,0.000000000000000000e+00,0.000000000000000000e+00,0.000000000000000000e+00,0.000000000000000000e+00,0.000000000000000000e+00,0.000000000000000000e+00,0.000000000000000000e+00,0.000000000000000000e+00,0.000000000000000000e+00,0.000000000000000000e+00,0.000000000000000000e+00,0.000000000000000000e+00,0.000000000000000000e+00,0.000000000000000000e+00,0.000000000000000000e+00,0.000000000000000000e+00,0.000000000000000000e+00,0.000000000000000000e+00,0.000000000000000000e+00,0.000000000000000000e+00,0.000000000000000000e+00,0.000000000000000000e+00,0.000000000000000000e+00,0.000000000000000000e+00,0.000000000000000000e+00,0.000000000000000000e+00,0.000000000000000000e+00,0.000000000000000000e+00,0.000000000000000000e+00,0.000000000000000000e+00,0.000000000000000000e+00,0.000000000000000000e+00,0.000000000000000000e+00,0.000000000000000000e+00,0.000000000000000000e+00,0.000000000000000000e+00,0.000000000000000000e+00,0.000000000000000000e+00,0.000000000000000000e+00,0.000000000000000000e+00,0.000000000000000000e+00,0.000000000000000000e+00,0.000000000000000000e+00,0.000000000000000000e+00,0.000000000000000000e+00,0.000000000000000000e+00,0.000000000000000000e+00,0.000000000000000000e+00,0.000000000000000000e+00,0.000000000000000000e+00,0.000000000000000000e+00,0.000000000000000000e+00,0.000000000000000000e+00,0.000000000000000000e+00,0.000000000000000000e+00,0.000000000000000000e+00,0.000000000000000000e+00,0.000000000000000000e+00,0.000000000000000000e+00,0.000000000000000000e+00,0.000000000000000000e+00,0.000000000000000000e+00,0.000000000000000000e+00,0.000000000000000000e+00,0.000000000000000000e+00,0.000000000000000000e+00,0.000000000000000000e+00,0.000000000000000000e+00,0.000000000000000000e+00,0.000000000000000000e+00,0.000000000000000000e+00,0.000000000000000000e+00,0.000000000000000000e+00,0.000000000000000000e+00,0.000000000000000000e+00,0.000000000000000000e+00,0.000000000000000000e+00,0.000000000000000000e+00,0.000000000000000000e+00,0.000000000000000000e+00,0.000000000000000000e+00,0.000000000000000000e+00,0.000000000000000000e+00,0.000000000000000000e+00,0.000000000000000000e+00,0.000000000000000000e+00,0.000000000000000000e+00,0.000000000000000000e+00,0.000000000000000000e+00,0.000000000000000000e+00,0.000000000000000000e+00,0.000000000000000000e+00,0.000000000000000000e+00,0.000000000000000000e+00,0.000000000000000000e+00,0.000000000000000000e+00,0.000000000000000000e+00,0.000000000000000000e+00,0.000000000000000000e+00,0.000000000000000000e+00,0.000000000000000000e+00,0.000000000000000000e+00,0.000000000000000000e+00,0.000000000000000000e+00,0.000000000000000000e+00,0.000000000000000000e+00,0.000000000000000000e+00,0.000000000000000000e+00,0.000000000000000000e+00,0.000000000000000000e+00,0.000000000000000000e+00,0.000000000000000000e+00,0.000000000000000000e+00,0.000000000000000000e+00,0.000000000000000000e+00,0.000000000000000000e+00,0.000000000000000000e+00,0.000000000000000000e+00,0.000000000000000000e+00,0.000000000000000000e+00,0.000000000000000000e+00,0.000000000000000000e+00,0.000000000000000000e+00,0.000000000000000000e+00,0.000000000000000000e+00,0.000000000000000000e+00,0.000000000000000000e+00,0.000000000000000000e+00,0.000000000000000000e+00,0.000000000000000000e+00,0.000000000000000000e+00,0.000000000000000000e+00,0.000000000000000000e+00,0.000000000000000000e+00,0.000000000000000000e+00,0.000000000000000000e+00,0.000000000000000000e+00,0.000000000000000000e+00,0.000000000000000000e+00,0.000000000000000000e+00,0.000000000000000000e+00,0.000000000000000000e+00,0.000000000000000000e+00,0.000000000000000000e+00,0.000000000000000000e+00,0.000000000000000000e+00,0.000000000000000000e+00,0.000000000000000000e+00,0.000000000000000000e+00,0.000000000000000000e+00,0.000000000000000000e+00,0.000000000000000000e+00,0.000000000000000000e+00,0.000000000000000000e+00,0.000000000000000000e+00,0.000000000000000000e+00,0.000000000000000000e+00,0.000000000000000000e+00,0.000000000000000000e+00,0.000000000000000000e+00,0.000000000000000000e+00,0.000000000000000000e+00,0.000000000000000000e+00,0.000000000000000000e+00,0.000000000000000000e+00,0.000000000000000000e+00,0.000000000000000000e+00,0.000000000000000000e+00,0.000000000000000000e+00,0.000000000000000000e+00,0.000000000000000000e+00,0.000000000000000000e+00,0.000000000000000000e+00,0.000000000000000000e+00,0.000000000000000000e+00,0.000000000000000000e+00,0.000000000000000000e+00,0.000000000000000000e+00,0.000000000000000000e+00,0.000000000000000000e+00,0.000000000000000000e+00,0.000000000000000000e+00,0.000000000000000000e+00,0.000000000000000000e+00,0.000000000000000000e+00,0.000000000000000000e+00,0.000000000000000000e+00,0.000000000000000000e+00,0.000000000000000000e+00,0.000000000000000000e+00,0.000000000000000000e+00,0.000000000000000000e+00,0.000000000000000000e+00,0.000000000000000000e+00,0.000000000000000000e+00,0.000000000000000000e+00,0.000000000000000000e+00,0.000000000000000000e+00,0.000000000000000000e+00,0.000000000000000000e+00,0.000000000000000000e+00,0.000000000000000000e+00,0.000000000000000000e+00,0.000000000000000000e+00,0.000000000000000000e+00,0.000000000000000000e+00,0.000000000000000000e+00,0.000000000000000000e+00,0.000000000000000000e+00,0.000000000000000000e+00,0.000000000000000000e+00,0.000000000000000000e+00,0.000000000000000000e+00,0.000000000000000000e+00,0.000000000000000000e+00,0.000000000000000000e+00,0.000000000000000000e+00,0.000000000000000000e+00,0.000000000000000000e+00,0.000000000000000000e+00,0.000000000000000000e+00,0.000000000000000000e+00,0.000000000000000000e+00,0.000000000000000000e+00,0.000000000000000000e+00,0.000000000000000000e+00,0.000000000000000000e+00,0.000000000000000000e+00,0.000000000000000000e+00,0.000000000000000000e+00,0.000000000000000000e+00,0.000000000000000000e+00,0.000000000000000000e+00,0.000000000000000000e+00,0.000000000000000000e+00,0.000000000000000000e+00,0.000000000000000000e+00,0.000000000000000000e+00,0.000000000000000000e+00,0.000000000000000000e+00,0.000000000000000000e+00,0.000000000000000000e+00,0.000000000000000000e+00,0.000000000000000000e+00,0.000000000000000000e+00,0.000000000000000000e+00,0.000000000000000000e+00,0.000000000000000000e+00,0.000000000000000000e+00,0.000000000000000000e+00,0.000000000000000000e+00,0.000000000000000000e+00,0.000000000000000000e+00,0.000000000000000000e+00,0.000000000000000000e+00,0.000000000000000000e+00,0.000000000000000000e+00,0.000000000000000000e+00,0.000000000000000000e+00,0.000000000000000000e+00,0.000000000000000000e+00,0.000000000000000000e+00,0.000000000000000000e+00,0.000000000000000000e+00,0.000000000000000000e+00,0.000000000000000000e+00,0.000000000000000000e+00,0.000000000000000000e+00,0.000000000000000000e+00,0.000000000000000000e+00,0.000000000000000000e+00,0.000000000000000000e+00,0.000000000000000000e+00,0.000000000000000000e+00,0.000000000000000000e+00,0.000000000000000000e+00,0.000000000000000000e+00,0.000000000000000000e+00,0.000000000000000000e+00,0.000000000000000000e+00,0.000000000000000000e+00,0.000000000000000000e+00,0.000000000000000000e+00,0.000000000000000000e+00,0.000000000000000000e+00,0.000000000000000000e+00,0.000000000000000000e+00,0.000000000000000000e+00,0.000000000000000000e+00,0.000000000000000000e+00,0.000000000000000000e+00,0.000000000000000000e+00,0.000000000000000000e+00,0.000000000000000000e+00,0.000000000000000000e+00,0.000000000000000000e+00,0.000000000000000000e+00,0.000000000000000000e+00
0.000000000000000000e+00,0.000000000000000000e+00,0.000000000000000000e+00,0.000000000000000000e+00,0.000000000000000000e+00,0.000000000000000000e+00,0.000000000000000000e+00,0.000000000000000000e+00,0.000000000000000000e+00,0.000000000000000000e+00,0.000000000000000000e+00,0.000000000000000000e+00,0.000000000000000000e+00,0.000000000000000000e+00,0.000000000000000000e+00,0.000000000000000000e+00,0.000000000000000000e+00,0.000000000000000000e+00,0.000000000000000000e+00,0.000000000000000000e+00,0.000000000000000000e+00,0.000000000000000000e+00,0.000000000000000000e+00,0.000000000000000000e+00,0.000000000000000000e+00,0.000000000000000000e+00,0.000000000000000000e+00,0.000000000000000000e+00,0.000000000000000000e+00,0.000000000000000000e+00,0.000000000000000000e+00,0.000000000000000000e+00,0.000000000000000000e+00,0.000000000000000000e+00,0.000000000000000000e+00,0.000000000000000000e+00,0.000000000000000000e+00,0.000000000000000000e+00,0.000000000000000000e+00,0.000000000000000000e+00,0.000000000000000000e+00,0.000000000000000000e+00,0.000000000000000000e+00,0.000000000000000000e+00,0.000000000000000000e+00,0.000000000000000000e+00,0.000000000000000000e+00,0.000000000000000000e+00,0.000000000000000000e+00,0.000000000000000000e+00,0.000000000000000000e+00,0.000000000000000000e+00,0.000000000000000000e+00,0.000000000000000000e+00,0.000000000000000000e+00,0.000000000000000000e+00,0.000000000000000000e+00,0.000000000000000000e+00,0.000000000000000000e+00,0.000000000000000000e+00,0.000000000000000000e+00,0.000000000000000000e+00,0.000000000000000000e+00,0.000000000000000000e+00,0.000000000000000000e+00,0.000000000000000000e+00,0.000000000000000000e+00,0.000000000000000000e+00,0.000000000000000000e+00,0.000000000000000000e+00,0.000000000000000000e+00,0.000000000000000000e+00,0.000000000000000000e+00,0.000000000000000000e+00,0.000000000000000000e+00,0.000000000000000000e+00,0.000000000000000000e+00,0.000000000000000000e+00,0.000000000000000000e+00,0.000000000000000000e+00,0.000000000000000000e+00,0.000000000000000000e+00,0.000000000000000000e+00,0.000000000000000000e+00,0.000000000000000000e+00,0.000000000000000000e+00,0.000000000000000000e+00,0.000000000000000000e+00,0.000000000000000000e+00,0.000000000000000000e+00,0.000000000000000000e+00,0.000000000000000000e+00,0.000000000000000000e+00,0.000000000000000000e+00,0.000000000000000000e+00,0.000000000000000000e+00,0.000000000000000000e+00,0.000000000000000000e+00,0.000000000000000000e+00,0.000000000000000000e+00,0.000000000000000000e+00,0.000000000000000000e+00,0.000000000000000000e+00,0.000000000000000000e+00,0.000000000000000000e+00,0.000000000000000000e+00,0.000000000000000000e+00,0.000000000000000000e+00,0.000000000000000000e+00,0.000000000000000000e+00,0.000000000000000000e+00,0.000000000000000000e+00,0.000000000000000000e+00,0.000000000000000000e+00,0.000000000000000000e+00,0.000000000000000000e+00,0.000000000000000000e+00,0.000000000000000000e+00,0.000000000000000000e+00,0.000000000000000000e+00,0.000000000000000000e+00,0.000000000000000000e+00,0.000000000000000000e+00,0.000000000000000000e+00,0.000000000000000000e+00,0.000000000000000000e+00,0.000000000000000000e+00,0.000000000000000000e+00,0.000000000000000000e+00,0.000000000000000000e+00,0.000000000000000000e+00,0.000000000000000000e+00,0.000000000000000000e+00,0.000000000000000000e+00,0.000000000000000000e+00,0.000000000000000000e+00,0.000000000000000000e+00,0.000000000000000000e+00,0.000000000000000000e+00,0.000000000000000000e+00,0.000000000000000000e+00,0.000000000000000000e+00,0.000000000000000000e+00,0.000000000000000000e+00,0.000000000000000000e+00,0.000000000000000000e+00,0.000000000000000000e+00,0.000000000000000000e+00,0.000000000000000000e+00,0.000000000000000000e+00,0.000000000000000000e+00,0.000000000000000000e+00,0.000000000000000000e+00,0.000000000000000000e+00,0.000000000000000000e+00,0.000000000000000000e+00,0.000000000000000000e+00,0.000000000000000000e+00,0.000000000000000000e+00,0.000000000000000000e+00,0.000000000000000000e+00,0.000000000000000000e+00,0.000000000000000000e+00,0.000000000000000000e+00,0.000000000000000000e+00,0.000000000000000000e+00,0.000000000000000000e+00,0.000000000000000000e+00,0.000000000000000000e+00,0.000000000000000000e+00,0.000000000000000000e+00,0.000000000000000000e+00,0.000000000000000000e+00,0.000000000000000000e+00,0.000000000000000000e+00,0.000000000000000000e+00,0.000000000000000000e+00,0.000000000000000000e+00,0.000000000000000000e+00,0.000000000000000000e+00,0.000000000000000000e+00,0.000000000000000000e+00,0.000000000000000000e+00,0.000000000000000000e+00,0.000000000000000000e+00,0.000000000000000000e+00,0.000000000000000000e+00,0.000000000000000000e+00,0.000000000000000000e+00,0.000000000000000000e+00,0.000000000000000000e+00,0.000000000000000000e+00,0.000000000000000000e+00,0.000000000000000000e+00,0.000000000000000000e+00,0.000000000000000000e+00,0.000000000000000000e+00,0.000000000000000000e+00,0.000000000000000000e+00,0.000000000000000000e+00,0.000000000000000000e+00,0.000000000000000000e+00,0.000000000000000000e+00,0.000000000000000000e+00,0.000000000000000000e+00,0.000000000000000000e+00,0.000000000000000000e+00,0.000000000000000000e+00,0.000000000000000000e+00,0.000000000000000000e+00,0.000000000000000000e+00,0.000000000000000000e+00,0.000000000000000000e+00,0.000000000000000000e+00,0.000000000000000000e+00,0.000000000000000000e+00,0.000000000000000000e+00,0.000000000000000000e+00,0.000000000000000000e+00,0.000000000000000000e+00,0.000000000000000000e+00,0.000000000000000000e+00,0.000000000000000000e+00,0.000000000000000000e+00,0.000000000000000000e+00,0.000000000000000000e+00,0.000000000000000000e+00,0.000000000000000000e+00,0.000000000000000000e+00,0.000000000000000000e+00,0.000000000000000000e+00,0.000000000000000000e+00,0.000000000000000000e+00,0.000000000000000000e+00,0.000000000000000000e+00,0.000000000000000000e+00,0.000000000000000000e+00,0.000000000000000000e+00,0.000000000000000000e+00,0.000000000000000000e+00,0.000000000000000000e+00,0.000000000000000000e+00,0.000000000000000000e+00,0.000000000000000000e+00,0.000000000000000000e+00,0.000000000000000000e+00,0.000000000000000000e+00,0.000000000000000000e+00,0.000000000000000000e+00,0.000000000000000000e+00,0.000000000000000000e+00,0.000000000000000000e+00,0.000000000000000000e+00,0.000000000000000000e+00,0.000000000000000000e+00,0.000000000000000000e+00,0.000000000000000000e+00,0.000000000000000000e+00,0.000000000000000000e+00,0.000000000000000000e+00,0.000000000000000000e+00,0.000000000000000000e+00,0.000000000000000000e+00,0.000000000000000000e+00,0.000000000000000000e+00,0.000000000000000000e+00,0.000000000000000000e+00,0.000000000000000000e+00,0.000000000000000000e+00,0.000000000000000000e+00,0.000000000000000000e+00,0.000000000000000000e+00,0.000000000000000000e+00,0.000000000000000000e+00,0.000000000000000000e+00,0.000000000000000000e+00,0.000000000000000000e+00,0.000000000000000000e+00,0.000000000000000000e+00,0.000000000000000000e+00,0.000000000000000000e+00,0.000000000000000000e+00,0.000000000000000000e+00,0.000000000000000000e+00,0.000000000000000000e+00,0.000000000000000000e+00,0.000000000000000000e+00,0.000000000000000000e+00,0.000000000000000000e+00,0.000000000000000000e+00,0.000000000000000000e+00,0.000000000000000000e+00,0.000000000000000000e+00,0.000000000000000000e+00,0.000000000000000000e+00,0.000000000000000000e+00,0.000000000000000000e+00,0.000000000000000000e+00,0.000000000000000000e+00,0.000000000000000000e+00,0.000000000000000000e+00,0.000000000000000000e+00,0.000000000000000000e+00,0.000000000000000000e+00,0.000000000000000000e+00,0.000000000000000000e+00,0.000000000000000000e+00,0.000000000000000000e+00,0.000000000000000000e+00,0.000000000000000000e+00,0.000000000000000000e+00,0.000000000000000000e+00,0.000000000000000000e+00,0.000000000000000000e+00,0.000000000000000000e+00,0.000000000000000000e+00,0.000000000000000000e+00,0.000000000000000000e+00,0.000000000000000000e+00,0.000000000000000000e+00
3.219339622641509413e-01,1.645569620253164445e-01,8.300395256916996700e-02,9.481216457960643662e-02,7.948717948717948234e-02,7.643312101910827716e-02,0.000000000000000000e+00,0.000000000000000000e+00,0.000000000000000000e+00,1.538461538461538547e-01,1.881390593047034820e-01,1.832797427652733124e-01,1.454545454545454475e-01,0.000000000000000000e+00,1.516034985422740622e-01,1.294642857142857262e-01,1.435986159169550247e-01,1.139137510170870615e-01,1.753246753246753276e-01,5.468750000000000000e-02,1.718750000000000000e-01,0.000000000000000000e+00,1.238938053097345116e-01,1.265930331350892113e-01,1.326530612244898044e-01,0.000000000000000000e+00,3.481012658227847917e-02,2.918149466192170860e-01,1.096023278370513998e-01,2.730964467005075891e-01,2.666666666666666630e-01,1.430517711171662154e-01,3.110236220472440971e-01,1.118067978533094781e-01,1.271331058020477855e-01,1.198067632850241537e-01,1.346938775510204134e-01,1.175637393767705319e-01,1.851851851851851749e-01,3.392107472712006522e-01,2.797202797202797409e-01,2.406504065040650509e-01,1.315789473684210453e-01,1.017569546120058593e-01,9.635974304068523066e-02,0.000000000000000000e+00,1.204605845881310949e-01,1.525423728813559421e-01,1.015339663988312630e-01,1.338028169014084390e-01,1.616650532429816101e-01,5.287958115183245544e-01,9.762532981530343268e-02,1.281138790035587227e-01,2.992700729927007530e-01,1.572580645161290314e-01,2.142857142857142738e-01,1.496062992125984370e-01,1.876430205949656815e-01,3.389544688026981389e-01,8.241758241758241621e-02,1.297497683039851579e-01,1.258561643835616473e-01,1.097560975609756101e-01,3.542600896860986781e-01,1.084905660377358527e-01,7.084019769357495500e-02,1.637931034482758563e-01,1.389830508474576287e-01,5.637982195845697014e-02,1.160220994475138073e-01,1.096892138939670885e-01,2.547021943573667957e-01,1.638065522620904824e-01,1.297619047619047727e-01,1.315519013360740008e-01,5.555555555555555247e-02,1.108002238388360317e-01,5.206463195691202889e-02,3.650963597430406660e-01,1.337480559875583175e-01,1.498771498771498678e-01,1.723027375201288125e-01,3.417721518987341667e-01,1.252032520325203346e-01,1.735015772870662498e-01,1.061224489795918324e-01,0.000000000000000000e+00,2.405446293494704901e-01,1.892307692307692302e-01,2.453825857519788822e-01,2.149532710280373793e-01,1.257485029940119681e-01,1.577123050259965353e-01,1.704035874439461806e-01,1.090712742980561589e-01,9.348739495798319421e-02,1.517857142857142738e-01,7.612456747404844348e-02,1.150652431791221869e-01,1.219211822660098560e-01,1.123966942148760390e-01,7.563025210084033112e-02,1.270903010033444802e-01,1.223980016652789354e-01,1.071428571428571369e-01,6.857142857142857484e-02,0.000000000000000000e+00,3.542116630669546185e-01,0.000000000000000000e+00,3.672316384180790982e-01,1.201456310679611672e-01,1.344696969696969613e-01,1.228070175438596423e-01,1.719858156028368779e-01,9.657947686116699626e-02,1.259541984732824305e-01,1.149710504549214252e-01,1.338028169014084390e-01,2.888609188168659303e-01,1.344086021505376261e-01,1.385927505330490361e-01,1.100000000000000006e-01,2.256669069935111627e-01,1.913580246913580141e-01,2.476958525345622220e-01,1.130653266331658330e-01,1.275252525252525138e-01,1.541186891054030228e-01,3.527508090614886460e-01,0.000000000000000000e+00,1.556420233463035041e-01,0.000000000000000000e+00,1.535471331389698657e-01,1.420247632920611791e-01,1.773584905660377242e-01,8.076923076923077371e-02,1.104921077065923879e-01,1.199999999999999956e-01,1.745283018867924418e-01,8.943089430894309022e-02,3.492462311557789079e-01,5.668016194331983865e-02,1.410891089108910756e-01,2.608695652173912971e-01,0.000000000000000000e+00,2.555555555555555358e-01,0.000000000000000000e+00,0.000000000000000000e+00,1.101573676680972780e-01,1.539838854073410923e-01,3.156565656565656353e-01,1.391752577319587680e-01,1.364764267990074553e-01,1.614147909967845740e-01,1.285956006768189386e-01,1.381766381766381668e-01,1.090225563909774376e-01,1.487603305785124008e-01,1.865546218487394992e-01,1.537242472266243942e-01,1.520467836257309857e-01,1.617021276595744794e-01,3.029439696106362989e-01,6.752411575562701496e-02,0.000000000000000000e+00,1.741935483870967749e-01,0.000000000000000000e+00,3.483606557377049162e-01,1.532258064516129059e-01,1.553784860557768932e-01,0.000000000000000000e+00,0.000000000000000000e+00,2.011494252873563260e-01,3.333333333333333148e-01,1.188118811881188064e-01,9.805735430157261345e-02,1.282051282051281937e-01,1.534653465346534629e-01,1.124880838894184998e-01,8.181818181818181768e-02,3.655913978494623739e-01,1.547368421052631449e-01,3.305785123966942241e-02,6.751054852320674537e-02,1.537785588752196841e-01,8.154506437768239968e-02,0.000000000000000000e+00,2.514970059880239361e-01,3.861892583120204447e-01,0.000000000000000000e+00,1.193656093489148529e-01,2.687338501291989812e-01,8.000000000000000167e-02,1.070707070707070663e-01,2.992957746478873138e-01,1.234096692111959354e-01,0.000000000000000000e+00,3.303571428571428492e-01,3.600973236009732403e-01,1.186440677966101725e-01,7.552083333333332871e-02,2.986698911729141481e-01,1.317254174397031463e-01,8.527131782945736316e-02,1.684782608695652162e-01,1.578483245149911729e-01,1.130185979971387727e-01,0.000000000000000000e+00,3.333333333333333148e-01,1.484375000000000000e-01,1.316568047337278169e-01,9.500000000000000111e-02,1.846965699208443223e-01,1.240632805995004195e-01,9.216589861751152413e-02,1.290322580645161255e-01,0.000000000000000000e+00,6.285714285714286143e-02,0.000000000000000000e+00,0.000000000000000000e+00,9.677419354838709409e-02,6.153846153846154188e-02,1.191709844559585424e-01,1.371918542336548752e-01,0.000000000000000000e+00,1.451104100946372377e-01,0.000000000000000000e+00,1.443695861405197289e-01,1.253333333333333244e-01,1.338028169014084390e-01,1.462450592885375378e-01,0.000000000000000000e+00,0.000000000000000000e+00,3.604488078541374652e-01,9.036144578313252962e-02,3.678809645972293541e-01,1.048593350383631717e-01,1.684981684981685102e-01,1.349557522123893682e-01,1.440588853838065120e-01,1.314487632508833936e-01,2.215999999999999914e-01,1.176470588235294101e-01,1.260504201680672232e-01,1.560818083961248715e-01,2.915129151291512843e-01,1.419068736141906872e-01,3.616613418530351676e-01,2.424639580602883371e-01,0.000000000000000000e+00,1.858974358974359031e-01,1.232091690544412643e-01,1.204055766793409310e-01,1.428571428571428492e-01,2.177121771217712110e-01,0.000000000000000000e+00,1.402298850574712763e-01,1.831290555155010713e-01,1.036764705882353005e-01,0.000000000000000000e+00,9.747292418772562916e-02,0.000000000000000000e+00,0.000000000000000000e+00,1.073446327683615781e-01,0.000000000000000000e+00,1.159420289855072478e-01,8.830548926014319955e-02,1.507537688442210921e-01,1.313485113835376472e-01,9.836065573770491621e-02,1.183496199782844704e-01,1.411625148279952446e-01,1.374606505771248655e-01,1.207430340557275605e-01,1.433333333333333404e-01,1.159715157680569625e-01,1.602870813397129224e-01,3.352468427095292580e-01,1.101223581757508341e-01,0.000000000000000000e+00,2.440944881889763884e-01,1.121076233183856546e-01,3.061383061383061155e-01,3.319415448851774642e-01,1.250822909809085060e-01,9.582309582309582463e-02,1.103603603603603572e-01,1.363636363636363535e-01,0.000000000000000000e+00,9.876543209876542662e-02,0.000000000000000000e+00,1.470113085621971016e-01,9.693877551020407823e-02,2.772940388479571139e-01,1.269451269451269404e-01,1.092369477911646625e-01,0.000000000000000000e+00,8.144796380090497945e-02,1.045627376425855570e-01,1.600000000000000033e-01,1.883561643835616473e-01,1.666666666666666574e-01,1.003460207612456717e-01,1.348684210526315819e-01,1.263157894736842146e-01,1.273291925465838414e-01,1.348684210526315819e-01,1.661891117478510038e-01,1.375000000000000111e-01,1.158940397350993329e-01,1.506024096385542299e-01,1.573426573426573438e-01,1.683168316831683275e-01,1.508951406649616245e-01,1.315789473684210453e-01,1.839464882943143698e-01,1.174377224199288222e-01,1.604095563139931735e-01,1.661341853035143701e-01
1.186440677966101725e-01,1.102661596958174894e-01,1.199999999999999956e-01,5.037037037037036535e-01,3.139534883720930258e-01,3.780487804878048808e-01,0.000000000000000000e+00,0.000000000000000000e+00,0.000000000000000000e+00,1.612903225806451568e-01,1.630434782608695676e-01,1.600000000000000033e-01,1.000000000000000056e-01,0.000000000000000000e+00,9.210526315789473173e-02,1.951219512195122019e-01,1.527093596059113378e-01,3.310580204778156843e-01,1.739130434782608647e-01,4.210526315789473450e-01,2.388059701492537268e-01,0.000000000000000000e+00,3.356890459363957580e-01,4.923076923076923350e-01,1.702127659574468044e-01,0.000000000000000000e+00,3.448275862068965469e-02,6.896551724137930939e-02,7.450980392156862642e-02,1.084905660377358527e-01,1.176470588235294101e-01,2.941176470588235392e-01,7.920792079207920888e-02,7.798165137614679332e-02,3.103448275862069061e-01,7.851239669421487821e-02,1.111111111111111049e-01,7.913669064748200810e-02,2.282608695652173780e-01,9.909909909909909997e-02,2.399999999999999911e-01,1.203007518796992414e-01,2.399999999999999911e-01,6.382978723404254817e-02,8.695652173913043237e-02,0.000000000000000000e+00,1.130434782608695649e-01,2.142857142857142738e-01,9.868421052631579093e-02,9.090909090909091161e-02,1.714285714285714302e-01,3.921568627450980338e-02,1.208791208791208799e-01,1.617647058823529493e-01,1.379310344827586188e-01,3.829787234042553168e-01,1.707317073170731836e-01,1.896551724137930939e-01,3.921568627450980338e-01,7.563025210084033112e-02,1.956521739130434867e-01,3.242187500000000000e-01,3.663793103448275690e-01,4.426229508196721230e-01,1.178707224334600706e-01,1.000000000000000056e-01,3.883495145631067624e-02,1.162790697674418589e-01,1.818181818181818232e-01,9.259259259259258745e-02,1.082251082251082241e-01,1.260504201680672232e-01,1.000000000000000056e-01,1.181102362204724393e-01,3.278688524590163689e-01,9.523809523809523281e-02,2.368421052631578816e-01,1.080332409972299124e-01,2.727272727272727071e-01,8.125000000000000278e-02,3.691756272401433558e-01,3.658536585365853577e-01,2.429906542056074759e-01,2.153846153846153966e-01,3.252032520325203180e-01,1.126760563380281716e-01,9.890109890109889668e-02,0.000000000000000000e+00,1.168831168831168804e-01,1.250000000000000000e-01,2.783505154639175361e-01,8.695652173913043237e-02,3.821989528795811664e-01,1.643192488262910922e-01,3.023255813953488191e-01,4.846938775510203912e-01,3.189655172413793371e-01,8.791208791208791895e-02,1.132075471698113234e-01,2.584269662921348520e-01,9.497206703910614223e-02,4.800000000000000100e-02,1.157894736842105254e-01,7.089552238805969797e-02,6.293706293706294308e-02,7.407407407407406996e-02,1.190476190476190410e-01,0.000000000000000000e+00,1.084337349397590383e-01,0.000000000000000000e+00,1.632653061224489666e-01,9.537572254335259514e-02,1.071428571428571369e-01,1.142857142857142821e-01,1.238938053097345116e-01,5.154639175257731687e-02,1.458333333333333426e-01,1.030534351145038219e-01,2.290076335877862523e-01,1.123919308357348712e-01,3.662790697674418450e-01,8.247422680412370977e-02,1.250000000000000000e-01,1.282051282051281937e-01,1.799999999999999933e-01,7.865168539325842478e-02,9.826589595375723185e-02,1.242603550295857950e-01,2.083333333333333426e-01,7.692307692307692735e-02,0.000000000000000000e+00,2.535211267605633756e-01,0.000000000000000000e+00,1.377777777777777768e-01,1.554770318021201359e-01,1.702127659574468044e-01,1.014492753623188470e-01,1.129032258064516098e-01,1.333333333333333315e-01,1.269841269841269771e-01,9.615384615384615918e-02,1.222707423580785963e-01,9.803921568627450844e-02,1.401869158878504551e-01,1.428571428571428492e-01,0.000000000000000000e+00,1.562500000000000000e-01,0.000000000000000000e+00,0.000000000000000000e+00,1.402439024390244038e-01,1.708333333333333370e-01,1.077844311377245540e-01,3.714285714285714413e-01,8.974358974358974395e-02,2.225913621262458342e-01,2.173913043478260809e-01,2.073170731707316972e-01,2.222222222222222099e-01,4.324324324324324564e-01,3.515625000000000000e-01,1.760563380281690016e-01,2.089552238805970075e-01,2.796610169491525189e-01,1.105769230769230727e-01,4.743589743589743390e-01,0.000000000000000000e+00,2.083333333333333426e-01,0.000000000000000000e+00,9.708737864077669755e-02,2.777777777777777901e-01,1.310861423220973654e-01,0.000000000000000000e+00,0.000000000000000000e+00,2.380952380952380820e-01,6.779661016949152519e-02,1.445783132530120418e-01,1.085972850678733059e-01,3.185595567867036126e-01,1.666666666666666574e-01,8.968609865470851539e-02,5.185185185185184897e-01,2.258064516129032195e-01,1.761658031088082776e-01,4.545454545454545581e-02,2.926829268292682751e-01,1.780303030303030387e-01,7.407407407407406996e-02,0.000000000000000000e+00,2.000000000000000111e-01,1.388888888888888951e-01,0.000000000000000000e+00,1.078066914498141265e-01,5.142857142857142766e-02,1.041666666666666713e-01,2.627118644067796827e-01,2.577319587628865705e-01,1.180555555555555525e-01,0.000000000000000000e+00,7.954545454545454419e-02,2.133333333333333470e-01,1.383647798742138335e-01,1.034482758620689641e-01,3.100775193798449569e-02,1.617647058823529493e-01,3.235294117647058987e-01,1.923076923076923184e-01,1.921397379912663794e-01,9.731543624161073658e-02,0.000000000000000000e+00,1.176470588235294101e-01,2.089552238805970075e-01,1.530612244897959218e-01,1.063829787234042562e-01,1.710526315789473728e-01,1.417322834645669272e-01,5.999999999999999778e-01,3.757225433526011349e-01,0.000000000000000000e+00,2.777777777777777624e-02,0.000000000000000000e+00,0.000000000000000000e+00,9.523809523809523281e-02,7.476635514018691031e-02,1.250000000000000000e-01,5.400000000000000355e-01,0.000000000000000000e+00,1.355932203389830504e-01,0.000000000000000000e+00,1.140350877192982393e-01,1.086956521739130405e-01,4.133333333333333304e-01,2.950819672131147486e-01,0.000000000000000000e+00,0.000000000000000000e+00,1.316725978647686757e-01,6.790123456790123635e-01,7.331378299120235031e-02,2.360248447204968958e-01,2.837370242214533045e-01,4.326923076923077094e-01,1.048034934497816539e-01,3.271028037383177378e-01,9.829059829059828834e-02,6.800000000000000488e-02,1.749999999999999889e-01,1.818181818181818232e-01,1.304347826086956486e-01,8.527131782945736316e-02,1.335504885993485380e-01,3.456790123456789932e-01,0.000000000000000000e+00,2.187500000000000000e-01,3.510638297872340496e-01,1.165644171779141036e-01,3.434343434343434254e-01,2.115384615384615363e-01,0.000000000000000000e+00,3.837209302325581550e-01,1.641221374045801484e-01,1.193548387096774188e-01,0.000000000000000000e+00,8.474576271186440302e-02,0.000000000000000000e+00,0.000000000000000000e+00,5.609756097560976151e-01,0.000000000000000000e+00,2.000000000000000111e-01,8.333333333333332871e-02,1.071428571428571369e-01,1.543624161073825496e-01,8.152173913043478382e-02,3.824884792626728203e-01,9.375000000000000000e-02,2.801724137931034253e-01,1.259259259259259134e-01,2.857142857142856984e-01,8.837209302325581273e-02,2.145593869731800829e-01,7.499999999999999722e-02,3.194444444444444198e-01,0.000000000000000000e+00,7.692307692307692735e-02,1.162790697674418589e-01,1.299212598425196763e-01,1.481481481481481399e-01,1.055718475073313817e-01,9.210526315789473173e-02,5.376344086021505458e-02,8.695652173913043237e-02,0.000000000000000000e+00,2.380952380952380820e-01,0.000000000000000000e+00,1.076923076923076983e-01,1.875000000000000000e-01,1.241830065359477153e-01,3.109540636042402717e-01,1.448275862068965636e-01,0.000000000000000000e+00,4.528301886792452935e-01,2.478632478632478708e-01,1.791044776119402882e-01,1.891891891891891997e-01,2.051282051282051211e-01,1.176470588235294101e-01,2.424242424242424310e-01,1.492537313432835688e-01,1.954022988505747238e-01,8.333333333333332871e-02,2.258064516129032195e-01,1.234567901234567833e-01,2.063492063492063378e-01,2.025316455696202500e-01,1.044776119402985037e-01,1.159420289855072478e-01,1.538461538461538547e-01,1.791044776119402882e-01,1.791044776119402882e-01,1.355932203389830504e-01,2.112676056338028130e-01,1.511627906976744096e-01
4.257425742574257321e-01,2.110497237569060880e-01,2.073732718894009119e-01,1.461187214611872065e-01,1.301587301587301682e-01,1.132075471698113234e-01,0.000000000000000000e+00,0.000000000000000000e+00,0.000000000000000000e+00,2.999999999999999889e-01,3.844221105527638183e-01,2.500000000000000000e-01,2.196969696969696961e-01,0.000000000000000000e+00,1.991869918699187003e-01,1.676300578034682076e-01,2.256532066508313561e-01,1.834774255523534958e-01,1.466666666666666674e-01,1.176470588235294101e-01,3.035714285714285476e-01,0.000000000000000000e+00,1.670061099796333881e-01,1.774891774891775020e-01,1.447368421052631637e-01,0.000000000000000000e+00,1.008771929824561348e-01,4.470588235294117863e-01,1.483312731767614245e-01,3.632911392405063222e-01,4.117647058823529216e-01,1.714801444043321244e-01,3.273657289002557813e-01,1.552723059096176028e-01,1.726775956284153091e-01,1.515151515151515194e-01,2.076335877862595380e-01,1.727574750830564720e-01,2.277486910994764302e-01,4.723451327433628166e-01,3.396226415094339424e-01,3.252212389380531032e-01,2.311557788944723635e-01,1.373080397470641256e-01,8.152173913043478382e-02,0.000000000000000000e+00,1.610810810810810734e-01,2.079999999999999905e-01,1.533277169334456569e-01,1.754385964912280604e-01,2.671480144404332346e-01,4.459459459459459429e-01,1.349693251533742311e-01,1.666666666666666574e-01,4.767932489451476852e-01,1.984334203655352402e-01,2.682926829268292845e-01,2.380952380952380820e-01,2.918032786885245700e-01,4.264705882352941013e-01,1.376811594202898559e-01,2.189349112426035582e-01,1.799116997792494510e-01,1.797235023041474644e-01,4.696691176470588203e-01,2.095808383233532801e-01,1.048543689320388383e-01,1.717451523545706349e-01,1.560975609756097560e-01,8.593750000000000000e-02,1.479538300104931703e-01,1.461187214611872065e-01,3.408029878618114017e-01,2.730769230769230504e-01,2.153110047846890085e-01,1.457489878542509998e-01,1.376146788990825764e-01,1.410071942446043114e-01,8.847736625514403264e-02,5.206258890469416256e-01,1.680080482897384209e-01,2.038216560509554243e-01,2.461197339246119775e-01,4.775510204081632737e-01,1.953781512605042014e-01,1.865079365079365115e-01,1.243697478991596661e-01,0.000000000000000000e+00,3.403908794788273462e-01,2.897033158813263620e-01,3.127035830618892231e-01,2.700000000000000178e-01,1.787365177195685551e-01,2.208201892744479367e-01,1.975308641975308532e-01,1.426491994177583600e-01,1.448538754764930048e-01,1.498637602179836437e-01,1.234042553191489339e-01,1.781767955801104864e-01,1.664411366711772700e-01,1.497005988023951961e-01,1.342105263157894746e-01,1.670506912442396297e-01,1.713185755534167576e-01,1.235955056179775247e-01,1.438356164383561564e-01,0.000000000000000000e+00,5.056818181818182323e-01,0.000000000000000000e+00,3.974358974358974117e-01,1.539611360239162841e-01,1.748768472906404026e-01,1.627329192546583814e-01,2.723112128146453204e-01,9.523809523809523281e-02,2.239583333333333426e-01,1.782449725776965310e-01,1.644736842105263275e-01,3.590116279069767713e-01,1.795774647887324049e-01,1.702997275204359562e-01,1.401273885350318438e-01,3.219241443108233347e-01,3.499999999999999778e-01,3.913043478260869734e-01,1.604538087520259448e-01,1.912751677852349008e-01,2.407407407407407274e-01,4.291338582677165503e-01,0.000000000000000000e+00,1.596244131455399062e-01,0.000000000000000000e+00,1.780045351473922843e-01,1.712654614652711627e-01,2.582159624413145615e-01,1.509433962264150886e-01,1.657271702367530963e-01,1.878787878787878673e-01,2.171314741035856588e-01,1.629955947136563776e-01,5.258215962441314950e-01,1.369047619047619180e-01,1.555555555555555580e-01,3.189655172413793371e-01,0.000000000000000000e+00,3.250000000000000111e-01,0.000000000000000000e+00,0.000000000000000000e+00,2.104283054003724396e-01,2.429614181438999043e-01,4.209726443768996851e-01,2.054794520547945091e-01,2.467948717948718063e-01,2.058070025619128940e-01,2.420382165605095559e-01,1.723518850987432738e-01,2.061855670103092675e-01,1.621621621621621712e-01,2.309236947791164785e-01,1.934931506849315030e-01,2.275641025641025605e-01,1.813725490196078372e-01,3.639534883720930147e-01,1.361867704280155522e-01,0.000000000000000000e+00,1.822222222222222299e-01,0.000000000000000000e+00,4.951690821256038433e-01,1.666666666666666574e-01,1.745867768595041336e-01,0.000000000000000000e+00,0.000000000000000000e+00,2.913385826771653364e-01,4.627329192546583703e-01,1.512605042016806622e-01,1.361963190184048988e-01,1.909385113268608491e-01,1.937500000000000056e-01,1.581699346405228690e-01,1.639344262295081844e-01,4.137931034482758563e-01,2.021660649819494449e-01,5.000000000000000278e-02,1.271676300578034602e-01,2.061752988047808877e-01,1.324200913242009059e-01,0.000000000000000000e+00,4.714285714285714191e-01,4.964028776978417490e-01,0.000000000000000000e+00,1.701680672268907624e-01,3.433908045977011603e-01,1.264367816091954144e-01,1.650485436893203983e-01,4.180790960451977178e-01,1.660777385159010466e-01,0.000000000000000000e+00,4.493506493506493338e-01,4.619883040935672258e-01,1.687388987566607323e-01,1.221864951768488750e-01,5.178571428571429047e-01,1.572327044025157161e-01,2.641509433962264120e-01,3.259259259259259522e-01,2.412327311370882077e-01,1.621621621621621712e-01,0.000000000000000000e+00,4.539473684210526550e-01,1.940298507462686617e-01,1.713147410358565603e-01,1.455696202531645556e-01,2.314814814814814825e-01,2.181208053691275073e-01,1.392405063291139167e-01,1.966205837173579107e-01,0.000000000000000000e+00,6.521739130434782428e-02,0.000000000000000000e+00,0.000000000000000000e+00,1.621621621621621712e-01,1.382716049382715917e-01,1.452513966480447061e-01,1.711229946524064072e-01,0.000000000000000000e+00,2.289156626506023973e-01,0.000000000000000000e+00,1.938895417156286660e-01,1.818181818181818232e-01,1.321585903083700442e-01,1.797235023041474644e-01,0.000000000000000000e+00,0.000000000000000000e+00,4.738878143133462006e-01,1.472602739726027454e-01,4.794908062234795043e-01,1.234939759036144530e-01,2.678132678132678079e-01,1.468144044321329778e-01,1.718750000000000000e-01,1.879496402877697814e-01,3.359148112294288446e-01,1.836734693877551117e-01,1.864406779661016977e-01,2.451361867704280051e-01,3.255813953488372325e-01,1.752808988764044951e-01,5.139833711262282723e-01,2.943999999999999950e-01,0.000000000000000000e+00,1.951219512195122019e-01,1.975308641975308532e-01,1.426024955436720199e-01,2.272727272727272652e-01,2.166666666666666741e-01,0.000000000000000000e+00,1.900311526479750712e-01,2.586206896551724310e-01,1.458523245214220498e-01,0.000000000000000000e+00,1.535087719298245668e-01,0.000000000000000000e+00,0.000000000000000000e+00,1.357142857142857040e-01,0.000000000000000000e+00,1.848341232227488085e-01,1.572052401746724948e-01,1.836734693877551117e-01,1.516966067864271572e-01,1.499999999999999944e-01,1.669024045261668920e-01,1.631663974151857932e-01,1.902834008097165908e-01,1.871101871101871206e-01,2.304526748971193473e-01,1.475609756097560898e-01,1.978866474543707898e-01,4.187050359712229941e-01,1.671686746987951777e-01,0.000000000000000000e+00,4.070796460176991372e-01,1.955307262569832283e-01,4.700285442435775396e-01,5.547945205479452024e-01,1.483820047355959015e-01,1.193548387096774188e-01,1.294117647058823650e-01,1.604938271604938183e-01,0.000000000000000000e+00,1.363636363636363535e-01,0.000000000000000000e+00,1.611650485436893210e-01,1.960784313725490169e-01,3.634751773049645363e-01,1.703296703296703352e-01,1.606969990319457864e-01,0.000000000000000000e+00,2.228915662650602370e-01,1.614173228346456601e-01,1.855203619909502333e-01,2.426778242677824216e-01,2.190082644628099096e-01,2.039215686274509776e-01,2.066115702479338900e-01,1.891891891891891997e-01,2.274509803921568596e-01,2.204081632653061285e-01,2.125435540069686435e-01,2.135593220338982967e-01,2.292490118577075187e-01,2.086614173228346358e-01,2.031250000000000000e-01,2.344497607655502414e-01,2.262996941896024405e-01,2.027972027972027858e-01,2.168674698795180766e-01,2.016460905349794219e-01,2.188841201716738294e-01,2.887029288702928631e-01
1.994301994301994341e-01,1.727748691099476319e-01,2.061068702290076438e-01,2.832167832167832300e-01,3.826530612244897767e-01,2.558139534883721034e-01,0.000000000000000000e+00,0.000000000000000000e+00,0.000000000000000000e+00,2.456140350877192846e-01,1.705069124423963245e-01,2.034482758620689558e-01,1.774193548387096864e-01,0.000000000000000000e+00,2.159090909090909116e-01,2.158273381294963933e-01,1.799591002044989840e-01,2.816265060240963902e-01,1.801801801801801717e-01,5.245901639344262568e-01,2.569444444444444198e-01,0.000000000000000000e+00,2.923322683706070513e-01,2.884902840059790918e-01,2.269503546099290725e-01,0.000000000000000000e+00,4.384615384615384581e-01,1.629629629629629761e-01,2.000000000000000111e-01,2.236559139784946304e-01,2.093023255813953598e-01,3.162162162162162060e-01,1.521739130434782705e-01,3.378378378378378288e-01,2.829341317365269282e-01,1.752988047808765049e-01,1.644908616187989447e-01,4.153005464480874487e-01,2.813852813852814050e-01,1.374501992031872399e-01,2.343750000000000000e-01,2.236842105263157909e-01,2.277227722772277307e-01,4.078549848942598088e-01,3.345454545454545348e-01,0.000000000000000000e+00,1.980033277870216213e-01,3.452380952380952328e-01,3.823109843081312631e-01,1.639344262295081844e-01,2.043478260869565355e-01,1.269841269841269771e-01,4.137931034482758563e-01,1.946902654867256610e-01,1.764705882352941291e-01,3.452914798206278002e-01,2.183908045977011603e-01,2.560000000000000053e-01,2.444444444444444364e-01,1.677631578947368363e-01,2.124999999999999944e-01,3.154981549815498165e-01,2.993630573248407534e-01,3.949579831932772955e-01,1.749571183533447649e-01,1.941747572815533951e-01,3.481012658227848333e-01,2.033195020746887960e-01,3.691275167785235123e-01,3.660130718954248130e-01,4.679715302491103124e-01,4.773662551440329138e-01,1.679273827534039365e-01,1.856677524429967419e-01,3.498817966903073340e-01,1.700223713646532575e-01,4.848484848484848619e-01,4.105882352941176427e-01,2.183544303797468333e-01,1.317829457364341206e-01,2.946708463949843093e-01,4.065934065934065922e-01,2.626262626262626521e-01,1.703703703703703665e-01,2.201257861635220192e-01,1.845238095238095344e-01,1.482412060301507573e-01,0.000000000000000000e+00,2.214765100671141074e-01,3.542435424354243301e-01,2.185792349726775885e-01,2.888888888888888618e-01,3.207547169811320598e-01,1.935483870967741882e-01,4.249999999999999889e-01,3.251028806584362330e-01,3.064833005893909390e-01,4.139344262295082122e-01,3.684210526315789269e-01,2.397408207343412478e-01,3.885209713024282419e-01,4.591836734693877653e-01,2.974137931034482873e-01,1.341681574239713681e-01,1.709531013615733785e-01,1.489361702127659504e-01,3.977272727272727071e-01,0.000000000000000000e+00,2.329545454545454419e-01,0.000000000000000000e+00,2.111111111111111105e-01,3.284132841328413210e-01,9.205020920502092474e-02,1.840707964601769886e-01,1.729957805907172963e-01,1.255605381165919299e-01,2.142857142857142738e-01,3.555555555555555691e-01,2.746478873239436846e-01,1.923641703377386158e-01,3.892045454545454697e-01,1.484375000000000000e-01,5.631067961165048263e-01,1.879936808846761342e-01,2.736842105263158076e-01,1.726804123711340178e-01,2.195704057279236343e-01,1.662531017369726916e-01,2.407407407407407274e-01,1.627906976744186163e-01,0.000000000000000000e+00,2.571428571428571175e-01,0.000000000000000000e+00,2.566037735849056589e-01,2.083333333333333426e-01,1.578947368421052544e-01,1.893939393939393923e-01,1.619585687382297523e-01,2.321428571428571508e-01,1.940298507462686617e-01,2.352941176470588203e-01,1.827768014059754087e-01,1.521739130434782705e-01,1.887755102040816202e-01,2.456140350877192846e-01,0.000000000000000000e+00,2.247191011235954994e-01,0.000000000000000000e+00,0.000000000000000000e+00,2.071428571428571563e-01,1.852631578947368518e-01,1.676470588235293990e-01,3.012048192771084598e-01,1.867469879518072196e-01,3.155080213903743158e-01,2.079207920792079112e-01,3.108504398826979487e-01,2.752293577981651529e-01,3.170731707317073211e-01,3.283018867924528128e-01,2.222222222222222099e-01,2.011494252873563260e-01,2.622222222222222454e-01,1.705607476635513930e-01,3.439153439153438963e-01,0.000000000000000000e+00,2.451612903225806328e-01,0.000000000000000000e+00,1.927083333333333426e-01,3.170731707317073211e-01,3.484375000000000111e-01,0.000000000000000000e+00,0.000000000000000000e+00,1.625000000000000056e-01,2.209302325581395388e-01,2.361111111111111049e-01,3.316062176165803232e-01,3.159722222222222099e-01,3.272727272727272707e-01,1.544117647058823595e-01,3.015873015873015706e-01,1.403508771929824483e-01,1.743697478991596550e-01,1.562500000000000000e-01,3.679999999999999938e-01,2.153284671532846584e-01,4.693877551020408379e-01,0.000000000000000000e+00,9.375000000000000000e-02,2.052980132450331063e-01,0.000000000000000000e+00,3.836276083467094478e-01,3.502673796791443972e-01,4.411764705882352811e-01,2.876712328767123128e-01,2.725000000000000200e-01,4.099999999999999756e-01,0.000000000000000000e+00,1.835748792270531504e-01,1.757575757575757514e-01,3.914373088685015323e-01,3.372093023255813837e-01,1.369426751592356661e-01,2.720588235294117418e-01,2.500000000000000000e-01,3.396226415094339424e-01,1.861313868613138633e-01,3.642659279778393544e-01,0.000000000000000000e+00,1.834862385321101019e-01,2.336956521739130543e-01,3.025936599423630913e-01,3.855421686746988152e-01,3.414634146341463672e-01,1.794425087108013905e-01,2.666666666666666630e-01,3.098591549295774406e-01,0.000000000000000000e+00,1.648351648351648324e-01,0.000000000000000000e+00,0.000000000000000000e+00,1.578947368421052544e-01,2.897959183673469163e-01,2.777777777777777901e-01,2.994129158512719990e-01,0.000000000000000000e+00,1.857142857142857206e-01,0.000000000000000000e+00,1.699346405228758239e-01,2.261904761904761918e-01,3.828125000000000000e-01,2.747252747252747485e-01,0.000000000000000000e+00,0.000000000000000000e+00,1.733333333333333393e-01,3.575418994413407936e-01,1.828254847645429393e-01,7.127659574468084847e-01,2.643229166666666852e-01,3.641025641025640858e-01,1.894273127753303976e-01,3.371592539454806303e-01,1.933701657458563594e-01,2.024013722126929704e-01,2.250000000000000056e-01,1.884368308351177801e-01,1.925925925925925930e-01,1.621621621621621712e-01,1.967479674796747957e-01,2.649350649350649123e-01,0.000000000000000000e+00,1.951219512195122019e-01,3.035714285714285476e-01,1.629834254143646410e-01,2.857142857142856984e-01,3.092783505154639290e-01,0.000000000000000000e+00,2.999999999999999889e-01,2.232558139534883690e-01,3.469387755102040782e-01,0.000000000000000000e+00,2.959999999999999853e-01,0.000000000000000000e+00,0.000000000000000000e+00,2.967032967032967039e-01,0.000000000000000000e+00,4.426229508196721230e-01,4.052287581699346442e-01,1.823529411764705788e-01,3.193548387096774022e-01,3.966244725738396482e-01,2.738589211618257524e-01,1.601941747572815655e-01,3.161157024793388448e-01,3.109540636042402717e-01,2.176870748299319647e-01,1.888888888888888840e-01,1.863354037267080654e-01,1.680911680911680861e-01,2.600000000000000089e-01,0.000000000000000000e+00,1.016949152542372947e-01,2.111111111111111105e-01,2.118491921005385970e-01,1.818181818181818232e-01,1.690307328605200887e-01,4.123711340206185350e-01,4.923857868020304340e-01,3.703703703703703498e-01,0.000000000000000000e+00,4.600000000000000200e-01,0.000000000000000000e+00,1.993769470404984367e-01,1.011235955056179747e-01,1.771771771771771808e-01,3.136942675159235527e-01,3.438985736925515013e-01,0.000000000000000000e+00,3.931623931623931534e-01,5.275862068965517793e-01,2.440944881889763884e-01,2.214285714285714191e-01,1.857142857142857206e-01,2.708333333333333148e-01,2.554744525547445466e-01,2.229299363057324901e-01,2.540540540540540682e-01,2.268907563025210072e-01,1.825396825396825295e-01,2.209944751381215378e-01,1.564625850340136126e-01,2.108433734939759163e-01,2.426470588235294101e-01,2.052980132450331063e-01,2.484848484848484751e-01,2.151898734177215278e-01,1.944444444444444475e-01,2.418300653594771255e-01,3.037037037037036979e-01,2.436974789915966333e-01
2.117437722419928947e-01,2.276519666269368192e-01,2.173913043478260809e-01,3.624161073825503121e-01,2.614107883817427536e-01,4.513274336283185639e-01,0.000000000000000000e+00,0.000000000000000000e+00,0.000000000000000000e+00,1.914893617021276584e-01,2.558139534883721034e-01,2.288888888888888917e-01,4.181818181818181546e-01,0.000000000000000000e+00,1.990521327014218023e-01,2.108843537414966107e-01,2.918287937743190841e-01,3.061440677966101864e-01,1.969696969696969613e-01,1.847826086956521618e-01,3.258928571428571508e-01,0.000000000000000000e+00,2.814302191464821412e-01,3.754838709677419395e-01,2.153110047846890085e-01,0.000000000000000000e+00,2.156862745098039325e-01,2.906403940886699289e-01,2.041884816753926635e-01,1.919354838709677324e-01,2.054794520547945091e-01,2.729166666666666408e-01,2.333333333333333370e-01,2.234636871508379752e-01,2.778443113772455231e-01,1.680672268907563160e-01,2.868217054263565990e-01,2.267206477732793546e-01,3.144654088050314322e-01,2.450532724505327109e-01,2.340425531914893664e-01,2.720763723150357860e-01,3.015873015873015706e-01,1.988764044943820142e-01,1.736334405144694670e-01,0.000000000000000000e+00,2.089171974522293085e-01,2.307692307692307820e-01,1.993637327677624527e-01,1.454545454545454475e-01,2.614475627769571875e-01,2.605042016806722871e-01,2.480916030534351113e-01,2.113402061855670089e-01,2.987012987012986898e-01,3.095975232198142635e-01,2.123893805309734484e-01,2.473684210526315708e-01,3.108614232209737649e-01,2.222222222222222099e-01,2.564102564102563875e-01,2.887700534759358173e-01,3.108465608465608709e-01,3.092783505154639290e-01,2.438725490196078372e-01,1.572327044025157161e-01,1.797235023041474644e-01,2.225705329153604972e-01,2.849740932642487179e-01,1.945701357466063375e-01,2.033678756476683946e-01,2.445141065830720994e-01,2.044917257683215028e-01,2.847380410022778974e-01,2.828828828828828801e-01,2.500000000000000000e-01,2.159090909090909116e-01,2.170212765957446888e-01,2.355769230769230727e-01,2.882882882882882858e-01,3.463476070528967443e-01,3.076923076923077094e-01,2.956989247311828106e-01,2.663316582914572739e-01,3.023872679045092604e-01,2.805429864253393690e-01,1.861702127659574380e-01,0.000000000000000000e+00,2.658486707566461993e-01,2.530120481927710663e-01,2.957198443579766578e-01,2.304147465437788034e-01,2.800751879699248104e-01,2.701664532650447925e-01,3.053435114503816883e-01,3.462783171521035541e-01,2.860962566844919563e-01,2.005988023952095800e-01,1.703296703296703352e-01,2.476038338658146931e-01,2.171628721541155882e-01,1.935483870967741882e-01,1.618497109826589619e-01,2.260183968462549375e-01,1.776765375854214013e-01,2.500000000000000000e-01,1.779661016949152519e-01,0.000000000000000000e+00,3.007812500000000000e-01,0.000000000000000000e+00,2.755905511811023723e-01,1.948275862068965525e-01,2.292993630573248454e-01,2.082228116710875265e-01,2.802056555269922811e-01,2.506887052341597588e-01,2.808641975308642236e-01,2.045701849836779052e-01,3.263707571801566787e-01,2.386156648451730478e-01,3.150684931506849140e-01,2.120300751879699297e-01,1.891891891891891997e-01,2.191464821222606774e-01,2.222222222222222099e-01,2.202166064981949389e-01,2.306306306306306342e-01,2.781569965870306915e-01,2.828784119106699801e-01,1.988950276243093840e-01,0.000000000000000000e+00,2.602040816326530726e-01,0.000000000000000000e+00,2.478991596638655537e-01,2.592592592592592449e-01,3.257918552036199178e-01,3.110047846889952283e-01,1.903520208604954356e-01,1.928571428571428659e-01,2.150537634408602183e-01,2.636815920398010160e-01,2.835051546391752497e-01,2.044198895027624363e-01,2.431610942249240181e-01,2.380952380952380820e-01,0.000000000000000000e+00,1.826086956521739135e-01,0.000000000000000000e+00,0.000000000000000000e+00,2.697768762677484888e-01,2.860858257477243427e-01,2.746331236897274763e-01,2.500000000000000000e-01,2.529644268774703386e-01,2.700296735905044487e-01,3.259052924791086547e-01,3.163265306122449161e-01,3.233532934131736480e-01,2.626262626262626521e-01,2.915717539863325602e-01,2.520325203252032353e-01,3.096234309623430714e-01,2.692307692307692180e-01,2.410575427682737082e-01,2.956521739130434923e-01,0.000000000000000000e+00,2.047619047619047561e-01,0.000000000000000000e+00,2.820512820512820484e-01,3.901098901098901117e-01,2.526071842410196888e-01,0.000000000000000000e+00,0.000000000000000000e+00,2.212389380530973559e-01,2.352941176470588203e-01,2.382671480144404330e-01,1.983914209115281435e-01,3.084384093113481939e-01,2.500000000000000000e-01,1.752021563342318067e-01,3.411764705882353033e-01,2.454545454545454530e-01,2.950819672131147486e-01,2.388059701492537268e-01,3.099415204678362401e-01,3.047619047619047894e-01,1.790123456790123357e-01,0.000000000000000000e+00,2.021276595744680715e-01,2.844827586206896686e-01,0.000000000000000000e+00,2.026699029126213525e-01,2.055045871559633142e-01,2.057142857142857106e-01,3.016627078384798155e-01,3.076923076923077094e-01,2.371794871794871695e-01,0.000000000000000000e+00,2.661870503597122406e-01,3.045267489711934172e-01,2.326086956521739024e-01,1.441441441441441429e-01,2.819472616632859863e-01,2.294685990338164172e-01,2.427184466019417508e-01,3.178294573643410947e-01,2.395061728395061762e-01,2.434141201264488907e-01,0.000000000000000000e+00,2.528409090909091161e-01,2.850467289719625930e-01,2.108695652173913082e-01,2.191780821917808098e-01,2.520661157024793320e-01,2.335025380710659959e-01,4.748201438848920763e-01,3.236994219653179239e-01,0.000000000000000000e+00,1.909090909090909172e-01,0.000000000000000000e+00,0.000000000000000000e+00,2.222222222222222099e-01,2.354497354497354367e-01,1.931034482758620663e-01,3.564668769716088370e-01,0.000000000000000000e+00,2.500000000000000000e-01,0.000000000000000000e+00,2.713903743315507766e-01,1.965811965811965767e-01,2.928176795580110237e-01,2.756756756756756910e-01,0.000000000000000000e+00,0.000000000000000000e+00,2.737226277372262762e-01,4.170040485829959453e-01,2.714681440443213467e-01,2.285156250000000000e-01,4.048780487804878314e-01,2.750809061488673213e-01,1.984615384615384670e-01,3.167512690355329674e-01,2.353629976580796368e-01,1.990171990171990257e-01,2.064516129032258063e-01,2.961240310077519200e-01,2.228915662650602370e-01,2.566137566137566273e-01,2.753164556962025555e-01,3.242677824267782283e-01,0.000000000000000000e+00,2.079207920792079112e-01,2.672811059907834186e-01,1.857410881801125624e-01,3.346153846153845923e-01,3.580246913580246715e-01,0.000000000000000000e+00,2.903225806451613100e-01,2.811791383219954810e-01,2.179203539823008906e-01,0.000000000000000000e+00,1.512195121951219468e-01,0.000000000000000000e+00,0.000000000000000000e+00,3.805309734513274145e-01,0.000000000000000000e+00,2.228571428571428648e-01,2.225859247135842933e-01,2.254545454545454630e-01,2.066326530612244972e-01,1.881918819188191927e-01,3.176100628930817460e-01,2.471264367816091989e-01,2.919463087248322375e-01,2.345679012345678882e-01,2.844036697247706580e-01,1.988304093567251352e-01,2.790419161676646609e-01,2.192307692307692291e-01,2.425196850393700754e-01,0.000000000000000000e+00,2.105263157894736725e-01,2.894736842105263275e-01,2.380396732788798153e-01,2.541254125412541476e-01,2.045670789724072236e-01,1.746575342465753466e-01,2.296819787985865668e-01,2.297297297297297425e-01,0.000000000000000000e+00,1.525423728813559421e-01,0.000000000000000000e+00,2.172897196261682207e-01,2.118644067796610075e-01,2.251791197543500378e-01,3.141891891891891997e-01,2.211111111111111194e-01,0.000000000000000000e+00,1.951219512195122019e-01,2.645739910313901211e-01,2.574257425742574323e-01,2.533333333333333548e-01,2.887931034482758563e-01,2.522935779816513624e-01,2.237442922374429100e-01,1.855203619909502333e-01,2.043478260869565355e-01,2.294372294372294396e-01,2.452107279693486463e-01,2.469135802469135665e-01,2.633928571428571508e-01,2.777777777777777901e-01,2.466367713004484208e-01,2.129629629629629650e-01,2.382812500000000000e-01,1.957446808510638347e-01,2.180094786729857848e-01,2.195121951219512202e-01,2.314814814814814825e-01,2.747747747747747993e-01
1.435643564356435531e-01,1.882352941176470562e-01,2.727272727272727071e-01,4.388489208633093441e-01,4.434782608695652106e-01,2.571428571428571175e-01,0.000000000000000000e+00,0.000000000000000000e+00,0.000000000000000000e+00,1.363636363636363535e-01,1.100000000000000006e-01,2.671755725190839703e-01,2.258064516129032195e-01,0.000000000000000000e+00,2.424242424242424310e-01,3.061224489795918435e-01,1.559633027522935866e-01,3.444816053511705611e-01,1.052631578947368363e-01,3.103448275862069061e-01,3.636363636363636465e-01,0.000000000000000000e+00,3.713235294117647189e-01,4.857142857142857095e-01,2.321428571428571508e-01,0.000000000000000000e+00,1.538461538461538547e-01,1.538461538461538547e-01,1.469387755102040949e-01,1.507537688442210921e-01,1.250000000000000000e-01,3.620689655172413812e-01,1.428571428571428492e-01,1.269035532994923776e-01,4.158730158730158943e-01,1.568627450980392135e-01,1.282051282051281937e-01,1.448275862068965636e-01,2.500000000000000000e-01,1.165919282511210797e-01,2.121212121212121271e-01,1.363636363636363535e-01,2.264150943396226467e-01,1.811320754716981007e-01,1.414141414141414088e-01,0.000000000000000000e+00,1.807228915662650592e-01,2.444444444444444364e-01,1.208791208791208799e-01,8.000000000000000167e-02,1.213592233009708754e-01,1.851851851851851749e-01,1.647058823529411742e-01,1.904761904761904656e-01,1.904761904761904656e-01,3.461538461538461453e-01,1.388888888888888951e-01,1.884057971014492794e-01,1.720430107526881858e-01,2.061068702290076438e-01,2.653061224489796088e-01,4.356060606060606077e-01,3.959731543624160910e-01,3.230769230769230949e-01,1.338582677165354451e-01,1.568627450980392135e-01,1.111111111111111049e-01,1.686746987951807109e-01,2.666666666666666630e-01,1.643835616438356073e-01,1.365853658536585469e-01,1.978021978021977934e-01,1.896551724137930939e-01,1.250000000000000000e-01,3.777777777777777679e-01,1.666666666666666574e-01,2.352941176470588203e-01,1.498470948012232407e-01,4.265734265734265618e-01,1.333333333333333315e-01,4.187725631768953183e-01,5.257731958762886793e-01,3.739837398373983546e-01,1.194029850746268634e-01,2.781954887218044958e-01,1.969696969696969613e-01,1.483870967741935387e-01,0.000000000000000000e+00,1.712328767123287576e-01,1.085271317829457349e-01,2.333333333333333370e-01,8.823529411764706454e-02,3.598130841121495171e-01,1.220657276995305157e-01,2.608695652173912971e-01,3.933054393305439600e-01,2.936507936507936622e-01,8.653846153846153633e-02,1.250000000000000000e-01,3.461538461538461453e-01,1.631578947368421129e-01,9.821428571428571230e-02,1.789473684210526327e-01,9.909909909909909997e-02,1.240875912408759135e-01,7.692307692307692735e-02,1.621621621621621712e-01,0.000000000000000000e+00,1.470588235294117696e-01,0.000000000000000000e+00,1.470588235294117696e-01,1.553398058252427050e-01,2.252252252252252285e-01,1.666666666666666574e-01,1.848739495798319421e-01,9.090909090909091161e-02,2.371134020618556604e-01,1.625441696113074097e-01,2.983870967741935609e-01,2.187500000000000000e-01,4.099378881987577605e-01,1.448598130841121379e-01,2.000000000000000111e-01,1.573770491803278826e-01,2.321428571428571508e-01,1.657142857142857029e-01,1.860465116279069742e-01,1.530054644808743203e-01,1.837606837606837740e-01,2.156862745098039325e-01,0.000000000000000000e+00,1.617647058823529493e-01,0.000000000000000000e+00,1.831683168316831645e-01,1.863117870722433567e-01,1.176470588235294101e-01,1.454545454545454475e-01,1.615720524017467130e-01,1.956521739130434867e-01,1.388888888888888951e-01,2.258064516129032195e-01,1.697416974169741744e-01,1.269841269841269771e-01,2.254901960784313764e-01,1.923076923076923184e-01,0.000000000000000000e+00,2.051282051282051211e-01,0.000000000000000000e+00,0.000000000000000000e+00,1.212121212121212155e-01,1.481481481481481399e-01,9.615384615384615918e-02,1.698113207547169712e-01,2.153846153846153966e-01,2.006269592476488950e-01,2.358490566037735880e-01,2.517006802721088454e-01,1.521739130434782705e-01,5.749999999999999556e-01,2.641509433962264120e-01,1.818181818181818232e-01,2.500000000000000000e-01,3.061224489795918435e-01,2.355555555555555458e-01,3.846153846153846367e-01,0.000000000000000000e+00,2.857142857142856984e-01,0.000000000000000000e+00,1.807228915662650592e-01,4.897959183673469274e-01,2.142857142857142738e-01,0.000000000000000000e+00,0.000000000000000000e+00,1.785714285714285754e-01,6.329113924050633333e-02,1.369863013698630061e-01,1.442307692307692180e-01,4.170854271356783660e-01,2.857142857142856984e-01,1.050420168067226906e-01,4.482758620689655249e-01,2.142857142857142738e-01,1.700000000000000122e-01,9.090909090909091161e-02,3.958333333333333148e-01,1.652892561983471120e-01,2.352941176470588203e-01,0.000000000000000000e+00,9.677419354838709409e-02,1.076923076923076983e-01,0.000000000000000000e+00,1.890756302521008347e-01,1.118881118881118880e-01,1.176470588235294101e-01,3.692307692307692513e-01,2.893401015228426187e-01,1.932773109243697551e-01,0.000000000000000000e+00,3.614457831325301046e-02,1.294117647058823650e-01,1.196581196581196632e-01,1.714285714285714302e-01,1.014492753623188470e-01,2.159999999999999976e-01,1.470588235294117696e-01,1.562500000000000000e-01,1.318181818181818066e-01,1.535836177474402819e-01,0.000000000000000000e+00,1.203703703703703637e-01,2.575757575757575690e-01,1.755725190839694527e-01,2.812500000000000000e-01,2.096774193548387177e-01,1.472868217054263684e-01,5.555555555555555802e-01,4.345549738219895430e-01,0.000000000000000000e+00,1.176470588235294101e-01,0.000000000000000000e+00,0.000000000000000000e+00,1.333333333333333315e-01,1.081081081081081141e-01,1.562500000000000000e-01,4.358974358974359031e-01,0.000000000000000000e+00,1.492537313432835688e-01,0.000000000000000000e+00,2.019704433497536977e-01,1.025641025641025605e-01,4.756097560975609539e-01,2.600000000000000089e-01,0.000000000000000000e+00,0.000000000000000000e+00,1.369294605809128762e-01,4.197530864197530631e-01,1.625766871165644223e-01,3.012048192771084598e-01,1.969230769230769229e-01,5.517241379310344751e-01,1.846153846153846256e-01,4.187327823691460171e-01,2.000000000000000111e-01,1.178861788617886208e-01,1.875000000000000000e-01,1.657458563535911533e-01,1.250000000000000000e-01,1.351351351351351426e-01,2.007042253521126862e-01,2.142857142857142738e-01,0.000000000000000000e+00,1.470588235294117696e-01,3.703703703703703498e-01,1.688311688311688319e-01,4.186046511627907196e-01,3.529411764705882582e-01,0.000000000000000000e+00,4.130434782608695676e-01,1.461538461538461620e-01,1.830508474576271194e-01,0.000000000000000000e+00,2.432432432432432567e-01,0.000000000000000000e+00,0.000000000000000000e+00,4.571428571428571286e-01,0.000000000000000000e+00,2.238805970149253810e-01,1.590909090909090884e-01,1.195652173913043514e-01,1.590909090909090884e-01,1.499999999999999944e-01,3.198198198198198283e-01,1.823529411764705788e-01,3.799126637554585129e-01,2.000000000000000111e-01,2.916666666666666852e-01,1.782178217821782096e-01,2.663934426229508379e-01,1.656804733727810786e-01,3.347639484978540692e-01,0.000000000000000000e+00,4.166666666666666435e-02,1.666666666666666574e-01,1.538461538461538547e-01,2.105263157894736725e-01,1.835443037974683611e-01,1.917808219178082085e-01,2.261904761904761918e-01,2.500000000000000000e-01,0.000000000000000000e+00,2.380952380952380820e-01,0.000000000000000000e+00,1.339285714285714246e-01,1.666666666666666574e-01,1.629392971246006461e-01,3.181818181818181768e-01,2.075471698113207641e-01,0.000000000000000000e+00,3.555555555555555691e-01,3.153846153846153744e-01,1.866666666666666752e-01,1.803278688524590223e-01,1.250000000000000000e-01,3.166666666666666519e-01,2.771084337349397630e-01,1.833333333333333204e-01,2.586206896551724310e-01,1.818181818181818232e-01,1.780821917808219079e-01,2.000000000000000111e-01,1.714285714285714302e-01,2.619047619047619180e-01,1.866666666666666752e-01,1.071428571428571369e-01,2.151898734177215278e-01,1.038961038961039030e-01,1.805555555555555525e-01,1.875000000000000000e-01,1.612903225806451568e-01,1.384615384615384692e-01
9.168900804289543960e-02,1.840115232265034095e-01,9.459459459459459985e-02,6.862044317369549173e-02,8.510638297872340219e-02,5.859375000000000000e-02,0.000000000000000000e+00,0.000000000000000000e+00,0.000000000000000000e+00,6.741573033707864981e-02,8.129285014691478573e-02,8.008658008658008087e-02,6.329113924050633333e-02,0.000000000000000000e+00,1.339712918660287133e-01,8.219178082191780366e-02,9.428685577307231724e-02,1.032647267565649368e-01,1.266149870801033528e-01,9.505703422053231322e-02,9.430894308943089943e-02,0.000000000000000000e+00,8.968926553672317004e-02,8.067542213883677205e-02,1.309734513274336265e-01,0.000000000000000000e+00,8.576051779935274511e-02,9.833585476550681104e-02,1.719284899201217187e-01,9.652131308182262948e-02,7.653061224489796088e-02,1.104718066743383131e-01,1.359851988899167530e-01,9.551255660765747835e-02,1.073338426279602797e-01,1.786793267155804832e-01,8.603988603988603490e-02,8.996328029375764979e-02,9.523809523809523281e-02,8.406374501992032455e-02,1.071428571428571369e-01,1.220442410373760445e-01,4.927007299270073221e-02,8.787578460521969226e-02,8.108108108108108558e-02,0.000000000000000000e+00,1.554082055532532147e-01,9.350649350649350988e-02,8.742662959530429767e-02,1.421052631578947345e-01,8.162393162393162538e-02,5.583756345177665059e-02,8.352144469525960013e-02,1.369863013698630061e-01,7.900207900207900646e-02,6.879361914257228761e-02,9.495548961424332690e-02,9.278350515463917869e-02,9.597156398104265962e-02,8.622016936104695550e-02,1.474999999999999922e-01,8.141878274889158273e-02,9.136085626911315261e-02,7.474747474747474307e-02,9.407305306685044555e-02,2.162162162162162282e-01,1.464285714285714357e-01,1.633986928104575187e-01,1.261980830670926534e-01,6.385869565217391908e-02,8.449117536612842094e-02,7.400881057268722529e-02,1.075388026607538849e-01,8.025122121423586274e-02,7.481559536354057127e-02,1.489985344406448420e-01,9.811320754716981729e-02,9.382036527395547221e-02,1.564774381368267964e-01,7.303679297089511746e-02,8.812125484666902264e-02,7.019438444924405718e-02,9.007092198581560794e-02,5.718701700154559669e-02,1.105633802816901462e-01,1.570469798657718186e-01,1.909982688978649756e-01,0.000000000000000000e+00,7.467532467532467244e-02,1.015384615384615358e-01,9.041980624327233818e-02,1.084337349397590383e-01,8.939393939393940058e-02,8.346456692913385711e-02,7.655502392344497309e-02,7.477086348287506623e-02,9.519492293744333256e-02,9.277343750000000000e-02,6.944444444444444753e-02,1.105290728129910971e-01,8.354822073233625357e-02,8.462104488594554552e-02,8.699808795411090312e-02,1.739292364990689121e-01,1.789362451567453327e-01,1.439999999999999891e-01,8.064516129032257841e-02,0.000000000000000000e+00,5.907172995780590741e-02,0.000000000000000000e+00,7.653061224489796088e-02,9.941520467836256758e-02,1.764705882352941291e-01,1.861594496155402623e-01,7.417102966841186695e-02,1.614391143911439175e-01,6.734693877551020669e-02,9.578829668281774179e-02,1.264957264957264904e-01,9.991386735572782563e-02,6.189821182943603534e-02,1.983914209115281435e-01,5.774278215223097033e-02,1.058315334773218125e-01,9.558823529411764053e-02,9.768786127167630728e-02,1.705781339439038369e-01,1.099079588521927470e-01,1.097129374754227255e-01,5.704099821746880239e-02,0.000000000000000000e+00,8.879492600422833615e-02,0.000000000000000000e+00,9.618794326241134063e-02,9.592326139088729053e-02,7.242339832869081062e-02,1.280701754385965008e-01,1.606994171523730142e-01,7.900677200902934960e-02,1.118326118326118390e-01,7.272727272727272374e-02,7.633587786259542207e-02,1.616871704745166949e-01,1.534988713318284348e-01,5.536332179930796016e-02,0.000000000000000000e+00,5.853658536585366196e-02,0.000000000000000000e+00,0.000000000000000000e+00,1.020158827122785578e-01,7.843996494303243083e-02,9.330143540669856572e-02,1.141439205955334935e-01,1.088664421997755372e-01,1.168903803131991076e-01,1.093750000000000000e-01,8.322147651006711611e-02,5.426356589147286746e-02,6.369426751592356661e-02,7.692307692307692735e-02,1.000000000000000056e-01,7.624999999999999833e-02,1.079497907949790864e-01,9.846725499303297935e-02,7.866666666666666252e-02,0.000000000000000000e+00,1.078260869565217384e-01,0.000000000000000000e+00,6.736242884250474849e-02,6.751054852320674537e-02,1.145240803943875646e-01,0.000000000000000000e+00,0.000000000000000000e+00,8.424908424908425508e-02,7.159624413145540545e-02,8.257918552036198900e-02,9.433145824318477091e-02,9.383675735702387555e-02,1.062670299727520445e-01,1.805437553101104375e-01,8.070175438596491335e-02,8.841463414634145868e-02,9.954751131221718785e-02,1.003861003861003798e-01,6.849315068493150305e-02,8.697261287934862639e-02,8.990825688073394995e-02,0.000000000000000000e+00,4.761904761904761640e-02,6.647807637906648359e-02,0.000000000000000000e+00,1.018409714061887933e-01,8.338261383796570503e-02,7.272727272727272374e-02,8.896210873146623288e-02,6.858638743455497400e-02,7.266666666666667107e-02,0.000000000000000000e+00,8.704453441295546823e-02,9.169764560099132045e-02,8.402291534054742717e-02,9.195402298850574585e-02,6.424242424242423977e-02,8.886718750000000000e-02,6.944444444444444753e-02,5.555555555555555247e-02,1.038610038610038588e-01,9.400123685837971643e-02,0.000000000000000000e+00,7.557603686635944173e-02,1.134564643799472333e-01,1.012235817575083408e-01,7.407407407407406996e-02,9.794988610478359836e-02,1.042136945071482357e-01,6.295399515738499263e-02,8.683151236342726009e-02,0.000000000000000000e+00,9.912536443148688148e-02,0.000000000000000000e+00,0.000000000000000000e+00,1.330472103004291806e-01,8.003766478342749791e-02,1.290322580645161255e-01,7.473143390938813413e-02,0.000000000000000000e+00,8.051948051948051854e-02,0.000000000000000000e+00,1.641554321966693097e-01,1.676367869615832396e-01,7.986111111111110494e-02,7.991803278688525136e-02,0.000000000000000000e+00,0.000000000000000000e+00,8.389860764012851968e-02,5.547850208044383113e-02,7.127602776294714171e-02,7.727016356457980240e-02,9.286328460877042723e-02,8.820512820512819985e-02,1.521850899742930585e-01,8.658256880733944394e-02,9.279561472200470451e-02,1.740564309270795085e-01,1.258134490238611847e-01,7.372587827808016470e-02,1.193490054249547877e-01,1.321428571428571452e-01,6.863052334691319145e-02,9.216038300418910589e-02,0.000000000000000000e+00,9.383378016085790196e-02,8.411214953271027583e-02,1.633109619686800851e-01,7.160804020100502987e-02,8.492569002123141753e-02,0.000000000000000000e+00,8.752997601918464932e-02,8.130081300813007950e-02,9.229725144214455390e-02,0.000000000000000000e+00,1.910447761194029870e-01,0.000000000000000000e+00,0.000000000000000000e+00,6.267806267806268206e-02,0.000000000000000000e+00,8.522727272727272096e-02,8.337493759360958823e-02,1.775147928994082747e-01,1.373926619828259310e-01,9.192944949225013984e-02,1.020092735703245768e-01,1.889375684556407475e-01,9.082031250000000000e-02,9.028374892519346051e-02,8.482142857142857539e-02,1.801125703564727953e-01,8.764367816091954422e-02,8.589306029579067692e-02,1.146833013435700627e-01,0.000000000000000000e+00,1.313131313131313260e-01,8.870967741935484319e-02,7.619047619047619735e-02,5.544554455445544622e-02,1.845979614949037340e-01,7.451403887688984318e-02,7.411630558722918927e-02,3.982300884955752157e-02,0.000000000000000000e+00,6.451612903225806273e-02,0.000000000000000000e+00,1.647058823529411742e-01,1.722488038277512068e-01,9.537665696734562437e-02,9.727916511367871999e-02,1.010971786833855801e-01,0.000000000000000000e+00,4.854368932038834877e-02,8.144416456759026590e-02,9.507042253521126585e-02,9.712230215827338808e-02,9.454545454545454364e-02,9.105960264900661572e-02,8.602150537634409289e-02,8.912655971479500894e-02,7.966101694915253550e-02,9.012131715771230789e-02,6.988352745424292189e-02,8.044164037854889537e-02,8.214849921011058154e-02,9.876543209876542662e-02,6.230031948881788878e-02,6.747404844290658121e-02,7.427785419532324795e-02,9.256449165402123869e-02,9.909909909909909997e-02,8.394160583941605303e-02,8.727272727272727959e-02,8.163265306122448328e-02
1.185112634671890292e-01,1.156069364161849689e-01,1.344262295081967151e-01,3.032994923857867953e-01,2.741617357001972510e-01,2.361111111111111049e-01,0.000000000000000000e+00,0.000000000000000000e+00,0.000000000000000000e+00,1.959459459459459429e-01,8.781362007168458383e-02,1.278890600924499354e-01,1.790123456790123357e-01,0.000000000000000000e+00,1.216931216931216864e-01,2.114093959731543626e-01,1.438253012048192891e-01,3.148936170212766061e-01,9.389671361502346936e-02,2.410256410256410298e-01,2.169014084507042139e-01,0.000000000000000000e+00,4.070236039147956397e-01,3.392857142857143016e-01,1.568627450980392135e-01,0.000000000000000000e+00,1.222570532915360497e-01,1.337579617834394885e-01,1.276752767527675192e-01,1.238003838771593035e-01,1.475409836065573743e-01,3.034410844629822912e-01,8.681135225375626041e-02,1.333878887070376329e-01,3.059958649207443204e-01,1.322385479688850396e-01,1.141942369263607288e-01,1.357575757575757713e-01,1.961165048543689338e-01,1.305707584050039005e-01,2.142857142857142738e-01,1.422535211267605681e-01,1.628787878787878729e-01,1.106020942408376950e-01,1.032028469750889688e-01,0.000000000000000000e+00,1.282442748091603135e-01,2.163461538461538547e-01,1.490797546012269936e-01,1.092896174863387942e-01,1.397489539748953957e-01,1.538461538461538547e-01,1.497890295358649815e-01,1.067073170731707293e-01,1.433447098976109169e-01,3.344051446945337513e-01,1.609195402298850552e-01,1.818181818181818232e-01,1.900452488687782715e-01,1.069277108433734913e-01,1.724137931034482873e-01,3.459028281363306645e-01,3.614130434782608647e-01,3.726708074534161308e-01,1.102581995812979831e-01,1.660377358490565947e-01,8.547008547008547175e-02,1.360153256704980940e-01,1.572700296735904946e-01,9.090909090909091161e-02,1.260932944606414086e-01,1.469696969696969724e-01,1.503759398496240518e-01,1.091160220994475127e-01,4.052287581699346442e-01,1.338090990187332796e-01,1.134751773049645363e-01,1.340670335167583882e-01,2.857142857142856984e-01,1.255364806866952898e-01,3.510378510378510120e-01,3.424657534246575152e-01,2.330383480825958809e-01,1.740331491712707179e-01,1.972413793103448276e-01,1.310541310541310511e-01,1.267123287671232945e-01,0.000000000000000000e+00,1.385006353240152421e-01,1.326116373477672639e-01,1.698113207547169712e-01,1.123595505617977497e-01,3.410138248847926490e-01,1.278538812785388057e-01,2.159999999999999976e-01,3.313148788927335886e-01,2.727272727272727071e-01,1.071428571428571369e-01,8.757062146892655163e-02,2.848893166506256125e-01,1.270772238514173980e-01,1.129032258064516098e-01,1.012216404886562005e-01,8.692365835222977399e-02,1.090785907859078557e-01,1.129032258064516098e-01,1.192660550458715663e-01,0.000000000000000000e+00,1.677282377919320500e-01,0.000000000000000000e+00,1.428571428571428492e-01,1.322751322751322678e-01,1.646447140381282481e-01,1.163723916532905245e-01,1.504559270516717395e-01,6.861063464837049986e-02,1.803278688524590223e-01,1.204901293396868633e-01,2.293706293706293808e-01,1.317606444188722803e-01,3.750000000000000000e-01,1.425925925925926041e-01,1.561338289962825310e-01,1.360946745562130189e-01,1.527777777777777901e-01,1.175811870100783862e-01,1.349831271091113671e-01,1.134361233480176145e-01,1.544342507645259932e-01,1.898734177215190000e-01,0.000000000000000000e+00,1.380471380471380571e-01,0.000000000000000000e+00,1.392857142857142905e-01,1.470401018459579767e-01,1.340206185567010266e-01,1.340782122905027907e-01,1.218521527213647510e-01,1.459227467811158863e-01,9.459459459459459985e-02,1.169230769230769212e-01,1.674876847290640292e-01,1.258992805755395628e-01,1.482889733840304092e-01,9.774436090225563367e-02,0.000000000000000000e+00,1.280991735537189979e-01,0.000000000000000000e+00,0.000000000000000000e+00,1.370038412291933461e-01,1.474654377880184331e-01,1.415628539071347725e-01,1.699029126213592311e-01,1.336405529953917093e-01,2.059925093632958837e-01,1.835535976505139610e-01,2.479815455594002183e-01,1.592592592592592671e-01,2.463768115942029102e-01,2.095890410958904104e-01,1.393229166666666574e-01,1.670428893905192003e-01,2.609400324149108719e-01,1.482433590402742196e-01,3.447537473233404648e-01,0.000000000000000000e+00,1.994535519125683054e-01,0.000000000000000000e+00,1.551401869158878510e-01,3.294117647058823484e-01,1.430517711171662154e-01,0.000000000000000000e+00,0.000000000000000000e+00,2.473118279569892497e-01,8.078602620087335651e-02,1.217038539553752519e-01,1.212381771281169363e-01,3.580131208997188175e-01,2.018348623853211121e-01,1.075359864521591852e-01,3.333333333333333148e-01,1.197916666666666713e-01,1.236842105263157854e-01,4.310344827586207184e-02,3.272058823529411797e-01,1.373989713445995520e-01,1.164383561643835552e-01,0.000000000000000000e+00,8.783783783783784271e-02,1.424936386768447805e-01,0.000000000000000000e+00,1.540130151843817907e-01,1.102620087336244475e-01,1.148936170212765950e-01,3.165760869565217295e-01,2.918756268806419474e-01,1.378531073446327693e-01,0.000000000000000000e+00,1.295938104448742800e-01,1.111111111111111049e-01,1.365914786967418471e-01,1.282051282051281937e-01,7.872078720787208106e-02,2.016260162601626049e-01,1.764705882352941291e-01,1.024390243902438963e-01,1.430757459831675515e-01,1.406940063091482729e-01,0.000000000000000000e+00,1.195079086115992950e-01,2.240000000000000047e-01,1.367989056087551281e-01,1.366906474820143991e-01,1.633554083885209729e-01,1.343173431734317469e-01,3.292682926829268442e-01,3.777581641659311651e-01,0.000000000000000000e+00,6.862745098039216285e-02,0.000000000000000000e+00,0.000000000000000000e+00,1.162790697674418589e-01,8.377896613190731478e-02,1.333333333333333315e-01,3.420822397200349863e-01,0.000000000000000000e+00,1.354166666666666574e-01,0.000000000000000000e+00,1.451612903225806550e-01,1.124694376528117407e-01,3.586387434554973996e-01,2.110389610389610260e-01,0.000000000000000000e+00,0.000000000000000000e+00,1.575971731448763125e-01,2.999999999999999889e-01,1.356650768415474384e-01,2.913978494623655768e-01,2.271062271062271043e-01,3.685039370078740384e-01,1.375609756097561087e-01,3.811074918566775271e-01,1.372997711670480570e-01,1.358463726884779621e-01,1.376146788990825764e-01,1.532329495128432195e-01,1.189024390243902385e-01,1.479500891265597140e-01,1.565164433617539652e-01,2.787810383747178489e-01,0.000000000000000000e+00,1.435897435897435792e-01,3.123595505617977608e-01,1.233624454148471578e-01,3.510204081632652962e-01,2.320675105485232037e-01,0.000000000000000000e+00,3.977272727272727071e-01,1.360457724094087661e-01,1.219022103148024172e-01,0.000000000000000000e+00,1.441441441441441429e-01,0.000000000000000000e+00,0.000000000000000000e+00,3.119658119658119677e-01,0.000000000000000000e+00,1.450617283950617342e-01,1.399253731343283458e-01,1.423076923076923017e-01,1.116352201257861665e-01,1.355748373101952342e-01,2.867579908675799150e-01,1.165577342047930259e-01,3.431798436142484698e-01,1.237553342816500729e-01,2.248677248677248552e-01,1.087328767123287715e-01,1.615331964407939747e-01,1.298701298701298579e-01,2.899563318777292342e-01,0.000000000000000000e+00,3.149606299212598381e-02,1.385281385281385280e-01,1.261398176291793349e-01,1.589648798521257067e-01,1.229079497907949736e-01,1.419068736141906872e-01,1.666666666666666574e-01,1.954887218045112673e-01,0.000000000000000000e+00,1.749999999999999889e-01,0.000000000000000000e+00,1.541609822646657635e-01,7.589285714285713691e-02,1.323345817727840101e-01,3.026400515132002811e-01,1.399067288474350468e-01,0.000000000000000000e+00,3.837638376383764038e-01,2.596291012838801704e-01,1.567944250871080025e-01,1.290322580645161255e-01,1.445783132530120418e-01,1.301939058171745212e-01,1.540785498489425920e-01,1.908396946564885621e-01,1.292875989445910201e-01,1.888888888888888840e-01,1.432506887052341638e-01,1.451612903225806550e-01,1.842818428184281876e-01,1.607629427792915400e-01,1.448863636363636465e-01,1.569767441860465129e-01,1.585081585081584976e-01,2.144846796657381705e-01,1.393188854489164075e-01,1.931818181818181768e-01,1.280487804878048808e-01,1.394658753709198951e-01
2.391089108910890992e-01,1.451851851851851949e-01,1.693404634581105184e-01,7.909162098668755247e-02,1.174418604651162740e-01,7.871720116618076413e-02,0.000000000000000000e+00,0.000000000000000000e+00,0.000000000000000000e+00,1.162790697674418589e-01,1.544256120527306986e-01,1.866764275256222461e-01,1.358024691358024616e-01,0.000000000000000000e+00,1.433070866141732402e-01,1.592741935483870941e-01,1.101520756267981849e-01,1.207200847158489271e-01,1.262135922330097082e-01,6.716417910447761153e-02,9.603658536585366057e-02,0.000000000000000000e+00,9.446254071661237817e-02,9.665726943213853728e-02,7.894736842105262720e-02,0.000000000000000000e+00,7.874015748031495954e-02,2.245989304812834320e-01,9.657075285770595763e-02,2.027357107962872440e-01,1.954545454545454641e-01,1.220893643801132800e-01,1.762523191094619579e-01,7.839643652561247011e-02,1.190095846645367467e-01,1.162037037037036979e-01,1.214325685506435354e-01,7.924528301886792081e-02,1.382765531062124242e-01,2.412040656763096147e-01,1.557093425605536319e-01,1.548436308161708630e-01,1.303501945525291916e-01,7.740805604203152002e-02,9.003831417624520717e-02,0.000000000000000000e+00,1.238265534197586087e-01,1.643454038997214373e-01,1.056179775280898930e-01,1.198738170347003196e-01,1.530343007915567211e-01,2.166666666666666741e-01,7.721046077210461100e-02,8.823529411764706454e-02,2.055888223552894134e-01,9.456928838951310368e-02,2.339181286549707472e-01,1.237113402061855716e-01,1.640798226164079943e-01,2.496360989810771369e-01,8.483290488431877163e-02,1.120171673819742447e-01,1.062745098039215713e-01,6.071428571428571369e-02,2.322305928594824709e-01,1.550695825049701881e-01,7.295504789977892701e-02,1.213270142180094824e-01,1.336405529953917093e-01,1.108374384236453236e-01,7.065435568044961534e-02,8.251121076233183804e-02,2.338801983975581922e-01,1.387240356083085935e-01,9.090909090909091161e-02,8.712677435144396132e-02,1.062992125984252023e-01,8.726601634590033796e-02,8.848080133555925875e-02,2.673216132368149145e-01,9.871086556169429704e-02,9.036860879904874688e-02,1.171641791044776143e-01,2.122830440587449852e-01,1.620405101275318727e-01,9.246088193456614146e-02,9.760374050263004309e-02,0.000000000000000000e+00,1.750181554103122650e-01,1.186830015313935643e-01,1.562156215621562094e-01,1.794871794871794879e-01,1.160042964554242745e-01,1.119104716227018320e-01,1.368909512761020963e-01,1.018740989908697714e-01,1.172032193158953767e-01,9.796314258001939668e-02,7.943925233644859307e-02,1.267772511848341277e-01,9.104781281790437497e-02,6.928406466512701534e-02,1.019462465245597749e-01,1.125139249907166766e-01,1.212823483970645044e-01,7.203389830508474811e-02,6.250000000000000000e-02,0.000000000000000000e+00,1.716961498439125988e-01,0.000000000000000000e+00,1.845386533665835382e-01,1.091623828243120653e-01,1.148587055606198754e-01,1.057324840764331253e-01,1.128608923884514420e-01,7.163601161665053563e-02,1.010752688172043001e-01,1.035234289865601121e-01,1.017241379310344779e-01,2.241879350348027766e-01,1.069518716577540079e-01,1.205802357207615555e-01,9.382716049382716639e-02,2.130866735183281901e-01,1.893617021276595702e-01,2.280892759934676217e-01,1.310507674144037737e-01,1.521486643437862940e-01,1.509661835748792313e-01,1.812080536912751560e-01,0.000000000000000000e+00,1.559633027522935866e-01,0.000000000000000000e+00,1.440598690364826850e-01,1.379310344827586188e-01,8.510638297872340219e-02,8.532423208191126929e-02,1.491421029476462934e-01,1.028708133971291822e-01,1.773835920177383729e-01,8.986615678776291305e-02,1.855976243504083023e-01,1.329588014981273325e-01,8.830548926014319955e-02,1.717791411042944860e-01,0.000000000000000000e+00,2.081339712918660323e-01,0.000000000000000000e+00,0.000000000000000000e+00,1.485832757429163820e-01,1.030881017257039012e-01,2.400869092884302114e-01,2.038369304556355011e-01,1.515151515151515194e-01,1.320208453966415785e-01,1.219891219891219847e-01,1.032894736842105282e-01,1.093439363817097359e-01,1.165048543689320426e-01,9.471919530595138137e-02,1.560236998025016364e-01,1.127129750982961975e-01,1.271626297577854725e-01,2.319963536918869529e-01,1.040843214756258239e-01,0.000000000000000000e+00,1.200631911532385465e-01,0.000000000000000000e+00,1.704119850187265917e-01,8.163265306122448328e-02,1.061410159211523818e-01,0.000000000000000000e+00,0.000000000000000000e+00,1.528239202657807327e-01,2.553916004540295326e-01,1.160809371671991524e-01,1.092821216278006408e-01,9.258733314399318626e-02,1.394736842105263053e-01,1.081194783340344995e-01,8.467741935483870386e-02,1.726190476190476164e-01,1.177578897786151629e-01,4.329004329004328827e-02,7.838983050847457557e-02,1.239236241108199188e-01,5.714285714285714107e-02,0.000000000000000000e+00,2.019464720194647234e-01,1.741854636591478600e-01,0.000000000000000000e+00,1.036125446605795919e-01,1.530249110320284767e-01,7.192575406032482299e-02,1.077519379844961295e-01,1.675392670157068165e-01,6.951135581555402398e-02,0.000000000000000000e+00,1.904761904761904656e-01,2.096177558569667088e-01,1.065124771758977490e-01,1.247086247086247046e-01,2.237890864500306498e-01,1.501976284584980170e-01,1.211072664359861550e-01,1.574344023323615283e-01,1.726559273027674646e-01,9.093971034018187571e-02,0.000000000000000000e+00,1.827586206896551768e-01,1.174033149171270773e-01,1.190655614167294707e-01,9.135802469135802240e-02,1.251372118551042911e-01,1.486268174474959514e-01,7.086614173228346358e-02,9.115720524017467685e-02,0.000000000000000000e+00,4.697986577181208212e-02,0.000000000000000000e+00,0.000000000000000000e+00,1.226415094339622647e-01,9.090909090909091161e-02,1.365853658536585469e-01,1.062410671748451607e-01,0.000000000000000000e+00,1.354166666666666574e-01,0.000000000000000000e+00,9.916994320664045126e-02,9.966024915062288159e-02,7.885304659498207358e-02,9.775967413441954967e-02,0.000000000000000000e+00,0.000000000000000000e+00,2.084478021978022066e-01,9.043927648578811707e-02,2.071553665248936638e-01,8.262967430639324429e-02,1.107296137339055797e-01,9.219858156028368223e-02,1.256656017039403661e-01,1.100478468899521584e-01,2.778429073856975573e-01,9.114583333333332871e-02,8.407079646017699692e-02,1.106578276389597187e-01,2.130434782608695565e-01,1.071789686552072768e-01,1.880035810205908653e-01,1.474514563106796017e-01,0.000000000000000000e+00,1.585014409221902065e-01,1.014884979702300460e-01,9.308022045315370030e-02,8.945260347129506406e-02,1.177685950413223104e-01,0.000000000000000000e+00,9.049255441008018097e-02,1.201523545706371238e-01,1.060659808442710184e-01,0.000000000000000000e+00,1.340523882896764163e-01,0.000000000000000000e+00,0.000000000000000000e+00,1.002865329512893922e-01,0.000000000000000000e+00,8.108108108108108558e-02,8.232189973614775780e-02,1.206703910614525116e-01,7.811158798283261706e-02,1.070857751731486424e-01,1.193460490463215257e-01,1.266628108733371949e-01,1.209638554216867501e-01,1.018276762402088725e-01,1.027190332326284039e-01,1.293838862559241742e-01,1.278818443804034533e-01,2.146238821672803720e-01,1.150353178607467219e-01,0.000000000000000000e+00,9.578544061302682322e-02,9.582309582309582463e-02,2.431600547195622297e-01,1.825095057034220591e-01,1.338924233661075713e-01,7.961399276236429123e-02,9.090909090909091161e-02,6.837606837606838295e-02,0.000000000000000000e+00,4.972375690607734600e-02,0.000000000000000000e+00,1.026392961876832904e-01,9.392265193370165355e-02,2.173163159710244929e-01,1.243580337490828996e-01,1.059707394226967192e-01,0.000000000000000000e+00,8.808290155440413882e-02,1.085613415710503099e-01,8.662900188323917339e-02,1.194295900178253128e-01,1.112956810631229171e-01,1.358024691358024616e-01,1.153212520593080714e-01,8.858603066439522944e-02,1.177419354838709631e-01,1.174652241112828371e-01,1.217105263157894773e-01,1.181364392678868613e-01,1.054365733113673820e-01,8.649468892261001629e-02,9.740259740259740728e-02,1.148148148148148140e-01,1.164772727272727210e-01,1.103789126853377267e-01,1.190893169877408064e-01,1.125000000000000028e-01,1.389891696750902572e-01,1.173380035026269641e-01
1.253918495297805524e-01,3.076225045372050770e-01,6.422018348623853568e-02,4.968944099378881651e-02,9.552238805970149349e-02,6.167400881057268774e-02,0.000000000000000000e+00,0.000000000000000000e+00,0.000000000000000000e+00,1.320754716981132060e-01,8.072916666666667129e-02,9.199999999999999845e-02,1.111111111111111049e-01,0.000000000000000000e+00,1.640625000000000000e-01,1.275510204081632681e-01,1.684901531728665303e-01,1.131528046421663436e-01,2.312925170068027281e-01,9.345794392523364136e-02,1.254901960784313708e-01,0.000000000000000000e+00,1.315261044176706806e-01,8.749999999999999445e-02,3.474576271186440857e-01,0.000000000000000000e+00,1.398305084745762594e-01,1.057268722466960381e-01,3.808049535603715285e-01,1.226415094339622647e-01,1.388888888888888951e-01,1.339712918660287133e-01,3.279569892473118142e-01,1.515151515151515194e-01,1.117764471057884207e-01,3.048498845265588675e-01,1.414141414141414088e-01,1.903846153846153744e-01,1.586402266288951812e-01,1.275395033860045046e-01,5.882352941176470507e-02,2.380038387715930903e-01,8.910891089108910479e-02,1.622156280909990145e-01,1.268436578171091567e-01,0.000000000000000000e+00,2.618577075098814100e-01,1.130434782608695649e-01,1.598546775658492292e-01,4.393939393939393923e-01,8.755129958960328196e-02,1.164383561643835552e-01,1.844660194174757295e-01,3.744855967078189463e-01,1.420454545454545581e-01,1.095100864553314179e-01,8.823529411764706454e-02,1.351351351351351426e-01,1.477987421383647748e-01,1.299790356394129875e-01,3.333333333333333148e-01,1.293213828425096024e-01,1.081395348837209253e-01,7.329842931937172179e-02,1.327602674307545305e-01,3.255813953488372325e-01,4.272211720226843368e-01,4.392523364485981241e-01,2.869955156950672603e-01,8.076923076923077371e-02,1.666666666666666574e-01,1.846522781774580235e-01,1.371371371371371273e-01,6.680584551148224803e-02,1.118210862619808260e-01,4.120267260579064672e-01,1.327433628318584191e-01,1.847507331378299145e-01,2.820976491862567936e-01,8.931419457735247092e-02,1.175257731958762875e-01,1.086350974930362090e-01,1.838565022421524697e-01,1.400778210116731537e-01,9.766454352441614195e-02,3.699186991869918839e-01,3.420245398773006373e-01,0.000000000000000000e+00,1.111111111111111049e-01,1.626617375231053653e-01,8.708708708708708113e-02,1.224489795918367319e-01,1.076696165191740467e-01,1.389521640091116172e-01,1.167883211678832078e-01,9.481481481481481011e-02,1.161616161616161602e-01,1.693290734824281218e-01,1.688311688311688319e-01,1.208333333333333343e-01,1.714285714285714302e-01,1.886363636363636298e-01,1.296296296296296224e-01,3.951081843838193941e-01,3.129310344827586077e-01,2.500000000000000000e-01,1.515151515151515194e-01,0.000000000000000000e+00,1.179775280898876372e-01,0.000000000000000000e+00,1.235294117647058876e-01,1.523283346487766254e-01,3.466666666666666785e-01,4.167597765363128537e-01,1.087962962962962937e-01,3.515625000000000000e-01,1.213592233009708754e-01,1.401960784313725505e-01,2.000000000000000111e-01,1.113744075829383867e-01,1.247672253258845371e-01,3.686690223792697396e-01,1.677018633540372783e-01,1.511312217194570040e-01,1.199999999999999956e-01,1.071428571428571369e-01,3.091787439613526423e-01,1.404580152671755788e-01,1.052072263549415493e-01,8.133971291866028130e-02,0.000000000000000000e+00,1.359223300970873738e-01,0.000000000000000000e+00,1.049457177322074830e-01,1.002865329512893922e-01,9.583333333333333981e-02,5.183673469387755084e-01,3.040089086859688039e-01,1.295336787564766723e-01,9.730848861283643292e-02,1.147540983606557402e-01,1.118012422360248476e-01,3.772727272727272596e-01,4.021447721179624568e-01,1.382978723404255372e-01,0.000000000000000000e+00,1.060606060606060635e-01,0.000000000000000000e+00,0.000000000000000000e+00,1.195079086115992950e-01,9.619952494061757842e-02,1.227495908346972198e-01,1.304347826086956486e-01,1.075949367088607639e-01,1.723563696919233890e-01,1.728155339805825252e-01,8.112874779541445758e-02,8.875739644970413733e-02,7.619047619047619735e-02,1.479915433403805602e-01,9.136212624584717779e-02,1.089108910891089105e-01,9.808612440191387394e-02,1.220472440944881942e-01,9.893992932862190337e-02,0.000000000000000000e+00,1.365638766519823855e-01,0.000000000000000000e+00,1.014851485148514920e-01,1.394230769230769273e-01,1.563393708293613071e-01,0.000000000000000000e+00,0.000000000000000000e+00,1.612903225806451568e-01,1.561461794019933513e-01,7.565789473684210453e-02,1.346153846153846090e-01,1.222313371616078753e-01,1.301775147928994070e-01,3.411633109619686688e-01,9.183673469387755584e-02,1.065573770491803213e-01,1.070063694267515964e-01,1.904761904761904656e-01,9.289617486338798413e-02,1.323971915747241823e-01,1.557788944723618174e-01,0.000000000000000000e+00,1.229508196721311453e-01,1.052631578947368363e-01,0.000000000000000000e+00,1.444082519001085863e-01,1.036184210526315819e-01,1.693989071038251304e-01,7.352941176470588480e-02,7.309486780715396259e-02,1.578014184397163178e-01,0.000000000000000000e+00,1.686390532544378706e-01,1.068965517241379365e-01,1.450094161958568606e-01,1.469534050179211460e-01,5.109489051094890516e-02,1.265822784810126667e-01,1.685393258426966245e-01,7.751937984496123923e-02,9.317443120260021638e-02,1.612903225806451568e-01,0.000000000000000000e+00,1.724137931034482873e-01,1.292775665399239493e-01,1.302785265049415941e-01,1.103448275862068950e-01,2.006802721088435382e-01,9.513742071881606255e-02,5.072463768115942351e-02,1.428571428571428492e-01,0.000000000000000000e+00,3.970588235294117418e-01,0.000000000000000000e+00,0.000000000000000000e+00,4.711538461538461453e-01,1.152882205513784397e-01,1.250000000000000000e-01,8.913308913308913561e-02,0.000000000000000000e+00,1.188524590163934358e-01,0.000000000000000000e+00,3.913043478260869734e-01,3.968749999999999778e-01,8.333333333333332871e-02,1.502347417840375621e-01,0.000000000000000000e+00,0.000000000000000000e+00,1.398390342052313884e-01,9.933774834437085477e-02,1.174785100286532963e-01,9.661016949152542721e-02,1.812349639133921386e-01,1.158690176322418192e-01,2.304687500000000000e-01,1.057192374350086617e-01,1.298026998961578360e-01,4.340148698884758183e-01,5.340314136125654532e-01,1.297297297297297369e-01,1.442307692307692180e-01,2.398081534772182333e-01,1.362098138747885046e-01,1.021126760563380309e-01,0.000000000000000000e+00,1.160714285714285754e-01,1.062271062271062244e-01,3.802008608321377214e-01,1.157894736842105254e-01,1.235294117647058876e-01,0.000000000000000000e+00,1.289308176100628922e-01,9.788867562380038079e-02,1.204710144927536170e-01,0.000000000000000000e+00,2.835249042145593923e-01,0.000000000000000000e+00,0.000000000000000000e+00,7.246376811594203160e-02,0.000000000000000000e+00,1.150000000000000050e-01,1.324599708879184989e-01,3.804627249357326324e-01,2.179487179487179516e-01,1.648854961832061095e-01,1.235955056179775247e-01,3.255172413793103181e-01,1.079999999999999988e-01,7.758620689655172653e-02,1.363636363636363535e-01,3.113402061855670144e-01,9.135559921414537765e-02,1.145161290322580655e-01,1.404358353510895829e-01,0.000000000000000000e+00,2.982456140350877027e-01,9.714285714285714191e-02,1.005976095617529820e-01,1.536458333333333426e-01,3.230188679245282746e-01,1.772151898734177222e-01,1.335403726708074557e-01,1.168831168831168804e-01,0.000000000000000000e+00,1.466666666666666674e-01,0.000000000000000000e+00,4.278260869565217450e-01,4.117647058823529216e-01,1.177520071364852872e-01,1.200417536534446744e-01,1.154661016949152519e-01,0.000000000000000000e+00,9.142857142857142849e-02,1.158798283261802536e-01,1.638655462184873957e-01,1.610486891385767838e-01,1.719457013574660631e-01,1.338289962825278678e-01,1.228070175438596423e-01,2.119999999999999940e-01,1.274131274131274083e-01,1.328125000000000000e-01,1.349206349206349131e-01,1.618122977346278246e-01,1.653846153846153799e-01,1.648351648351648324e-01,2.096774193548387177e-01,1.822222222222222299e-01,1.881533101045296252e-01,1.418685121107266522e-01,1.239316239316239354e-01,1.976284584980237125e-01,1.547619047619047672e-01,1.556420233463035041e-01
3.142857142857142794e-01,6.388888888888888395e-01,5.000000000000000000e-01,3.684210526315789269e-01,7.368421052631578538e-01,4.000000000000000222e-01,0.000000000000000000e+00,0.000000000000000000e+00,0.000000000000000000e+00,4.000000000000000222e-01,2.666666666666666630e-01,4.782608695652174058e-01,0.000000000000000000e+00,0.000000000000000000e+00,5.333333333333333259e-01,3.333333333333333148e-01,2.564102564102563875e-01,5.102040816326530726e-01,8.333333333333333703e-01,3.333333333333333148e-01,5.714285714285713969e-01,0.000000000000000000e+00,2.222222222222222099e-01,3.829787234042553168e-01,8.888888888888888395e-01,0.000000000000000000e+00,5.999999999999999778e-01,3.846153846153846367e-01,8.627450980392157298e-01,2.075471698113207641e-01,6.666666666666666297e-01,4.761904761904761640e-01,6.363636363636363535e-01,3.513513513513513709e-01,3.050847457627118842e-01,7.843137254901960675e-01,3.428571428571428603e-01,5.000000000000000000e-01,5.238095238095238360e-01,2.888888888888888618e-01,1.666666666666666574e-01,4.736842105263157632e-01,1.666666666666666574e-01,6.250000000000000000e-01,4.000000000000000222e-01,0.000000000000000000e+00,5.714285714285713969e-01,5.999999999999999778e-01,5.116279069767442067e-01,1.000000000000000000e+00,3.888888888888888951e-01,0.000000000000000000e+00,3.750000000000000000e-01,8.571428571428570953e-01,1.250000000000000000e-01,4.166666666666666852e-01,3.333333333333333148e-01,3.333333333333333148e-01,5.384615384615384359e-01,2.857142857142856984e-01,7.500000000000000000e-01,3.499999999999999778e-01,3.275862068965517127e-01,1.250000000000000000e-01,3.617021276595744905e-01,3.076923076923077094e-01,8.421052631578946901e-01,6.842105263157894912e-01,6.250000000000000000e-01,6.428571428571429047e-01,7.272727272727272929e-01,3.846153846153846367e-01,4.285714285714285476e-01,2.580645161290322509e-01,3.103448275862069061e-01,6.999999999999999556e-01,2.500000000000000000e-01,3.968253968253968034e-01,8.333333333333333703e-01,3.225806451612903136e-01,4.285714285714285476e-01,6.250000000000000000e-01,4.583333333333333148e-01,2.000000000000000111e-01,4.615384615384615641e-01,9.000000000000000222e-01,7.142857142857143016e-01,0.000000000000000000e+00,2.173913043478260809e-01,2.962962962962962798e-01,5.999999999999999778e-01,3.043478260869565410e-01,5.000000000000000000e-01,3.636363636363636465e-01,4.444444444444444198e-01,5.000000000000000000e-01,4.230769230769230727e-01,5.263157894736841813e-01,4.444444444444444198e-01,3.409090909090908839e-01,4.705882352941176405e-01,7.692307692307692735e-02,5.294117647058823595e-01,7.777777777777777901e-01,7.272727272727272929e-01,5.000000000000000000e-01,8.888888888888888395e-01,0.000000000000000000e+00,2.500000000000000000e-01,0.000000000000000000e+00,2.857142857142856984e-01,4.655172413793103314e-01,6.315789473684210176e-01,8.387096774193548709e-01,3.333333333333333148e-01,7.600000000000000089e-01,3.333333333333333148e-01,5.535714285714286031e-01,7.142857142857143016e-01,3.125000000000000000e-01,2.068965517241379282e-01,8.695652173913043237e-01,3.333333333333333148e-01,4.090909090909091161e-01,2.857142857142856984e-01,4.782608695652174058e-01,7.142857142857143016e-01,4.749999999999999778e-01,3.559322033898305038e-01,3.333333333333333148e-01,0.000000000000000000e+00,5.000000000000000000e-01,0.000000000000000000e+00,3.898305084745762872e-01,4.266666666666666941e-01,1.818181818181818232e-01,9.090909090909090606e-01,7.037037037037037202e-01,3.333333333333333148e-01,3.181818181818181768e-01,1.666666666666666574e-01,3.529411764705882582e-01,9.000000000000000222e-01,6.250000000000000000e-01,6.666666666666666297e-01,0.000000000000000000e+00,6.666666666666666297e-01,0.000000000000000000e+00,0.000000000000000000e+00,3.888888888888888951e-01,3.750000000000000000e-01,3.103448275862069061e-01,5.000000000000000000e-01,3.157894736842105088e-01,5.517241379310344751e-01,5.909090909090909394e-01,2.105263157894736725e-01,4.000000000000000222e-01,5.000000000000000000e-01,5.294117647058823595e-01,3.658536585365853577e-01,5.000000000000000000e-01,4.285714285714285476e-01,1.428571428571428492e-01,5.333333333333333259e-01,0.000000000000000000e+00,6.666666666666666297e-01,0.000000000000000000e+00,4.000000000000000222e-01,5.000000000000000000e-01,4.600000000000000200e-01,0.000000000000000000e+00,0.000000000000000000e+00,6.666666666666666297e-01,4.000000000000000222e-01,5.263157894736841813e-01,4.761904761904761640e-01,5.185185185185184897e-01,5.454545454545454142e-01,7.777777777777777901e-01,5.000000000000000000e-01,5.000000000000000000e-01,4.871794871794871695e-01,5.000000000000000000e-01,5.714285714285713969e-01,3.400000000000000244e-01,2.000000000000000111e-01,0.000000000000000000e+00,4.285714285714285476e-01,4.666666666666666741e-01,0.000000000000000000e+00,4.736842105263157632e-01,3.684210526315789269e-01,5.000000000000000000e-01,4.242424242424242542e-01,3.333333333333333148e-01,4.482758620689655249e-01,0.000000000000000000e+00,3.333333333333333148e-01,2.000000000000000111e-01,5.555555555555555802e-01,1.000000000000000056e-01,6.250000000000000000e-02,5.714285714285713969e-01,4.000000000000000222e-01,0.000000000000000000e+00,4.067796610169491789e-01,5.600000000000000533e-01,0.000000000000000000e+00,2.857142857142856984e-01,4.166666666666666852e-01,3.333333333333333148e-01,6.666666666666666297e-01,6.875000000000000000e-01,2.790697674418604612e-01,0.000000000000000000e+00,3.214285714285714524e-01,0.000000000000000000e+00,8.000000000000000444e-01,0.000000000000000000e+00,0.000000000000000000e+00,1.000000000000000000e+00,2.500000000000000000e-01,0.000000000000000000e+00,3.333333333333333148e-01,0.000000000000000000e+00,2.500000000000000000e-01,0.000000000000000000e+00,8.717948717948718063e-01,9.411764705882352811e-01,2.307692307692307820e-01,5.454545454545454142e-01,0.000000000000000000e+00,0.000000000000000000e+00,2.608695652173912971e-01,3.846153846153846367e-01,4.285714285714285476e-01,3.548387096774193727e-01,3.529411764705882582e-01,2.941176470588235392e-01,5.531914893617021489e-01,3.125000000000000000e-01,3.703703703703703498e-01,8.260869565217391353e-01,6.666666666666666297e-01,4.054054054054054279e-01,5.625000000000000000e-01,6.923076923076922906e-01,4.909090909090909061e-01,4.782608695652174058e-01,0.000000000000000000e+00,2.999999999999999889e-01,4.666666666666666741e-01,8.684210526315789824e-01,2.857142857142856984e-01,1.666666666666666574e-01,0.000000000000000000e+00,4.166666666666666852e-01,2.444444444444444364e-01,3.606557377049180446e-01,0.000000000000000000e+00,8.000000000000000444e-01,0.000000000000000000e+00,0.000000000000000000e+00,0.000000000000000000e+00,0.000000000000000000e+00,5.000000000000000000e-01,5.416666666666666297e-01,8.000000000000000444e-01,6.129032258064516236e-01,4.062500000000000000e-01,4.318181818181818232e-01,6.250000000000000000e-01,3.499999999999999778e-01,2.666666666666666630e-01,4.444444444444444198e-01,8.399999999999999689e-01,3.333333333333333148e-01,3.870967741935483764e-01,4.883720930232557933e-01,0.000000000000000000e+00,1.000000000000000000e+00,5.000000000000000000e-01,3.111111111111111160e-01,3.846153846153846367e-01,7.142857142857143016e-01,4.444444444444444198e-01,3.750000000000000000e-01,6.666666666666666297e-01,0.000000000000000000e+00,6.666666666666666297e-01,0.000000000000000000e+00,9.354838709677418818e-01,1.000000000000000000e+00,5.400000000000000355e-01,4.647887323943661886e-01,4.423076923076922906e-01,0.000000000000000000e+00,5.000000000000000000e-01,3.809523809523809312e-01,5.555555555555555802e-01,5.000000000000000000e-01,3.333333333333333148e-01,5.999999999999999778e-01,5.000000000000000000e-01,3.571428571428571508e-01,3.750000000000000000e-01,5.263157894736841813e-01,5.999999999999999778e-01,6.999999999999999556e-01,5.714285714285713969e-01,4.347826086956521618e-01,4.285714285714285476e-01,6.999999999999999556e-01,5.882352941176470784e-01,5.000000000000000000e-01,3.333333333333333148e-01,4.444444444444444198e-01,7.058823529411765163e-01,5.000000000000000000e-01
1.859903381642512010e-01,1.499999999999999944e-01,2.695652173913043459e-01,3.118971061093247510e-01,1.813186813186813129e-01,3.910256410256410242e-01,0.000000000000000000e+00,0.000000000000000000e+00,0.000000000000000000e+00,3.714285714285714413e-01,3.709677419354838745e-01,2.281249999999999944e-01,4.545454545454545303e-01,0.000000000000000000e+00,1.666666666666666574e-01,2.549019607843137081e-01,4.703947368421052544e-01,1.292307692307692324e-01,1.702127659574468044e-01,3.939393939393939226e-01,1.854838709677419373e-01,0.000000000000000000e+00,1.627486437613019921e-01,1.496062992125984370e-01,1.875000000000000000e-01,0.000000000000000000e+00,1.221374045801526670e-01,1.230769230769230838e-01,1.854166666666666741e-01,1.786447638603696209e-01,1.276595744680850963e-01,1.101449275362318819e-01,7.305936073059360325e-02,1.515151515151515194e-01,1.591760299625468167e-01,1.501103752759381793e-01,4.256410256410256276e-01,1.282051282051281937e-01,1.185567010309278302e-01,2.132796780684104720e-01,2.363636363636363591e-01,1.092715231788079500e-01,3.655172413793103536e-01,1.468189233278955896e-01,1.884816753926701616e-01,0.000000000000000000e+00,1.531100478468899462e-01,1.647058823529411742e-01,1.330275229357798239e-01,1.475409836065573743e-01,3.756345177664974777e-01,1.250000000000000000e-01,1.494845360824742231e-01,1.357142857142857040e-01,1.981981981981981999e-01,1.348314606741572996e-01,1.492537313432835688e-01,1.749999999999999889e-01,1.702127659574468044e-01,1.801242236024844789e-01,1.325301204819277212e-01,1.425438596491228060e-01,1.583793738489871206e-01,2.137404580152671707e-01,1.757679180887372072e-01,1.090909090909090856e-01,9.240924092409240342e-02,1.111111111111111049e-01,1.363636363636363535e-01,1.801242236024844789e-01,1.385767790262172339e-01,1.756756756756756854e-01,1.818181818181818232e-01,4.508670520231213841e-01,1.502890173410404706e-01,1.876379690949227241e-01,1.489361702127659504e-01,1.437659033078880488e-01,5.190311418685120831e-02,1.879350348027842288e-01,1.681901279707495311e-01,1.375000000000000111e-01,2.131782945736434010e-01,1.382113821138211407e-01,2.130584192439862468e-01,1.428571428571428492e-01,1.428571428571428492e-01,0.000000000000000000e+00,2.784090909090908839e-01,1.308724832214765155e-01,2.459893048128342363e-01,1.812499999999999944e-01,1.199999999999999956e-01,4.406779661016949068e-01,2.235294117647058931e-01,1.670644391408114549e-01,1.582150101419878274e-01,1.507537688442210921e-01,1.507936507936507853e-01,1.781472684085510794e-01,1.662763466042154470e-01,9.230769230769231282e-02,9.090909090909091161e-02,1.776447105788423186e-01,1.689708141321044632e-01,1.038961038961039030e-01,1.400000000000000133e-01,0.000000000000000000e+00,1.594202898550724501e-01,0.000000000000000000e+00,1.182795698924731242e-01,1.538461538461538547e-01,1.176470588235294101e-01,1.295896328293736632e-01,4.265734265734265618e-01,3.244444444444444242e-01,3.423076923076923128e-01,1.452859350850077280e-01,1.569965870307167277e-01,1.707953063885267186e-01,1.343283582089552231e-01,1.545893719806763211e-01,1.340206185567010266e-01,1.609195402298850552e-01,1.263157894736842146e-01,1.546134663341645898e-01,1.335078534031413633e-01,4.083526682134570596e-01,3.199381761978361549e-01,7.258064516129032751e-02,0.000000000000000000e+00,2.348484848484848619e-01,0.000000000000000000e+00,3.069852941176470784e-01,2.736248236953455759e-01,4.748201438848920763e-01,1.171875000000000000e-01,1.433891992551210304e-01,4.622641509433962348e-01,3.333333333333333148e-01,3.776223776223776030e-01,1.752212389380531088e-01,2.155172413793103314e-01,2.169312169312169192e-01,8.510638297872340219e-02,0.000000000000000000e+00,1.752577319587628746e-01,0.000000000000000000e+00,0.000000000000000000e+00,3.785166240409207350e-01,4.047217537942664478e-01,1.536388140161725202e-01,1.647058823529411742e-01,3.853658536585365946e-01,1.851851851851851749e-01,2.364341085271317866e-01,2.054054054054054168e-01,4.347826086956521618e-01,1.212121212121212155e-01,1.732283464566929110e-01,3.449131513647642477e-01,4.603960396039604164e-01,1.721311475409836034e-01,1.194029850746268634e-01,2.116788321167883125e-01,0.000000000000000000e+00,1.118881118881118880e-01,0.000000000000000000e+00,1.891891891891891997e-01,1.530612244897959218e-01,1.451355661881977566e-01,0.000000000000000000e+00,0.000000000000000000e+00,5.714285714285714107e-02,2.151898734177215278e-01,3.052631578947368474e-01,1.622176591375769916e-01,1.273792093704246009e-01,2.566371681415929307e-01,1.816367265469061854e-01,1.590909090909090884e-01,1.911764705882352811e-01,4.058823529411764719e-01,3.768115942028985588e-01,1.170212765957446832e-01,4.325581395348837010e-01,1.370967741935483764e-01,0.000000000000000000e+00,1.159420289855072478e-01,1.768292682926829174e-01,0.000000000000000000e+00,1.484992101105845064e-01,8.707865168539326295e-02,7.368421052631578261e-02,1.422924901185770863e-01,9.350649350649350988e-02,9.904153354632587447e-02,0.000000000000000000e+00,1.822916666666666574e-01,1.978609625668449334e-01,1.396825396825396859e-01,1.567567567567567655e-01,3.423913043478261087e-01,2.027972027972027858e-01,4.000000000000000222e-01,4.216867469879518326e-01,3.333333333333333148e-01,1.355685131195335236e-01,0.000000000000000000e+00,1.383399209486166070e-01,1.830065359477124065e-01,1.563380281690140983e-01,1.165048543689320426e-01,1.629213483146067509e-01,3.262295081967213073e-01,1.578947368421052544e-01,1.159029649595687272e-01,0.000000000000000000e+00,1.857142857142857206e-01,0.000000000000000000e+00,0.000000000000000000e+00,1.764705882352941291e-01,2.811244979919678699e-01,2.000000000000000111e-01,1.460446247464503022e-01,0.000000000000000000e+00,4.910179640718562721e-01,0.000000000000000000e+00,1.494736842105263142e-01,1.949685534591195091e-01,1.512605042016806622e-01,2.100840336134453812e-01,0.000000000000000000e+00,0.000000000000000000e+00,1.490125673249551030e-01,1.590909090909090884e-01,1.786179921773142221e-01,9.455587392550143799e-02,2.458521870286576039e-01,1.818181818181818232e-01,1.804347826086956652e-01,1.603174603174603308e-01,1.527559055118110354e-01,1.478599221789883289e-01,9.090909090909091161e-02,4.551569506726457215e-01,1.283783783783783716e-01,2.469135802469135665e-01,1.571648690292758166e-01,1.523545706371191022e-01,0.000000000000000000e+00,3.225806451612903136e-01,1.962025316455696111e-01,1.733333333333333393e-01,1.612903225806451568e-01,1.919191919191919060e-01,0.000000000000000000e+00,1.195652173913043514e-01,4.219653179190751557e-01,1.613372093023255904e-01,0.000000000000000000e+00,1.240310077519379828e-01,0.000000000000000000e+00,0.000000000000000000e+00,1.923076923076923184e-01,0.000000000000000000e+00,1.071428571428571369e-01,1.512415349887133165e-01,9.770114942528736190e-02,1.107266435986159203e-01,1.380952380952381042e-01,1.337719298245614030e-01,1.342857142857142860e-01,1.632653061224489666e-01,1.988304093567251352e-01,1.847133757961783307e-01,1.704312114989733062e-01,3.209509658246657016e-01,1.839378238341968785e-01,1.350114416475972634e-01,0.000000000000000000e+00,1.515151515151515194e-02,5.309734513274336765e-01,1.893687707641195928e-01,1.909090909090909172e-01,1.525885558583106316e-01,1.549999999999999989e-01,2.021857923497267784e-01,2.291666666666666574e-01,0.000000000000000000e+00,1.020408163265306145e-01,0.000000000000000000e+00,8.749999999999999445e-02,1.938775510204081565e-01,1.619190404797601068e-01,1.426056338028169057e-01,1.710730948678071406e-01,0.000000000000000000e+00,1.263157894736842146e-01,1.393939393939394034e-01,2.538461538461538325e-01,1.870503597122302186e-01,2.176470588235294157e-01,1.309523809523809590e-01,2.682926829268292845e-01,1.529411764705882470e-01,2.337662337662337608e-01,1.635220125786163436e-01,1.896551724137930939e-01,1.319796954314720883e-01,2.000000000000000111e-01,1.886792452830188815e-01,1.794871794871794879e-01,2.046783625730994038e-01,2.409638554216867457e-01,2.095808383233532801e-01,2.380952380952380820e-01,1.863354037267080654e-01,1.612903225806451568e-01,2.653061224489796088e-01
1.430894308943089499e-01,8.098159509202454420e-02,4.733727810650887463e-02,7.524271844660193609e-02,7.633587786259542207e-02,6.122448979591836593e-02,0.000000000000000000e+00,0.000000000000000000e+00,0.000000000000000000e+00,9.638554216867470381e-02,6.344410876132930421e-02,1.059113300492610793e-01,1.018518518518518462e-01,0.000000000000000000e+00,1.408450704225352179e-01,9.655172413793103314e-02,6.958762886597938402e-02,5.452292441140024759e-02,1.160714285714285754e-01,5.813953488372092943e-02,7.860262008733624739e-02,0.000000000000000000e+00,6.345733041575492284e-02,5.585106382978723139e-02,4.390243902439024126e-02,0.000000000000000000e+00,7.109004739336492740e-02,1.569506726457399193e-01,6.310013717421124324e-02,1.499999999999999944e-01,1.176470588235294101e-01,8.316008316008316470e-02,1.037463976945244976e-01,4.978662873399715416e-02,6.809583858764187148e-02,4.895104895104895187e-02,5.225225225225225284e-02,5.009633911368015224e-02,6.451612903225806273e-02,1.376370280146163305e-01,4.494382022471909988e-02,9.498680738786278999e-02,8.450704225352112520e-02,5.345211581291759578e-02,9.666666666666666463e-02,0.000000000000000000e+00,6.189821182943603534e-02,8.527131782945736316e-02,6.213592233009708476e-02,1.111111111111111049e-01,6.868131868131868711e-02,2.173913043478260809e-01,9.259259259259258745e-02,5.294117647058823456e-02,1.104651162790697694e-01,5.555555555555555247e-02,1.339285714285714246e-01,1.757575757575757514e-01,8.928571428571428770e-02,1.923076923076923184e-01,4.918032786885245811e-02,7.916666666666666297e-02,6.624203821656050872e-02,6.976744186046511531e-02,1.565217391304347949e-01,6.521739130434782428e-02,5.592841163310961761e-02,5.479452054794520244e-02,1.071428571428571369e-01,6.403940886699507895e-02,6.829268292682927344e-02,5.583756345177665059e-02,1.241050119331742196e-01,7.640449438202247257e-02,4.854368932038834877e-02,3.610675039246467877e-02,1.052631578947368363e-01,7.131410256410256054e-02,7.731958762886598224e-02,1.199324324324324287e-01,7.332490518331226392e-02,7.665505226480835710e-02,8.418367346938775142e-02,1.336405529953917093e-01,6.744186046511628507e-02,3.913043478260869873e-02,6.274509803921568540e-02,0.000000000000000000e+00,9.051724137931034531e-02,6.941431670281995869e-02,5.925925925925926152e-02,1.393034825870646809e-01,7.293666026871400976e-02,6.227544910179640819e-02,8.219178082191780366e-02,7.619047619047619735e-02,6.784660766961651823e-02,7.902735562310030104e-02,7.575757575757575968e-02,8.793103448275861600e-02,6.678383128295255211e-02,5.301204819277108293e-02,9.259259259259258745e-02,6.900584795321637599e-02,6.257521058965102856e-02,4.166666666666666435e-02,8.333333333333332871e-02,0.000000000000000000e+00,1.147540983606557402e-01,0.000000000000000000e+00,2.281879194630872520e-01,7.031963470319634035e-02,5.498281786941580651e-02,5.890804597701149170e-02,7.671232876712329174e-02,5.614035087719298350e-02,7.924528301886792081e-02,7.814269535673838696e-02,6.775067750677506162e-02,1.172413793103448260e-01,5.498981670061099669e-02,7.762557077625570345e-02,4.411764705882353227e-02,1.515151515151515194e-01,1.570247933884297564e-01,1.317567567567567433e-01,1.105072463768115992e-01,1.094736842105263203e-01,9.419354838709677324e-02,1.899441340782122845e-01,0.000000000000000000e+00,8.860759493670886111e-02,0.000000000000000000e+00,7.203389830508474811e-02,8.455882352941176960e-02,4.060913705583756028e-02,2.955665024630541732e-02,6.518723994452149673e-02,4.379562043795620641e-02,1.124401913875598125e-01,4.294478527607362150e-02,1.055555555555555552e-01,3.825136612021858007e-02,3.125000000000000000e-02,1.909090909090909172e-01,0.000000000000000000e+00,2.700729927007299302e-01,0.000000000000000000e+00,0.000000000000000000e+00,9.052631578947369084e-02,8.732394366197182567e-02,1.879699248120300648e-01,1.416666666666666630e-01,7.868852459016394130e-02,9.600760456273764454e-02,9.823677581863979325e-02,6.581740976645435171e-02,4.938271604938271331e-02,8.000000000000000167e-02,6.361323155216284941e-02,7.061503416856491910e-02,6.944444444444444753e-02,9.295774647887324049e-02,1.538461538461538547e-01,5.394190871369294871e-02,0.000000000000000000e+00,1.224489795918367319e-01,0.000000000000000000e+00,1.030303030303030276e-01,8.474576271186440302e-02,6.951219512195122574e-02,0.000000000000000000e+00,0.000000000000000000e+00,9.411764705882352811e-02,1.270903010033444802e-01,1.100628930817610096e-01,7.828655834564253457e-02,7.343608340888485575e-02,7.017543859649122417e-02,5.977382875605816159e-02,1.282051282051281937e-01,1.847826086956521618e-01,7.339449541284404077e-02,1.153846153846153910e-01,9.166666666666666019e-02,5.230386052303860611e-02,7.784431137724551197e-02,0.000000000000000000e+00,2.288135593220338992e-01,1.622641509433962181e-01,0.000000000000000000e+00,6.527415143603133851e-02,1.115241635687732324e-01,5.769230769230769551e-02,9.259259259259258745e-02,9.572649572649573335e-02,5.231388329979879542e-02,0.000000000000000000e+00,1.645962732919254712e-01,1.569230769230769151e-01,9.263157894736842590e-02,1.494252873563218509e-01,1.150943396226415116e-01,8.864265927977839354e-02,1.014492753623188470e-01,8.270676691729322849e-02,8.507853403141361903e-02,6.748466257668711554e-02,0.000000000000000000e+00,1.543942992874109132e-01,1.244444444444444409e-01,6.973848069738480815e-02,5.737704918032787010e-02,8.936170212765957854e-02,6.657608695652174335e-02,1.025641025641025605e-01,5.928853754940711235e-02,0.000000000000000000e+00,3.883495145631067624e-02,0.000000000000000000e+00,0.000000000000000000e+00,5.479452054794520244e-02,8.709677419354838745e-02,1.056910569105691117e-01,6.836248012718601497e-02,0.000000000000000000e+00,8.144796380090497945e-02,0.000000000000000000e+00,4.037685060565275597e-02,6.048387096774193727e-02,6.779661016949152519e-02,4.968944099378881651e-02,0.000000000000000000e+00,0.000000000000000000e+00,1.241534988713318272e-01,6.726457399103139001e-02,1.125198098256735280e-01,5.081669691470054595e-02,6.189555125725338530e-02,6.069364161849710726e-02,7.337883959044368132e-02,6.341463414634146423e-02,1.157775255391600422e-01,4.838709677419354704e-02,7.333333333333333370e-02,6.359300476947535308e-02,2.628865979381443396e-01,8.049535603715170240e-02,1.281818181818181746e-01,8.213552361396303514e-02,0.000000000000000000e+00,1.192660550458715663e-01,1.027667984189723355e-01,6.463878326996197465e-02,8.658008658008657654e-02,7.407407407407406996e-02,0.000000000000000000e+00,5.761316872427983682e-02,6.715634837355718978e-02,9.122006841505131414e-02,0.000000000000000000e+00,8.235294117647058709e-02,0.000000000000000000e+00,0.000000000000000000e+00,6.796116504854368690e-02,0.000000000000000000e+00,5.586592178770949380e-02,8.143322475570032026e-02,8.450704225352112520e-02,5.000000000000000278e-02,8.462867012089810015e-02,8.014571948998178152e-02,4.595588235294117974e-02,6.991869918699186726e-02,8.533333333333333048e-02,5.504587155963303058e-02,5.486725663716814083e-02,7.187112763320942233e-02,1.796875000000000000e-01,7.836456558773424730e-02,0.000000000000000000e+00,8.510638297872340219e-02,6.857142857142857484e-02,1.184631803628601876e-01,9.507042253521126585e-02,5.986903648269410738e-02,7.722007722007721842e-02,9.407665505226481262e-02,1.388888888888888812e-02,0.000000000000000000e+00,3.508771929824561209e-02,0.000000000000000000e+00,6.768558951965066017e-02,4.000000000000000083e-02,1.465517241379310220e-01,9.404761904761904656e-02,6.426155580608793050e-02,0.000000000000000000e+00,7.092198581560284210e-02,8.123249299719888239e-02,5.853658536585366196e-02,7.853403141361256501e-02,5.434782608695652023e-02,4.878048780487805047e-02,6.521739130434782428e-02,5.612244897959183659e-02,8.900523560209423757e-02,5.319148936170212810e-02,7.906976744186046402e-02,8.018867924528301494e-02,5.000000000000000278e-02,5.102040816326530726e-02,5.999999999999999778e-02,1.228070175438596423e-01,6.481481481481481122e-02,6.382978723404254817e-02,2.659574468085106405e-02,6.829268292682927344e-02,5.050505050505050414e-02,5.031446540880503415e-02
6.446280991735536814e-02,1.246073298429319354e-01,1.161616161616161602e-01,9.055876685934489967e-02,5.084745762711864736e-02,1.098484848484848481e-01,0.000000000000000000e+00,0.000000000000000000e+00,0.000000000000000000e+00,5.000000000000000278e-02,8.414239482200647213e-02,5.288461538461538408e-02,6.382978723404254817e-02,0.000000000000000000e+00,7.359307359307359908e-02,2.339181286549707472e-02,1.230949589683470041e-01,7.053571428571428492e-02,7.438016528925620041e-02,4.838709677419354704e-02,7.766990291262135249e-02,0.000000000000000000e+00,6.426484907497566346e-02,6.688963210702340845e-02,1.457286432160803946e-01,0.000000000000000000e+00,8.717948717948717507e-02,6.046511627906976660e-02,1.617819460726846459e-01,4.819277108433735191e-02,4.081632653061224164e-02,6.506849315068492789e-02,1.345029239766081797e-01,7.258064516129032751e-02,5.081081081081081224e-02,1.118251928020565500e-01,1.413533834586466198e-01,8.422939068100358806e-02,9.893048128342246672e-02,7.142857142857142461e-02,6.837606837606838295e-02,1.053811659192825101e-01,1.028571428571428553e-01,7.852412488174077831e-02,6.842105263157895190e-02,0.000000000000000000e+00,1.257485029940119681e-01,9.836065573770491621e-02,7.193605683836590270e-02,1.538461538461538547e-01,1.102661596958174894e-01,3.968253968253968034e-02,6.493506493506492894e-02,1.043956043956043994e-01,8.152173913043478382e-02,5.000000000000000278e-02,5.511811023622047168e-02,1.041666666666666713e-01,6.410256410256409687e-02,8.292682926829268719e-02,1.205673758865248163e-01,5.509964830011723075e-02,6.319290465631928477e-02,4.191616766467065602e-02,6.448202959830866277e-02,1.097560975609756101e-01,7.765151515151515194e-02,1.306666666666666532e-01,1.179245283018867940e-01,9.401709401709401615e-02,5.476190476190476164e-02,4.825737265415549343e-02,6.110458284371327736e-02,8.865979381443299390e-02,7.537688442211054607e-02,1.360103626943005295e-01,6.722689075630251809e-02,7.084468664850136765e-02,1.168032786885245949e-01,4.470198675496688673e-02,6.309148264984226762e-02,4.360465116279069880e-02,9.572301425661913776e-02,4.329004329004328827e-02,9.611451942740285859e-02,1.559999999999999998e-01,1.288566243194192440e-01,0.000000000000000000e+00,1.522157996146435432e-01,6.666666666666666574e-02,9.912536443148688148e-02,6.437768240343347270e-02,5.564387917329093741e-02,1.356725146198830279e-01,1.045751633986928136e-01,6.524633821571237946e-02,6.043956043956043994e-02,5.763688760806916223e-02,7.391304347826087306e-02,7.600596125186288854e-02,5.073431241655540491e-02,7.159353348729792510e-02,5.586592178770949380e-02,1.864035087719298212e-01,1.319148936170212727e-01,1.204819277108433728e-01,5.405405405405405705e-02,0.000000000000000000e+00,9.034267912772585285e-02,0.000000000000000000e+00,4.761904761904761640e-02,6.295399515738499263e-02,9.893048128342246672e-02,1.318407960199005080e-01,1.376146788990825764e-01,2.939560439560439664e-01,1.331360946745562268e-01,6.573275862068965469e-02,1.340206185567010266e-01,6.677524429967426900e-02,5.882352941176470507e-02,1.714285714285714302e-01,5.769230769230769551e-02,5.863539445628997843e-02,5.426356589147286746e-02,7.370184254606365615e-02,9.034267912772585285e-02,1.212574850299401180e-01,9.534127843986998918e-02,6.194690265486725578e-02,0.000000000000000000e+00,9.259259259259258745e-02,0.000000000000000000e+00,9.485094850948509737e-02,9.230769230769231282e-02,1.176470588235294101e-01,1.250000000000000000e-01,9.673202614379085296e-02,1.142857142857142821e-01,1.268191268191268262e-01,1.282051282051281937e-01,6.356968215158924351e-02,1.520737327188940169e-01,1.196013289036544913e-01,9.473684210526316096e-02,0.000000000000000000e+00,4.901960784313725422e-02,0.000000000000000000e+00,0.000000000000000000e+00,1.260162601626016177e-01,1.380145278450363167e-01,5.486725663716814083e-02,9.154929577464789026e-02,9.310344827586207461e-02,9.523809523809523281e-02,9.234234234234234284e-02,1.321100917431192734e-01,1.202185792349726723e-01,4.444444444444444614e-02,7.760532150776053295e-02,1.610878661087866148e-01,1.627218934911242587e-01,6.106870229007633349e-02,6.484149855907780924e-02,8.741258741258740861e-02,0.000000000000000000e+00,8.035714285714286309e-02,0.000000000000000000e+00,5.882352941176470507e-02,4.687500000000000000e-02,6.753812636165577865e-02,0.000000000000000000e+00,0.000000000000000000e+00,6.542056074766354479e-02,8.333333333333332871e-02,1.264705882352941124e-01,8.000000000000000167e-02,6.081601231716705219e-02,4.347826086956521618e-02,1.324324324324324398e-01,9.302325581395348708e-02,6.451612903225806273e-02,1.171770972037283615e-01,2.261904761904761918e-01,3.703703703703703498e-02,1.120857699805068164e-01,1.000000000000000056e-01,0.000000000000000000e+00,5.084745762711864736e-02,6.666666666666666574e-02,0.000000000000000000e+00,7.454128440366972197e-02,4.033613445378151502e-02,5.521472392638036852e-02,3.624733475479743894e-02,5.055292259083728201e-02,9.157509157509156894e-02,0.000000000000000000e+00,8.356545961002785627e-02,4.912280701754385970e-02,8.045977011494252762e-02,8.626198083067092293e-02,8.007812500000000000e-02,5.783132530120482090e-02,1.293103448275862155e-01,7.627118644067797104e-02,9.407665505226481262e-02,5.882352941176470507e-02,0.000000000000000000e+00,7.777777777777777901e-02,7.228915662650602092e-02,7.013815090329436619e-02,3.521126760563380448e-02,8.424908424908425508e-02,1.190198366394399077e-01,3.184713375796178331e-02,7.336523125996810557e-02,0.000000000000000000e+00,4.761904761904761640e-02,0.000000000000000000e+00,0.000000000000000000e+00,1.428571428571428492e-01,8.781869688385268713e-02,7.499999999999999722e-02,6.641123882503192910e-02,0.000000000000000000e+00,1.264822134387351693e-01,0.000000000000000000e+00,1.548223350253807029e-01,1.541353383458646531e-01,4.306220095693780170e-02,6.875000000000000555e-02,0.000000000000000000e+00,0.000000000000000000e+00,7.083333333333333148e-02,5.681818181818181629e-02,6.327160493827160836e-02,3.392568659127625369e-02,9.711075441412519993e-02,5.737704918032787010e-02,1.084905660377358527e-01,6.959403479701739559e-02,4.886769964243146275e-02,1.339001062699256006e-01,1.534090909090909116e-01,1.334289813486370102e-01,2.072538860103627020e-02,2.320916905444126155e-01,5.355575065847234528e-02,5.434782608695652023e-02,0.000000000000000000e+00,1.357142857142857040e-01,8.333333333333332871e-02,1.543859649122807098e-01,5.098039215686274439e-02,8.474576271186440302e-02,0.000000000000000000e+00,6.017191977077363668e-02,1.365678346810422217e-01,5.299999999999999850e-02,0.000000000000000000e+00,1.089108910891089105e-01,0.000000000000000000e+00,0.000000000000000000e+00,9.345794392523363789e-03,0.000000000000000000e+00,7.083333333333333148e-02,8.437067773167358786e-02,1.367781155015197481e-01,1.414868105515587615e-01,7.308970099667774778e-02,6.306306306306305731e-02,1.180223285486443341e-01,5.844155844155844021e-02,1.486810551558752913e-01,8.979591836734693300e-02,1.474269819193324005e-01,1.115973741794310664e-01,6.574394463667819488e-02,7.246376811594203160e-02,0.000000000000000000e+00,3.296703296703296787e-02,7.096774193548387177e-02,6.256860592755214556e-02,4.705882352941176405e-02,1.375310687655343922e-01,7.278481012658227778e-02,7.272727272727272374e-02,2.631578947368420907e-02,0.000000000000000000e+00,1.666666666666666644e-02,0.000000000000000000e+00,1.411290322580645296e-01,1.127819548872180389e-01,6.951871657754010725e-02,6.651634723788049652e-02,6.140350877192982115e-02,0.000000000000000000e+00,4.761904761904761640e-02,8.083140877598152252e-02,6.666666666666666574e-02,8.823529411764706454e-02,7.894736842105262720e-02,4.117647058823529355e-02,7.734806629834253822e-02,1.052631578947368363e-01,6.410256410256409687e-02,4.306220095693780170e-02,8.247422680412370977e-02,3.879310344827586327e-02,7.035175879396984855e-02,6.726457399103139001e-02,5.076142131979695382e-02,9.090909090909091161e-02,5.405405405405405705e-02,7.142857142857142461e-02,7.653061224489796088e-02,5.882352941176470507e-02,5.000000000000000278e-02,1.004366812227074218e-01
4.521739130434782594e-01,2.513157894736842146e-01,2.349726775956284264e-01,1.470588235294117696e-01,1.617021276595744794e-01,1.235955056179775247e-01,0.000000000000000000e+00,0.000000000000000000e+00,0.000000000000000000e+00,2.289156626506023973e-01,2.279635258358662653e-01,2.294685990338164172e-01,2.365591397849462485e-01,0.000000000000000000e+00,2.893401015228426187e-01,1.710526315789473728e-01,2.062992125984252079e-01,1.761658031088082776e-01,2.352941176470588203e-01,6.557377049180328210e-02,2.670807453416149113e-01,0.000000000000000000e+00,2.361878453038674108e-01,2.024729520865533317e-01,1.923076923076923184e-01,0.000000000000000000e+00,1.257142857142857229e-01,5.098039215686274161e-01,1.936507936507936567e-01,4.020618556701031077e-01,3.809523809523809312e-01,2.638580931263858065e-01,4.183673469387755306e-01,1.945288753799392090e-01,2.106741573033707737e-01,2.213967310549777023e-01,2.078521939953810738e-01,1.872146118721461083e-01,2.536764705882352811e-01,4.762550881953866999e-01,4.358974358974359031e-01,4.023809523809523947e-01,2.331288343558282072e-01,1.828220858895705514e-01,1.803921568627450955e-01,0.000000000000000000e+00,2.165963431786216697e-01,1.785714285714285754e-01,1.940789473684210453e-01,2.528735632183908288e-01,2.459807073954984047e-01,5.630252100840336116e-01,1.522633744855967086e-01,2.193548387096774244e-01,5.328947368421053099e-01,2.382550335570469691e-01,2.315789473684210509e-01,2.071005917159763343e-01,2.136752136752136655e-01,4.517766497461929154e-01,2.211538461538461453e-01,2.487135506003430585e-01,1.799100449775112576e-01,2.287581699346405151e-01,4.569067296340023621e-01,1.836734693877551117e-01,1.326781326781326653e-01,2.000000000000000111e-01,2.569832402234636937e-01,1.055555555555555552e-01,2.237569060773480778e-01,2.285714285714285643e-01,3.735891647855530406e-01,2.303797468354430444e-01,2.329317269076305319e-01,1.996161228406909682e-01,1.710526315789473728e-01,1.851494696239151527e-01,1.270358306188925090e-01,4.945652173913043237e-01,2.228412256267409408e-01,2.468085106382978677e-01,2.657142857142857362e-01,5.665024630541871664e-01,1.845730027548209418e-01,2.797927461139896321e-01,1.789709172259507930e-01,0.000000000000000000e+00,3.387850467289719725e-01,2.933025404157043603e-01,2.379032258064516236e-01,2.952380952380952439e-01,1.832669322709163384e-01,2.634643377001455455e-01,3.084112149532710068e-01,1.901840490797546135e-01,1.743264659270998551e-01,2.111111111111111105e-01,1.860465116279069742e-01,1.669658886894075378e-01,2.370766488413547368e-01,2.068965517241379282e-01,1.523178807947019875e-01,1.926040061633282063e-01,1.795195954487990020e-01,2.399999999999999911e-01,1.727272727272727293e-01,0.000000000000000000e+00,5.778546712802767882e-01,0.000000000000000000e+00,4.705882352941176405e-01,2.108433734939759163e-01,2.060810810810810856e-01,1.842948717948718063e-01,2.249240121580547147e-01,1.311475409836065642e-01,2.276422764227642170e-01,2.265258215962441257e-01,1.951871657754010725e-01,4.311838306063522364e-01,2.463054187192118272e-01,1.886178861788617989e-01,2.260869565217391297e-01,3.611428571428571543e-01,2.450331125827814593e-01,4.298724954462659342e-01,1.900826446280991788e-01,1.949806949806949796e-01,2.272108843537415102e-01,5.254237288135593653e-01,0.000000000000000000e+00,2.500000000000000000e-01,0.000000000000000000e+00,2.069970845481049482e-01,2.212608158220024657e-01,2.176165803108808250e-01,1.715976331360946627e-01,1.773255813953488469e-01,2.167832167832167700e-01,2.156862745098039325e-01,2.352941176470588203e-01,5.143603133159269092e-01,1.088435374149659823e-01,1.795918367346938660e-01,4.842105263157894801e-01,0.000000000000000000e+00,4.152542372881355970e-01,0.000000000000000000e+00,0.000000000000000000e+00,2.102689486552567211e-01,2.906976744186046679e-01,4.734774066797642345e-01,1.739130434782608647e-01,2.301587301587301460e-01,2.560439560439560225e-01,2.570532915360501658e-01,2.415349887133182716e-01,1.506849315068493067e-01,2.300000000000000100e-01,2.912912912912912766e-01,2.202247191011235949e-01,1.857142857142857206e-01,2.296819787985865668e-01,4.131054131054130996e-01,2.090395480225988589e-01,0.000000000000000000e+00,2.340425531914893664e-01,0.000000000000000000e+00,4.861538461538461586e-01,2.424242424242424310e-01,2.052565707133917339e-01,0.000000000000000000e+00,0.000000000000000000e+00,4.038461538461538547e-01,4.580152671755725047e-01,1.428571428571428492e-01,1.440129449838187803e-01,1.969532100108813966e-01,1.836734693877551117e-01,2.006525285481239873e-01,1.351351351351351426e-01,4.343434343434343647e-01,2.442882249560632824e-01,7.575757575757575968e-02,2.231404958677686012e-01,2.145695364238410507e-01,2.387096774193548376e-01,0.000000000000000000e+00,4.576271186440677985e-01,5.043478260869564966e-01,0.000000000000000000e+00,1.893265565438373432e-01,4.024390243902439268e-01,1.928571428571428659e-01,2.052785923753665809e-01,4.407079646017699193e-01,1.934673366834170904e-01,0.000000000000000000e+00,4.829931972789115457e-01,4.434782608695652106e-01,1.818181818181818232e-01,1.848739495798319421e-01,4.347826086956521618e-01,2.479108635097493074e-01,2.048192771084337283e-01,2.500000000000000000e-01,1.988950276243093840e-01,1.646778042959427257e-01,0.000000000000000000e+00,5.203252032520325754e-01,2.171428571428571375e-01,2.056404230317273873e-01,1.724137931034482873e-01,2.932692307692307820e-01,1.900000000000000022e-01,1.101694915254237267e-01,2.121848739495798275e-01,0.000000000000000000e+00,1.739130434782608647e-01,0.000000000000000000e+00,0.000000000000000000e+00,1.636363636363636354e-01,1.611570247933884203e-01,1.956521739130434867e-01,2.018018018018017945e-01,0.000000000000000000e+00,2.802197802197802234e-01,0.000000000000000000e+00,2.053712480252764538e-01,2.184873949579831942e-01,2.176470588235294157e-01,2.108433734939759163e-01,0.000000000000000000e+00,0.000000000000000000e+00,5.000000000000000000e-01,1.890547263681592038e-01,4.904632152588556115e-01,1.547085201793721998e-01,2.732240437158470203e-01,2.359154929577464699e-01,1.958405545927209834e-01,2.240373395565927739e-01,3.523255813953488635e-01,2.000000000000000111e-01,3.006993006993006756e-01,2.351916376306620315e-01,3.674418604651162878e-01,1.687500000000000111e-01,5.378238341968911707e-01,3.196544276457883305e-01,0.000000000000000000e+00,2.043010752688172171e-01,1.945945945945946054e-01,1.581395348837209280e-01,1.963470319634703087e-01,2.113821138211382233e-01,0.000000000000000000e+00,2.800000000000000266e-01,2.493765586034912829e-01,1.985383678440925670e-01,0.000000000000000000e+00,1.704545454545454419e-01,0.000000000000000000e+00,0.000000000000000000e+00,8.108108108108108558e-02,0.000000000000000000e+00,2.578125000000000000e-01,1.886792452830188815e-01,2.479999999999999982e-01,2.019704433497536977e-01,1.797979797979797900e-01,1.856187290969899539e-01,1.787941787941788041e-01,2.444029850746268773e-01,2.178770949720670314e-01,2.349999999999999867e-01,1.884057971014492794e-01,2.106598984771573535e-01,4.616858237547892818e-01,1.687388987566607323e-01,0.000000000000000000e+00,4.431818181818181768e-01,2.250000000000000056e-01,4.413619167717528491e-01,5.047619047619047450e-01,1.856677524429967419e-01,2.068965517241379282e-01,1.583011583011582901e-01,2.328767123287671104e-01,0.000000000000000000e+00,1.851851851851851749e-01,0.000000000000000000e+00,2.206703910614525033e-01,2.352941176470588203e-01,4.103375527426160185e-01,1.979949874686716682e-01,1.703800786369593645e-01,0.000000000000000000e+00,2.714285714285714080e-01,1.977401129943502922e-01,2.408376963350785382e-01,2.925531914893617080e-01,2.642487046632124303e-01,2.203389830508474534e-01,2.266009852216748777e-01,2.340425531914893664e-01,2.233502538071066024e-01,2.972972972972973138e-01,2.444444444444444364e-01,2.704918032786885473e-01,1.838565022421524697e-01,2.390243902439024293e-01,2.364532019704433385e-01,2.660098522167487767e-01,2.443438914027149245e-01,2.408376963350785382e-01,2.585365853658536661e-01,2.404371584699453446e-01,2.369668246445497672e-01,2.634146341463414753e-01
2.056555269922879237e-01,1.191135734072022168e-01,9.881422924901185623e-02,1.887417218543046282e-01,1.516709511568123392e-01,1.423948220064724934e-01,0.000000000000000000e+00,0.000000000000000000e+00,0.000000000000000000e+00,1.406250000000000000e-01,1.033707865168539269e-01,1.295971978984238049e-01,1.043478260869565161e-01,0.000000000000000000e+00,1.297709923664122078e-01,9.444444444444444198e-02,9.756097560975610095e-02,2.145390070921985859e-01,7.514450867052023531e-02,1.176470588235294101e-01,1.377049180327868938e-01,0.000000000000000000e+00,2.204861111111111049e-01,2.218813905930470398e-01,1.111111111111111049e-01,0.000000000000000000e+00,7.407407407407406996e-02,1.841155234657039785e-01,9.652509652509652649e-02,1.730279898218829437e-01,2.173913043478260809e-01,1.929555895865237292e-01,1.457286432160803946e-01,1.153427638737758443e-01,1.900584795321637321e-01,9.068627450980391858e-02,7.412587412587412494e-02,1.268533772652388758e-01,1.658415841584158501e-01,2.162740899357601665e-01,3.109243697478991653e-01,2.113289760348583957e-01,1.493212669683257887e-01,1.089361702127659565e-01,1.014851485148514920e-01,0.000000000000000000e+00,9.354120267260579435e-02,1.301369863013698558e-01,1.142131979695431426e-01,6.015037593984962072e-02,1.158106747230614325e-01,1.791044776119402882e-01,9.117647058823528938e-02,6.153846153846154188e-02,2.139534883720930203e-01,2.211055276381909684e-01,1.951219512195122019e-01,1.361502347417840320e-01,1.476323119777158688e-01,1.903807615230460881e-01,1.021897810218978103e-01,2.126984126984126922e-01,2.075289575289575306e-01,1.857142857142857206e-01,1.898110106820049270e-01,1.220930232558139483e-01,7.798960138648179663e-02,9.202453987730060958e-02,1.320000000000000062e-01,7.666666666666666075e-02,1.105577689243027878e-01,9.772727272727273207e-02,1.729249011857707519e-01,1.271186440677966045e-01,2.055172413793103503e-01,7.814269535673838696e-02,7.476635514018691031e-02,1.164254247954688432e-01,1.417004048582996001e-01,1.769911504424778736e-01,2.260089686098654682e-01,1.987577639751552661e-01,1.697080291970802790e-01,2.500000000000000000e-01,1.761565836298932264e-01,9.259259259259258745e-02,9.726443768996960448e-02,0.000000000000000000e+00,1.978984238178634059e-01,2.170385395537525464e-01,1.499999999999999944e-01,1.417322834645669272e-01,1.994177583697234468e-01,9.350393700787401619e-02,2.234636871508379752e-01,2.063074901445466625e-01,1.556886227544910239e-01,1.127819548872180389e-01,8.108108108108108558e-02,1.643835616438356073e-01,1.130551816958277195e-01,9.403254972875225992e-02,8.604651162790698249e-02,8.303249097472924223e-02,9.953917050691243884e-02,5.050505050505050414e-02,7.777777777777777901e-02,0.000000000000000000e+00,2.265625000000000000e-01,0.000000000000000000e+00,2.230215827338129508e-01,1.055011303692539593e-01,1.121495327102803724e-01,9.409409409409409675e-02,1.004566210045662045e-01,8.441558441558441594e-02,1.061728395061728447e-01,1.103507271171941806e-01,1.818181818181818232e-01,1.785185185185185208e-01,2.546063651591289889e-01,9.327548806941431125e-02,8.585858585858585634e-02,1.511737089201878048e-01,8.982035928143712600e-02,1.541916167664670601e-01,9.065155807365439522e-02,8.867667121418826293e-02,1.368993653671804200e-01,2.418604651162790664e-01,0.000000000000000000e+00,1.066666666666666735e-01,0.000000000000000000e+00,1.347926267281105983e-01,8.740359897172236825e-02,7.368421052631578261e-02,6.611570247933884481e-02,1.067653276955602554e-01,9.729729729729730270e-02,1.042402826855123726e-01,7.943925233644859307e-02,2.284569138276553169e-01,6.086956521739130682e-02,8.358208955223880854e-02,1.979166666666666574e-01,0.000000000000000000e+00,1.524390243902438991e-01,0.000000000000000000e+00,0.000000000000000000e+00,1.096774193548387122e-01,1.105092091007583988e-01,1.908957415565345206e-01,1.242603550295857950e-01,9.919571045576407176e-02,1.924473493100944121e-01,1.342155009451795888e-01,1.908256880733945060e-01,7.826086956521739746e-02,1.415929203539822989e-01,1.422924901185770863e-01,1.004243281471004223e-01,9.831460674157303792e-02,1.973094170403587311e-01,2.100840336134453812e-01,2.000000000000000111e-01,0.000000000000000000e+00,1.480144404332129904e-01,0.000000000000000000e+00,2.246575342465753355e-01,2.135416666666666574e-01,1.151284490960989559e-01,0.000000000000000000e+00,0.000000000000000000e+00,3.589743589743589758e-01,1.630769230769230638e-01,1.159029649595687272e-01,8.200212992545261037e-02,2.234407128169979551e-01,1.118012422360248476e-01,1.070707070707070663e-01,1.465517241379310220e-01,1.691176470588235392e-01,9.222222222222221932e-02,8.000000000000000167e-02,1.886792452830188815e-01,9.906542056074765790e-02,9.090909090909091161e-02,0.000000000000000000e+00,1.666666666666666574e-01,2.145110410094637210e-01,0.000000000000000000e+00,1.180625630676084697e-01,1.735015772870662498e-01,6.432748538011695549e-02,1.973434535104364451e-01,3.668061366806136814e-01,9.982174688057041112e-02,0.000000000000000000e+00,1.595744680851063912e-01,2.122905027932960875e-01,1.067251461988304034e-01,8.781869688385268713e-02,1.861198738170347089e-01,1.237623762376237613e-01,8.593750000000000000e-02,6.707317073170732113e-02,1.009523809523809462e-01,1.170395869191049876e-01,0.000000000000000000e+00,1.788793103448275967e-01,1.357142857142857040e-01,1.008146639511201675e-01,8.695652173913043237e-02,1.606648199445983305e-01,1.066925315227933990e-01,1.867469879518072196e-01,2.334337349397590244e-01,0.000000000000000000e+00,7.482993197278911546e-02,0.000000000000000000e+00,0.000000000000000000e+00,5.940594059405940319e-02,8.958837772397094945e-02,9.523809523809523281e-02,2.204472843450479280e-01,0.000000000000000000e+00,1.016260162601625994e-01,0.000000000000000000e+00,9.180327868852458661e-02,9.195402298850574585e-02,2.105263157894736725e-01,1.505376344086021556e-01,0.000000000000000000e+00,0.000000000000000000e+00,1.989247311827956888e-01,2.320916905444126155e-01,2.013630731102850069e-01,1.306306306306306286e-01,1.657303370786516739e-01,1.951871657754010725e-01,1.238471673254281924e-01,2.100775193798449514e-01,1.432664756446991317e-01,1.012183692596063667e-01,8.571428571428571508e-02,9.582863585118377159e-02,1.355932203389830504e-01,1.428571428571428492e-01,2.031484257871064569e-01,3.242784380305602787e-01,0.000000000000000000e+00,1.111111111111111049e-01,2.307692307692307820e-01,1.034985422740524741e-01,2.135922330097087263e-01,1.360946745562130189e-01,0.000000000000000000e+00,2.435530085959885516e-01,1.038525963149078690e-01,9.881756756756757132e-02,0.000000000000000000e+00,1.093117408906882637e-01,0.000000000000000000e+00,0.000000000000000000e+00,2.158273381294963933e-01,0.000000000000000000e+00,9.195402298850574585e-02,1.207349081364829380e-01,1.274238227146814451e-01,1.483870967741935387e-01,1.019283746556473857e-01,1.767123287671232834e-01,1.062590975254730646e-01,2.195985832349468814e-01,1.479289940828402428e-01,1.380753138075313802e-01,8.235294117647058709e-02,1.307359307359307332e-01,1.708394698085419772e-01,1.791979949874686617e-01,0.000000000000000000e+00,6.956521739130434867e-02,1.183431952662721831e-01,2.065813528336380156e-01,2.228116710875331641e-01,9.355067328136074112e-02,1.063218390804597652e-01,1.058823529411764691e-01,1.150442477876106179e-01,0.000000000000000000e+00,3.571428571428571230e-02,0.000000000000000000e+00,1.052631578947368363e-01,1.079136690647481966e-01,1.724461105904404878e-01,1.953352769679300160e-01,1.110056925996204952e-01,0.000000000000000000e+00,2.032085561497326276e-01,2.340425531914893664e-01,1.314553990610328738e-01,9.756097560975610095e-02,1.588785046728971861e-01,1.283185840707964653e-01,1.739130434782608647e-01,1.255060728744939180e-01,1.350210970464134907e-01,1.532258064516129059e-01,7.438016528925620041e-02,1.071428571428571369e-01,1.346938775510204134e-01,1.320132013201320009e-01,1.275510204081632681e-01,7.772020725388600892e-02,1.270903010033444802e-01,1.480144404332129904e-01,1.250000000000000000e-01,8.597285067873303155e-02,1.559633027522935866e-01,1.179245283018867940e-01
0.000000000000000000e+00,0.000000000000000000e+00,0.000000000000000000e+00,0.000000000000000000e+00,0.000000000000000000e+00,0.000000000000000000e+00,0.000000000000000000e+00,0.000000000000000000e+00,0.000000000000000000e+00,0.000000000000000000e+00,0.000000000000000000e+00,0.000000000000000000e+00,0.000000000000000000e+00,0.000000000000000000e+00,0.000000000000000000e+00,0.000000000000000000e+00,0.000000000000000000e+00,0.000000000000000000e+00,0.000000000000000000e+00,0.000000000000000000e+00,0.000000000000000000e+00,0.000000000000000000e+00,0.000000000000000000e+00,0.000000000000000000e+00,0.000000000000000000e+00,0.000000000000000000e+00,0.000000000000000000e+00,0.000000000000000000e+00,0.000000000000000000e+00,0.000000000000000000e+00,0.000000000000000000e+00,0.000000000000000000e+00,0.000000000000000000e+00,0.000000000000000000e+00,0.000000000000000000e+00,0.000000000000000000e+00,0.000000000000000000e+00,0.000000000000000000e+00,0.000000000000000000e+00,0.000000000000000000e+00,0.000000000000000000e+00,0.000000000000000000e+00,0.000000000000000000e+00,0.000000000000000000e+00,0.000000000000000000e+00,0.000000000000000000e+00,0.000000000000000000e+00,0.000000000000000000e+00,0.000000000000000000e+00,0.000000000000000000e+00,0.000000000000000000e+00,0.000000000000000000e+00,0.000000000000000000e+00,0.000000000000000000e+00,0.000000000000000000e+00,0.000000000000000000e+00,0.000000000000000000e+00,0.000000000000000000e+00,0.000000000000000000e+00,0.000000000000000000e+00,0.000000000000000000e+00,0.000000000000000000e+00,0.000000000000000000e+00,0.000000000000000000e+00,0.000000000000000000e+00,0.000000000000000000e+00,0.000000000000000000e+00,0.000000000000000000e+00,0.000000000000000000e+00,0.000000000000000000e+00,0.000000000000000000e+00,0.000000000000000000e+00,0.000000000000000000e+00,0.000000000000000000e+00,0.000000000000000000e+00,0.000000000000000000e+00,0.000000000000000000e+00,0.000000000000000000e+00,0.000000000000000000e+00,0.000000000000000000e+00,0.000000000000000000e+00,0.000000000000000000e+00,0.000000000000000000e+00,0.000000000000000000e+00,0.000000000000000000e+00,0.000000000000000000e+00,0.000000000000000000e+00,0.000000000000000000e+00,0.000000000000000000e+00,0.000000000000000000e+00,0.000000000000000000e+00,0.000000000000000000e+00,0.000000000000000000e+00,0.000000000000000000e+00,0.000000000000000000e+00,0.000000000000000000e+00,0.000000000000000000e+00,0.000000000000000000e+00,0.000000000000000000e+00,0.000000000000000000e+00,0.000000000000000000e+00,0.000000000000000000e+00,0.000000000000000000e+00,0.000000000000000000e+00,0.000000000000000000e+00,0.000000000000000000e+00,0.000000000000000000e+00,0.000000000000000000e+00,0.000000000000000000e+00,0.000000000000000000e+00,0.000000000000000000e+00,0.000000000000000000e+00,0.000000000000000000e+00,0.000000000000000000e+00,0.000000000000000000e+00,0.000000000000000000e+00,0.000000000000000000e+00,0.000000000000000000e+00,0.000000000000000000e+00,0.000000000000000000e+00,0.000000000000000000e+00,0.000000000000000000e+00,0.000000000000000000e+00,0.000000000000000000e+00,0.000000000000000000e+00,0.000000000000000000e+00,0.000000000000000000e+00,0.000000000000000000e+00,0.000000000000000000e+00,0.000000000000000000e+00,0.000000000000000000e+00,0.000000000000000000e+00,0.000000000000000000e+00,0.000000000000000000e+00,0.000000000000000000e+00,0.000000000000000000e+00,0.000000000000000000e+00,0.000000000000000000e+00,0.000000000000000000e+00,0.000000000000000000e+00,0.000000000000000000e+00,0.000000000000000000e+00,0.000000000000000000e+00,0.000000000000000000e+00,0.000000000000000000e+00,0.000000000000000000e+00,0.000000000000000000e+00,0.000000000000000000e+00,0.000000000000000000e+00,0.000000000000000000e+00,0.000000000000000000e+00,0.000000000000000000e+00,0.000000000000000000e+00,0.000000000000000000e+00,0.000000000000000000e+00,0.000000000000000000e+00,0.000000000000000000e+00,0.000000000000000000e+00,0.000000000000000000e+00,0.000000000000000000e+00,0.000000000000000000e+00,0.000000000000000000e+00,0.000000000000000000e+00,0.000000000000000000e+00,0.000000000000000000e+00,0.000000000000000000e+00,0.000000000000000000e+00,0.000000000000000000e+00,0.000000000000000000e+00,0.000000000000000000e+00,0.000000000000000000e+00,0.000000000000000000e+00,0.000000000000000000e+00,0.000000000000000000e+00,0.000000000000000000e+00,0.000000000000000000e+00,0.000000000000000000e+00,0.000000000000000000e+00,0.000000000000000000e+00,0.000000000000000000e+00,0.000000000000000000e+00,0.000000000000000000e+00,0.000000000000000000e+00,0.000000000000000000e+00,0.000000000000000000e+00,0.000000000000000000e+00,0.000000000000000000e+00,0.000000000000000000e+00,0.000000000000000000e+00,0.000000000000000000e+00,0.000000000000000000e+00,0.000000000000000000e+00,0.000000000000000000e+00,0.000000000000000000e+00,0.000000000000000000e+00,0.000000000000000000e+00,0.000000000000000000e+00,0.000000000000000000e+00,0.000000000000000000e+00,0.000000000000000000e+00,0.000000000000000000e+00,0.000000000000000000e+00,0.000000000000000000e+00,0.000000000000000000e+00,0.000000000000000000e+00,0.000000000000000000e+00,0.000000000000000000e+00,0.000000000000000000e+00,0.000000000000000000e+00,0.000000000000000000e+00,0.000000000000000000e+00,0.000000000000000000e+00,0.000000000000000000e+00,0.000000000000000000e+00,0.000000000000000000e+00,0.000000000000000000e+00,0.000000000000000000e+00,0.000000000000000000e+00,0.000000000000000000e+00,0.000000000000000000e+00,0.000000000000000000e+00,0.000000000000000000e+00,0.000000000000000000e+00,0.000000000000000000e+00,0.000000000000000000e+00,0.000000000000000000e+00,0.000000000000000000e+00,0.000000000000000000e+00,0.000000000000000000e+00,0.000000000000000000e+00,0.000000000000000000e+00,0.000000000000000000e+00,0.000000000000000000e+00,0.000000000000000000e+00,0.000000000000000000e+00,0.000000000000000000e+00,0.000000000000000000e+00,0.000000000000000000e+00,0.000000000000000000e+00,0.000000000000000000e+00,0.000000000000000000e+00,0.000000000000000000e+00,0.000000000000000000e+00,0.000000000000000000e+00,0.000000000000000000e+00,0.000000000000000000e+00,0.000000000000000000e+00,0.000000000000000000e+00,0.000000000000000000e+00,0.000000000000000000e+00,0.000000000000000000e+00,0.000000000000000000e+00,0.000000000000000000e+00,0.000000000000000000e+00,0.000000000000000000e+00,0.000000000000000000e+00,0.000000000000000000e+00,0.000000000000000000e+00,0.000000000000000000e+00,0.000000000000000000e+00,0.000000000000000000e+00,0.000000000000000000e+00,0.000000000000000000e+00,0.000000000000000000e+00,0.000000000000000000e+00,0.000000000000000000e+00,0.000000000000000000e+00,0.000000000000000000e+00,0.000000000000000000e+00,0.000000000000000000e+00,0.000000000000000000e+00,0.000000000000000000e+00,0.000000000000000000e+00,0.000000000000000000e+00,0.000000000000000000e+00,0.000000000000000000e+00,0.000000000000000000e+00,0.000000000000000000e+00,0.000000000000000000e+00,0.000000000000000000e+00,0.000000000000000000e+00,0.000000000000000000e+00,0.000000000000000000e+00,0.000000000000000000e+00,0.000000000000000000e+00,0.000000000000000000e+00,0.000000000000000000e+00,0.000000000000000000e+00,0.000000000000000000e+00,0.000000000000000000e+00,0.000000000000000000e+00,0.000000000000000000e+00,0.000000000000000000e+00,0.000000000000000000e+00,0.000000000000000000e+00,0.000000000000000000e+00,0.000000000000000000e+00,0.000000000000000000e+00,0.000000000000000000e+00,0.000000000000000000e+00,0.000000000000000000e+00,0.000000000000000000e+00,0.000000000000000000e+00,0.000000000000000000e+00,0.000000000000000000e+00,0.000000000000000000e+00,0.000000000000000000e+00,0.000000000000000000e+00,0.000000000000000000e+00,0.000000000000000000e+00,0.000000000000000000e+00,0.000000000000000000e+00,0.000000000000000000e+00,0.000000000000000000e+00,0.000000000000000000e+00,0.000000000000000000e+00,0.000000000000000000e+00,0.000000000000000000e+00,0.000000000000000000e+00,0.000000000000000000e+00
8.733624454148471161e-02,1.183206106870229035e-01,1.774193548387096864e-01,2.089552238805970075e-01,1.294117647058823650e-01,1.529411764705882470e-01,0.000000000000000000e+00,0.000000000000000000e+00,0.000000000000000000e+00,3.181818181818181768e-01,2.448979591836734637e-01,2.086330935251798635e-01,1.212121212121212155e-01,0.000000000000000000e+00,1.428571428571428492e-01,1.739130434782608647e-01,2.140350877192982448e-01,1.231343283582089498e-01,1.749999999999999889e-01,1.250000000000000000e-01,1.686746987951807109e-01,0.000000000000000000e+00,8.852459016393442182e-02,6.666666666666666574e-02,1.372549019607843257e-01,0.000000000000000000e+00,1.590909090909090884e-01,9.375000000000000000e-02,9.704641350210969908e-02,9.216589861751152413e-02,1.199999999999999956e-01,9.941520467836256758e-02,3.508771929824561209e-02,5.785123966942148921e-02,9.756097560975610095e-02,8.071748878923766524e-02,1.945945945945946054e-01,5.594405594405594401e-02,1.413043478260869457e-01,1.086956521739130405e-01,2.121212121212121271e-01,4.316546762589928282e-02,4.651162790697674354e-02,8.588957055214724301e-02,1.682242990654205517e-01,0.000000000000000000e+00,9.502262443438913575e-02,2.857142857142856984e-01,7.784431137724551197e-02,8.333333333333332871e-02,1.843317972350230483e-01,1.333333333333333315e-01,7.843137254901960675e-02,4.545454545454545581e-02,1.147540983606557402e-01,5.494505494505494414e-02,1.612903225806451568e-01,1.372549019607843257e-01,8.888888888888889228e-02,1.190476190476190410e-01,1.724137931034482873e-01,9.649122807017543324e-02,1.151079136690647542e-01,1.454545454545454475e-01,9.790209790209790375e-02,3.921568627450980338e-02,4.477611940298507204e-02,7.438016528925620041e-02,5.000000000000000278e-02,1.410256410256410242e-01,3.214285714285713969e-02,3.906250000000000000e-02,1.210937500000000000e-01,2.727272727272727071e-01,6.918238993710691676e-02,1.284403669724770714e-01,1.315789473684210453e-01,9.923664122137404453e-02,5.882352941176470507e-02,1.383928571428571508e-01,8.921933085501858318e-02,5.063291139240506250e-02,1.068702290076335853e-01,8.045977011494252762e-02,1.476510067114094049e-01,1.562500000000000000e-01,1.011904761904761918e-01,0.000000000000000000e+00,1.301369863013698558e-01,4.132231404958677801e-02,2.095238095238095288e-01,1.384615384615384692e-01,1.058201058201058142e-01,1.861313868613138633e-01,2.075471698113207641e-01,1.032863849765258274e-01,1.318181818181818066e-01,1.057692307692307682e-01,1.428571428571428492e-01,9.139784946236559349e-02,5.769230769230769551e-02,9.230769230769231282e-02,1.176470588235294101e-01,1.007751937984496110e-01,9.259259259259258745e-02,4.166666666666666435e-02,1.111111111111111049e-01,0.000000000000000000e+00,9.183673469387755584e-02,0.000000000000000000e+00,4.545454545454545581e-02,1.052631578947368363e-01,1.081081081081081141e-01,8.296943231441047950e-02,1.679389312977099258e-01,1.851851851851851749e-01,1.727272727272727293e-01,1.132075471698113234e-01,5.785123966942148921e-02,1.257309941520467766e-01,6.622516556291391243e-02,1.150000000000000050e-01,2.000000000000000111e-01,9.328358208955224440e-02,2.894736842105263275e-01,1.210526315789473700e-01,7.534246575342465335e-02,1.803278688524590223e-01,1.614035087719298267e-01,6.896551724137930939e-02,0.000000000000000000e+00,1.379310344827586188e-01,0.000000000000000000e+00,1.853658536585365835e-01,1.887417218543046282e-01,1.408450704225352179e-01,8.333333333333332871e-02,1.204819277108433728e-01,1.315789473684210453e-01,1.603053435114503711e-01,1.449275362318840632e-01,8.759124087591241281e-02,8.163265306122448328e-02,8.536585365853659180e-02,1.621621621621621712e-01,0.000000000000000000e+00,1.538461538461538547e-01,0.000000000000000000e+00,0.000000000000000000e+00,2.048192771084337283e-01,1.914062500000000000e-01,1.170212765957446832e-01,1.111111111111111049e-01,2.500000000000000000e-01,1.105121293800539056e-01,1.970802919708029288e-01,1.060606060606060635e-01,1.052631578947368363e-01,1.176470588235294101e-01,8.955223880597014408e-02,1.707317073170731836e-01,2.045454545454545581e-01,9.734513274336283051e-02,1.030927835051546337e-01,7.575757575757575968e-02,0.000000000000000000e+00,1.730769230769230727e-01,0.000000000000000000e+00,1.081081081081081141e-01,1.020408163265306145e-01,1.048689138576779090e-01,0.000000000000000000e+00,0.000000000000000000e+00,0.000000000000000000e+00,1.250000000000000000e-01,2.210526315789473617e-01,1.244444444444444409e-01,9.890109890109889668e-02,1.395348837209302306e-01,7.281553398058251969e-02,1.041666666666666713e-01,1.290322580645161255e-01,1.733333333333333393e-01,2.083333333333333426e-01,2.040816326530612082e-02,1.884984025559105492e-01,1.320754716981132060e-01,0.000000000000000000e+00,1.081081081081081141e-01,7.954545454545454419e-02,0.000000000000000000e+00,8.502024291497975450e-02,6.829268292682927344e-02,8.333333333333332871e-02,1.499999999999999944e-01,6.770833333333332871e-02,7.594936708860759722e-02,0.000000000000000000e+00,1.089108910891089105e-01,7.865168539325842478e-02,1.347517730496453903e-01,2.727272727272727071e-01,1.694915254237288060e-01,1.711711711711711714e-01,2.058823529411764608e-01,3.043478260869565410e-01,1.640625000000000000e-01,4.778156996587031025e-02,0.000000000000000000e+00,8.771929824561403022e-02,2.328767123287671104e-01,1.272084805653710127e-01,1.698113207547169712e-01,1.807228915662650592e-01,2.322834645669291376e-01,1.555555555555555580e-01,6.214689265536723489e-02,0.000000000000000000e+00,6.451612903225806273e-02,0.000000000000000000e+00,0.000000000000000000e+00,5.882352941176470507e-02,1.858407079646017812e-01,9.302325581395348708e-02,1.255060728744939180e-01,0.000000000000000000e+00,1.558441558441558406e-01,0.000000000000000000e+00,7.894736842105262720e-02,9.459459459459459985e-02,6.849315068493150305e-02,1.590909090909090884e-01,0.000000000000000000e+00,0.000000000000000000e+00,1.000000000000000056e-01,8.536585365853659180e-02,1.035353535353535359e-01,4.878048780487805047e-02,9.142857142857142849e-02,1.397849462365591267e-01,1.005917159763313612e-01,9.904153354632587447e-02,1.380597014925373234e-01,6.692913385826772255e-02,1.219512195121951192e-01,1.393034825870646809e-01,1.917808219178082085e-01,8.080808080808081495e-02,4.683195592286501507e-02,8.387096774193548987e-02,0.000000000000000000e+00,2.765957446808510745e-01,9.638554216867470381e-02,1.130952380952380959e-01,1.641791044776119424e-01,1.666666666666666574e-01,0.000000000000000000e+00,1.134020618556701027e-01,2.377622377622377603e-01,1.129568106312292403e-01,0.000000000000000000e+00,7.272727272727272374e-02,0.000000000000000000e+00,0.000000000000000000e+00,8.823529411764706454e-02,0.000000000000000000e+00,7.692307692307692735e-02,6.796116504854368690e-02,2.531645569620253125e-02,9.166666666666666019e-02,7.526881720430107781e-02,6.321839080459770721e-02,9.714285714285714191e-02,9.090909090909091161e-02,8.870967741935484319e-02,1.929824561403508665e-01,1.019417475728155303e-01,2.459016393442622905e-01,7.812500000000000000e-02,1.250000000000000000e-01,0.000000000000000000e+00,1.600000000000000033e-01,2.105263157894736725e-01,1.433962264150943355e-01,8.547008547008547175e-02,1.120689655172413812e-01,7.216494845360824084e-02,5.050505050505050414e-02,1.428571428571428492e-01,0.000000000000000000e+00,4.166666666666666435e-02,0.000000000000000000e+00,6.040268456375839229e-02,1.250000000000000000e-01,9.240924092409240342e-02,8.713692946058090860e-02,9.252669039145906826e-02,0.000000000000000000e+00,1.081081081081081141e-01,8.510638297872340219e-02,7.575757575757575968e-02,1.111111111111111049e-01,1.166666666666666685e-01,1.000000000000000056e-01,1.714285714285714302e-01,3.125000000000000000e-02,1.666666666666666574e-01,6.250000000000000000e-02,7.462686567164178442e-02,7.594936708860759722e-02,9.523809523809523281e-02,8.333333333333332871e-02,1.186440677966101725e-01,5.405405405405405705e-02,1.111111111111111049e-01,1.282051282051281937e-01,6.382978723404254817e-02,8.474576271186440302e-02,7.407407407407406996e-02,1.296296296296296224e-01
1.623036649214659732e-01,1.716171617161716123e-01,1.272727272727272596e-01,4.608695652173913082e-01,3.870967741935483764e-01,2.432432432432432567e-01,0.000000000000000000e+00,0.000000000000000000e+00,0.000000000000000000e+00,2.258064516129032195e-01,1.844660194174757295e-01,2.101449275362318736e-01,1.875000000000000000e-01,0.000000000000000000e+00,2.205882352941176405e-01,2.083333333333333426e-01,1.904761904761904656e-01,3.300653594771241761e-01,2.105263157894736725e-01,1.666666666666666574e-01,3.387096774193548154e-01,0.000000000000000000e+00,4.101694915254237017e-01,3.970037453183520859e-01,1.923076923076923184e-01,0.000000000000000000e+00,1.379310344827586188e-01,1.250000000000000000e-01,1.729323308270676596e-01,1.707317073170731836e-01,2.800000000000000266e-01,2.944785276073619840e-01,1.616161616161616299e-01,1.128205128205128221e-01,3.478260869565217295e-01,2.107623318385650202e-01,1.781609195402298895e-01,1.447368421052631637e-01,2.792792792792792578e-01,1.497584541062801922e-01,3.870967741935483764e-01,2.203389830508474534e-01,2.982456140350877027e-01,1.166077738515901019e-01,1.938775510204081565e-01,0.000000000000000000e+00,2.161172161172161266e-01,3.809523809523809312e-01,1.604095563139931735e-01,1.590909090909090884e-01,1.637931034482758563e-01,1.891891891891891997e-01,1.868131868131868156e-01,1.403508771929824483e-01,1.199999999999999956e-01,5.274725274725274859e-01,2.307692307692307820e-01,3.064516129032258118e-01,2.777777777777777901e-01,1.552795031055900499e-01,2.051282051282051211e-01,3.886639676113360364e-01,3.870967741935483764e-01,4.545454545454545303e-01,1.398601398601398704e-01,1.698113207547169712e-01,1.094890510948905160e-01,1.650485436893203983e-01,3.150684931506849140e-01,2.058823529411764608e-01,1.179039301310043641e-01,1.454545454545454475e-01,1.916666666666666796e-01,2.127659574468085124e-01,3.316831683168317002e-01,1.511111111111111127e-01,2.666666666666666630e-01,1.829896907216494728e-01,2.187500000000000000e-01,1.153846153846153910e-01,3.527272727272727226e-01,4.000000000000000222e-01,2.014925373134328346e-01,2.258064516129032195e-01,3.055555555555555802e-01,1.864406779661016977e-01,1.818181818181818232e-01,0.000000000000000000e+00,2.173913043478260809e-01,1.496062992125984370e-01,2.500000000000000000e-01,3.166666666666666519e-01,3.626373626373626258e-01,1.829268292682926789e-01,3.333333333333333148e-01,3.913043478260869734e-01,3.568075117370891891e-01,8.695652173913043237e-02,1.410256410256410242e-01,2.615384615384615530e-01,1.215469613259668458e-01,9.600000000000000200e-02,2.692307692307692180e-01,9.124087591240875872e-02,1.471571906354515180e-01,2.380952380952380820e-01,1.749999999999999889e-01,0.000000000000000000e+00,1.948051948051948146e-01,0.000000000000000000e+00,1.764705882352941291e-01,1.746987951807228989e-01,1.043478260869565161e-01,1.483050847457627053e-01,1.983471074380165344e-01,1.083333333333333370e-01,1.724137931034482873e-01,1.650485436893203983e-01,2.100840336134453812e-01,1.768292682926829174e-01,4.090909090909091161e-01,1.383928571428571508e-01,1.463414634146341375e-01,2.313167259786476915e-01,3.125000000000000000e-01,1.279069767441860517e-01,1.789473684210526327e-01,1.277777777777777679e-01,2.048192771084337283e-01,1.509433962264150886e-01,0.000000000000000000e+00,2.380952380952380820e-01,0.000000000000000000e+00,1.589743589743589647e-01,1.543859649122807098e-01,1.358024691358024616e-01,1.886792452830188815e-01,1.755725190839694527e-01,2.413793103448275967e-01,1.304347826086956486e-01,1.403508771929824483e-01,2.291666666666666574e-01,2.142857142857142738e-01,2.222222222222222099e-01,1.538461538461538547e-01,0.000000000000000000e+00,2.894736842105263275e-01,0.000000000000000000e+00,0.000000000000000000e+00,1.490683229813664634e-01,1.574468085106383031e-01,1.058823529411764691e-01,3.409090909090908839e-01,8.333333333333332871e-02,2.317880794701986658e-01,1.311475409836065642e-01,3.062500000000000222e-01,2.280701754385964786e-01,3.333333333333333148e-01,2.230215827338129508e-01,9.459459459459459985e-02,2.048192771084337283e-01,3.174603174603174427e-01,2.311557788944723635e-01,5.263157894736841813e-01,0.000000000000000000e+00,4.098360655737705027e-01,0.000000000000000000e+00,1.981132075471698228e-01,3.518518518518518601e-01,2.114695340501792087e-01,0.000000000000000000e+00,0.000000000000000000e+00,3.142857142857142794e-01,2.352941176470588203e-01,2.777777777777777901e-01,1.283422459893048262e-01,3.341836734693877653e-01,2.826086956521738913e-01,1.359649122807017607e-01,5.357142857142856984e-01,2.571428571428571175e-01,1.692913385826771699e-01,1.111111111111111049e-01,3.770491803278688270e-01,2.156862745098039325e-01,1.132075471698113234e-01,0.000000000000000000e+00,2.121212121212121271e-01,2.391304347826087029e-01,0.000000000000000000e+00,2.031872509960159501e-01,1.690140845070422504e-01,2.439024390243902385e-01,3.437500000000000000e-01,3.293413173652694481e-01,1.241830065359477153e-01,0.000000000000000000e+00,1.702127659574468044e-01,1.625000000000000056e-01,2.200000000000000011e-01,2.399999999999999911e-01,1.059602649006622516e-01,2.096774193548387177e-01,1.935483870967741882e-01,2.000000000000000111e-01,1.561181434599156204e-01,1.535947712418300748e-01,0.000000000000000000e+00,1.789473684210526327e-01,3.246753246753246724e-01,1.478599221789883289e-01,2.978723404255319007e-01,2.739726027397260122e-01,1.946564885496183117e-01,4.186046511627907196e-01,3.589743589743589758e-01,0.000000000000000000e+00,8.333333333333332871e-02,0.000000000000000000e+00,0.000000000000000000e+00,6.896551724137930939e-02,1.919191919191919060e-01,2.285714285714285643e-01,3.378995433789954150e-01,0.000000000000000000e+00,1.604938271604938183e-01,0.000000000000000000e+00,1.814516129032258118e-01,1.097560975609756101e-01,3.928571428571428492e-01,2.181818181818181712e-01,0.000000000000000000e+00,0.000000000000000000e+00,1.604477611940298420e-01,4.631578947368421018e-01,1.835616438356164337e-01,3.288590604026845887e-01,2.206303724928366794e-01,4.368932038834951181e-01,1.308411214953270896e-01,3.715170278637771051e-01,1.984435797665369539e-01,1.406250000000000000e-01,1.578947368421052544e-01,1.428571428571428492e-01,2.537313432835821003e-01,1.538461538461538547e-01,1.736526946107784519e-01,2.965517241379310165e-01,0.000000000000000000e+00,1.304347826086956486e-01,6.973684210526315264e-01,1.666666666666666574e-01,4.400000000000000022e-01,3.061224489795918435e-01,0.000000000000000000e+00,4.019607843137255054e-01,1.448275862068965636e-01,1.791044776119402882e-01,0.000000000000000000e+00,2.203389830508474534e-01,0.000000000000000000e+00,0.000000000000000000e+00,2.000000000000000111e-01,0.000000000000000000e+00,2.444444444444444364e-01,1.734104046242774533e-01,2.105263157894736725e-01,8.730158730158729674e-02,1.770833333333333426e-01,3.091787439613526423e-01,1.728395061728394966e-01,4.017094017094017255e-01,1.896551724137930939e-01,3.835616438356164171e-01,1.633663366336633727e-01,2.107279693486590055e-01,1.077844311377245540e-01,2.949308755760368661e-01,0.000000000000000000e+00,9.523809523809523281e-02,1.956521739130434867e-01,1.762711864406779627e-01,1.489361702127659504e-01,1.416430594900849882e-01,1.428571428571428492e-01,1.234567901234567833e-01,1.578947368421052544e-01,0.000000000000000000e+00,6.666666666666666574e-02,0.000000000000000000e+00,1.925925925925925930e-01,1.363636363636363535e-01,2.160493827160493707e-01,3.754940711462450564e-01,1.992753623188405765e-01,0.000000000000000000e+00,4.545454545454545303e-01,2.519685039370078705e-01,2.131147540983606425e-01,2.678571428571428492e-01,1.772151898734177222e-01,1.951219512195122019e-01,1.509433962264150886e-01,2.033898305084745894e-01,1.891891891891891997e-01,2.027027027027027140e-01,1.269841269841269771e-01,1.724137931034482873e-01,1.940298507462686617e-01,2.343750000000000000e-01,1.891891891891891997e-01,1.194029850746268634e-01,1.940298507462686617e-01,1.829268292682926789e-01,1.451612903225806550e-01,2.027027027027027140e-01,1.463414634146341375e-01,2.343750000000000000e-01
8.340353833192923338e-02,2.108108108108108225e-01,8.831908831908831525e-02,2.930402930402930400e-02,7.118055555555555247e-02,5.543710021321961862e-02,0.000000000000000000e+00,0.000000000000000000e+00,0.000000000000000000e+00,7.608695652173913526e-02,4.188481675392670411e-02,6.298342541436463549e-02,7.179487179487178961e-02,0.000000000000000000e+00,1.023255813953488358e-01,6.557377049180328210e-02,9.152752009894866980e-02,7.569939659901261941e-02,1.666666666666666574e-01,1.092896174863387977e-02,6.712962962962963631e-02,0.000000000000000000e+00,8.008658008658008087e-02,6.713109563014565961e-02,2.217194570135746501e-01,0.000000000000000000e+00,5.699481865284974219e-02,6.082725060827250813e-02,2.408163265306122458e-01,6.797583081570997277e-02,1.073825503355704675e-01,7.516650808753568003e-02,1.727672035139092288e-01,7.455853499018966213e-02,6.890353505092869368e-02,1.979933110367892990e-01,1.047381546134663333e-01,9.494324045407637191e-02,8.719346049046321212e-02,6.486833654463712573e-02,3.500000000000000333e-02,1.318681318681318715e-01,6.666666666666666574e-02,7.490832896804609786e-02,6.609195402298850830e-02,0.000000000000000000e+00,1.634844868735083612e-01,8.225108225108225535e-02,7.324516785350966563e-02,2.466960352422907510e-01,7.929226736566186151e-02,4.379562043795620641e-02,9.395973154362416424e-02,2.433090024330900325e-01,6.562500000000000278e-02,5.828220858895705181e-02,6.306306306306305731e-02,7.499999999999999722e-02,6.980802792321116890e-02,8.654970760233918203e-02,1.715328467153284797e-01,6.988249845392702220e-02,6.564417177914110002e-02,7.022471910112360050e-02,8.585580627407815579e-02,1.832298136645962860e-01,1.517467248908296873e-01,2.104519774011299471e-01,1.105651105651105637e-01,4.356435643564356142e-02,8.353510895883776988e-02,8.718626155878467232e-02,8.164481525625745528e-02,5.635359116022099768e-02,6.887052341597796334e-02,2.050947093403004684e-01,5.729166666666666435e-02,9.159034138218151433e-02,1.767195767195767209e-01,4.299363057324840504e-02,6.500847936687394191e-02,5.368098159509202688e-02,1.074380165289256228e-01,5.111111111111111410e-02,9.389140271493212619e-02,2.071713147410358669e-01,2.063636363636363602e-01,0.000000000000000000e+00,6.451612903225806273e-02,7.045454545454545026e-02,6.514084507042253169e-02,7.339449541284404077e-02,7.404255319148936310e-02,8.698412698412698318e-02,7.046979865771811624e-02,5.642857142857142516e-02,6.460481099656358028e-02,6.656580937972768341e-02,7.294117647058823151e-02,7.166123778501629071e-02,7.641741988496301985e-02,8.556832694763728819e-02,6.151419558359621370e-02,2.598091198303287275e-01,2.116343490304709030e-01,2.427745664739884290e-01,1.314741035856573648e-01,0.000000000000000000e+00,7.063197026022305369e-02,0.000000000000000000e+00,6.374501992031872399e-02,8.937305469097377164e-02,2.326797385620915093e-01,2.360436893203883557e-01,6.860158311345646021e-02,2.327469553450609019e-01,7.623318385650224016e-02,8.142777467930842339e-02,1.291512915129151284e-01,8.016304347826086474e-02,4.952581664910431919e-02,2.434119278779472983e-01,7.011070110701106417e-02,7.975142413257380047e-02,1.030534351145038219e-01,7.471264367816092544e-02,1.723484848484848619e-01,1.165540540540540571e-01,8.260869565217390798e-02,4.675324675324675494e-02,0.000000000000000000e+00,5.675675675675675991e-02,0.000000000000000000e+00,7.317073170731706877e-02,9.324253535882660870e-02,5.626598465473145461e-02,2.087628865979381521e-01,1.845866998135487769e-01,7.073954983922829676e-02,8.341810783316377931e-02,7.594936708860759722e-02,6.621704475781728383e-02,2.593582887700534578e-01,2.238163558106169293e-01,6.030150753768843963e-02,0.000000000000000000e+00,7.092198581560284210e-02,0.000000000000000000e+00,0.000000000000000000e+00,1.072463768115941990e-01,6.461932181701855737e-02,6.527909176915799860e-02,9.282700421940928703e-02,1.003460207612456717e-01,7.886435331230283452e-02,1.152941176470588247e-01,4.786150712830956888e-02,6.666666666666666574e-02,4.444444444444444614e-02,7.665094339622641195e-02,9.570312500000000000e-02,7.142857142857142461e-02,6.656804733727811341e-02,6.327160493827160836e-02,5.345211581291759578e-02,0.000000000000000000e+00,7.862407862407862214e-02,0.000000000000000000e+00,5.479452054794520244e-02,6.609195402298850830e-02,7.744488411531938454e-02,0.000000000000000000e+00,0.000000000000000000e+00,1.212121212121212155e-01,5.871212121212121549e-02,5.475040257648953329e-02,9.585316111488782764e-02,7.019102621057307645e-02,7.718120805369127480e-02,2.318295739348370799e-01,4.046242774566474049e-02,7.727272727272727071e-02,1.058091286307053930e-01,1.166666666666666685e-01,5.993690851735015979e-02,7.247956403269754933e-02,6.944444444444444753e-02,0.000000000000000000e+00,6.698564593301435666e-02,5.283757338551858806e-02,0.000000000000000000e+00,9.287115761935905989e-02,5.249110320284697262e-02,6.185567010309278579e-02,4.272517321016166408e-02,5.249788314987299115e-02,6.624605678233438932e-02,0.000000000000000000e+00,9.034267912772585285e-02,6.163021868787276619e-02,8.122362869198311575e-02,6.150793650793650452e-02,3.899999999999999994e-02,8.702064896755162815e-02,7.317073170731706877e-02,5.063291139240506250e-02,7.012195121951220189e-02,8.142629058009578924e-02,0.000000000000000000e+00,7.557354925775978949e-02,9.696969696969696961e-02,7.118451025056947434e-02,5.797101449275362389e-02,9.803921568627450844e-02,8.963414634146341098e-02,6.418918918918918581e-02,8.602150537634409289e-02,0.000000000000000000e+00,1.631799163179916412e-01,0.000000000000000000e+00,0.000000000000000000e+00,1.543209876543209791e-01,3.619909502262443762e-02,7.857142857142856984e-02,6.765799256505576620e-02,0.000000000000000000e+00,7.708333333333333703e-02,0.000000000000000000e+00,2.147846332945285153e-01,2.204585537918871130e-01,6.127450980392156604e-02,7.894736842105262720e-02,0.000000000000000000e+00,0.000000000000000000e+00,5.869074492099322915e-02,4.651162790697674354e-02,7.233502538071065469e-02,4.206500956022944659e-02,9.442790301999148816e-02,5.783866057838660257e-02,1.587916343919442419e-01,7.250755287009064132e-02,7.615112160566706034e-02,2.319309600862999032e-01,1.962025316455696111e-01,5.967976710334788742e-02,9.852216748768473364e-02,1.559370529327610833e-01,7.280413339596054911e-02,6.075697211155378641e-02,0.000000000000000000e+00,6.603773584905660299e-02,7.254901960784314319e-02,2.364406779661016866e-01,5.500982318271119970e-02,7.823129251700680631e-02,0.000000000000000000e+00,4.496402877697841527e-02,7.471852610030706165e-02,6.787330316742080927e-02,0.000000000000000000e+00,1.879895561357702305e-01,0.000000000000000000e+00,0.000000000000000000e+00,6.425702811244979329e-02,0.000000000000000000e+00,8.333333333333332871e-02,7.753796962430055395e-02,2.297872340425531901e-01,1.238207547169811323e-01,9.144792548687552536e-02,7.102952913008779567e-02,2.116040955631399434e-01,6.836363636363636254e-02,6.582278481012658611e-02,1.067538126361655820e-01,2.209302325581395388e-01,7.709130672498633319e-02,7.572992700729927473e-02,7.218045112781955319e-02,0.000000000000000000e+00,1.062499999999999972e-01,4.702194357366771410e-02,6.018237082066869165e-02,7.943925233644859307e-02,2.173202614379085018e-01,7.543859649122806876e-02,7.046979865771811624e-02,5.696202531645569445e-02,0.000000000000000000e+00,8.396946564885496289e-02,0.000000000000000000e+00,2.106885919835560228e-01,2.616033755274261852e-01,7.818930041152263866e-02,6.084337349397590106e-02,7.488738738738738576e-02,0.000000000000000000e+00,4.262295081967212851e-02,4.798962386511024941e-02,9.278350515463917869e-02,7.017543859649122417e-02,8.706467661691542903e-02,6.169665809768637432e-02,8.638743455497381596e-02,1.000000000000000056e-01,6.473214285714286309e-02,6.392694063926940284e-02,8.027522935779816959e-02,6.516853932584269760e-02,9.756097560975610095e-02,9.109730848861283259e-02,9.048723897911832570e-02,1.095571095571095527e-01,7.854406130268198893e-02,7.373271889400921653e-02,9.562841530054644323e-02,7.730673316708229492e-02,8.500000000000000611e-02,8.997429305912596487e-02
9.826589595375723185e-02,1.048387096774193589e-01,1.475409836065573743e-01,3.793103448275861878e-01,3.170731707317073211e-01,2.272727272727272652e-01,0.000000000000000000e+00,0.000000000000000000e+00,0.000000000000000000e+00,9.677419354838709409e-02,9.900990099009901457e-02,1.642857142857142849e-01,7.407407407407406996e-02,0.000000000000000000e+00,1.392405063291139167e-01,2.040816326530612290e-01,6.637168141592920956e-02,3.009708737864077444e-01,9.090909090909091161e-02,1.470588235294117696e-01,3.018867924528301772e-01,0.000000000000000000e+00,3.812949640287769948e-01,3.820598006644518319e-01,1.290322580645161255e-01,0.000000000000000000e+00,1.499999999999999944e-01,1.199999999999999956e-01,9.401709401709401615e-02,1.666666666666666574e-01,3.125000000000000000e-02,3.367875647668393535e-01,5.194805194805195148e-02,9.004739336492890989e-02,2.861445783132530174e-01,1.173913043478260892e-01,5.732484076433121134e-02,1.020408163265306145e-01,1.851851851851851749e-01,1.193415637860082285e-01,2.000000000000000111e-01,1.483870967741935387e-01,9.090909090909091161e-02,1.333333333333333315e-01,1.208791208791208799e-01,0.000000000000000000e+00,1.046931407942238296e-01,1.250000000000000000e-01,1.203007518796992414e-01,1.034482758620689641e-01,1.323529411764705899e-01,2.702702702702702853e-01,1.499999999999999944e-01,1.551724137931034531e-01,9.523809523809523281e-02,3.982300884955752296e-01,1.219512195121951192e-01,2.750000000000000222e-01,2.087912087912087988e-01,1.217391304347826136e-01,2.244897959183673464e-01,3.700787401574803237e-01,3.622641509433962015e-01,5.072463768115942351e-01,7.024793388429752261e-02,7.317073170731706877e-02,6.349206349206348854e-02,1.562500000000000000e-01,2.203389830508474534e-01,1.451612903225806550e-01,1.535087719298245668e-01,1.326530612244898044e-01,1.178451178451178499e-01,7.284768211920529535e-02,4.975845410628019216e-01,1.156069364161849689e-01,1.290322580645161255e-01,1.043956043956043994e-01,2.734375000000000000e-01,9.836065573770491621e-02,3.708609271523178874e-01,4.137931034482758563e-01,1.698113207547169712e-01,2.272727272727272652e-01,2.000000000000000111e-01,7.812500000000000000e-02,1.111111111111111049e-01,0.000000000000000000e+00,1.448275862068965636e-01,9.243697478991597105e-02,2.000000000000000111e-01,1.194029850746268634e-01,3.492822966507176941e-01,9.459459459459459985e-02,2.307692307692307820e-01,3.796791443850267567e-01,3.294573643410852459e-01,1.354166666666666574e-01,1.147540983606557402e-01,3.076923076923077094e-01,1.411042944785275977e-01,1.058823529411764691e-01,5.633802816901408578e-02,8.823529411764706454e-02,8.361204013377926403e-02,1.000000000000000056e-01,1.470588235294117696e-01,0.000000000000000000e+00,1.216216216216216284e-01,0.000000000000000000e+00,6.122448979591836593e-02,1.294117647058823650e-01,1.499999999999999944e-01,1.081081081081081141e-01,1.603773584905660299e-01,6.097560975609755962e-02,1.616161616161616299e-01,1.771217712177121650e-01,3.464566929133858220e-01,1.014925373134328290e-01,4.324324324324324564e-01,8.717948717948717507e-02,2.631578947368420907e-01,9.584664536741213658e-02,2.380952380952380820e-01,1.385542168674698815e-01,8.000000000000000167e-02,1.192052980132450313e-01,1.434599156118143426e-01,1.199999999999999956e-01,0.000000000000000000e+00,1.093750000000000000e-01,0.000000000000000000e+00,1.576576576576576572e-01,1.238938053097345116e-01,2.089552238805970075e-01,1.086956521739130405e-01,1.045454545454545386e-01,2.272727272727272652e-01,7.352941176470588480e-02,8.064516129032257841e-02,1.705426356589147263e-01,1.666666666666666574e-01,1.700000000000000122e-01,2.857142857142856984e-01,0.000000000000000000e+00,2.380952380952380820e-01,0.000000000000000000e+00,0.000000000000000000e+00,1.549295774647887203e-01,1.470588235294117696e-01,1.020408163265306145e-01,2.162162162162162282e-01,9.876543209876542662e-02,1.736334405144694670e-01,1.825396825396825295e-01,2.547770700636942665e-01,1.060606060606060635e-01,3.333333333333333148e-01,2.457627118644067910e-01,7.299270072992700142e-02,9.210526315789473173e-02,2.755102040816326259e-01,1.627906976744186163e-01,3.815789473684210731e-01,0.000000000000000000e+00,2.448979591836734637e-01,0.000000000000000000e+00,1.320754716981132060e-01,5.000000000000000000e-01,1.217712177121771239e-01,0.000000000000000000e+00,0.000000000000000000e+00,1.935483870967741882e-01,5.970149253731343170e-02,1.648351648351648324e-01,1.267605633802816878e-01,3.206521739130434590e-01,2.272727272727272652e-01,1.016949152542372947e-01,3.666666666666666408e-01,1.428571428571428492e-01,1.435406698564593297e-01,1.538461538461538547e-01,4.693877551020408379e-01,9.952606635071090113e-02,1.090909090909090856e-01,0.000000000000000000e+00,1.612903225806451568e-01,1.363636363636363535e-01,0.000000000000000000e+00,1.484375000000000000e-01,1.224489795918367319e-01,1.627906976744186163e-01,3.533834586466165217e-01,3.125000000000000000e-01,1.428571428571428492e-01,0.000000000000000000e+00,1.111111111111111049e-01,1.323529411764705899e-01,1.597222222222222099e-01,1.600000000000000033e-01,7.482993197278911546e-02,2.056737588652482185e-01,1.250000000000000000e-01,2.647058823529411797e-01,1.008771929824561348e-01,1.326164874551971351e-01,0.000000000000000000e+00,1.250000000000000000e-01,2.727272727272727071e-01,1.726618705035971313e-01,9.756097560975610095e-02,1.341463414634146423e-01,1.417624521072796961e-01,3.018867924528301772e-01,3.768844221105527859e-01,0.000000000000000000e+00,2.941176470588235253e-02,0.000000000000000000e+00,0.000000000000000000e+00,1.304347826086956486e-01,1.276595744680850963e-01,1.086956521739130405e-01,3.717277486910994799e-01,0.000000000000000000e+00,2.124999999999999944e-01,0.000000000000000000e+00,1.443298969072164817e-01,1.250000000000000000e-01,5.000000000000000000e-01,2.272727272727272652e-01,0.000000000000000000e+00,0.000000000000000000e+00,1.277533039647577029e-01,4.285714285714285476e-01,1.205211726384364801e-01,2.934131736526945922e-01,1.677631578947368363e-01,4.392523364485981241e-01,1.470588235294117696e-01,3.361823361823361722e-01,9.701492537313433084e-02,9.090909090909091161e-02,1.944444444444444475e-01,1.396648044692737345e-01,1.875000000000000000e-01,1.287128712871287162e-01,1.571428571428571397e-01,2.348993288590603967e-01,0.000000000000000000e+00,1.538461538461538547e-01,3.402061855670103219e-01,9.868421052631579093e-02,5.287356321839080664e-01,3.181818181818181768e-01,0.000000000000000000e+00,4.457831325301204739e-01,7.462686567164178442e-02,1.330798479087452468e-01,0.000000000000000000e+00,1.830985915492957805e-01,0.000000000000000000e+00,0.000000000000000000e+00,3.200000000000000067e-01,0.000000000000000000e+00,8.064516129032257841e-02,1.320754716981132060e-01,1.058823529411764691e-01,5.128205128205128027e-02,1.136363636363636326e-01,3.486238532110091937e-01,1.527777777777777901e-01,3.272727272727272707e-01,1.273885350318471332e-01,1.549295774647887203e-01,1.493212669683257887e-01,1.412213740458015399e-01,1.220930232558139483e-01,3.548387096774193727e-01,0.000000000000000000e+00,4.545454545454545581e-02,1.111111111111111049e-01,9.465020576131687180e-02,7.407407407407406996e-02,1.355421686746987875e-01,8.333333333333332871e-02,1.547619047619047672e-01,8.695652173913043237e-02,0.000000000000000000e+00,2.380952380952380820e-01,0.000000000000000000e+00,1.185185185185185230e-01,3.125000000000000000e-02,1.594684385382059699e-01,3.271028037383177378e-01,1.747211895910780743e-01,0.000000000000000000e+00,3.958333333333333148e-01,2.362204724409448786e-01,1.492537313432835688e-01,2.388059701492537268e-01,1.690140845070422504e-01,1.910112359550561745e-01,1.639344262295081844e-01,2.000000000000000111e-01,2.028985507246376940e-01,2.388059701492537268e-01,1.014492753623188470e-01,1.645569620253164445e-01,1.447368421052631637e-01,3.076923076923077094e-01,1.549295774647887203e-01,1.428571428571428492e-01,1.460674157303370746e-01,2.280701754385964786e-01,7.142857142857142461e-02,1.044776119402985037e-01,1.428571428571428492e-01,1.621621621621621712e-01
1.428571428571428492e-01,7.264957264957265515e-02,1.666666666666666574e-01,2.419354838709677491e-01,1.971830985915492829e-01,2.115384615384615363e-01,0.000000000000000000e+00,0.000000000000000000e+00,0.000000000000000000e+00,9.090909090909091161e-02,9.090909090909091161e-02,1.743119266055045968e-01,1.111111111111111049e-01,0.000000000000000000e+00,6.024096385542168641e-02,2.093023255813953598e-01,9.523809523809523281e-02,1.271186440677966045e-01,1.081081081081081141e-01,1.304347826086956486e-01,1.833333333333333204e-01,0.000000000000000000e+00,1.208333333333333343e-01,1.519607843137254777e-01,1.071428571428571369e-01,0.000000000000000000e+00,1.818181818181818232e-01,5.555555555555555247e-02,8.290155440414508081e-02,1.197604790419161680e-01,6.896551724137930939e-02,1.300813008130081438e-01,1.320754716981132060e-01,7.142857142857142461e-02,1.283185840707964653e-01,9.302325581395348708e-02,7.042253521126760896e-02,1.268656716417910502e-01,1.315789473684210453e-01,8.823529411764706454e-02,8.571428571428571508e-02,9.090909090909091161e-02,1.818181818181818232e-01,7.817589576547230579e-02,4.225352112676056260e-02,0.000000000000000000e+00,6.698564593301435666e-02,1.081081081081081141e-01,1.034482758620689641e-01,3.030303030303030387e-02,7.486631016042780140e-02,9.090909090909091161e-02,1.267605633802816878e-01,7.812500000000000000e-02,6.666666666666666574e-02,1.529411764705882470e-01,2.093023255813953598e-01,2.500000000000000000e-01,1.515151515151515194e-01,1.315789473684210453e-01,1.923076923076923184e-01,1.381215469613259750e-01,1.527777777777777901e-01,1.269841269841269771e-01,7.228915662650602092e-02,8.108108108108108558e-02,8.264462809917355601e-02,1.125000000000000028e-01,1.323529411764705899e-01,1.818181818181818232e-01,8.056872037914691864e-02,1.363636363636363535e-01,1.106194690265486780e-01,8.571428571428571508e-02,1.532846715328467224e-01,1.243243243243243312e-01,1.481481481481481399e-01,1.128526645768025138e-01,1.067961165048543631e-01,1.125827814569536484e-01,1.428571428571428492e-01,7.142857142857142461e-02,1.724137931034482873e-01,5.357142857142856845e-02,1.666666666666666574e-01,6.666666666666666574e-02,1.019108280254777121e-01,0.000000000000000000e+00,1.284403669724770714e-01,1.503759398496240518e-01,1.562500000000000000e-01,1.250000000000000000e-01,1.875000000000000000e-01,9.090909090909091161e-02,2.250000000000000056e-01,2.383419689119170848e-01,1.198156682027649717e-01,1.235955056179775247e-01,1.607142857142857262e-01,9.259259259259258745e-02,1.118421052631578955e-01,1.944444444444444475e-01,1.486486486486486569e-01,6.435643564356435808e-02,7.949790794979079422e-02,1.111111111111111049e-01,5.128205128205128027e-02,0.000000000000000000e+00,1.558441558441558406e-01,0.000000000000000000e+00,9.677419354838709409e-02,8.490566037735848559e-02,8.421052631578947179e-02,7.909604519774011966e-02,8.045977011494252762e-02,2.061855670103092744e-02,1.235955056179775247e-01,1.170212765957446832e-01,1.287128712871287162e-01,8.813559322033898136e-02,1.417322834645669272e-01,8.839779005524861510e-02,1.499999999999999944e-01,7.851239669421487821e-02,5.882352941176470507e-02,9.604519774011299749e-02,9.489051094890510463e-02,6.201550387596899139e-02,1.029411764705882304e-01,1.428571428571428492e-01,0.000000000000000000e+00,1.538461538461538547e-01,0.000000000000000000e+00,8.673469387755101956e-02,7.812500000000000000e-02,1.071428571428571369e-01,0.000000000000000000e+00,9.482758620689654694e-02,9.523809523809523281e-02,1.150442477876106179e-01,2.000000000000000111e-01,1.339712918660287133e-01,9.302325581395348708e-02,3.571428571428571230e-02,1.666666666666666574e-01,0.000000000000000000e+00,5.263157894736841813e-02,0.000000000000000000e+00,0.000000000000000000e+00,8.333333333333332871e-02,7.017543859649122417e-02,1.225806451612903164e-01,2.000000000000000111e-01,4.545454545454545581e-02,1.258741258741258862e-01,1.682242990654205517e-01,1.466666666666666674e-01,9.803921568627450844e-02,2.000000000000000111e-01,2.201834862385321223e-01,4.918032786885245811e-02,1.000000000000000056e-01,1.195652173913043514e-01,1.397849462365591267e-01,1.555555555555555580e-01,0.000000000000000000e+00,1.153846153846153910e-01,0.000000000000000000e+00,9.523809523809523281e-02,1.803278688524590223e-01,1.404682274247491536e-01,0.000000000000000000e+00,0.000000000000000000e+00,1.470588235294117696e-01,1.447368421052631637e-01,1.046511627906976799e-01,8.866995073891625889e-02,1.355311355311355215e-01,1.489361702127659504e-01,5.641025641025641107e-02,2.380952380952380820e-01,1.785714285714285754e-01,8.791208791208791895e-02,1.363636363636363535e-01,1.212121212121212155e-01,7.920792079207920888e-02,1.698113207547169712e-01,0.000000000000000000e+00,2.894736842105263275e-01,2.238805970149253810e-01,0.000000000000000000e+00,1.111111111111111049e-01,1.736111111111111049e-01,8.510638297872340219e-02,1.789473684210526327e-01,1.282051282051281937e-01,1.610169491525423602e-01,0.000000000000000000e+00,1.612903225806451568e-01,1.142857142857142821e-01,1.796875000000000000e-01,1.688311688311688319e-01,1.194029850746268634e-01,1.153846153846153910e-01,3.571428571428571230e-02,9.090909090909091161e-02,8.294930875576037033e-02,1.176470588235294101e-01,0.000000000000000000e+00,2.040816326530612290e-01,1.851851851851851749e-01,7.949790794979079422e-02,1.315789473684210453e-01,1.733333333333333393e-01,1.047619047619047644e-01,3.428571428571428603e-01,1.644736842105263275e-01,0.000000000000000000e+00,7.894736842105262720e-02,0.000000000000000000e+00,0.000000000000000000e+00,1.666666666666666574e-01,1.022727272727272790e-01,6.250000000000000000e-02,1.749999999999999889e-01,0.000000000000000000e+00,5.454545454545454281e-02,0.000000000000000000e+00,5.797101449275362389e-02,6.349206349206348854e-02,2.363636363636363591e-01,2.500000000000000000e-01,0.000000000000000000e+00,0.000000000000000000e+00,1.030927835051546337e-01,2.999999999999999889e-01,1.245551601423487559e-01,1.065088757396449731e-01,1.428571428571428492e-01,1.443298969072164817e-01,7.499999999999999722e-02,1.142857142857142821e-01,1.269841269841269771e-01,8.080808080808081495e-02,1.578947368421052544e-01,1.600000000000000033e-01,8.450704225352112520e-02,1.122448979591836732e-01,7.142857142857142461e-02,1.203007518796992414e-01,0.000000000000000000e+00,1.666666666666666574e-01,2.075471698113207641e-01,6.250000000000000000e-02,1.791044776119402882e-01,2.368421052631578816e-01,0.000000000000000000e+00,1.791044776119402882e-01,8.558558558558558571e-02,1.296296296296296224e-01,0.000000000000000000e+00,6.779661016949152519e-02,0.000000000000000000e+00,0.000000000000000000e+00,2.051282051282051211e-01,0.000000000000000000e+00,1.666666666666666574e-01,1.117318435754189876e-01,1.071428571428571369e-01,1.083333333333333370e-01,9.826589595375723185e-02,1.604278074866310189e-01,5.442176870748299117e-02,1.193181818181818232e-01,9.917355371900826722e-02,2.096774193548387177e-01,6.598984771573604413e-02,1.404958677685950452e-01,1.307189542483660205e-01,1.049723756906077304e-01,0.000000000000000000e+00,4.166666666666666435e-02,8.771929824561403022e-02,1.343283582089552231e-01,1.204819277108433728e-01,6.953642384105959695e-02,7.462686567164178442e-02,1.410256410256410242e-01,0.000000000000000000e+00,0.000000000000000000e+00,1.333333333333333315e-01,0.000000000000000000e+00,9.090909090909091161e-02,1.250000000000000000e-01,1.028368794326241092e-01,1.341463414634146423e-01,1.302681992337164640e-01,0.000000000000000000e+00,1.304347826086956486e-01,1.311475409836065642e-01,1.451612903225806550e-01,1.290322580645161255e-01,1.911764705882352811e-01,6.944444444444444753e-02,1.499999999999999944e-01,1.052631578947368363e-01,1.060606060606060635e-01,1.538461538461538547e-01,1.176470588235294101e-01,8.928571428571428770e-02,9.230769230769231282e-02,6.349206349206348854e-02,5.882352941176470507e-02,9.090909090909091161e-02,1.428571428571428492e-01,1.971830985915492829e-01,5.970149253731343170e-02,5.000000000000000278e-02,1.132075471698113234e-01,7.142857142857142461e-02
0.000000000000000000e+00,0.000000000000000000e+00,0.000000000000000000e+00,0.000000000000000000e+00,0.000000000000000000e+00,0.000000000000000000e+00,0.000000000000000000e+00,0.000000000000000000e+00,0.000000000000000000e+00,0.000000000000000000e+00,0.000000000000000000e+00,0.000000000000000000e+00,0.000000000000000000e+00,0.000000000000000000e+00,0.000000000000000000e+00,0.000000000000000000e+00,0.000000000000000000e+00,0.000000000000000000e+00,0.000000000000000000e+00,0.000000000000000000e+00,0.000000000000000000e+00,0.000000000000000000e+00,0.000000000000000000e+00,0.000000000000000000e+00,0.000000000000000000e+00,0.000000000000000000e+00,0.000000000000000000e+00,0.000000000000000000e+00,0.000000000000000000e+00,0.000000000000000000e+00,0.000000000000000000e+00,0.000000000000000000e+00,0.000000000000000000e+00,0.000000000000000000e+00,0.000000000000000000e+00,0.000000000000000000e+00,0.000000000000000000e+00,0.000000000000000000e+00,0.000000000000000000e+00,0.000000000000000000e+00,0.000000000000000000e+00,0.000000000000000000e+00,0.000000000000000000e+00,0.000000000000000000e+00,0.000000000000000000e+00,0.000000000000000000e+00,0.000000000000000000e+00,0.000000000000000000e+00,0.000000000000000000e+00,0.000000000000000000e+00,0.000000000000000000e+00,0.000000000000000000e+00,0.000000000000000000e+00,0.000000000000000000e+00,0.000000000000000000e+00,0.000000000000000000e+00,0.000000000000000000e+00,0.000000000000000000e+00,0.000000000000000000e+00,0.000000000000000000e+00,0.000000000000000000e+00,0.000000000000000000e+00,0.000000000000000000e+00,0.000000000000000000e+00,0.000000000000000000e+00,0.000000000000000000e+00,0.000000000000000000e+00,0.000000000000000000e+00,0.000000000000000000e+00,0.000000000000000000e+00,0.000000000000000000e+00,0.000000000000000000e+00,0.000000000000000000e+00,0.000000000000000000e+00,0.000000000000000000e+00,0.000000000000000000e+00,0.000000000000000000e+00,0.000000000000000000e+00,0.000000000000000000e+00,0.000000000000000000e+00,0.000000000000000000e+00,0.000000000000000000e+00,0.000000000000000000e+00,0.000000000000000000e+00,0.000000000000000000e+00,0.000000000000000000e+00,0.000000000000000000e+00,0.000000000000000000e+00,0.000000000000000000e+00,0.000000000000000000e+00,0.000000000000000000e+00,0.000000000000000000e+00,0.000000000000000000e+00,0.000000000000000000e+00,0.000000000000000000e+00,0.000000000000000000e+00,0.000000000000000000e+00,0.000000000000000000e+00,0.000000000000000000e+00,0.000000000000000000e+00,0.000000000000000000e+00,0.000000000000000000e+00,0.000000000000000000e+00,0.000000000000000000e+00,0.000000000000000000e+00,0.000000000000000000e+00,0.000000000000000000e+00,0.000000000000000000e+00,0.000000000000000000e+00,0.000000000000000000e+00,0.000000000000000000e+00,0.000000000000000000e+00,0.000000000000000000e+00,0.000000000000000000e+00,0.000000000000000000e+00,0.000000000000000000e+00,0.000000000000000000e+00,0.000000000000000000e+00,0.000000000000000000e+00,0.000000000000000000e+00,0.000000000000000000e+00,0.000000000000000000e+00,0.000000000000000000e+00,0.000000000000000000e+00,0.000000000000000000e+00,0.000000000000000000e+00,0.000000000000000000e+00,0.000000000000000000e+00,0.000000000000000000e+00,0.000000000000000000e+00,0.000000000000000000e+00,0.000000000000000000e+00,0.000000000000000000e+00,0.000000000000000000e+00,0.000000000000000000e+00,0.000000000000000000e+00,0.000000000000000000e+00,0.000000000000000000e+00,0.000000000000000000e+00,0.000000000000000000e+00,0.000000000000000000e+00,0.000000000000000000e+00,0.000000000000000000e+00,0.000000000000000000e+00,0.000000000000000000e+00,0.000000000000000000e+00,0.000000000000000000e+00,0.000000000000000000e+00,0.000000000000000000e+00,0.000000000000000000e+00,0.000000000000000000e+00,0.000000000000000000e+00,0.000000000000000000e+00,0.000000000000000000e+00,0.000000000000000000e+00,0.000000000000000000e+00,0.000000000000000000e+00,0.000000000000000000e+00,0.000000000000000000e+00,0.000000000000000000e+00,0.000000000000000000e+00,0.000000000000000000e+00,0.000000000000000000e+00,0.000000000000000000e+00,0.000000000000000000e+00,0.000000000000000000e+00,0.000000000000000000e+00,0.000000000000000000e+00,0.000000000000000000e+00,0.000000000000000000e+00,0.000000000000000000e+00,0.000000000000000000e+00,0.000000000000000000e+00,0.000000000000000000e+00,0.000000000000000000e+00,0.000000000000000000e+00,0.000000000000000000e+00,0.000000000000000000e+00,0.000000000000000000e+00,0.000000000000000000e+00,0.000000000000000000e+00,0.000000000000000000e+00,0.000000000000000000e+00,0.000000000000000000e+00,0.000000000000000000e+00,0.000000000000000000e+00,0.000000000000000000e+00,0.000000000000000000e+00,0.000000000000000000e+00,0.000000000000000000e+00,0.000000000000000000e+00,0.000000000000000000e+00,0.000000000000000000e+00,0.000000000000000000e+00,0.000000000000000000e+00,0.000000000000000000e+00,0.000000000000000000e+00,0.000000000000000000e+00,0.000000000000000000e+00,0.000000000000000000e+00,0.000000000000000000e+00,0.000000000000000000e+00,0.000000000000000000e+00,0.000000000000000000e+00,0.000000000000000000e+00,0.000000000000000000e+00,0.000000000000000000e+00,0.000000000000000000e+00,0.000000000000000000e+00,0.000000000000000000e+00,0.000000000000000000e+00,0.000000000000000000e+00,0.000000000000000000e+00,0.000000000000000000e+00,0.000000000000000000e+00,0.000000000000000000e+00,0.000000000000000000e+00,0.000000000000000000e+00,0.000000000000000000e+00,0.000000000000000000e+00,0.000000000000000000e+00,0.000000000000000000e+00,0.000000000000000000e+00,0.000000000000000000e+00,0.000000000000000000e+00,0.000000000000000000e+00,0.000000000000000000e+00,0.000000000000000000e+00,0.000000000000000000e+00,0.000000000000000000e+00,0.000000000000000000e+00,0.000000000000000000e+00,0.000000000000000000e+00,0.000000000000000000e+00,0.000000000000000000e+00,0.000000000000000000e+00,0.000000000000000000e+00,0.000000000000000000e+00,0.000000000000000000e+00,0.000000000000000000e+00,0.000000000000000000e+00,0.000000000000000000e+00,0.000000000000000000e+00,0.000000000000000000e+00,0.000000000000000000e+00,0.000000000000000000e+00,0.000000000000000000e+00,0.000000000000000000e+00,0.000000000000000000e+00,0.000000000000000000e+00,0.000000000000000000e+00,0.000000000000000000e+00,0.000000000000000000e+00,0.000000000000000000e+00,0.000000000000000000e+00,0.000000000000000000e+00,0.000000000000000000e+00,0.000000000000000000e+00,0.000000000000000000e+00,0.000000000000000000e+00,0.000000000000000000e+00,0.000000000000000000e+00,0.000000000000000000e+00,0.000000000000000000e+00,0.000000000000000000e+00,0.000000000000000000e+00,0.000000000000000000e+00,0.000000000000000000e+00,0.000000000000000000e+00,0.000000000000000000e+00,0.000000000000000000e+00,0.000000000000000000e+00,0.000000000000000000e+00,0.000000000000000000e+00,0.000000000000000000e+00,0.000000000000000000e+00,0.000000000000000000e+00,0.000000000000000000e+00,0.000000000000000000e+00,0.000000000000000000e+00,0.000000000000000000e+00,0.000000000000000000e+00,0.000000000000000000e+00,0.000000000000000000e+00,0.000000000000000000e+00,0.000000000000000000e+00,0.000000000000000000e+00,0.000000000000000000e+00,0.000000000000000000e+00,0.000000000000000000e+00,0.000000000000000000e+00,0.000000000000000000e+00,0.000000000000000000e+00,0.000000000000000000e+00,0.000000000000000000e+00,0.000000000000000000e+00,0.000000000000000000e+00,0.000000000000000000e+00,0.000000000000000000e+00,0.000000000000000000e+00,0.000000000000000000e+00,0.000000000000000000e+00,0.000000000000000000e+00,0.000000000000000000e+00,0.000000000000000000e+00,0.000000000000000000e+00,0.000000000000000000e+00,0.000000000000000000e+00,0.000000000000000000e+00,0.000000000000000000e+00,0.000000000000000000e+00,0.000000000000000000e+00,0.000000000000000000e+00,0.000000000000000000e+00,0.000000000000000000e+00,0.000000000000000000e+00,0.000000000000000000e+00,0.000000000000000000e+00,0.000000000000000000e+00,0.000000000000000000e+00
1.708860759493670833e-01,1.120689655172413812e-01,1.076923076923076983e-01,3.777777777777777679e-01,3.809523809523809312e-01,2.461538461538461675e-01,0.000000000000000000e+00,0.000000000000000000e+00,0.000000000000000000e+00,1.935483870967741882e-01,1.505376344086021556e-01,1.651376146788990917e-01,1.666666666666666574e-01,0.000000000000000000e+00,1.724137931034482873e-01,2.307692307692307820e-01,2.132701421800947961e-01,3.417721518987341667e-01,1.714285714285714302e-01,3.703703703703703498e-01,1.967213114754098324e-01,0.000000000000000000e+00,3.837638376383764038e-01,4.000000000000000222e-01,2.031250000000000000e-01,0.000000000000000000e+00,1.785714285714285754e-01,1.323529411764705899e-01,1.313131313131313260e-01,1.969696969696969613e-01,2.222222222222222099e-01,3.829787234042553168e-01,6.930693069306931298e-02,1.181818181818181795e-01,3.288135593220338770e-01,9.178743961352657521e-02,1.525423728813559421e-01,9.848484848484848064e-02,1.739130434782608647e-01,1.221719457013574622e-01,2.999999999999999889e-01,1.074380165289256228e-01,1.499999999999999944e-01,8.960573476702508866e-02,1.318681318681318715e-01,0.000000000000000000e+00,1.428571428571428492e-01,2.777777777777777901e-01,1.300000000000000044e-01,6.666666666666666574e-02,1.756756756756756854e-01,9.677419354838709409e-02,1.891891891891891997e-01,1.403508771929824483e-01,1.612903225806451568e-01,4.553571428571428492e-01,1.749999999999999889e-01,1.132075471698113234e-01,2.597402597402597157e-01,1.403508771929824483e-01,1.739130434782608647e-01,3.728813559322033955e-01,3.730158730158730229e-01,3.384615384615384803e-01,1.343283582089552231e-01,1.960784313725490169e-01,1.496598639455782309e-01,1.315789473684210453e-01,6.153846153846154188e-02,7.407407407407406996e-02,1.250000000000000000e-01,1.370967741935483764e-01,2.052238805970149349e-01,1.416666666666666630e-01,4.277456647398844014e-01,1.632653061224489666e-01,6.250000000000000000e-02,1.479452054794520577e-01,3.013698630136986134e-01,1.360946745562130189e-01,4.409722222222222099e-01,3.823529411764705621e-01,2.279411764705882304e-01,1.632653061224489666e-01,2.323943661971830943e-01,1.724137931034482873e-01,1.217948717948717924e-01,0.000000000000000000e+00,1.592356687898089096e-01,1.729323308270676596e-01,2.000000000000000111e-01,1.842105263157894635e-01,3.834951456310679574e-01,1.203703703703703637e-01,1.749999999999999889e-01,3.832335329341317598e-01,2.857142857142856984e-01,2.361111111111111049e-01,1.538461538461538547e-01,3.147208121827411165e-01,1.210526315789473700e-01,1.369863013698630061e-01,1.287128712871287162e-01,1.336405529953917093e-01,1.169811320754716999e-01,0.000000000000000000e+00,4.878048780487805047e-02,0.000000000000000000e+00,1.511627906976744096e-01,0.000000000000000000e+00,1.621621621621621712e-01,1.086350974930362090e-01,2.183908045977011603e-01,1.448598130841121379e-01,1.709401709401709435e-01,6.250000000000000000e-02,2.474226804123711432e-01,1.403508771929824483e-01,2.184873949579831942e-01,1.777108433734939652e-01,3.973509933774834191e-01,1.220930232558139483e-01,3.076923076923077094e-01,1.727574750830564720e-01,1.632653061224489666e-01,1.463414634146341375e-01,1.546961325966850764e-01,1.292134831460674260e-01,2.150943396226415172e-01,2.903225806451613100e-01,0.000000000000000000e+00,1.428571428571428492e-01,0.000000000000000000e+00,1.495726495726495686e-01,1.812688821752265755e-01,1.406250000000000000e-01,1.923076923076923184e-01,1.569506726457399193e-01,1.250000000000000000e-01,1.259842519685039353e-01,2.272727272727272652e-01,1.838565022421524697e-01,1.451612903225806550e-01,1.836734693877551117e-01,2.000000000000000111e-01,0.000000000000000000e+00,1.944444444444444475e-01,0.000000000000000000e+00,0.000000000000000000e+00,1.192052980132450313e-01,2.030075187969924699e-01,1.698113207547169712e-01,6.250000000000000000e-02,1.492537313432835688e-01,2.113095238095238082e-01,2.000000000000000111e-01,2.955974842767295496e-01,9.433962264150944077e-02,4.878048780487804770e-01,1.636363636363636354e-01,1.730769230769230727e-01,2.999999999999999889e-01,2.366412213740458070e-01,1.220657276995305157e-01,4.444444444444444198e-01,0.000000000000000000e+00,2.474226804123711432e-01,0.000000000000000000e+00,1.962616822429906482e-01,4.000000000000000222e-01,1.403508771929824483e-01,0.000000000000000000e+00,0.000000000000000000e+00,2.051282051282051211e-01,1.379310344827586188e-01,1.190476190476190410e-01,1.322957198443579785e-01,3.850267379679144231e-01,2.857142857142856984e-01,1.100000000000000006e-01,3.703703703703703498e-01,2.413793103448275967e-01,1.568627450980392135e-01,0.000000000000000000e+00,4.814814814814814548e-01,1.699604743083003855e-01,1.463414634146341375e-01,0.000000000000000000e+00,1.111111111111111049e-01,2.173913043478260809e-01,0.000000000000000000e+00,1.678832116788321061e-01,2.191780821917808098e-01,2.500000000000000000e-01,3.941605839416058576e-01,3.791208791208791062e-01,1.186440677966101725e-01,0.000000000000000000e+00,1.294117647058823650e-01,1.698113207547169712e-01,1.111111111111111049e-01,1.230769230769230838e-01,1.068702290076335853e-01,2.173913043478260809e-01,2.380952380952380820e-01,1.515151515151515194e-01,1.541666666666666741e-01,1.414473684210526272e-01,0.000000000000000000e+00,1.262135922330097082e-01,2.173913043478260809e-01,1.845018450184501835e-01,1.351351351351351426e-01,2.105263157894736725e-01,2.074074074074074014e-01,4.500000000000000111e-01,3.858695652173912971e-01,0.000000000000000000e+00,1.212121212121212155e-01,0.000000000000000000e+00,0.000000000000000000e+00,2.500000000000000000e-01,1.063829787234042562e-01,1.714285714285714302e-01,3.412322274881516848e-01,0.000000000000000000e+00,1.805555555555555525e-01,0.000000000000000000e+00,1.516587677725118599e-01,1.891891891891891997e-01,3.636363636363636465e-01,1.408450704225352179e-01,0.000000000000000000e+00,0.000000000000000000e+00,1.682242990654205517e-01,4.025974025974026205e-01,1.366120218579235102e-01,3.017751479289940697e-01,2.409638554216867457e-01,4.725274725274725141e-01,1.632653061224489666e-01,3.630363036303630442e-01,1.336032388663967729e-01,1.345291479820627800e-01,1.199999999999999956e-01,2.021276595744680715e-01,1.379310344827586188e-01,1.224489795918367319e-01,1.868512110726643638e-01,2.758620689655172376e-01,0.000000000000000000e+00,3.030303030303030387e-01,3.157894736842105088e-01,1.079136690647481966e-01,3.023255813953488191e-01,2.424242424242424310e-01,0.000000000000000000e+00,4.941176470588235503e-01,1.825095057034220591e-01,1.064516129032258007e-01,0.000000000000000000e+00,1.400000000000000133e-01,0.000000000000000000e+00,0.000000000000000000e+00,3.255813953488372325e-01,0.000000000000000000e+00,1.111111111111111049e-01,1.295336787564766723e-01,1.818181818181818232e-01,8.130081300813007950e-02,1.340206185567010266e-01,2.540322580645161255e-01,1.625000000000000056e-01,3.378995433789954150e-01,1.891891891891891997e-01,2.602739726027397116e-01,9.905660377358491142e-02,1.889763779527559029e-01,1.589403973509933843e-01,3.236714975845410569e-01,0.000000000000000000e+00,0.000000000000000000e+00,2.765957446808510745e-01,1.230769230769230838e-01,1.566265060240963902e-01,1.480362537764350339e-01,9.638554216867470381e-02,1.797752808988763995e-01,2.000000000000000111e-01,0.000000000000000000e+00,6.250000000000000000e-02,0.000000000000000000e+00,1.590909090909090884e-01,2.571428571428571175e-01,1.723076923076923006e-01,2.971246006389776095e-01,1.480263157894736725e-01,0.000000000000000000e+00,3.392857142857143016e-01,2.857142857142856984e-01,2.619047619047619180e-01,1.538461538461538547e-01,2.428571428571428548e-01,1.447368421052631637e-01,1.842105263157894635e-01,1.304347826086956486e-01,2.142857142857142738e-01,1.733333333333333393e-01,1.000000000000000056e-01,1.791044776119402882e-01,2.500000000000000000e-01,2.999999999999999889e-01,1.898734177215190000e-01,2.098765432098765316e-01,1.463414634146341375e-01,2.374999999999999889e-01,9.677419354838709409e-02,1.400000000000000133e-01,2.162162162162162282e-01,1.571428571428571397e-01
1.787072243346007616e-01,1.321243523316062152e-01,2.777777777777777901e-01,3.599999999999999867e-01,1.742424242424242542e-01,3.839285714285714524e-01,0.000000000000000000e+00,0.000000000000000000e+00,0.000000000000000000e+00,3.548387096774193727e-01,4.268292682926829174e-01,3.302107728337236314e-01,3.928571428571428492e-01,0.000000000000000000e+00,2.132701421800947961e-01,2.014388489208633060e-01,4.496894409937888248e-01,1.368547418967586971e-01,2.232142857142857262e-01,4.874999999999999889e-01,2.032085561497326276e-01,0.000000000000000000e+00,1.445783132530120418e-01,1.696065128900949848e-01,1.326530612244898044e-01,0.000000000000000000e+00,1.377551020408163129e-01,2.303664921465968518e-01,1.465149359886201985e-01,1.757877280265340014e-01,1.571428571428571397e-01,1.621621621621621712e-01,8.391608391608391948e-02,1.525423728813559421e-01,1.574585635359115887e-01,1.334405144694533751e-01,4.527272727272727004e-01,1.581508515815085170e-01,2.182410423452768866e-01,2.637853949329359016e-01,3.020833333333333148e-01,1.635388739946380676e-01,3.944444444444444309e-01,1.400491400491400418e-01,1.543859649122807098e-01,0.000000000000000000e+00,1.590062111801242295e-01,2.479338842975206680e-01,1.664698937426210279e-01,7.619047619047619735e-02,4.624113475177304977e-01,1.716417910447761153e-01,1.626016260162601590e-01,1.293532338308457652e-01,1.746987951807228989e-01,2.233676975945017296e-01,2.352941176470588203e-01,2.065217391304347838e-01,2.723404255319148981e-01,1.898395721925133783e-01,1.250000000000000000e-01,1.637107776261937375e-01,1.642575558475689868e-01,1.349693251533742311e-01,1.866151866151866123e-01,1.363636363636363535e-01,8.333333333333332871e-02,1.156716417910447769e-01,1.808510638297872453e-01,1.751152073732718806e-01,1.273972602739726068e-01,2.101910828025477795e-01,2.117930204572803787e-01,5.164319248826291231e-01,1.459999999999999909e-01,1.904761904761904656e-01,1.489361702127659504e-01,1.462945139557266516e-01,1.212121212121212155e-01,2.798634812286689422e-01,1.627604166666666574e-01,1.045751633986928136e-01,2.888283378746593910e-01,1.576086956521739191e-01,2.432432432432432567e-01,1.146788990825688137e-01,1.293859649122807154e-01,0.000000000000000000e+00,3.044444444444444620e-01,2.074074074074074014e-01,2.669172932330827197e-01,2.035398230088495686e-01,1.222444889779559091e-01,4.683229813664596120e-01,2.695035460992907805e-01,2.110389610389610260e-01,1.958762886597938124e-01,1.557971014492753603e-01,1.928934010152284217e-01,1.902173913043478382e-01,1.761252446183952935e-01,1.424332344213649904e-01,1.085526315789473728e-01,1.694444444444444531e-01,1.675000000000000100e-01,1.770833333333333426e-01,1.472868217054263684e-01,0.000000000000000000e+00,2.352941176470588203e-01,0.000000000000000000e+00,1.016949152542372947e-01,1.744075829383886223e-01,1.477987421383647748e-01,1.214953271028037379e-01,4.416873449131513696e-01,3.091922005571030585e-01,4.200626959247649173e-01,1.648079306071871253e-01,1.356382978723404131e-01,2.087702573879885726e-01,1.632124352331606187e-01,1.444099378881987528e-01,1.259842519685039353e-01,2.088535754824063506e-01,2.272727272727272652e-01,1.890909090909090873e-01,1.264591439688715901e-01,4.299065420560747586e-01,3.501199040767385973e-01,1.315789473684210453e-01,0.000000000000000000e+00,2.666666666666666630e-01,0.000000000000000000e+00,3.548387096774193727e-01,3.417849898580121448e-01,4.656862745098039325e-01,1.186440677966101725e-01,1.472650771388499258e-01,4.528301886792452935e-01,3.675799086757990941e-01,3.736263736263736313e-01,2.216358839050131813e-01,1.166666666666666685e-01,1.742424242424242542e-01,2.115384615384615363e-01,0.000000000000000000e+00,1.607142857142857262e-01,0.000000000000000000e+00,0.000000000000000000e+00,3.646055437100212959e-01,4.785992217898832890e-01,1.818181818181818232e-01,1.680672268907563160e-01,4.199288256227757810e-01,1.890179514255543869e-01,2.691292875989446109e-01,2.747252747252747485e-01,4.729729729729729715e-01,1.862745098039215730e-01,2.222222222222222099e-01,3.908523908523908741e-01,4.375000000000000000e-01,1.933333333333333293e-01,1.752411575562700941e-01,1.467889908256880815e-01,0.000000000000000000e+00,1.666666666666666574e-01,0.000000000000000000e+00,2.291021671826625472e-01,1.299435028248587531e-01,1.562897077509529942e-01,0.000000000000000000e+00,0.000000000000000000e+00,5.154639175257731687e-02,2.659176029962546650e-01,3.440514469453376245e-01,1.559370529327610833e-01,1.729249011857707519e-01,1.849315068493150582e-01,1.623277182235834670e-01,2.686567164179104461e-01,2.500000000000000000e-01,4.279778393351800769e-01,3.734939759036144391e-01,1.736111111111111049e-01,4.445740956826137458e-01,1.455696202531645556e-01,0.000000000000000000e+00,1.666666666666666574e-01,1.814345991561181481e-01,0.000000000000000000e+00,1.685971685971685841e-01,1.395348837209302306e-01,1.052631578947368363e-01,1.496062992125984370e-01,1.368821292775665444e-01,1.449275362318840632e-01,0.000000000000000000e+00,1.486988847583643192e-01,1.770334928229665150e-01,1.627358490566037652e-01,1.872146118721461083e-01,4.522417153996101113e-01,2.252475247524752533e-01,4.470588235294117863e-01,4.642857142857143016e-01,3.262411347517730764e-01,1.335740072202166173e-01,0.000000000000000000e+00,1.975308641975308532e-01,2.592592592592592449e-01,1.609589041095890460e-01,1.034482758620689641e-01,2.664092664092664320e-01,3.549190535491905107e-01,2.258064516129032195e-01,1.442495126705652941e-01,0.000000000000000000e+00,1.075268817204301092e-01,0.000000000000000000e+00,0.000000000000000000e+00,1.408450704225352179e-01,2.959183673469387710e-01,2.519083969465648609e-01,1.828478964401294427e-01,0.000000000000000000e+00,4.753363228699551413e-01,0.000000000000000000e+00,1.732745961820851555e-01,1.284046692607003770e-01,1.623376623376623362e-01,2.500000000000000000e-01,0.000000000000000000e+00,0.000000000000000000e+00,1.933842239185750711e-01,1.666666666666666574e-01,2.174311926605504708e-01,1.188118811881188064e-01,2.507676560900716223e-01,1.459074733096085430e-01,1.579831932773109182e-01,1.780383795309168349e-01,2.083333333333333426e-01,1.379310344827586188e-01,1.629629629629629761e-01,4.683544303797468333e-01,2.171428571428571375e-01,3.060606060606060330e-01,1.958424507658643454e-01,1.644100580270793088e-01,0.000000000000000000e+00,3.619047619047618958e-01,1.830985915492957805e-01,1.709956709956710064e-01,1.538461538461538547e-01,2.000000000000000111e-01,0.000000000000000000e+00,1.850220264317180563e-01,4.769874476987447931e-01,1.875732708089097311e-01,0.000000000000000000e+00,1.310679611650485410e-01,0.000000000000000000e+00,0.000000000000000000e+00,1.666666666666666574e-01,0.000000000000000000e+00,1.566265060240963902e-01,1.518987341772151944e-01,1.126279863481228632e-01,1.320293398533007312e-01,1.312741312741312616e-01,1.610169491525423602e-01,1.233396584440227678e-01,1.750433275563258173e-01,3.280423280423280241e-01,2.239583333333333426e-01,1.801242236024844789e-01,3.944134078212290229e-01,2.203389830508474534e-01,1.658615136876006313e-01,0.000000000000000000e+00,8.333333333333332871e-02,4.896551724137930828e-01,2.515723270440251569e-01,2.636103151862463911e-01,1.642710472279260703e-01,2.036199095022624417e-01,1.827956989247311870e-01,1.923076923076923184e-01,0.000000000000000000e+00,2.222222222222222099e-01,0.000000000000000000e+00,1.471321695760598458e-01,1.271186440677966045e-01,1.946169772256728658e-01,1.779859484777517598e-01,1.619975639464068251e-01,0.000000000000000000e+00,2.066115702479338900e-01,1.836734693877551117e-01,1.857923497267759683e-01,1.455399061032863761e-01,2.261306532663316660e-01,2.233009708737864196e-01,2.307692307692307820e-01,1.674641148325358986e-01,1.902439024390243927e-01,1.780821917808219079e-01,1.681415929203539938e-01,2.192982456140350755e-01,2.412280701754385970e-01,1.991341991341991358e-01,1.269841269841269771e-01,2.127659574468085124e-01,1.951219512195122019e-01,1.858407079646017812e-01,2.328042328042327913e-01,2.125603864734299520e-01,1.789473684210526327e-01,1.690140845070422504e-01
1.109896118097320888e-01,1.106886354034642972e-01,1.247600767754318551e-01,7.488299531981279511e-02,1.305803571428571508e-01,9.782608695652174335e-02,0.000000000000000000e+00,0.000000000000000000e+00,0.000000000000000000e+00,1.250000000000000000e-01,1.214953271028037379e-01,1.292356185973207172e-01,1.011235955056179747e-01,0.000000000000000000e+00,1.168614357262103554e-01,1.152882205513784397e-01,1.019590382902938602e-01,1.109197382018601435e-01,1.181818181818181795e-01,1.931034482758620663e-01,1.206896551724137984e-01,0.000000000000000000e+00,9.271028037383177711e-02,8.091286307053942306e-02,1.157495256166982955e-01,0.000000000000000000e+00,3.258232235701906676e-01,1.086614173228346442e-01,1.098517872711421151e-01,1.175202156334231862e-01,9.142857142857142849e-02,1.091525423728813560e-01,8.186528497409326088e-02,2.880508859609268724e-01,1.068762278978389046e-01,1.332979288369622872e-01,1.165946946329426276e-01,2.665260196905766543e-01,1.024287222808870079e-01,9.549071618037134612e-02,5.647840531561462013e-02,9.052453468697123362e-02,8.978873239436620246e-02,2.664703717335296096e-01,2.970297029702970160e-01,0.000000000000000000e+00,1.147018661811561174e-01,1.432360742705570400e-01,2.726351351351351537e-01,8.888888888888889228e-02,1.114606741573033744e-01,9.756097560975610095e-02,2.625628140703517577e-01,8.593750000000000000e-02,9.271523178807947185e-02,7.951070336391437288e-02,1.345565749235473896e-01,1.267326732673267342e-01,1.215066828675577110e-01,1.020583190394511175e-01,7.443365695792880654e-02,1.145263157894736844e-01,9.816971713810315747e-02,7.383966244725738426e-02,1.049808429118773978e-01,8.515283842794760250e-02,2.095857026807473600e-01,1.143451143451143515e-01,1.381118881118880981e-01,3.918699186991869698e-01,2.804255319148936110e-01,2.632612966601178828e-01,1.107310816588285562e-01,1.110304789550072557e-01,1.040697674418604585e-01,9.614309670206819258e-02,3.122923588039867027e-01,2.604536758677234443e-01,7.048458149779736337e-02,7.838867719107239784e-02,9.783037475345167377e-02,1.022067363530778233e-01,1.213114754098360698e-01,5.503144654088050480e-02,1.265636497424576790e-01,1.059390048154093128e-01,1.305818673883626657e-01,0.000000000000000000e+00,8.948087431693989291e-02,1.567831031681559684e-01,1.064087061668681916e-01,1.418685121107266522e-01,1.140819964349376048e-01,9.803100125680770660e-02,1.409921671018276867e-01,1.056524035921817262e-01,1.090534979423868345e-01,2.608695652173912971e-01,3.037383177570093240e-01,1.159420289855072478e-01,2.533404596472474402e-01,2.593537414965986221e-01,2.976588628762542044e-01,8.578745198463508248e-02,1.157258064516129004e-01,1.214953271028037379e-01,2.461538461538461675e-01,0.000000000000000000e+00,1.086419753086419748e-01,0.000000000000000000e+00,9.879518072289156239e-02,2.524177949709864865e-01,9.266409266409265932e-02,1.092315128081198655e-01,1.119873817034700292e-01,8.586387434554973441e-02,1.247357293868921746e-01,2.456565656565656564e-01,1.088435374149659823e-01,1.140463917525773169e-01,9.038322487346348022e-02,1.032028469750889688e-01,2.849462365591398094e-01,1.117082533589251470e-01,1.424501424501424529e-01,1.030864197530864251e-01,1.578947368421052544e-01,1.054292929292929282e-01,1.129653401797175855e-01,1.073558648111331976e-01,0.000000000000000000e+00,1.244239631336405555e-01,0.000000000000000000e+00,1.293881644934804509e-01,1.324503311258278249e-01,1.014729950900163657e-01,1.166347992351816493e-01,1.056137012369172262e-01,9.263657957244655905e-02,1.243158717748240882e-01,1.189655172413793122e-01,8.022130013831259288e-02,8.840864440078585740e-02,8.868894601542416656e-02,1.048951048951048959e-01,0.000000000000000000e+00,1.176470588235294101e-01,0.000000000000000000e+00,0.000000000000000000e+00,1.196990424076607440e-01,1.022262607905497500e-01,9.384339509862522910e-02,1.243093922651933719e-01,1.111111111111111049e-01,1.439046746104491181e-01,1.276238455079764800e-01,1.167444963308872513e-01,1.210191082802547780e-01,1.143911439114391193e-01,1.152263374485596736e-01,1.161121983039791195e-01,1.049382716049382658e-01,1.034146341463414581e-01,9.410599306587419388e-02,1.168289290681502057e-01,0.000000000000000000e+00,1.140065146579804511e-01,0.000000000000000000e+00,1.138975966562173481e-01,7.812500000000000000e-02,2.102861883036084567e-01,0.000000000000000000e+00,0.000000000000000000e+00,8.029197080291970712e-02,8.400000000000000522e-02,1.420256111757857986e-01,2.809547488811536819e-01,9.982121573301550033e-02,1.036269430051813406e-01,1.270452358036573692e-01,1.219512195121951192e-01,9.771986970684039264e-02,1.052099140111279751e-01,1.507936507936507853e-01,1.000000000000000056e-01,1.184316895715440549e-01,2.450331125827814593e-01,0.000000000000000000e+00,7.823129251700680631e-02,1.068814055636896077e-01,0.000000000000000000e+00,2.325076053889613137e-01,2.117437722419928947e-01,2.524509803921568540e-01,1.038759689922480606e-01,9.204114780725500267e-02,2.512934220251293316e-01,0.000000000000000000e+00,9.269356597600872383e-02,8.225108225108225535e-02,2.387231089521165972e-01,2.824631860776439241e-01,6.432748538011695549e-02,1.378091872791519512e-01,1.218637992831541200e-01,1.042944785276073566e-01,1.109147149801148896e-01,2.590175197526622952e-01,0.000000000000000000e+00,9.961685823754788671e-02,1.250000000000000000e-01,1.941902109033028234e-01,2.531328320802004872e-01,1.561643835616438325e-01,1.229991575400168485e-01,9.248554913294797231e-02,8.659680088251517360e-02,0.000000000000000000e+00,1.879194630872483285e-01,0.000000000000000000e+00,0.000000000000000000e+00,1.205357142857142877e-01,3.053658536585365790e-01,1.294416243654822329e-01,1.050400376825247339e-01,0.000000000000000000e+00,1.033950617283950629e-01,0.000000000000000000e+00,9.357798165137615198e-02,1.189542483660130656e-01,1.011419249592169639e-01,1.018711018711018768e-01,0.000000000000000000e+00,0.000000000000000000e+00,1.070901033973412075e-01,9.813664596273291574e-02,9.923871669385535277e-02,2.254658385093167572e-01,1.135794743429286574e-01,8.333333333333332871e-02,1.344086021505376261e-01,1.018062397372742206e-01,1.084183673469387710e-01,1.248428990364474217e-01,8.564231738035264774e-02,1.106536284096757555e-01,1.302752293577981724e-01,7.974137931034483429e-02,9.939759036144578397e-02,1.042199488491048626e-01,0.000000000000000000e+00,1.501706484641638362e-01,1.387054161162483423e-01,1.108263933376041066e-01,9.497964721845318647e-02,1.079136690647481966e-01,0.000000000000000000e+00,9.079118028534370610e-02,1.129662522202486696e-01,2.614107883817427536e-01,0.000000000000000000e+00,1.150278293135436058e-01,0.000000000000000000e+00,0.000000000000000000e+00,9.900990099009901457e-02,0.000000000000000000e+00,2.490494296577946687e-01,2.536842105263157898e-01,1.048192771084337366e-01,1.742160278745644719e-01,2.828638497652581907e-01,9.657495788882650145e-02,1.186642814549791342e-01,1.067913385826771699e-01,1.782265144863915685e-01,1.190839694656488507e-01,1.136000000000000065e-01,9.357200976403580450e-02,1.217494089834515320e-01,9.586056644880174005e-02,0.000000000000000000e+00,1.409090909090909005e-01,1.010101010101010083e-01,9.203606311044328081e-02,7.560137457044673048e-02,9.858702633269107729e-02,2.645502645502645356e-01,2.599758162031439168e-01,2.105263157894736725e-01,0.000000000000000000e+00,2.433862433862433727e-01,0.000000000000000000e+00,1.093247588424437339e-01,9.523809523809523281e-02,1.027146001467351411e-01,1.162977867203219273e-01,2.085714285714285743e-01,0.000000000000000000e+00,8.705882352941175795e-02,1.712095400340715445e-01,9.908256880733945504e-02,1.242484969939879752e-01,1.066176470588235253e-01,1.338289962825278678e-01,9.751434034416825436e-02,1.103565365025466899e-01,1.261829652996845352e-01,1.312949640287769670e-01,1.234567901234567833e-01,1.336633663366336711e-01,1.151315789473684181e-01,9.107142857142856707e-02,1.365461847389558281e-01,1.142284569138276584e-01,1.253869969040247723e-01,1.425891181988742928e-01,9.523809523809523281e-02,1.048543689320388383e-01,1.252173913043478359e-01,1.208609271523178874e-01
0.000000000000000000e+00,0.000000000000000000e+00,0.000000000000000000e+00,0.000000000000000000e+00,0.000000000000000000e+00,0.000000000000000000e+00,0.000000000000000000e+00,0.000000000000000000e+00,0.000000000000000000e+00,0.000000000000000000e+00,0.000000000000000000e+00,0.000000000000000000e+00,0.000000000000000000e+00,0.000000000000000000e+00,0.000000000000000000e+00,0.000000000000000000e+00,0.000000000000000000e+00,0.000000000000000000e+00,0.000000000000000000e+00,0.000000000000000000e+00,0.000000000000000000e+00,0.000000000000000000e+00,0.000000000000000000e+00,0.000000000000000000e+00,0.000000000000000000e+00,0.000000000000000000e+00,0.000000000000000000e+00,0.000000000000000000e+00,0.000000000000000000e+00,0.000000000000000000e+00,0.000000000000000000e+00,0.000000000000000000e+00,0.000000000000000000e+00,0.000000000000000000e+00,0.000000000000000000e+00,0.000000000000000000e+00,0.000000000000000000e+00,0.000000000000000000e+00,0.000000000000000000e+00,0.000000000000000000e+00,0.000000000000000000e+00,0.000000000000000000e+00,0.000000000000000000e+00,0.000000000000000000e+00,0.000000000000000000e+00,0.000000000000000000e+00,0.000000000000000000e+00,0.000000000000000000e+00,0.000000000000000000e+00,0.000000000000000000e+00,0.000000000000000000e+00,0.000000000000000000e+00,0.000000000000000000e+00,0.000000000000000000e+00,0.000000000000000000e+00,0.000000000000000000e+00,0.000000000000000000e+00,0.000000000000000000e+00,0.000000000000000000e+00,0.000000000000000000e+00,0.000000000000000000e+00,0.000000000000000000e+00,0.000000000000000000e+00,0.000000000000000000e+00,0.000000000000000000e+00,0.000000000000000000e+00,0.000000000000000000e+00,0.000000000000000000e+00,0.000000000000000000e+00,0.000000000000000000e+00,0.000000000000000000e+00,0.000000000000000000e+00,0.000000000000000000e+00,0.000000000000000000e+00,0.000000000000000000e+00,0.000000000000000000e+00,0.000000000000000000e+00,0.000000000000000000e+00,0.000000000000000000e+00,0.000000000000000000e+00,0.000000000000000000e+00,0.000000000000000000e+00,0.000000000000000000e+00,0.000000000000000000e+00,0.000000000000000000e+00,0.000000000000000000e+00,0.000000000000000000e+00,0.000000000000000000e+00,0.000000000000000000e+00,0.000000000000000000e+00,0.000000000000000000e+00,0.000000000000000000e+00,0.000000000000000000e+00,0.000000000000000000e+00,0.000000000000000000e+00,0.000000000000000000e+00,0.000000000000000000e+00,0.000000000000000000e+00,0.000000000000000000e+00,0.000000000000000000e+00,0.000000000000000000e+00,0.000000000000000000e+00,0.000000000000000000e+00,0.000000000000000000e+00,0.000000000000000000e+00,0.000000000000000000e+00,0.000000000000000000e+00,0.000000000000000000e+00,0.000000000000000000e+00,0.000000000000000000e+00,0.000000000000000000e+00,0.000000000000000000e+00,0.000000000000000000e+00,0.000000000000000000e+00,0.000000000000000000e+00,0.000000000000000000e+00,0.000000000000000000e+00,0.000000000000000000e+00,0.000000000000000000e+00,0.000000000000000000e+00,0.000000000000000000e+00,0.000000000000000000e+00,0.000000000000000000e+00,0.000000000000000000e+00,0.000000000000000000e+00,0.000000000000000000e+00,0.000000000000000000e+00,0.000000000000000000e+00,0.000000000000000000e+00,0.000000000000000000e+00,0.000000000000000000e+00,0.000000000000000000e+00,0.000000000000000000e+00,0.000000000000000000e+00,0.000000000000000000e+00,0.000000000000000000e+00,0.000000000000000000e+00,0.000000000000000000e+00,0.000000000000000000e+00,0.000000000000000000e+00,0.000000000000000000e+00,0.000000000000000000e+00,0.000000000000000000e+00,0.000000000000000000e+00,0.000000000000000000e+00,0.000000000000000000e+00,0.000000000000000000e+00,0.000000000000000000e+00,0.000000000000000000e+00,0.000000000000000000e+00,0.000000000000000000e+00,0.000000000000000000e+00,0.000000000000000000e+00,0.000000000000000000e+00,0.000000000000000000e+00,0.000000000000000000e+00,0.000000000000000000e+00,0.000000000000000000e+00,0.000000000000000000e+00,0.000000000000000000e+00,0.000000000000000000e+00,0.000000000000000000e+00,0.000000000000000000e+00,0.000000000000000000e+00,0.000000000000000000e+00,0.000000000000000000e+00,0.000000000000000000e+00,0.000000000000000000e+00,0.000000000000000000e+00,0.000000000000000000e+00,0.000000000000000000e+00,0.000000000000000000e+00,0.000000000000000000e+00,0.000000000000000000e+00,0.000000000000000000e+00,0.000000000000000000e+00,0.000000000000000000e+00,0.000000000000000000e+00,0.000000000000000000e+00,0.000000000000000000e+00,0.000000000000000000e+00,0.000000000000000000e+00,0.000000000000000000e+00,0.000000000000000000e+00,0.000000000000000000e+00,0.000000000000000000e+00,0.000000000000000000e+00,0.000000000000000000e+00,0.000000000000000000e+00,0.000000000000000000e+00,0.000000000000000000e+00,0.000000000000000000e+00,0.000000000000000000e+00,0.000000000000000000e+00,0.000000000000000000e+00,0.000000000000000000e+00,0.000000000000000000e+00,0.000000000000000000e+00,0.000000000000000000e+00,0.000000000000000000e+00,0.000000000000000000e+00,0.000000000000000000e+00,0.000000000000000000e+00,0.000000000000000000e+00,0.000000000000000000e+00,0.000000000000000000e+00,0.000000000000000000e+00,0.000000000000000000e+00,0.000000000000000000e+00,0.000000000000000000e+00,0.000000000000000000e+00,0.000000000000000000e+00,0.000000000000000000e+00,0.000000000000000000e+00,0.000000000000000000e+00,0.000000000000000000e+00,0.000000000000000000e+00,0.000000000000000000e+00,0.000000000000000000e+00,0.000000000000000000e+00,0.000000000000000000e+00,0.000000000000000000e+00,0.000000000000000000e+00,0.000000000000000000e+00,0.000000000000000000e+00,0.000000000000000000e+00,0.000000000000000000e+00,0.000000000000000000e+00,0.000000000000000000e+00,0.000000000000000000e+00,0.000000000000000000e+00,0.000000000000000000e+00,0.000000000000000000e+00,0.000000000000000000e+00,0.000000000000000000e+00,0.000000000000000000e+00,0.000000000000000000e+00,0.000000000000000000e+00,0.000000000000000000e+00,0.000000000000000000e+00,0.000000000000000000e+00,0.000000000000000000e+00,0.000000000000000000e+00,0.000000000000000000e+00,0.000000000000000000e+00,0.000000000000000000e+00,0.000000000000000000e+00,0.000000000000000000e+00,0.000000000000000000e+00,0.000000000000000000e+00,0.000000000000000000e+00,0.000000000000000000e+00,0.000000000000000000e+00,0.000000000000000000e+00,0.000000000000000000e+00,0.000000000000000000e+00,0.000000000000000000e+00,0.000000000000000000e+00,0.000000000000000000e+00,0.000000000000000000e+00,0.000000000000000000e+00,0.000000000000000000e+00,0.000000000000000000e+00,0.000000000000000000e+00,0.000000000000000000e+00,0.000000000000000000e+00,0.000000000000000000e+00,0.000000000000000000e+00,0.000000000000000000e+00,0.000000000000000000e+00,0.000000000000000000e+00,0.000000000000000000e+00,0.000000000000000000e+00,0.000000000000000000e+00,0.000000000000000000e+00,0.000000000000000000e+00,0.000000000000000000e+00,0.000000000000000000e+00,0.000000000000000000e+00,0.000000000000000000e+00,0.000000000000000000e+00,0.000000000000000000e+00,0.000000000000000000e+00,0.000000000000000000e+00,0.000000000000000000e+00,0.000000000000000000e+00,0.000000000000000000e+00,0.000000000000000000e+00,0.000000000000000000e+00,0.000000000000000000e+00,0.000000000000000000e+00,0.000000000000000000e+00,0.000000000000000000e+00,0.000000000000000000e+00,0.000000000000000000e+00,0.000000000000000000e+00,0.000000000000000000e+00,0.000000000000000000e+00,0.000000000000000000e+00,0.000000000000000000e+00,0.000000000000000000e+00,0.000000000000000000e+00,0.000000000000000000e+00,0.000000000000000000e+00,0.000000000000000000e+00,0.000000000000000000e+00,0.000000000000000000e+00,0.000000000000000000e+00,0.000000000000000000e+00,0.000000000000000000e+00,0.000000000000000000e+00,0.000000000000000000e+00,0.000000000000000000e+00,0.000000000000000000e+00,0.000000000000000000e+00,0.000000000000000000e+00,0.000000000000000000e+00,0.000000000000000000e+00,0.000000000000000000e+00,0.000000000000000000e+00
5.387205387205386969e-02,1.373626373626373742e-01,9.595959595959595301e-02,5.373831775700934482e-02,6.686046511627906364e-02,8.016877637130802314e-02,0.000000000000000000e+00,0.000000000000000000e+00,0.000000000000000000e+00,8.000000000000000167e-02,8.605341246290801327e-02,7.079646017699114946e-02,2.020202020202020374e-02,0.000000000000000000e+00,8.675799086757990386e-02,1.067415730337078622e-01,3.780487804878048669e-02,6.864988558352402848e-02,1.272727272727272596e-01,9.803921568627450844e-02,3.913043478260869873e-02,0.000000000000000000e+00,5.408515535097813826e-02,4.534005037783375019e-02,1.212121212121212155e-01,0.000000000000000000e+00,6.432748538011695549e-02,7.734806629834253822e-02,1.519302615193026118e-01,3.904923599320882927e-02,4.615384615384615641e-02,8.671586715867159179e-02,1.271676300578034602e-01,5.706521739130434451e-02,5.052878965922444343e-02,1.618655692729766837e-01,7.296849087893864105e-02,7.183364839319471284e-02,4.807692307692307959e-02,6.420765027322404561e-02,4.938271604938271331e-02,9.397590361445783136e-02,3.389830508474576259e-02,7.274701411509229554e-02,6.493506493506492894e-02,0.000000000000000000e+00,1.291810841983852265e-01,8.108108108108108558e-02,6.775956284153004938e-02,2.323232323232323204e-01,5.626598465473145461e-02,7.142857142857142461e-02,7.368421052631578261e-02,1.263157894736842146e-01,8.496732026143791194e-02,6.515580736543909179e-02,6.896551724137930939e-02,9.782608695652174335e-02,5.905511811023621965e-02,7.017543859649122417e-02,8.181818181818181768e-02,5.824039653035935349e-02,5.489260143198090858e-02,4.972375690607734600e-02,5.782312925170068202e-02,1.893491124260354985e-01,1.004672897196261655e-01,1.644736842105263275e-01,1.094527363184079616e-01,7.488986784140969077e-02,7.556080283353010241e-02,7.614213197969543767e-02,5.793991416309012682e-02,6.355140186915887723e-02,4.560810810810810717e-02,1.213450292397660751e-01,5.813953488372092943e-02,7.479674796747967647e-02,1.643835616438356073e-01,5.862646566164154277e-02,6.006674082313681606e-02,5.514705882352941013e-02,8.416833667334669422e-02,5.687203791469194053e-02,8.313539192399049815e-02,1.722689075630252087e-01,1.309963099630996330e-01,0.000000000000000000e+00,6.103286384976525786e-02,6.021505376344086363e-02,6.968641114982578044e-02,7.142857142857142461e-02,5.084745762711864736e-02,7.701149425287356909e-02,3.418803418803419147e-02,4.283360790774300153e-02,6.230529595015576322e-02,6.752411575562701496e-02,8.999999999999999667e-02,7.222222222222221544e-02,7.969924812030075578e-02,5.128205128205128027e-02,5.571030640668523520e-02,1.553030303030303039e-01,1.375291375291375351e-01,1.578947368421052544e-01,6.306306306306305731e-02,0.000000000000000000e+00,4.395604395604395948e-02,0.000000000000000000e+00,3.816793893129771104e-02,9.541284403669725300e-02,1.217948717948717924e-01,1.794195250659630647e-01,4.637681159420289911e-02,1.764705882352941291e-01,4.179104477611940427e-02,7.639680729760547906e-02,1.157894736842105254e-01,5.517909002904162336e-02,6.100217864923747346e-02,1.634877384196185279e-01,6.666666666666666574e-02,8.084163898117387170e-02,8.799999999999999489e-02,6.261510128913444495e-02,1.574239713774597538e-01,6.747404844290658121e-02,7.563025210084033112e-02,3.571428571428571230e-02,0.000000000000000000e+00,7.738095238095238360e-02,0.000000000000000000e+00,7.747489239598277788e-02,6.546275395033859801e-02,4.812834224598930288e-02,1.569767441860465129e-01,1.307901907356948112e-01,8.823529411764706454e-02,6.680584551148224803e-02,5.882352941176470507e-02,4.285714285714285754e-02,1.549999999999999989e-01,1.613924050632911389e-01,6.862745098039216285e-02,0.000000000000000000e+00,9.600000000000000200e-02,0.000000000000000000e+00,0.000000000000000000e+00,6.102362204724409711e-02,3.770949720670391248e-02,5.639097744360901943e-02,8.461538461538462008e-02,9.627329192546583980e-02,7.427536231884057649e-02,8.061002178649237515e-02,4.651162790697674354e-02,3.614457831325301046e-02,8.421052631578947179e-02,8.673469387755101956e-02,8.163265306122448328e-02,4.580152671755725186e-02,1.075268817204301092e-01,5.369127516778523374e-02,6.557377049180328210e-02,0.000000000000000000e+00,1.204188481675392691e-01,0.000000000000000000e+00,3.757225433526011765e-02,1.062499999999999972e-01,7.424593967517401083e-02,0.000000000000000000e+00,0.000000000000000000e+00,3.448275862068965469e-02,4.329004329004328827e-02,6.666666666666666574e-02,7.482014388489208190e-02,5.609114811568799430e-02,9.489051094890510463e-02,1.530343007915567211e-01,4.938271604938271331e-02,6.172839506172839164e-02,8.215661103979460256e-02,8.450704225352112520e-02,4.402515723270439968e-02,7.351351351351351204e-02,3.636363636363636187e-02,0.000000000000000000e+00,7.758620689655172653e-02,2.597402597402597574e-02,0.000000000000000000e+00,8.596713021491782236e-02,4.770642201834862650e-02,7.284768211920529535e-02,7.655502392344497309e-02,2.852614896988906606e-02,5.242718446601941917e-02,0.000000000000000000e+00,5.696202531645569445e-02,6.276150627615062483e-02,9.090909090909091161e-02,7.539682539682539264e-02,2.783725910064239681e-02,6.983240223463686724e-02,1.030927835051546337e-01,9.401709401709401615e-02,6.349206349206348854e-02,5.825242718446602130e-02,0.000000000000000000e+00,4.863221884498480224e-02,1.036036036036036001e-01,6.333739342265529149e-02,6.015037593984962072e-02,8.171206225680933966e-02,8.503401360544217413e-02,4.166666666666666435e-02,6.870229007633588125e-02,0.000000000000000000e+00,7.766990291262135249e-02,0.000000000000000000e+00,0.000000000000000000e+00,7.228915662650602092e-02,5.934718100890207931e-02,1.240875912408759135e-01,5.635838150289017301e-02,0.000000000000000000e+00,4.000000000000000083e-02,0.000000000000000000e+00,1.444582814445828090e-01,1.360294117647058709e-01,7.291666666666667129e-02,1.104294478527607370e-01,0.000000000000000000e+00,0.000000000000000000e+00,4.772234273318871900e-02,2.575107296137339047e-02,5.061224489795918685e-02,5.935251798561150954e-02,6.191687871077183880e-02,5.248618784530386522e-02,1.203125000000000028e-01,5.728155339805825197e-02,7.922077922077921941e-02,1.470588235294117696e-01,9.790209790209790375e-02,6.330935251798561203e-02,4.739336492890994929e-02,7.012195121951220189e-02,4.112149532710280414e-02,4.356846473029045430e-02,0.000000000000000000e+00,3.738317757009345516e-02,5.349794238683127506e-02,1.513409961685823757e-01,5.627705627705627961e-02,5.645161290322580488e-02,0.000000000000000000e+00,2.000000000000000042e-02,4.639175257731958935e-02,8.342022940563086075e-02,0.000000000000000000e+00,1.848341232227488085e-01,0.000000000000000000e+00,0.000000000000000000e+00,5.405405405405405705e-02,0.000000000000000000e+00,7.777777777777777901e-02,6.839186691312384991e-02,1.781250000000000056e-01,1.187335092348284910e-01,7.438016528925620041e-02,5.681818181818181629e-02,1.395348837209302306e-01,5.023547880690738127e-02,3.357314148681055099e-02,1.192660550458715663e-01,1.342062193126022929e-01,5.868814729574223232e-02,5.434782608695652023e-02,7.863501483679524728e-02,0.000000000000000000e+00,8.510638297872340219e-02,3.759398496240601295e-02,5.011389521640090966e-02,3.333333333333333287e-02,1.416007036059806490e-01,7.581227436823104182e-02,4.810996563573883417e-02,1.333333333333333419e-02,0.000000000000000000e+00,4.687500000000000000e-02,0.000000000000000000e+00,1.255411255411255367e-01,1.666666666666666574e-01,7.572614107883816892e-02,5.005820721769499437e-02,6.250000000000000000e-02,0.000000000000000000e+00,3.401360544217687382e-02,5.276381909547738641e-02,5.263157894736841813e-02,6.024096385542168641e-02,5.612244897959183659e-02,5.681818181818181629e-02,6.735751295336787903e-02,7.766990291262135249e-02,8.133971291866028130e-02,5.612244897959183659e-02,6.976744186046511531e-02,3.045685279187817368e-02,8.547008547008547175e-02,3.448275862068965469e-02,7.142857142857142461e-02,9.411764705882352811e-02,4.245283018867924280e-02,7.804878048780487798e-02,7.317073170731706877e-02,4.819277108433735191e-02,8.762886597938143729e-02,6.763285024154588876e-02
0.000000000000000000e+00,0.000000000000000000e+00,0.000000000000000000e+00,0.000000000000000000e+00,0.000000000000000000e+00,0.000000000000000000e+00,0.000000000000000000e+00,0.000000000000000000e+00,0.000000000000000000e+00,0.000000000000000000e+00,0.000000000000000000e+00,0.000000000000000000e+00,0.000000000000000000e+00,0.000000000000000000e+00,0.000000000000000000e+00,0.000000000000000000e+00,0.000000000000000000e+00,0.000000000000000000e+00,0.000000000000000000e+00,0.000000000000000000e+00,0.000000000000000000e+00,0.000000000000000000e+00,0.000000000000000000e+00,0.000000000000000000e+00,0.000000000000000000e+00,0.000000000000000000e+00,0.000000000000000000e+00,0.000000000000000000e+00,0.000000000000000000e+00,0.000000000000000000e+00,0.000000000000000000e+00,0.000000000000000000e+00,0.000000000000000000e+00,0.000000000000000000e+00,0.000000000000000000e+00,0.000000000000000000e+00,0.000000000000000000e+00,0.000000000000000000e+00,0.000000000000000000e+00,0.000000000000000000e+00,0.000000000000000000e+00,0.000000000000000000e+00,0.000000000000000000e+00,0.000000000000000000e+00,0.000000000000000000e+00,0.000000000000000000e+00,0.000000000000000000e+00,0.000000000000000000e+00,0.000000000000000000e+00,0.000000000000000000e+00,0.000000000000000000e+00,0.000000000000000000e+00,0.000000000000000000e+00,0.000000000000000000e+00,0.000000000000000000e+00,0.000000000000000000e+00,0.000000000000000000e+00,0.000000000000000000e+00,0.000000000000000000e+00,0.000000000000000000e+00,0.000000000000000000e+00,0.000000000000000000e+00,0.000000000000000000e+00,0.000000000000000000e+00,0.000000000000000000e+00,0.000000000000000000e+00,0.000000000000000000e+00,0.000000000000000000e+00,0.000000000000000000e+00,0.000000000000000000e+00,0.000000000000000000e+00,0.000000000000000000e+00,0.000000000000000000e+00,0.000000000000000000e+00,0.000000000000000000e+00,0.000000000000000000e+00,0.000000000000000000e+00,0.000000000000000000e+00,0.000000000000000000e+00,0.000000000000000000e+00,0.000000000000000000e+00,0.000000000000000000e+00,0.000000000000000000e+00,0.000000000000000000e+00,0.000000000000000000e+00,0.000000000000000000e+00,0.000000000000000000e+00,0.000000000000000000e+00,0.000000000000000000e+00,0.000000000000000000e+00,0.000000000000000000e+00,0.000000000000000000e+00,0.000000000000000000e+00,0.000000000000000000e+00,0.000000000000000000e+00,0.000000000000000000e+00,0.000000000000000000e+00,0.000000000000000000e+00,0.000000000000000000e+00,0.000000000000000000e+00,0.000000000000000000e+00,0.000000000000000000e+00,0.000000000000000000e+00,0.000000000000000000e+00,0.000000000000000000e+00,0.000000000000000000e+00,0.000000000000000000e+00,0.000000000000000000e+00,0.000000000000000000e+00,0.000000000000000000e+00,0.000000000000000000e+00,0.000000000000000000e+00,0.000000000000000000e+00,0.000000000000000000e+00,0.000000000000000000e+00,0.000000000000000000e+00,0.000000000000000000e+00,0.000000000000000000e+00,0.000000000000000000e+00,0.000000000000000000e+00,0.000000000000000000e+00,0.000000000000000000e+00,0.000000000000000000e+00,0.000000000000000000e+00,0.000000000000000000e+00,0.000000000000000000e+00,0.000000000000000000e+00,0.000000000000000000e+00,0.000000000000000000e+00,0.000000000000000000e+00,0.000000000000000000e+00,0.000000000000000000e+00,0.000000000000000000e+00,0.000000000000000000e+00,0.000000000000000000e+00,0.000000000000000000e+00,0.000000000000000000e+00,0.000000000000000000e+00,0.000000000000000000e+00,0.000000000000000000e+00,0.000000000000000000e+00,0.000000000000000000e+00,0.000000000000000000e+00,0.000000000000000000e+00,0.000000000000000000e+00,0.000000000000000000e+00,0.000000000000000000e+00,0.000000000000000000e+00,0.000000000000000000e+00,0.000000000000000000e+00,0.000000000000000000e+00,0.000000000000000000e+00,0.000000000000000000e+00,0.000000000000000000e+00,0.000000000000000000e+00,0.000000000000000000e+00,0.000000000000000000e+00,0.000000000000000000e+00,0.000000000000000000e+00,0.000000000000000000e+00,0.000000000000000000e+00,0.000000000000000000e+00,0.000000000000000000e+00,0.000000000000000000e+00,0.000000000000000000e+00,0.000000000000000000e+00,0.000000000000000000e+00,0.000000000000000000e+00,0.000000000000000000e+00,0.000000000000000000e+00,0.000000000000000000e+00,0.000000000000000000e+00,0.000000000000000000e+00,0.000000000000000000e+00,0.000000000000000000e+00,0.000000000000000000e+00,0.000000000000000000e+00,0.000000000000000000e+00,0.000000000000000000e+00,0.000000000000000000e+00,0.000000000000000000e+00,0.000000000000000000e+00,0.000000000000000000e+00,0.000000000000000000e+00,0.000000000000000000e+00,0.000000000000000000e+00,0.000000000000000000e+00,0.000000000000000000e+00,0.000000000000000000e+00,0.000000000000000000e+00,0.000000000000000000e+00,0.000000000000000000e+00,0.000000000000000000e+00,0.000000000000000000e+00,0.000000000000000000e+00,0.000000000000000000e+00,0.000000000000000000e+00,0.000000000000000000e+00,0.000000000000000000e+00,0.000000000000000000e+00,0.000000000000000000e+00,0.000000000000000000e+00,0.000000000000000000e+00,0.000000000000000000e+00,0.000000000000000000e+00,0.000000000000000000e+00,0.000000000000000000e+00,0.000000000000000000e+00,0.000000000000000000e+00,0.000000000000000000e+00,0.000000000000000000e+00,0.000000000000000000e+00,0.000000000000000000e+00,0.000000000000000000e+00,0.000000000000000000e+00,0.000000000000000000e+00,0.000000000000000000e+00,0.000000000000000000e+00,0.000000000000000000e+00,0.000000000000000000e+00,0.000000000000000000e+00,0.000000000000000000e+00,0.000000000000000000e+00,0.000000000000000000e+00,0.000000000000000000e+00,0.000000000000000000e+00,0.000000000000000000e+00,0.000000000000000000e+00,0.000000000000000000e+00,0.000000000000000000e+00,0.000000000000000000e+00,0.000000000000000000e+00,0.000000000000000000e+00,0.000000000000000000e+00,0.000000000000000000e+00,0.000000000000000000e+00,0.000000000000000000e+00,0.000000000000000000e+00,0.000000000000000000e+00,0.000000000000000000e+00,0.000000000000000000e+00,0.000000000000000000e+00,0.000000000000000000e+00,0.000000000000000000e+00,0.000000000000000000e+00,0.000000000000000000e+00,0.000000000000000000e+00,0.000000000000000000e+00,0.000000000000000000e+00,0.000000000000000000e+00,0.000000000000000000e+00,0.000000000000000000e+00,0.000000000000000000e+00,0.000000000000000000e+00,0.000000000000000000e+00,0.000000000000000000e+00,0.000000000000000000e+00,0.000000000000000000e+00,0.000000000000000000e+00,0.000000000000000000e+00,0.000000000000000000e+00,0.000000000000000000e+00,0.000000000000000000e+00,0.000000000000000000e+00,0.000000000000000000e+00,0.000000000000000000e+00,0.000000000000000000e+00,0.000000000000000000e+00,0.000000000000000000e+00,0.000000000000000000e+00,0.000000000000000000e+00,0.000000000000000000e+00,0.000000000000000000e+00,0.000000000000000000e+00,0.000000000000000000e+00,0.000000000000000000e+00,0.000000000000000000e+00,0.000000000000000000e+00,0.000000000000000000e+00,0.000000000000000000e+00,0.000000000000000000e+00,0.000000000000000000e+00,0.000000000000000000e+00,0.000000000000000000e+00,0.000000000000000000e+00,0.000000000000000000e+00,0.000000000000000000e+00,0.000000000000000000e+00,0.000000000000000000e+00,0.000000000000000000e+00,0.000000000000000000e+00,0.000000000000000000e+00,0.000000000000000000e+00,0.000000000000000000e+00,0.000000000000000000e+00,0.000000000000000000e+00,0.000000000000000000e+00,0.000000000000000000e+00,0.000000000000000000e+00,0.000000000000000000e+00,0.000000000000000000e+00,0.000000000000000000e+00,0.000000000000000000e+00,0.000000000000000000e+00,0.000000000000000000e+00,0.000000000000000000e+00,0.000000000000000000e+00,0.000000000000000000e+00,0.000000000000000000e+00,0.000000000000000000e+00,0.000000000000000000e+00,0.000000000000000000e+00,0.000000000000000000e+00,0.000000000000000000e+00,0.000000000000000000e+00,0.000000000000000000e+00,0.000000000000000000e+00,0.000000000000000000e+00,0.000000000000000000e+00,0.000000000000000000e+00
0.000000000000000000e+00,0.000000000000000000e+00,0.000000000000000000e+00,0.000000000000000000e+00,0.000000000000000000e+00,0.000000000000000000e+00,0.000000000000000000e+00,0.000000000000000000e+00,0.000000000000000000e+00,0.000000000000000000e+00,0.000000000000000000e+00,0.000000000000000000e+00,0.000000000000000000e+00,0.000000000000000000e+00,0.000000000000000000e+00,0.000000000000000000e+00,0.000000000000000000e+00,0.000000000000000000e+00,0.000000000000000000e+00,0.000000000000000000e+00,0.000000000000000000e+00,0.000000000000000000e+00,0.000000000000000000e+00,0.000000000000000000e+00,0.000000000000000000e+00,0.000000000000000000e+00,0.000000000000000000e+00,0.000000000000000000e+00,0.000000000000000000e+00,0.000000000000000000e+00,0.000000000000000000e+00,0.000000000000000000e+00,0.000000000000000000e+00,0.000000000000000000e+00,0.000000000000000000e+00,0.000000000000000000e+00,0.000000000000000000e+00,0.000000000000000000e+00,0.000000000000000000e+00,0.000000000000000000e+00,0.000000000000000000e+00,0.000000000000000000e+00,0.000000000000000000e+00,0.000000000000000000e+00,0.000000000000000000e+00,0.000000000000000000e+00,0.000000000000000000e+00,0.000000000000000000e+00,0.000000000000000000e+00,0.000000000000000000e+00,0.000000000000000000e+00,0.000000000000000000e+00,0.000000000000000000e+00,0.000000000000000000e+00,0.000000000000000000e+00,0.000000000000000000e+00,0.000000000000000000e+00,0.000000000000000000e+00,0.000000000000000000e+00,0.000000000000000000e+00,0.000000000000000000e+00,0.000000000000000000e+00,0.000000000000000000e+00,0.000000000000000000e+00,0.000000000000000000e+00,0.000000000000000000e+00,0.000000000000000000e+00,0.000000000000000000e+00,0.000000000000000000e+00,0.000000000000000000e+00,0.000000000000000000e+00,0.000000000000000000e+00,0.000000000000000000e+00,0.000000000000000000e+00,0.000000000000000000e+00,0.000000000000000000e+00,0.000000000000000000e+00,0.000000000000000000e+00,0.000000000000000000e+00,0.000000000000000000e+00,0.000000000000000000e+00,0.000000000000000000e+00,0.000000000000000000e+00,0.000000000000000000e+00,0.000000000000000000e+00,0.000000000000000000e+00,0.000000000000000000e+00,0.000000000000000000e+00,0.000000000000000000e+00,0.000000000000000000e+00,0.000000000000000000e+00,0.000000000000000000e+00,0.000000000000000000e+00,0.000000000000000000e+00,0.000000000000000000e+00,0.000000000000000000e+00,0.000000000000000000e+00,0.000000000000000000e+00,0.000000000000000000e+00,0.000000000000000000e+00,0.000000000000000000e+00,0.000000000000000000e+00,0.000000000000000000e+00,0.000000000000000000e+00,0.000000000000000000e+00,0.000000000000000000e+00,0.000000000000000000e+00,0.000000000000000000e+00,0.000000000000000000e+00,0.000000000000000000e+00,0.000000000000000000e+00,0.000000000000000000e+00,0.000000000000000000e+00,0.000000000000000000e+00,0.000000000000000000e+00,0.000000000000000000e+00,0.000000000000000000e+00,0.000000000000000000e+00,0.000000000000000000e+00,0.000000000000000000e+00,0.000000000000000000e+00,0.000000000000000000e+00,0.000000000000000000e+00,0.000000000000000000e+00,0.000000000000000000e+00,0.000000000000000000e+00,0.000000000000000000e+00,0.000000000000000000e+00,0.000000000000000000e+00,0.000000000000000000e+00,0.000000000000000000e+00,0.000000000000000000e+00,0.000000000000000000e+00,0.000000000000000000e+00,0.000000000000000000e+00,0.000000000000000000e+00,0.000000000000000000e+00,0.000000000000000000e+00,0.000000000000000000e+00,0.000000000000000000e+00,0.000000000000000000e+00,0.000000000000000000e+00,0.000000000000000000e+00,0.000000000000000000e+00,0.000000000000000000e+00,0.000000000000000000e+00,0.000000000000000000e+00,0.000000000000000000e+00,0.000000000000000000e+00,0.000000000000000000e+00,0.000000000000000000e+00,0.000000000000000000e+00,0.000000000000000000e+00,0.000000000000000000e+00,0.000000000000000000e+00,0.000000000000000000e+00,0.000000000000000000e+00,0.000000000000000000e+00,0.000000000000000000e+00,0.000000000000000000e+00,0.000000000000000000e+00,0.000000000000000000e+00,0.000000000000000000e+00,0.000000000000000000e+00,0.000000000000000000e+00,0.000000000000000000e+00,0.000000000000000000e+00,0.000000000000000000e+00,0.000000000000000000e+00,0.000000000000000000e+00,0.000000000000000000e+00,0.000000000000000000e+00,0.000000000000000000e+00,0.000000000000000000e+00,0.000000000000000000e+00,0.000000000000000000e+00,0.000000000000000000e+00,0.000000000000000000e+00,0.000000000000000000e+00,0.000000000000000000e+00,0.000000000000000000e+00,0.000000000000000000e+00,0.000000000000000000e+00,0.000000000000000000e+00,0.000000000000000000e+00,0.000000000000000000e+00,0.000000000000000000e+00,0.000000000000000000e+00,0.000000000000000000e+00,0.000000000000000000e+00,0.000000000000000000e+00,0.000000000000000000e+00,0.000000000000000000e+00,0.000000000000000000e+00,0.000000000000000000e+00,0.000000000000000000e+00,0.000000000000000000e+00,0.000000000000000000e+00,0.000000000000000000e+00,0.000000000000000000e+00,0.000000000000000000e+00,0.000000000000000000e+00,0.000000000000000000e+00,0.000000000000000000e+00,0.000000000000000000e+00,0.000000000000000000e+00,0.000000000000000000e+00,0.000000000000000000e+00,0.000000000000000000e+00,0.000000000000000000e+00,0.000000000000000000e+00,0.000000000000000000e+00,0.000000000000000000e+00,0.000000000000000000e+00,0.000000000000000000e+00,0.000000000000000000e+00,0.000000000000000000e+00,0.000000000000000000e+00,0.000000000000000000e+00,0.000000000000000000e+00,0.000000000000000000e+00,0.000000000000000000e+00,0.000000000000000000e+00,0.000000000000000000e+00,0.000000000000000000e+00,0.000000000000000000e+00,0.000000000000000000e+00,0.000000000000000000e+00,0.000000000000000000e+00,0.000000000000000000e+00,0.000000000000000000e+00,0.000000000000000000e+00,0.000000000000000000e+00,0.000000000000000000e+00,0.000000000000000000e+00,0.000000000000000000e+00,0.000000000000000000e+00,0.000000000000000000e+00,0.000000000000000000e+00,0.000000000000000000e+00,0.000000000000000000e+00,0.000000000000000000e+00,0.000000000000000000e+00,0.000000000000000000e+00,0.000000000000000000e+00,0.000000000000000000e+00,0.000000000000000000e+00,0.000000000000000000e+00,0.000000000000000000e+00,0.000000000000000000e+00,0.000000000000000000e+00,0.000000000000000000e+00,0.000000000000000000e+00,0.000000000000000000e+00,0.000000000000000000e+00,0.000000000000000000e+00,0.000000000000000000e+00,0.000000000000000000e+00,0.000000000000000000e+00,0.000000000000000000e+00,0.000000000000000000e+00,0.000000000000000000e+00,0.000000000000000000e+00,0.000000000000000000e+00,0.000000000000000000e+00,0.000000000000000000e+00,0.000000000000000000e+00,0.000000000000000000e+00,0.000000000000000000e+00,0.000000000000000000e+00,0.000000000000000000e+00,0.000000000000000000e+00,0.000000000000000000e+00,0.000000000000000000e+00,0.000000000000000000e+00,0.000000000000000000e+00,0.000000000000000000e+00,0.000000000000000000e+00,0.000000000000000000e+00,0.000000000000000000e+00,0.000000000000000000e+00,0.000000000000000000e+00,0.000000000000000000e+00,0.000000000000000000e+00,0.000000000000000000e+00,0.000000000000000000e+00,0.000000000000000000e+00,0.000000000000000000e+00,0.000000000000000000e+00,0.000000000000000000e+00,0.000000000000000000e+00,0.000000000000000000e+00,0.000000000000000000e+00,0.000000000000000000e+00,0.000000000000000000e+00,0.000000000000000000e+00,0.000000000000000000e+00,0.000000000000000000e+00,0.000000000000000000e+00,0.000000000000000000e+00,0.000000000000000000e+00,0.000000000000000000e+00,0.000000000000000000e+00,0.000000000000000000e+00,0.000000000000000000e+00,0.000000000000000000e+00,0.000000000000000000e+00,0.000000000000000000e+00,0.000000000000000000e+00,0.000000000000000000e+00,0.000000000000000000e+00,0.000000000000000000e+00,0.000000000000000000e+00,0.000000000000000000e+00,0.000000000000000000e+00,0.000000000000000000e+00,0.000000000000000000e+00,0.000000000000000000e+00,0.000000000000000000e+00,0.000000000000000000e+00
6.470588235294117974e-01,5.517241379310344751e-01,1.000000000000000000e+00,9.375000000000000000e-01,8.750000000000000000e-01,1.000000000000000000e+00,0.000000000000000000e+00,0.000000000000000000e+00,0.000000000000000000e+00,6.666666666666666297e-01,6.666666666666666297e-01,6.666666666666666297e-01,0.000000000000000000e+00,0.000000000000000000e+00,8.333333333333333703e-01,8.000000000000000444e-01,6.666666666666666297e-01,9.411764705882352811e-01,1.000000000000000000e+00,1.000000000000000000e+00,8.000000000000000444e-01,0.000000000000000000e+00,9.499999999999999556e-01,9.375000000000000000e-01,1.000000000000000000e+00,0.000000000000000000e+00,7.500000000000000000e-01,2.000000000000000111e-01,3.750000000000000000e-01,5.600000000000000533e-01,1.000000000000000000e+00,7.500000000000000000e-01,3.750000000000000000e-01,7.333333333333332815e-01,9.375000000000000000e-01,7.407407407407406996e-01,6.538461538461538547e-01,6.153846153846154188e-01,6.666666666666666297e-01,5.555555555555555802e-01,6.666666666666666297e-01,4.666666666666666741e-01,4.000000000000000222e-01,6.666666666666666297e-01,5.000000000000000000e-01,0.000000000000000000e+00,7.333333333333332815e-01,1.000000000000000000e+00,8.888888888888888395e-01,0.000000000000000000e+00,8.461538461538461453e-01,5.000000000000000000e-01,5.999999999999999778e-01,5.000000000000000000e-01,6.666666666666666297e-01,1.000000000000000000e+00,1.000000000000000000e+00,5.999999999999999778e-01,1.000000000000000000e+00,2.999999999999999889e-01,1.000000000000000000e+00,1.000000000000000000e+00,1.000000000000000000e+00,1.000000000000000000e+00,7.857142857142856984e-01,5.999999999999999778e-01,6.666666666666666297e-01,5.999999999999999778e-01,5.000000000000000000e-01,6.666666666666666297e-01,6.153846153846154188e-01,7.500000000000000000e-01,5.312500000000000000e-01,5.833333333333333703e-01,9.523809523809523281e-01,4.705882352941176405e-01,1.000000000000000000e+00,7.931034482758620996e-01,1.000000000000000000e+00,6.666666666666666297e-01,9.629629629629629095e-01,1.000000000000000000e+00,8.888888888888888395e-01,7.142857142857143016e-01,7.692307692307692735e-01,1.000000000000000000e+00,3.529411764705882582e-01,0.000000000000000000e+00,6.666666666666666297e-01,5.555555555555555802e-01,8.888888888888888395e-01,4.285714285714285476e-01,9.090909090909090606e-01,7.272727272727272929e-01,1.000000000000000000e+00,8.800000000000000044e-01,1.000000000000000000e+00,3.636363636363636465e-01,6.666666666666666297e-01,7.241379310344827624e-01,6.153846153846154188e-01,5.999999999999999778e-01,6.666666666666666297e-01,7.058823529411765163e-01,4.500000000000000111e-01,5.000000000000000000e-01,7.500000000000000000e-01,0.000000000000000000e+00,5.000000000000000000e-01,0.000000000000000000e+00,0.000000000000000000e+00,5.862068965517240882e-01,6.666666666666666297e-01,7.500000000000000000e-01,8.571428571428570953e-01,6.666666666666666297e-01,5.000000000000000000e-01,7.586206896551723755e-01,8.333333333333333703e-01,5.405405405405405705e-01,1.000000000000000000e+00,5.357142857142856984e-01,0.000000000000000000e+00,8.636363636363636465e-01,5.000000000000000000e-01,7.333333333333332815e-01,5.882352941176470784e-01,4.736842105263157632e-01,7.333333333333332815e-01,1.000000000000000000e+00,0.000000000000000000e+00,9.090909090909090606e-01,0.000000000000000000e+00,6.296296296296296502e-01,6.206896551724138122e-01,7.142857142857143016e-01,1.000000000000000000e+00,7.222222222222222099e-01,7.500000000000000000e-01,5.999999999999999778e-01,5.714285714285713969e-01,6.666666666666666297e-01,2.500000000000000000e-01,6.999999999999999556e-01,1.000000000000000000e+00,0.000000000000000000e+00,5.999999999999999778e-01,0.000000000000000000e+00,0.000000000000000000e+00,6.363636363636363535e-01,6.250000000000000000e-01,5.000000000000000000e-01,1.000000000000000000e+00,5.000000000000000000e-01,7.419354838709677491e-01,5.000000000000000000e-01,8.666666666666666963e-01,5.000000000000000000e-01,1.000000000000000000e+00,8.888888888888888395e-01,6.363636363636363535e-01,1.250000000000000000e-01,8.181818181818182323e-01,7.500000000000000000e-01,7.500000000000000000e-01,0.000000000000000000e+00,1.000000000000000000e+00,0.000000000000000000e+00,5.714285714285713969e-01,5.000000000000000000e-01,6.666666666666666297e-01,0.000000000000000000e+00,0.000000000000000000e+00,1.000000000000000000e+00,5.000000000000000000e-01,5.833333333333333703e-01,5.555555555555555802e-01,9.749999999999999778e-01,7.500000000000000000e-01,6.896551724137931494e-01,8.333333333333333703e-01,1.000000000000000000e+00,5.789473684210526550e-01,5.000000000000000000e-01,1.000000000000000000e+00,6.363636363636363535e-01,0.000000000000000000e+00,0.000000000000000000e+00,8.333333333333333703e-01,5.000000000000000000e-01,0.000000000000000000e+00,6.521739130434782705e-01,5.833333333333333703e-01,8.000000000000000444e-01,1.000000000000000000e+00,7.391304347826086474e-01,8.181818181818182323e-01,0.000000000000000000e+00,4.285714285714285476e-01,6.666666666666666297e-01,7.692307692307692735e-01,7.142857142857143016e-01,4.375000000000000000e-01,3.333333333333333148e-01,1.000000000000000000e+00,6.666666666666666297e-01,6.538461538461538547e-01,6.999999999999999556e-01,0.000000000000000000e+00,2.727272727272727071e-01,1.000000000000000000e+00,7.647058823529411242e-01,6.666666666666666297e-01,6.250000000000000000e-01,7.307692307692307265e-01,8.333333333333333703e-01,1.000000000000000000e+00,0.000000000000000000e+00,0.000000000000000000e+00,0.000000000000000000e+00,0.000000000000000000e+00,1.000000000000000000e+00,5.714285714285713969e-01,1.000000000000000000e+00,9.523809523809523281e-01,0.000000000000000000e+00,6.666666666666666297e-01,0.000000000000000000e+00,4.736842105263157632e-01,7.142857142857143016e-01,1.000000000000000000e+00,8.000000000000000444e-01,0.000000000000000000e+00,0.000000000000000000e+00,6.111111111111111605e-01,9.090909090909090606e-01,6.363636363636363535e-01,9.230769230769231282e-01,6.666666666666666297e-01,1.000000000000000000e+00,5.833333333333333703e-01,8.571428571428570953e-01,5.925925925925925597e-01,5.217391304347825942e-01,7.500000000000000000e-01,5.000000000000000000e-01,6.666666666666666297e-01,3.333333333333333148e-01,5.151515151515151381e-01,9.000000000000000222e-01,0.000000000000000000e+00,0.000000000000000000e+00,7.500000000000000000e-01,8.181818181818182323e-01,1.000000000000000000e+00,3.333333333333333148e-01,0.000000000000000000e+00,1.000000000000000000e+00,8.260869565217391353e-01,5.789473684210526550e-01,0.000000000000000000e+00,1.000000000000000000e+00,0.000000000000000000e+00,0.000000000000000000e+00,1.000000000000000000e+00,0.000000000000000000e+00,1.000000000000000000e+00,6.999999999999999556e-01,5.999999999999999778e-01,3.636363636363636465e-01,6.315789473684210176e-01,8.750000000000000000e-01,6.153846153846154188e-01,8.709677419354838745e-01,5.000000000000000000e-01,7.500000000000000000e-01,6.666666666666666297e-01,6.666666666666666297e-01,5.333333333333333259e-01,9.090909090909090606e-01,0.000000000000000000e+00,5.000000000000000000e-01,6.666666666666666297e-01,7.692307692307692735e-01,2.000000000000000111e-01,6.486486486486486847e-01,8.333333333333333703e-01,4.545454545454545303e-01,0.000000000000000000e+00,0.000000000000000000e+00,1.000000000000000000e+00,0.000000000000000000e+00,5.555555555555555802e-01,0.000000000000000000e+00,7.741935483870967527e-01,9.142857142857142572e-01,8.800000000000000044e-01,0.000000000000000000e+00,7.500000000000000000e-01,1.000000000000000000e+00,7.500000000000000000e-01,6.666666666666666297e-01,7.142857142857143016e-01,7.500000000000000000e-01,6.666666666666666297e-01,1.000000000000000000e+00,6.666666666666666297e-01,7.500000000000000000e-01,8.000000000000000444e-01,2.000000000000000111e-01,1.000000000000000000e+00,6.363636363636363535e-01,7.142857142857143016e-01,7.058823529411765163e-01,8.571428571428570953e-01,7.142857142857143016e-01,5.999999999999999778e-01,0.000000000000000000e+00,1.000000000000000000e+00,5.714285714285713969e-01
0.000000000000000000e+00,0.000000000000000000e+00,0.000000000000000000e+00,0.000000000000000000e+00,0.000000000000000000e+00,0.000000000000000000e+00,0.000000000000000000e+00,0.000000000000000000e+00,0.000000000000000000e+00,0.000000000000000000e+00,0.000000000000000000e+00,0.000000000000000000e+00,0.000000000000000000e+00,0.000000000000000000e+00,0.000000000000000000e+00,0.000000000000000000e+00,0.000000000000000000e+00,0.000000000000000000e+00,0.000000000000000000e+00,0.000000000000000000e+00,0.000000000000000000e+00,0.000000000000000000e+00,0.000000000000000000e+00,0.000000000000000000e+00,0.000000000000000000e+00,0.000000000000000000e+00,0.000000000000000000e+00,0.000000000000000000e+00,0.000000000000000000e+00,0.000000000000000000e+00,0.000000000000000000e+00,0.000000000000000000e+00,0.000000000000000000e+00,0.000000000000000000e+00,0.000000000000000000e+00,0.000000000000000000e+00,0.000000000000000000e+00,0.000000000000000000e+00,0.000000000000000000e+00,0.000000000000000000e+00,0.000000000000000000e+00,0.000000000000000000e+00,0.000000000000000000e+00,0.000000000000000000e+00,0.000000000000000000e+00,0.000000000000000000e+00,0.000000000000000000e+00,0.000000000000000000e+00,0.000000000000000000e+00,0.000000000000000000e+00,0.000000000000000000e+00,0.000000000000000000e+00,0.000000000000000000e+00,0.000000000000000000e+00,0.000000000000000000e+00,0.000000000000000000e+00,0.000000000000000000e+00,0.000000000000000000e+00,0.000000000000000000e+00,0.000000000000000000e+00,0.000000000000000000e+00,0.000000000000000000e+00,0.000000000000000000e+00,0.000000000000000000e+00,0.000000000000000000e+00,0.000000000000000000e+00,0.000000000000000000e+00,0.000000000000000000e+00,0.000000000000000000e+00,0.000000000000000000e+00,0.000000000000000000e+00,0.000000000000000000e+00,0.000000000000000000e+00,0.000000000000000000e+00,0.000000000000000000e+00,0.000000000000000000e+00,0.000000000000000000e+00,0.000000000000000000e+00,0.000000000000000000e+00,0.000000000000000000e+00,0.000000000000000000e+00,0.000000000000000000e+00,0.000000000000000000e+00,0.000000000000000000e+00,0.000000000000000000e+00,0.000000000000000000e+00,0.000000000000000000e+00,0.000000000000000000e+00,0.000000000000000000e+00,0.000000000000000000e+00,0.000000000000000000e+00,0.000000000000000000e+00,0.000000000000000000e+00,0.000000000000000000e+00,0.000000000000000000e+00,0.000000000000000000e+00,0.000000000000000000e+00,0.000000000000000000e+00,0.000000000000000000e+00,0.000000000000000000e+00,0.000000000000000000e+00,0.000000000000000000e+00,0.000000000000000000e+00,0.000000000000000000e+00,0.000000000000000000e+00,0.000000000000000000e+00,0.000000000000000000e+00,0.000000000000000000e+00,0.000000000000000000e+00,0.000000000000000000e+00,0.000000000000000000e+00,0.000000000000000000e+00,0.000000000000000000e+00,0.000000000000000000e+00,0.000000000000000000e+00,0.000000000000000000e+00,0.000000000000000000e+00,0.000000000000000000e+00,0.000000000000000000e+00,0.000000000000000000e+00,0.000000000000000000e+00,0.000000000000000000e+00,0.000000000000000000e+00,0.000000000000000000e+00,0.000000000000000000e+00,0.000000000000000000e+00,0.000000000000000000e+00,0.000000000000000000e+00,0.000000000000000000e+00,0.000000000000000000e+00,0.000000000000000000e+00,0.000000000000000000e+00,0.000000000000000000e+00,0.000000000000000000e+00,0.000000000000000000e+00,0.000000000000000000e+00,0.000000000000000000e+00,0.000000000000000000e+00,0.000000000000000000e+00,0.000000000000000000e+00,0.000000000000000000e+00,0.000000000000000000e+00,0.000000000000000000e+00,0.000000000000000000e+00,0.000000000000000000e+00,0.000000000000000000e+00,0.000000000000000000e+00,0.000000000000000000e+00,0.000000000000000000e+00,0.000000000000000000e+00,0.000000000000000000e+00,0.000000000000000000e+00,0.000000000000000000e+00,0.000000000000000000e+00,0.000000000000000000e+00,0.000000000000000000e+00,0.000000000000000000e+00,0.000000000000000000e+00,0.000000000000000000e+00,0.000000000000000000e+00,0.000000000000000000e+00,0.000000000000000000e+00,0.000000000000000000e+00,0.000000000000000000e+00,0.000000000000000000e+00,0.000000000000000000e+00,0.000000000000000000e+00,0.000000000000000000e+00,0.000000000000000000e+00,0.000000000000000000e+00,0.000000000000000000e+00,0.000000000000000000e+00,0.000000000000000000e+00,0.000000000000000000e+00,0.000000000000000000e+00,0.000000000000000000e+00,0.000000000000000000e+00,0.000000000000000000e+00,0.000000000000000000e+00,0.000000000000000000e+00,0.000000000000000000e+00,0.000000000000000000e+00,0.000000000000000000e+00,0.000000000000000000e+00,0.000000000000000000e+00,0.000000000000000000e+00,0.000000000000000000e+00,0.000000000000000000e+00,0.000000000000000000e+00,0.000000000000000000e+00,0.000000000000000000e+00,0.000000000000000000e+00,0.000000000000000000e+00,0.000000000000000000e+00,0.000000000000000000e+00,0.000000000000000000e+00,0.000000000000000000e+00,0.000000000000000000e+00,0.000000000000000000e+00,0.000000000000000000e+00,0.000000000000000000e+00,0.000000000000000000e+00,0.000000000000000000e+00,0.000000000000000000e+00,0.000000000000000000e+00,0.000000000000000000e+00,0.000000000000000000e+00,0.000000000000000000e+00,0.000000000000000000e+00,0.000000000000000000e+00,0.000000000000000000e+00,0.000000000000000000e+00,0.000000000000000000e+00,0.000000000000000000e+00,0.000000000000000000e+00,0.000000000000000000e+00,0.000000000000000000e+00,0.000000000000000000e+00,0.000000000000000000e+00,0.000000000000000000e+00,0.000000000000000000e+00,0.000000000000000000e+00,0.000000000000000000e+00,0.000000000000000000e+00,0.000000000000000000e+00,0.000000000000000000e+00,0.000000000000000000e+00,0.000000000000000000e+00,0.000000000000000000e+00,0.000000000000000000e+00,0.000000000000000000e+00,0.000000000000000000e+00,0.000000000000000000e+00,0.000000000000000000e+00,0.000000000000000000e+00,0.000000000000000000e+00,0.000000000000000000e+00,0.000000000000000000e+00,0.000000000000000000e+00,0.000000000000000000e+00,0.000000000000000000e+00,0.000000000000000000e+00,0.000000000000000000e+00,0.000000000000000000e+00,0.000000000000000000e+00,0.000000000000000000e+00,0.000000000000000000e+00,0.000000000000000000e+00,0.000000000000000000e+00,0.000000000000000000e+00,0.000000000000000000e+00,0.000000000000000000e+00,0.000000000000000000e+00,0.000000000000000000e+00,0.000000000000000000e+00,0.000000000000000000e+00,0.000000000000000000e+00,0.000000000000000000e+00,0.000000000000000000e+00,0.000000000000000000e+00,0.000000000000000000e+00,0.000000000000000000e+00,0.000000000000000000e+00,0.000000000000000000e+00,0.000000000000000000e+00,0.000000000000000000e+00,0.000000000000000000e+00,0.000000000000000000e+00,0.000000000000000000e+00,0.000000000000000000e+00,0.000000000000000000e+00,0.000000000000000000e+00,0.000000000000000000e+00,0.000000000000000000e+00,0.000000000000000000e+00,0.000000000000000000e+00,0.000000000000000000e+00,0.000000000000000000e+00,0.000000000000000000e+00,0.000000000000000000e+00,0.000000000000000000e+00,0.000000000000000000e+00,0.000000000000000000e+00,0.000000000000000000e+00,0.000000000000000000e+00,0.000000000000000000e+00,0.000000000000000000e+00,0.000000000000000000e+00,0.000000000000000000e+00,0.000000000000000000e+00,0.000000000000000000e+00,0.000000000000000000e+00,0.000000000000000000e+00,0.000000000000000000e+00,0.000000000000000000e+00,0.000000000000000000e+00,0.000000000000000000e+00,0.000000000000000000e+00,0.000000000000000000e+00,0.000000000000000000e+00,0.000000000000000000e+00,0.000000000000000000e+00,0.000000000000000000e+00,0.000000000000000000e+00,0.000000000000000000e+00,0.000000000000000000e+00,0.000000000000000000e+00,0.000000000000000000e+00,0.000000000000000000e+00,0.000000000000000000e+00,0.000000000000000000e+00,0.000000000000000000e+00,0.000000000000000000e+00,0.000000000000000000e+00,0.000000000000000000e+00,0.000000000000000000e+00,0.000000000000000000e+00,0.000000000000000000e+00,0.000000000000000000e+00,0.000000000000000000e+00
2.698412698412698263e-01,3.214285714285714524e-01,1.764705882352941291e-01,2.653061224489796088e-01,3.793103448275861878e-01,2.580645161290322509e-01,0.000000000000000000e+00,0.000000000000000000e+00,0.000000000000000000e+00,3.846153846153846367e-01,2.333333333333333370e-01,2.253521126760563431e-01,1.250000000000000000e-01,0.000000000000000000e+00,3.428571428571428603e-01,4.210526315789473450e-01,3.555555555555555691e-01,2.826086956521738913e-01,4.000000000000000222e-01,5.000000000000000000e-01,2.142857142857142738e-01,0.000000000000000000e+00,2.790697674418604612e-01,2.957746478873239382e-01,4.375000000000000000e-01,0.000000000000000000e+00,7.857142857142856984e-01,2.666666666666666630e-01,2.714285714285714080e-01,2.916666666666666852e-01,5.000000000000000000e-01,2.187500000000000000e-01,4.285714285714285476e-01,6.516853932584270037e-01,2.962962962962962798e-01,2.166666666666666741e-01,3.030303030303030387e-01,7.868852459016393297e-01,3.750000000000000000e-01,2.533333333333333548e-01,0.000000000000000000e+00,2.666666666666666630e-01,3.750000000000000000e-01,6.792452830188678847e-01,6.279069767441860517e-01,0.000000000000000000e+00,2.888888888888888618e-01,2.500000000000000000e-01,6.800000000000000488e-01,4.666666666666666741e-01,2.976190476190476164e-01,2.500000000000000000e-01,6.585365853658536883e-01,3.076923076923077094e-01,3.076923076923077094e-01,3.448275862068965747e-01,1.818181818181818232e-01,3.333333333333333148e-01,1.818181818181818232e-01,3.750000000000000000e-01,5.882352941176470784e-01,2.839506172839506015e-01,2.333333333333333370e-01,2.105263157894736725e-01,3.461538461538461453e-01,3.888888888888888951e-01,6.607142857142856984e-01,3.428571428571428603e-01,4.285714285714285476e-01,5.384615384615384359e-01,8.061224489795918435e-01,8.461538461538461453e-01,3.200000000000000067e-01,2.950819672131147486e-01,2.352941176470588203e-01,2.745098039215686514e-01,7.777777777777777901e-01,6.174496644295301984e-01,1.749999999999999889e-01,1.666666666666666574e-01,2.318840579710144956e-01,2.000000000000000111e-01,3.599999999999999867e-01,3.333333333333333148e-01,1.666666666666666574e-01,2.000000000000000111e-01,2.833333333333333259e-01,0.000000000000000000e+00,1.886792452830188815e-01,5.384615384615384359e-01,1.739130434782608647e-01,5.384615384615384359e-01,2.769230769230769384e-01,1.621621621621621712e-01,2.857142857142856984e-01,1.499999999999999944e-01,2.808988764044944020e-01,6.666666666666666297e-01,8.260869565217391353e-01,2.777777777777777901e-01,6.986301369863013866e-01,6.458333333333333703e-01,7.380952380952381375e-01,2.777777777777777901e-01,1.847826086956521618e-01,5.000000000000000000e-01,6.250000000000000000e-01,0.000000000000000000e+00,3.030303030303030387e-01,0.000000000000000000e+00,3.125000000000000000e-01,6.569767441860464574e-01,3.043478260869565410e-01,2.931034482758620441e-01,3.571428571428571508e-01,1.176470588235294101e-01,4.444444444444444198e-01,5.476190476190476719e-01,2.272727272727272652e-01,2.436974789915966333e-01,2.608695652173912971e-01,2.399999999999999911e-01,7.692307692307692735e-01,2.972972972972973138e-01,3.846153846153846367e-01,2.307692307692307820e-01,2.666666666666666630e-01,3.283582089552238847e-01,2.446808510638297796e-01,3.684210526315789269e-01,0.000000000000000000e+00,2.999999999999999889e-01,0.000000000000000000e+00,3.333333333333333148e-01,3.076923076923077094e-01,1.818181818181818232e-01,3.333333333333333148e-01,2.705882352941176294e-01,2.666666666666666630e-01,3.396226415094339424e-01,5.999999999999999778e-01,3.170731707317073211e-01,1.818181818181818232e-01,2.222222222222222099e-01,1.666666666666666574e-01,0.000000000000000000e+00,4.000000000000000222e-01,0.000000000000000000e+00,0.000000000000000000e+00,2.826086956521738913e-01,2.261904761904761918e-01,1.730769230769230727e-01,3.200000000000000067e-01,1.923076923076923184e-01,3.186813186813186594e-01,3.255813953488372325e-01,2.727272727272727071e-01,4.400000000000000022e-01,2.727272727272727071e-01,4.634146341463414864e-01,2.500000000000000000e-01,8.695652173913043237e-02,2.352941176470588203e-01,2.380952380952380820e-01,2.857142857142856984e-01,0.000000000000000000e+00,5.200000000000000178e-01,0.000000000000000000e+00,1.612903225806451568e-01,3.636363636363636465e-01,5.619834710743801809e-01,0.000000000000000000e+00,0.000000000000000000e+00,6.666666666666666574e-02,2.777777777777777901e-01,5.483870967741935054e-01,6.039603960396039417e-01,2.720000000000000195e-01,1.052631578947368363e-01,2.222222222222222099e-01,4.444444444444444198e-01,7.500000000000000000e-01,2.988505747126437018e-01,3.333333333333333148e-01,5.833333333333333703e-01,3.170731707317073211e-01,6.400000000000000133e-01,0.000000000000000000e+00,7.692307692307692735e-02,1.904761904761904656e-01,0.000000000000000000e+00,5.943396226415094130e-01,7.538461538461538325e-01,9.166666666666666297e-01,2.820512820512820484e-01,3.061224489795918435e-01,7.692307692307692735e-01,0.000000000000000000e+00,2.500000000000000000e-01,3.703703703703703498e-01,6.923076923076922906e-01,7.179487179487179516e-01,1.403508771929824483e-01,2.765957446808510745e-01,1.428571428571428492e-01,2.500000000000000000e-01,2.857142857142856984e-01,6.226415094339622369e-01,0.000000000000000000e+00,1.499999999999999944e-01,2.631578947368420907e-01,5.446428571428570953e-01,6.842105263157894912e-01,4.285714285714285476e-01,3.243243243243243423e-01,1.666666666666666574e-01,2.096774193548387177e-01,0.000000000000000000e+00,3.333333333333333148e-01,0.000000000000000000e+00,0.000000000000000000e+00,2.500000000000000000e-01,6.046511627906976383e-01,4.666666666666666741e-01,1.911764705882352811e-01,0.000000000000000000e+00,5.555555555555555802e-01,0.000000000000000000e+00,3.146067415730336991e-01,3.636363636363636465e-01,1.666666666666666574e-01,3.684210526315789269e-01,0.000000000000000000e+00,0.000000000000000000e+00,2.476190476190476275e-01,2.142857142857142738e-01,2.459016393442622905e-01,5.178571428571429047e-01,3.963963963963963999e-01,4.333333333333333481e-01,1.923076923076923184e-01,2.786885245901639108e-01,3.368421052631578871e-01,3.409090909090908839e-01,0.000000000000000000e+00,4.000000000000000222e-01,3.103448275862069061e-01,1.282051282051281937e-01,2.636363636363636131e-01,3.134328358208955390e-01,0.000000000000000000e+00,4.166666666666666852e-01,1.724137931034482873e-01,2.727272727272727071e-01,3.571428571428571508e-01,3.076923076923077094e-01,0.000000000000000000e+00,3.333333333333333148e-01,3.578947368421052655e-01,6.341463414634146423e-01,0.000000000000000000e+00,3.157894736842105088e-01,0.000000000000000000e+00,0.000000000000000000e+00,1.250000000000000000e-01,0.000000000000000000e+00,9.000000000000000222e-01,6.753246753246753276e-01,1.428571428571428492e-01,4.468085106382978511e-01,6.410256410256410797e-01,2.820512820512820484e-01,2.985074626865671377e-01,1.323529411764705899e-01,3.877551020408163129e-01,3.809523809523809312e-01,3.134328358208955390e-01,2.086956521739130321e-01,3.392857142857143016e-01,3.281250000000000000e-01,0.000000000000000000e+00,8.750000000000000000e-01,4.117647058823529216e-01,2.045454545454545581e-01,3.055555555555555802e-01,2.592592592592592449e-01,7.837837837837837718e-01,8.333333333333333703e-01,8.000000000000000444e-01,0.000000000000000000e+00,7.500000000000000000e-01,0.000000000000000000e+00,2.999999999999999889e-01,1.000000000000000056e-01,2.846715328467153139e-01,2.678571428571428492e-01,5.169491525423728362e-01,0.000000000000000000e+00,2.666666666666666630e-01,5.849056603773584717e-01,3.913043478260869734e-01,4.400000000000000022e-01,3.499999999999999778e-01,3.928571428571428492e-01,1.428571428571428492e-01,4.285714285714285476e-01,2.692307692307692180e-01,4.799999999999999822e-01,4.285714285714285476e-01,4.782608695652174058e-01,3.214285714285714524e-01,3.793103448275861878e-01,3.571428571428571508e-01,4.799999999999999822e-01,3.478260869565217295e-01,3.913043478260869734e-01,2.692307692307692180e-01,3.636363636363636465e-01,2.647058823529411797e-01,3.461538461538461453e-01
9.175870858113849282e-02,8.029647930821494362e-02,9.734513274336283051e-02,5.576208178438661622e-02,9.683794466403161660e-02,8.260869565217390798e-02,0.000000000000000000e+00,0.000000000000000000e+00,0.000000000000000000e+00,4.838709677419354704e-02,6.312769010043041418e-02,6.629213483146068064e-02,7.182320441988949977e-02,0.000000000000000000e+00,1.252796420581655523e-01,1.089108910891089105e-01,8.568075117370892169e-02,7.593582887700535411e-02,9.623430962343096362e-02,1.220657276995305157e-01,9.200968523002421573e-02,0.000000000000000000e+00,6.506024096385541744e-02,6.273525721455458504e-02,8.288770053475935651e-02,0.000000000000000000e+00,2.574031890660592459e-01,7.532467532467532201e-02,9.191430545957152143e-02,1.107382550335570537e-01,7.462686567164178442e-02,6.698113207547169712e-02,6.676783004552351575e-02,2.769328263624841746e-01,8.021712907117008184e-02,8.890577507598784734e-02,6.921824104234527986e-02,2.999112688553682293e-01,1.073717948717948650e-01,7.069408740359897636e-02,3.108808290155440357e-02,7.594936708860759722e-02,5.047318611987381548e-02,2.607843137254902133e-01,2.701908957415565249e-01,0.000000000000000000e+00,9.021113243761996747e-02,9.252669039145906826e-02,2.373959862946647126e-01,7.106598984771574090e-02,7.505070993914807198e-02,6.122448979591836593e-02,2.570951585976627984e-01,7.917888563049853279e-02,8.450704225352112520e-02,6.777108433734939374e-02,7.531380753138075534e-02,1.073446327683615781e-01,6.960950764006791636e-02,7.729468599033816056e-02,6.967213114754097769e-02,9.364548494983276905e-02,7.968369829683698280e-02,7.978723404255319562e-02,9.328782707622297610e-02,8.873720136518771506e-02,2.067464635473340584e-01,8.435582822085889443e-02,1.189801699716713929e-01,2.334630350194552562e-01,2.849035187287173865e-01,2.411616161616161602e-01,8.481613285883748965e-02,7.897664071190210744e-02,8.871662360034453243e-02,8.463949843260187844e-02,2.656250000000000000e-01,2.395912187736563281e-01,4.045512010113780366e-02,6.874500399680255613e-02,8.768768768768768485e-02,8.320493066255778281e-02,1.059907834101382479e-01,5.938242280285035285e-02,1.001124859392575894e-01,1.049250535331905793e-01,9.582059123343526774e-02,0.000000000000000000e+00,7.135135135135135809e-02,1.485900216919739669e-01,6.944444444444444753e-02,8.971553610503282816e-02,9.821428571428571230e-02,8.807669263031756013e-02,8.487084870848708718e-02,7.614607614607614428e-02,8.760330578512397215e-02,2.318634423897581731e-01,2.740046838407494412e-01,9.333333333333333759e-02,2.547673531655225143e-01,2.374854481955762653e-01,2.176560121765601097e-01,7.173778602350031064e-02,8.491620111731842946e-02,1.187499999999999944e-01,2.802768166089965596e-01,0.000000000000000000e+00,8.782742681047765732e-02,0.000000000000000000e+00,7.575757575757575968e-02,2.136089577950043006e-01,6.983655274888558862e-02,8.827586206896551047e-02,7.634543178973716981e-02,5.374823196605375136e-02,1.024793388429752067e-01,2.141372141372141491e-01,6.342780026990553488e-02,8.047553726566072929e-02,8.077709611451942828e-02,8.736462093862816525e-02,2.201257861635220192e-01,8.622620380739082213e-02,8.996539792387543699e-02,7.526881720430107781e-02,1.058823529411764691e-01,7.624890446976335945e-02,8.931804465902233592e-02,5.582524271844660491e-02,0.000000000000000000e+00,8.215297450424929870e-02,0.000000000000000000e+00,8.632596685082873089e-02,9.454136184580753943e-02,6.018518518518518184e-02,1.218905472636815923e-01,7.960526315789473450e-02,6.586826347305389795e-02,8.743169398907103818e-02,8.479532163742689588e-02,8.308248043347381262e-02,7.284768211920529535e-02,8.139534883720930813e-02,7.920792079207920888e-02,0.000000000000000000e+00,6.177606177606177751e-02,0.000000000000000000e+00,0.000000000000000000e+00,9.533267130089374819e-02,1.001251564455569454e-01,8.118433619866284590e-02,1.208333333333333343e-01,7.194244604316546443e-02,1.286549707602339110e-01,1.116279069767441845e-01,1.054187192118226646e-01,7.957559681697612408e-02,9.012875536480687011e-02,1.232057416267942629e-01,9.533468559837728062e-02,8.901515151515151936e-02,1.122448979591836732e-01,8.420268256333830748e-02,8.102345415778251791e-02,0.000000000000000000e+00,9.051724137931034531e-02,0.000000000000000000e+00,1.071932299012693934e-01,9.580838323353293995e-02,1.841216216216216284e-01,0.000000000000000000e+00,0.000000000000000000e+00,6.451612903225806273e-02,6.387225548902195071e-02,9.866220735785953544e-02,2.152230971128608894e-01,7.880676758682100824e-02,8.424908424908425508e-02,9.649122807017543324e-02,6.857142857142857484e-02,7.303370786516853730e-02,8.051761322789360853e-02,1.781609195402298895e-01,9.646302250803857892e-02,8.835576360444705180e-02,2.606060606060606188e-01,0.000000000000000000e+00,7.630522088353414167e-02,9.631147540983606148e-02,0.000000000000000000e+00,1.978699551569506609e-01,2.027729636048526962e-01,2.362459546925566312e-01,8.173076923076923184e-02,7.018992568125516363e-02,2.577733199598796210e-01,0.000000000000000000e+00,1.076672104404567676e-01,8.188153310104528959e-02,2.131313131313131437e-01,1.916817359855334524e-01,4.720616570327552941e-02,1.076523994811932616e-01,9.569377990430621983e-02,4.621848739495798553e-02,8.027380211574362823e-02,2.447790189412336059e-01,0.000000000000000000e+00,9.065155807365439522e-02,1.146496815286624227e-01,1.493317838466008129e-01,2.207357859531772493e-01,1.042830540037243958e-01,7.771084337349397353e-02,4.814814814814814825e-02,6.330196749358425745e-02,0.000000000000000000e+00,1.715976331360946627e-01,0.000000000000000000e+00,0.000000000000000000e+00,1.185185185185185230e-01,1.712626995645863681e-01,1.423841059602649062e-01,7.039020657995409547e-02,0.000000000000000000e+00,1.000000000000000056e-01,0.000000000000000000e+00,7.739307535641547220e-02,1.059730250481695502e-01,7.294117647058823151e-02,1.063829787234042562e-01,0.000000000000000000e+00,0.000000000000000000e+00,9.186046511627907196e-02,6.432748538011695549e-02,8.425063505503810335e-02,2.183600713012477657e-01,1.161879895561357678e-01,1.006389776357827504e-01,7.871485943775100025e-02,9.216152019002375739e-02,7.852760736196319480e-02,1.136904761904761890e-01,7.006369426751592189e-02,1.015801354401805884e-01,8.799999999999999489e-02,8.093278463648834187e-02,9.432191459408728607e-02,7.829534192269574366e-02,0.000000000000000000e+00,8.189655172413792816e-02,8.686440677966102142e-02,8.396226415094339146e-02,8.704453441295546823e-02,1.022364217252396124e-01,0.000000000000000000e+00,6.629834254143646133e-02,7.805133577789417909e-02,1.908237747653805938e-01,0.000000000000000000e+00,8.121827411167512056e-02,0.000000000000000000e+00,0.000000000000000000e+00,6.956521739130434867e-02,0.000000000000000000e+00,2.183908045977011603e-01,2.322580645161290425e-01,9.090909090909091161e-02,1.668757841907151929e-01,2.606299212598425230e-01,1.089108910891089105e-01,8.818011257035647532e-02,8.536585365853659180e-02,1.713933415536374738e-01,7.929515418502203206e-02,7.970479704797048259e-02,8.774834437086093120e-02,8.255319148936170193e-02,8.605341246290801327e-02,0.000000000000000000e+00,1.502890173410404706e-01,1.172161172161172160e-01,7.552526973310619285e-02,7.911392405063291666e-02,7.423971377459749610e-02,2.511923688394276377e-01,2.264752791068580517e-01,2.389937106918239018e-01,0.000000000000000000e+00,2.608695652173912971e-01,0.000000000000000000e+00,1.003307607497243709e-01,5.462184873949579855e-02,6.980519480519480069e-02,8.926487747957992380e-02,1.849648458626284575e-01,0.000000000000000000e+00,8.196721311475409222e-02,1.666666666666666574e-01,1.019417475728155303e-01,1.091811414392059587e-01,1.030927835051546337e-01,1.220657276995305157e-01,1.103448275862068950e-01,8.633093525179856564e-02,1.095890410958904049e-01,1.234866828087167051e-01,9.500000000000000111e-02,8.899297423887587988e-02,1.041162227602905610e-01,8.371040723981899856e-02,9.043927648578811707e-02,7.518796992481202590e-02,9.677419354838709409e-02,1.232876712328767055e-01,5.570291777188329102e-02,1.111111111111111049e-01,9.090909090909091161e-02,8.808290155440413882e-02
1.425178147268408579e-01,3.184079601990049690e-01,1.472868217054263684e-01,6.081081081081081419e-02,1.057268722466960381e-01,6.040268456375839229e-02,0.000000000000000000e+00,0.000000000000000000e+00,0.000000000000000000e+00,5.357142857142856845e-02,9.689922480620155598e-02,1.414141414141414088e-01,4.285714285714285754e-02,0.000000000000000000e+00,1.879194630872483285e-01,8.888888888888889228e-02,1.076388888888888951e-01,1.030741410488245913e-01,1.809523809523809479e-01,8.196721311475409222e-02,6.382978723404254817e-02,0.000000000000000000e+00,6.397306397306397330e-02,7.001795332136445671e-02,2.727272727272727071e-01,0.000000000000000000e+00,1.031746031746031689e-01,2.045454545454545581e-01,2.892857142857143127e-01,1.164835164835164860e-01,1.666666666666666574e-01,8.238636363636363258e-02,3.398437500000000000e-01,9.919028340080972284e-02,7.638888888888889506e-02,2.109704641350211018e-01,1.227154046997389059e-01,1.086350974930362090e-01,1.439999999999999891e-01,1.269531250000000000e-01,3.614457831325301046e-02,1.788079470198675469e-01,6.481481481481481122e-02,1.215805471124620091e-01,1.359223300970873738e-01,0.000000000000000000e+00,2.421441774491682186e-01,1.764705882352941291e-01,8.721804511278195837e-02,3.666666666666666408e-01,1.015118790496760265e-01,1.621621621621621712e-01,1.449999999999999900e-01,2.500000000000000000e-01,2.280701754385964786e-01,7.511737089201878104e-02,1.159420289855072478e-01,1.982758620689655249e-01,9.659090909090908839e-02,9.386281588447653590e-02,2.413793103448275967e-01,9.306930693069306870e-02,7.393715341959335163e-02,3.100775193798449569e-02,1.666666666666666574e-01,2.809917355371900904e-01,1.952054794520547976e-01,3.408071748878923612e-01,1.545454545454545414e-01,1.273885350318471332e-01,9.499136442141623005e-02,1.327800829875518673e-01,1.035120147874306895e-01,5.590062111801242378e-02,7.160493827160493985e-02,2.399150743099787708e-01,5.357142857142856845e-02,1.002386634844868729e-01,2.184300341296928349e-01,6.382978723404254817e-02,8.962264150943395624e-02,9.574468085106382920e-02,1.223776223776223832e-01,1.187499999999999944e-01,1.003584229390681037e-01,2.694610778443113919e-01,2.352941176470588203e-01,0.000000000000000000e+00,1.125000000000000028e-01,8.414239482200647213e-02,1.025641025641025605e-01,1.824817518248175174e-01,6.353591160220994905e-02,8.637236084452974694e-02,1.078431372549019662e-01,7.990314769975787046e-02,9.207708779443254943e-02,1.000000000000000056e-01,1.134751773049645363e-01,1.047120418848167533e-01,7.865168539325842478e-02,1.529411764705882470e-01,1.052631578947368363e-01,2.965299684542586633e-01,2.479608482871125674e-01,3.548387096774193727e-01,1.764705882352941291e-01,0.000000000000000000e+00,1.477832512315271074e-01,0.000000000000000000e+00,1.413043478260869457e-01,1.089108910891089105e-01,2.304526748971193473e-01,2.795918367346938993e-01,7.843137254901960675e-02,2.487804878048780477e-01,7.920792079207920888e-02,9.151414309484193210e-02,1.234567901234567833e-01,1.000000000000000056e-01,5.151515151515151381e-02,2.842105263157894690e-01,6.451612903225806273e-02,1.522388059701492435e-01,1.523809523809523947e-01,1.160220994475138073e-01,2.694444444444444309e-01,5.965909090909091161e-02,1.082568807339449601e-01,1.165048543689320426e-01,0.000000000000000000e+00,1.147540983606557402e-01,0.000000000000000000e+00,8.722109533468559717e-02,9.165302782324058484e-02,8.441558441558441594e-02,2.602739726027397116e-01,2.144212523719165042e-01,1.182795698924731242e-01,1.103896103896103847e-01,9.022556390977443108e-02,9.689922480620155598e-02,3.269230769230769273e-01,2.522935779816513624e-01,2.054794520547945091e-01,0.000000000000000000e+00,1.066666666666666735e-01,0.000000000000000000e+00,0.000000000000000000e+00,7.780979827089337664e-02,8.253358925143954028e-02,1.395939086294416265e-01,6.493506493506492894e-02,1.436464088397789995e-01,1.276881720430107503e-01,1.487889273356401421e-01,5.280528052805280592e-02,1.078431372549019662e-01,1.515151515151515194e-01,1.130742049469964650e-01,1.012658227848101250e-01,6.918238993710691676e-02,1.072961373390557971e-01,1.158392434988179676e-01,6.410256410256409687e-02,0.000000000000000000e+00,8.461538461538462008e-02,0.000000000000000000e+00,1.034482758620689641e-01,6.481481481481481122e-02,1.054421768707483054e-01,0.000000000000000000e+00,0.000000000000000000e+00,1.111111111111111049e-01,8.602150537634409289e-02,1.492537313432835688e-01,9.110169491525423047e-02,8.843537414965986498e-02,1.063829787234042562e-01,2.883817427385891863e-01,5.660377358490566169e-02,3.225806451612903136e-02,8.974358974358974395e-02,1.621621621621621712e-01,7.692307692307692735e-02,8.277027027027027140e-02,5.737704918032787010e-02,0.000000000000000000e+00,1.384615384615384692e-01,1.049723756906077304e-01,0.000000000000000000e+00,1.163636363636363635e-01,9.510869565217391908e-02,8.333333333333332871e-02,9.236947791164658306e-02,8.288770053475935651e-02,9.705882352941176683e-02,0.000000000000000000e+00,1.576354679802955683e-01,1.369047619047619180e-01,1.235294117647058876e-01,1.141304347826086890e-01,6.017191977077363668e-02,1.590909090909090884e-01,7.575757575757575968e-02,3.409090909090908839e-02,1.032028469750889688e-01,1.054172767203513938e-01,0.000000000000000000e+00,1.023622047244094474e-01,1.707317073170731836e-01,1.054545454545454536e-01,1.165048543689320426e-01,1.111111111111111049e-01,7.567567567567567988e-02,5.405405405405405705e-02,1.041162227602905610e-01,0.000000000000000000e+00,1.829268292682926789e-01,0.000000000000000000e+00,0.000000000000000000e+00,1.818181818181818232e-01,7.246376811594203160e-02,1.836734693877551117e-01,7.894736842105262720e-02,0.000000000000000000e+00,1.242603550295857950e-01,0.000000000000000000e+00,2.675521821631878794e-01,2.994923857868020400e-01,7.142857142857142461e-02,1.121495327102803724e-01,0.000000000000000000e+00,0.000000000000000000e+00,1.000000000000000056e-01,6.857142857142857484e-02,1.134259259259259300e-01,6.133333333333332998e-02,1.185983827493261450e-01,8.133971291866028130e-02,1.687657430730478691e-01,6.942392909896602515e-02,1.076443057722308860e-01,2.994746059544658445e-01,2.916666666666666852e-01,6.108597285067873112e-02,1.507936507936507853e-01,2.135416666666666574e-01,1.186685962373371928e-01,8.761329305135952261e-02,0.000000000000000000e+00,3.076923076923077094e-02,1.192052980132450313e-01,2.434554973821989599e-01,8.982035928143712600e-02,7.751937984496123923e-02,0.000000000000000000e+00,7.909604519774011966e-02,9.158050221565730564e-02,9.180327868852458661e-02,0.000000000000000000e+00,2.746478873239436846e-01,0.000000000000000000e+00,0.000000000000000000e+00,6.451612903225806273e-02,0.000000000000000000e+00,1.440677966101694962e-01,8.312342569269520753e-02,3.774509803921568540e-01,1.413427561837455881e-01,1.266149870801033528e-01,7.954545454545454419e-02,2.632978723404255095e-01,8.056872037914691864e-02,7.335907335907336513e-02,1.066666666666666735e-01,2.329059829059829112e-01,5.457463884430176909e-02,1.497175141242937935e-01,1.033653846153846090e-01,0.000000000000000000e+00,1.265822784810126667e-01,8.139534883720930813e-02,1.081081081081081141e-01,1.091703056768558999e-01,2.503346720214190135e-01,1.279620853080568610e-01,8.823529411764706454e-02,1.290322580645161255e-01,0.000000000000000000e+00,2.439024390243902524e-02,0.000000000000000000e+00,2.666666666666666630e-01,2.929292929292929282e-01,1.269349845201238336e-01,9.380863039399624237e-02,1.241496598639455773e-01,0.000000000000000000e+00,4.629629629629629373e-02,6.810035842293907238e-02,1.439999999999999891e-01,8.275862068965517127e-02,1.376811594202898559e-01,1.147540983606557402e-01,1.964285714285714246e-01,1.092436974789915971e-01,1.338028169014084390e-01,8.108108108108108558e-02,1.142857142857142821e-01,7.042253521126760896e-02,8.955223880597014408e-02,8.875739644970413733e-02,1.342281879194630878e-01,1.238938053097345116e-01,1.292517006802721136e-01,8.609271523178807506e-02,1.268656716417910502e-01,1.241379310344827569e-01,1.818181818181818232e-01,1.481481481481481399e-01
9.579100145137880995e-02,1.561904761904761851e-01,6.603773584905660299e-02,5.458089668615984102e-02,7.167235494880545843e-02,6.574394463667819488e-02,0.000000000000000000e+00,0.000000000000000000e+00,0.000000000000000000e+00,5.309734513274336209e-02,5.235602094240837667e-02,9.338521400778210246e-02,7.812500000000000000e-02,0.000000000000000000e+00,1.106719367588932801e-01,1.208053691275167846e-01,7.907425265188042229e-02,7.004608294930875223e-02,9.701492537313433084e-02,1.271186440677966045e-01,8.920187793427229728e-02,0.000000000000000000e+00,6.794258373205741552e-02,7.543323139653414222e-02,1.410788381742738573e-01,0.000000000000000000e+00,1.570881226053639779e-01,1.345291479820627800e-01,1.930501930501930530e-01,9.104477611940298143e-02,1.081081081081081141e-01,7.792207792207792028e-02,1.287671232876712313e-01,1.880000000000000004e-01,8.506429277942631484e-02,1.426940639269406452e-01,8.111888111888111708e-02,2.003257328990228070e-01,9.718670076726342033e-02,7.838983050847457557e-02,6.593406593406593574e-02,2.000000000000000111e-01,7.812500000000000000e-02,2.130434782608695565e-01,1.532033426183843916e-01,0.000000000000000000e+00,1.231422505307855630e-01,1.085714285714285687e-01,1.639202081526452692e-01,2.063492063492063378e-01,5.593607305936072749e-02,4.545454545454545581e-02,2.092391304347826220e-01,2.008547008547008628e-01,5.208333333333333565e-02,7.105263157894736725e-02,5.185185185185185036e-02,7.772020725388600892e-02,9.281437125748502603e-02,7.795100222717149530e-02,1.169590643274853736e-01,7.553191489361701927e-02,6.993736951983298145e-02,9.004739336492890989e-02,9.090909090909091161e-02,1.542553191489361708e-01,2.897822445561138993e-01,1.760722347629796736e-01,1.377952755905511861e-01,1.650485436893203983e-01,2.206619859578736187e-01,1.793721973094170308e-01,9.035532994923857475e-02,6.565656565656566301e-02,6.474820143884892076e-02,1.877213695395513471e-01,1.698113207547169712e-01,2.053511705685618638e-01,6.122448979591836593e-02,7.142857142857142461e-02,6.153846153846154188e-02,8.069164265129682989e-02,1.104033970276008525e-01,5.761316872427983682e-02,1.024590163934426257e-01,2.070175438596491280e-01,1.692073170731707432e-01,0.000000000000000000e+00,1.121323529411764747e-01,1.787941787941788041e-01,7.671232876712329174e-02,8.196721311475409222e-02,7.025411061285501135e-02,8.926780341023068943e-02,5.389221556886227699e-02,7.855361596009975689e-02,8.219178082191780366e-02,1.636363636363636354e-01,1.809954751131221673e-01,8.006535947712417611e-02,1.561382598331346738e-01,2.520491803278688270e-01,1.676136363636363535e-01,1.337266470009832731e-01,1.512455516014235002e-01,9.473684210526316096e-02,1.523178807947019875e-01,0.000000000000000000e+00,9.966777408637873814e-02,0.000000000000000000e+00,6.993006993006993521e-02,1.519357195032870755e-01,1.361607142857142738e-01,1.663223140495867780e-01,9.643605870020964532e-02,7.551487414187643687e-02,7.672634271099744441e-02,1.824884792626728092e-01,1.519274376417233674e-01,1.049125728559533732e-01,9.917355371900826722e-02,1.685393258426966245e-01,1.656804733727810786e-01,9.232264334305149978e-02,9.497206703910614223e-02,9.265175718849839870e-02,1.360000000000000098e-01,6.101190476190476025e-02,7.634408602150537237e-02,5.741626794258373329e-02,0.000000000000000000e+00,1.342592592592592726e-01,0.000000000000000000e+00,1.011363636363636354e-01,9.578207381370826279e-02,5.166051660516605276e-02,1.484716157205240306e-01,1.323681489141675383e-01,3.773584905660377214e-02,9.181636726546905936e-02,6.467661691542288260e-02,9.339407744874715644e-02,1.556603773584905592e-01,1.724137931034482873e-01,5.714285714285714107e-02,0.000000000000000000e+00,5.063291139240506250e-02,0.000000000000000000e+00,0.000000000000000000e+00,6.984667802385008395e-02,7.692307692307692735e-02,7.966101694915253550e-02,7.831325301204819511e-02,8.732394366197182567e-02,1.454683929931454567e-01,1.325757575757575690e-01,1.105072463768115992e-01,4.926108374384236682e-02,6.923076923076923461e-02,1.393805309734513220e-01,1.007518796992481203e-01,6.439393939393939226e-02,8.644859813084111722e-02,8.939974457215836556e-02,8.301886792452829733e-02,0.000000000000000000e+00,9.345794392523364136e-02,0.000000000000000000e+00,9.600000000000000200e-02,5.347593582887700397e-02,1.560926485397784447e-01,0.000000000000000000e+00,0.000000000000000000e+00,7.000000000000000666e-02,8.029197080291970712e-02,6.169665809768637432e-02,1.682352941176470662e-01,9.084084084084084743e-02,8.287292817679557666e-02,1.734104046242774533e-01,7.476635514018691031e-02,4.040404040404040747e-02,7.420091324200912830e-02,3.424657534246575152e-01,5.882352941176470507e-02,8.560677328316086687e-02,1.563981042654028486e-01,0.000000000000000000e+00,6.299212598425196763e-02,6.557377049180328210e-02,0.000000000000000000e+00,1.751295336787564716e-01,1.597014925373134442e-01,1.637426900584795231e-01,5.697445972495088218e-02,9.553158705701078612e-02,1.955484896661367211e-01,0.000000000000000000e+00,6.197183098591549366e-02,5.917159763313609155e-02,1.805555555555555525e-01,1.710526315789473728e-01,5.749128919860627129e-02,9.456264775413711354e-02,8.999999999999999667e-02,7.017543859649122417e-02,7.797681770284510538e-02,1.836379460400348052e-01,0.000000000000000000e+00,1.274038461538461453e-01,7.590759075907591025e-02,1.120943952802359866e-01,2.046783625730994038e-01,1.781250000000000056e-01,8.521057786483839103e-02,8.496732026143791194e-02,8.035714285714286309e-02,0.000000000000000000e+00,2.000000000000000111e-01,0.000000000000000000e+00,0.000000000000000000e+00,1.975308641975308532e-01,1.151685393258427004e-01,1.006289308176100683e-01,8.674101610904584592e-02,0.000000000000000000e+00,5.067567567567567849e-02,0.000000000000000000e+00,1.449704142011834229e-01,1.424242424242424254e-01,4.803493449781659486e-02,9.359605911330048933e-02,0.000000000000000000e+00,0.000000000000000000e+00,6.436119116234390036e-02,4.832713754646840443e-02,9.761235955056180025e-02,1.443661971830985935e-01,1.180257510729613712e-01,5.507246376811594096e-02,1.380697050938337889e-01,8.551483420593368467e-02,7.508532423208191808e-02,2.005703422053231877e-01,1.546961325966850764e-01,9.313154831199069172e-02,7.755102040816326536e-02,1.746031746031745935e-01,8.680851063829787828e-02,1.097560975609756101e-01,0.000000000000000000e+00,1.015625000000000000e-01,6.909090909090909172e-02,1.594405594405594317e-01,4.166666666666666435e-02,9.574468085106382920e-02,0.000000000000000000e+00,8.176100628930817182e-02,8.096828046744573848e-02,1.471153846153846201e-01,0.000000000000000000e+00,1.311475409836065642e-01,0.000000000000000000e+00,0.000000000000000000e+00,4.615384615384615641e-02,0.000000000000000000e+00,1.877934272300469387e-01,1.767015706806282782e-01,1.512605042016806622e-01,2.945205479452054909e-01,1.761517615176151630e-01,8.146067415730337546e-02,1.597222222222222099e-01,6.970128022759601583e-02,1.431818181818181879e-01,9.688581314878892681e-02,1.327849588719153817e-01,9.609895337773549651e-02,1.051004636785162344e-01,5.655172413793103231e-02,0.000000000000000000e+00,4.414414414414414289e-01,5.521472392638036852e-02,7.006369426751592189e-02,8.443271767810026085e-02,1.543026706231453993e-01,1.545741324921135751e-01,1.707988980716253491e-01,2.025316455696202500e-01,0.000000000000000000e+00,2.028985507246376940e-01,0.000000000000000000e+00,1.558669001751313565e-01,1.655629139072847811e-01,1.021775544388609652e-01,8.148148148148148806e-02,1.335540838852097012e-01,0.000000000000000000e+00,1.096774193548387122e-01,2.000000000000000111e-01,1.323529411764705899e-01,1.391304347826086973e-01,1.059907834101382479e-01,4.522613065326633319e-02,1.000000000000000056e-01,1.220657276995305157e-01,9.178743961352657521e-02,1.138211382113821085e-01,1.181434599156118148e-01,9.905660377358491142e-02,8.786610878661087198e-02,1.091549295774647821e-01,7.048458149779736337e-02,9.326424870466321071e-02,8.695652173913043237e-02,1.082251082251082241e-01,1.105527638190954842e-01,1.162790697674418589e-01,1.165048543689320426e-01,1.243781094527363212e-01
9.788359788359787816e-02,7.673568818514006629e-02,7.936507936507936067e-02,6.215316315205327707e-02,9.764918625678119246e-02,6.971677559912854705e-02,0.000000000000000000e+00,0.000000000000000000e+00,0.000000000000000000e+00,6.880733944954128822e-02,8.419497784342688806e-02,1.048292108362779695e-01,8.056872037914691864e-02,0.000000000000000000e+00,8.684210526315790102e-02,8.841463414634145868e-02,9.922680412371133463e-02,8.290155440414508081e-02,1.428571428571428492e-01,1.495327102803738206e-01,8.900523560209423757e-02,0.000000000000000000e+00,7.858769931662870634e-02,6.624203821656050872e-02,1.072319201995012433e-01,0.000000000000000000e+00,2.946635730858468416e-01,6.971153846153846367e-02,1.071663379355687062e-01,1.052208835341365417e-01,1.093750000000000000e-01,7.414634146341463061e-02,6.340057636887608261e-02,2.671319796954314540e-01,7.926829268292683028e-02,9.386026817219478291e-02,9.242871189773844975e-02,2.783687943262411202e-01,7.592891760904685317e-02,8.878504672897195860e-02,3.846153846153846367e-02,4.750304506699147555e-02,5.337078651685393110e-02,2.648034107058266362e-01,2.250000000000000056e-01,0.000000000000000000e+00,9.245411284840245048e-02,8.130081300813007950e-02,2.443590974555928941e-01,7.729468599033816056e-02,9.812108559498956828e-02,4.132231404958677801e-02,2.535211267605633756e-01,9.873417721518987222e-02,5.295950155763239769e-02,8.239095315024232147e-02,1.032863849765258274e-01,1.044776119402985037e-01,1.019607843137254888e-01,8.801020408163265363e-02,9.090909090909091161e-02,7.628865979381443951e-02,7.431551499348108825e-02,7.360406091370558235e-02,8.328643781654473943e-02,1.062499999999999972e-01,2.104121475054230028e-01,9.969788519637462487e-02,1.165919282511210797e-01,2.485768500948766502e-01,2.627169359664871529e-01,2.546353522867738084e-01,9.174311926605505096e-02,1.041214750542299311e-01,8.793264733395697585e-02,9.682416731216111905e-02,1.835748792270531504e-01,2.542236524537409559e-01,5.012531328320801727e-02,7.191780821917807820e-02,7.043108682452944858e-02,6.529209621993127544e-02,9.328358208955224440e-02,8.675799086757990386e-02,9.263657957244655905e-02,6.744186046511628507e-02,1.000000000000000056e-01,0.000000000000000000e+00,6.896551724137930939e-02,1.479713603818615664e-01,7.381370826010544284e-02,8.428246013667425873e-02,1.041292639138240578e-01,8.119925046845721806e-02,1.272084805653710127e-01,7.601880877742946130e-02,9.191759112519809483e-02,2.522796352583586699e-01,2.466063348416289713e-01,9.556907037358818024e-02,2.470588235294117752e-01,2.311062431544359252e-01,2.307692307692307820e-01,8.373205741626794929e-02,9.430707303047729251e-02,1.375000000000000111e-01,2.711267605633803091e-01,0.000000000000000000e+00,9.253246753246753553e-02,0.000000000000000000e+00,8.374384236453201458e-02,2.272126816380449221e-01,7.193229901269393434e-02,9.486999297259311736e-02,7.870967741935483430e-02,5.741626794258373329e-02,8.885298869143780365e-02,2.017121455323702406e-01,8.068783068783068335e-02,8.458920758385998773e-02,7.415485278080698184e-02,1.017488076311605788e-01,2.328767123287671104e-01,8.140814081408140335e-02,6.049822064056939452e-02,8.563535911602210282e-02,1.092896174863387942e-01,8.415398388540734631e-02,9.186840471756672899e-02,7.377049180327868716e-02,0.000000000000000000e+00,8.963585434173669542e-02,0.000000000000000000e+00,9.837225760792639440e-02,1.023489932885906090e-01,1.082352941176470545e-01,9.782608695652174335e-02,1.149659863945578231e-01,1.266233766233766100e-01,9.739524348810872645e-02,7.499999999999999722e-02,7.357645553422904883e-02,5.421686746987951916e-02,9.482758620689654694e-02,4.739336492890994929e-02,0.000000000000000000e+00,4.741379310344827347e-02,0.000000000000000000e+00,0.000000000000000000e+00,9.933774834437085477e-02,7.357859531772575901e-02,7.889733840304181955e-02,1.050420168067226906e-01,9.169550173010380945e-02,1.254770992366412152e-01,9.477521263669501372e-02,7.563959955506117938e-02,5.329153605015674033e-02,8.962264150943395624e-02,1.164936562860438285e-01,9.775967413441954967e-02,9.689213893967092706e-02,8.213256484149855652e-02,8.260524225575853474e-02,9.131403118040089251e-02,0.000000000000000000e+00,8.747044917257683350e-02,0.000000000000000000e+00,6.796116504854368690e-02,8.659217877094972649e-02,1.806818181818181934e-01,0.000000000000000000e+00,0.000000000000000000e+00,5.851063829787234161e-02,6.375227686703097141e-02,1.007604562737642595e-01,2.205980066445182852e-01,8.065246941549614190e-02,8.960573476702508866e-02,9.677419354838709409e-02,7.182320441988949977e-02,8.585858585858585634e-02,8.405172413793103592e-02,2.032967032967032961e-01,6.024096385542168641e-02,1.105137395459976080e-01,2.245508982035928081e-01,0.000000000000000000e+00,7.589285714285713691e-02,1.042553191489361680e-01,0.000000000000000000e+00,2.188065099457504603e-01,1.989247311827956888e-01,2.426470588235294101e-01,7.985257985257984692e-02,5.545454545454545775e-02,2.874251497005987921e-01,0.000000000000000000e+00,5.572755417956656160e-02,8.943089430894309022e-02,2.380487804878048674e-01,2.220248667850799329e-01,4.596527068437180480e-02,1.063040791100123561e-01,4.273504273504273587e-02,5.936073059360730264e-02,9.145129224652087663e-02,2.327416173570019675e-01,0.000000000000000000e+00,8.695652173913043237e-02,1.148225469728601233e-01,1.570149253731343286e-01,1.886120996441281172e-01,1.148148148148148140e-01,8.816120906801007406e-02,3.472222222222222376e-02,6.163194444444444753e-02,0.000000000000000000e+00,1.446280991735537091e-01,0.000000000000000000e+00,0.000000000000000000e+00,7.692307692307692735e-02,1.855670103092783574e-01,1.505376344086021556e-01,7.560405300077942259e-02,0.000000000000000000e+00,1.032863849765258274e-01,0.000000000000000000e+00,1.007289595758780604e-01,1.282565130260520936e-01,7.242990654205606893e-02,1.228571428571428592e-01,0.000000000000000000e+00,0.000000000000000000e+00,9.559675550405562217e-02,6.903353057199211606e-02,8.055672711935892016e-02,1.910313901345291610e-01,9.418282548476454574e-02,6.984667802385008395e-02,8.638743455497381596e-02,8.678500986193293798e-02,7.818930041152263866e-02,1.115702479338843006e-01,7.773851590106006793e-02,7.946498819826908200e-02,9.141274238227146964e-02,8.080808080808081495e-02,7.461953853706430884e-02,6.368159203980099103e-02,0.000000000000000000e+00,7.048458149779736337e-02,9.109311740890688180e-02,1.106941838649155713e-01,8.695652173913043237e-02,1.301369863013698558e-01,0.000000000000000000e+00,5.072463768115942351e-02,8.337648886587260832e-02,2.072800808897876657e-01,0.000000000000000000e+00,9.389671361502346936e-02,0.000000000000000000e+00,0.000000000000000000e+00,5.603448275862069061e-02,0.000000000000000000e+00,2.319587628865979467e-01,2.367797947908445166e-01,1.303602058319039414e-01,1.674937965260545891e-01,2.636080870917573704e-01,9.319286871961102170e-02,9.074074074074074681e-02,7.022900763358778942e-02,1.465721040189125191e-01,1.210045662100456554e-01,9.475332811276429568e-02,7.329261521377013200e-02,1.018935978358881944e-01,8.537549407114625177e-02,0.000000000000000000e+00,1.499999999999999944e-01,9.125475285171102957e-02,7.668521954236240390e-02,8.888888888888889228e-02,9.718557607739665427e-02,2.556634304207119901e-01,2.600321027287319509e-01,2.124999999999999944e-01,0.000000000000000000e+00,2.380952380952380820e-01,0.000000000000000000e+00,1.160520607375271213e-01,5.128205128205128027e-02,7.476635514018691031e-02,8.622828784119106194e-02,1.701754385964912297e-01,0.000000000000000000e+00,7.266435986159169858e-02,1.596424010217113720e-01,1.063829787234042562e-01,1.028277634961439618e-01,9.397590361445783136e-02,9.466019417475728115e-02,8.355795148247978366e-02,1.318181818181818066e-01,9.660574412532636768e-02,1.256684491978609652e-01,1.156812339331619588e-01,1.292517006802721136e-01,1.273584905660377353e-01,1.098654708520179352e-01,9.813084112149532412e-02,8.633093525179856564e-02,1.132075471698113234e-01,1.138952164009111589e-01,7.179487179487178961e-02,1.014851485148514920e-01,1.027568922305764354e-01,1.044386422976501250e-01
9.226361031518624800e-02,8.183943881527669384e-02,1.145631067961165039e-01,1.502008032128513970e-01,2.263033175355450288e-01,1.006389776357827504e-01,0.000000000000000000e+00,0.000000000000000000e+00,0.000000000000000000e+00,7.812500000000000000e-02,6.724511930585683195e-02,9.684857801691007517e-02,5.952380952380952051e-02,0.000000000000000000e+00,8.571428571428571508e-02,1.404958677685950452e-01,7.875307629204265913e-02,1.936266020090058881e-01,1.035353535353535359e-01,1.353383458646616466e-01,1.318864774624373959e-01,0.000000000000000000e+00,1.969754253308128589e-01,1.993020550601008190e-01,1.005385996409335764e-01,0.000000000000000000e+00,7.478260869565217517e-02,6.401384083044982243e-02,7.507507507507507616e-02,1.019313304721030100e-01,8.376963350785340823e-02,1.950895819508958184e-01,7.820646506777893803e-02,8.024691358024690913e-02,1.977245978815221628e-01,9.589041095890410427e-02,8.347433728144387777e-02,7.515233581584292166e-02,1.231732776617954078e-01,9.540180489901160799e-02,1.235955056179775247e-01,1.003344481605351196e-01,8.796296296296296502e-02,8.453174324798316819e-02,6.639839034205231860e-02,0.000000000000000000e+00,9.411239964317573425e-02,1.560846560846560760e-01,9.418096199125462753e-02,5.319148936170212810e-02,8.838821490467937969e-02,9.876543209876542662e-02,6.722689075630251809e-02,8.704061895551257200e-02,8.057851239669421017e-02,1.781376518218623362e-01,9.230769230769231282e-02,1.170431211498973306e-01,1.042154566744730726e-01,7.717569786535304066e-02,8.938547486033519840e-02,1.967993079584774985e-01,2.035466461063993870e-01,1.604696673189823786e-01,9.220389805097450875e-02,8.447488584474885376e-02,6.375838926174497157e-02,6.190975865687303042e-02,1.183970856102003616e-01,5.681818181818181629e-02,7.320048800325335003e-02,7.473982970671712300e-02,1.056445461479786491e-01,8.035062089116143391e-02,2.108922363847045289e-01,6.892778993435448587e-02,8.185053380782918164e-02,8.139216223622910973e-02,1.557120500782472605e-01,8.109589041095890960e-02,2.011214953271028005e-01,1.741706161137440700e-01,1.190674437968359672e-01,7.343750000000000278e-02,1.370399373531714926e-01,9.060955518945634779e-02,7.959570435881238581e-02,0.000000000000000000e+00,8.507462686567164589e-02,9.741248097412480433e-02,1.279728199320498416e-01,9.888357256778308735e-02,2.224178403755868449e-01,8.368200836820083310e-02,1.188118811881188064e-01,1.945205479452054853e-01,1.879468845760980666e-01,7.053941908713692865e-02,7.440476190476190410e-02,1.804034582132564846e-01,9.573361082206034711e-02,7.301066447908120816e-02,7.426778242677824216e-02,6.181102362204724671e-02,7.713073659853451891e-02,3.243243243243243423e-02,6.712962962962963631e-02,0.000000000000000000e+00,6.933019976498237813e-02,0.000000000000000000e+00,9.644670050761421087e-02,8.502772643253234119e-02,1.115702479338843006e-01,7.579346281383231299e-02,6.957250628667226156e-02,5.642023346303502024e-02,8.695652173913043237e-02,9.788359788359787816e-02,1.380281690140845174e-01,1.120801033591731222e-01,1.766784452296819852e-01,9.072681704260651681e-02,6.036745406824146898e-02,9.393579072532699803e-02,7.344632768361582242e-02,9.306683322923173241e-02,9.751665657177467639e-02,8.600337268128162294e-02,1.093685513825835703e-01,8.137432188065099603e-02,0.000000000000000000e+00,1.059730250481695502e-01,0.000000000000000000e+00,1.027295285359801497e-01,9.950599858856740143e-02,8.579881656804733137e-02,7.543520309477756702e-02,1.001805054151624491e-01,5.882352941176470507e-02,8.177044261065266606e-02,7.262569832402235304e-02,8.895446880269813894e-02,7.303370786516853730e-02,8.685446009389671818e-02,6.909090909090909172e-02,0.000000000000000000e+00,8.661417322834645549e-02,0.000000000000000000e+00,0.000000000000000000e+00,1.027170311464546126e-01,8.078231292517007445e-02,8.915971776779986480e-02,1.073446327683615781e-01,8.072289156626505369e-02,1.249226963512677785e-01,1.062648691514670868e-01,1.531914893617021267e-01,7.048458149779736337e-02,1.788079470198675469e-01,1.025437201907790086e-01,1.062542030934768011e-01,6.675392670157068165e-02,1.491769547325102752e-01,1.041968162083936333e-01,1.739130434782608647e-01,0.000000000000000000e+00,1.254125412541254037e-01,0.000000000000000000e+00,8.738828202581926108e-02,2.082514734774066900e-01,9.817893903404592559e-02,0.000000000000000000e+00,0.000000000000000000e+00,1.128526645768025138e-01,6.939704209328782791e-02,9.628008752735230102e-02,8.984944147644487178e-02,2.154949784791965472e-01,1.306413301662707749e-01,9.034118212397886094e-02,1.623616236162361559e-01,6.093189964157706001e-02,8.900999091734786151e-02,3.225806451612903136e-02,2.022222222222222199e-01,7.208283552369573743e-02,7.918552036199094646e-02,0.000000000000000000e+00,7.079646017699114946e-02,8.097165991902834092e-02,0.000000000000000000e+00,9.929078014184397616e-02,6.559571619812583354e-02,6.506024096385541744e-02,2.089300758213984699e-01,1.576381365113759536e-01,7.071380920613742904e-02,0.000000000000000000e+00,7.467532467532467244e-02,7.244501940491590575e-02,7.242339832869081062e-02,7.084468664850136765e-02,6.845052893590541920e-02,1.013779527559055121e-01,8.562691131498470498e-02,8.888888888888889228e-02,9.337721102426985165e-02,8.518776077885953368e-02,0.000000000000000000e+00,7.670454545454545581e-02,1.082981715893108349e-01,8.399681528662419905e-02,7.407407407407406996e-02,1.112500000000000017e-01,1.087689713322090995e-01,2.203856749311294827e-01,2.025527192008879096e-01,0.000000000000000000e+00,5.519480519480519237e-02,0.000000000000000000e+00,0.000000000000000000e+00,4.700854700854700807e-02,6.421052631578946790e-02,1.058823529411764691e-01,2.084355076017655739e-01,0.000000000000000000e+00,7.703927492447129599e-02,0.000000000000000000e+00,9.106830122591944021e-02,6.839945280437756403e-02,1.883333333333333248e-01,9.523809523809523281e-02,0.000000000000000000e+00,0.000000000000000000e+00,8.943687891056312234e-02,1.864640883977900510e-01,8.682300390843104843e-02,1.539936102236421633e-01,1.170475602223594869e-01,1.987577639751552661e-01,1.028537455410225981e-01,1.953198127925117045e-01,9.987966305655836263e-02,6.596519627681100839e-02,5.063291139240506250e-02,8.679833679833680316e-02,9.290540540540540015e-02,9.032258064516128504e-02,8.471144110698616836e-02,1.461949265687583488e-01,0.000000000000000000e+00,1.051212938005390840e-01,1.911170928667564051e-01,9.721322099805573824e-02,1.962025316455696111e-01,1.185185185185185230e-01,0.000000000000000000e+00,2.038216560509554243e-01,8.230999004314636103e-02,9.445660102115244205e-02,0.000000000000000000e+00,1.266666666666666774e-01,0.000000000000000000e+00,0.000000000000000000e+00,1.780821917808219079e-01,0.000000000000000000e+00,8.411214953271027583e-02,8.319914117015565769e-02,8.922742110990206088e-02,7.643884892086330596e-02,8.557588805166846391e-02,1.974248927038626533e-01,8.720200752823085988e-02,2.077858880778588879e-01,8.226221079691516114e-02,9.955423476968795760e-02,8.128834355828221114e-02,1.028248587570621403e-01,8.387864366448542774e-02,2.032308494007295518e-01,0.000000000000000000e+00,4.716981132075472039e-02,6.699751861042183010e-02,8.473926380368097810e-02,7.613636363636364091e-02,8.275022817158503297e-02,5.644171779141104323e-02,7.403314917127071237e-02,8.018867924528301494e-02,0.000000000000000000e+00,8.108108108108108558e-02,0.000000000000000000e+00,8.224442736356649131e-02,5.063291139240506250e-02,1.056129985228951296e-01,1.898332009531374098e-01,1.071277941796710265e-01,0.000000000000000000e+00,1.716417910447761153e-01,1.175979983319432876e-01,7.370517928286852982e-02,1.188524590163934358e-01,1.092896174863387942e-01,9.541984732824428106e-02,1.053719008264462770e-01,9.317803660565723844e-02,9.369951534733440834e-02,1.029900332225913567e-01,8.196721311475409222e-02,9.500000000000000111e-02,9.508196721311475141e-02,7.320872274143301606e-02,1.102661596958174894e-01,7.283464566929133410e-02,6.896551724137930939e-02,9.914529914529914001e-02,7.843137254901960675e-02,9.107142857142856707e-02,1.020408163265306145e-01,9.294320137693631856e-02
8.361658735554045041e-02,2.000915750915751024e-01,7.179487179487178961e-02,3.359683794466403195e-02,7.163742690058479134e-02,5.098039215686274439e-02,0.000000000000000000e+00,0.000000000000000000e+00,0.000000000000000000e+00,4.807692307692307959e-02,5.150753768844221203e-02,6.513026052104207986e-02,5.263157894736841813e-02,0.000000000000000000e+00,1.160220994475138073e-01,8.943089430894309022e-02,7.383627608346710058e-02,8.598726114649681007e-02,1.331058020477815795e-01,5.485232067510548842e-02,6.954887218045112396e-02,0.000000000000000000e+00,8.103044496487118997e-02,6.602336211274759115e-02,1.898148148148148251e-01,0.000000000000000000e+00,5.733944954128440685e-02,7.992202729044833864e-02,1.989389920424403102e-01,6.910039113428943780e-02,7.909604519774011966e-02,7.993474714518759849e-02,1.968215158924205288e-01,7.970183486238531512e-02,8.073582013285640624e-02,1.788277511961722521e-01,8.799403430275913596e-02,7.118055555555555247e-02,9.350649350649350988e-02,7.555315704263357302e-02,5.529953917050691586e-02,1.467221644120707547e-01,6.097560975609755962e-02,6.618962432915921623e-02,7.132867132867132254e-02,0.000000000000000000e+00,1.740088105726872170e-01,6.329113924050633333e-02,7.766143106457241985e-02,2.066420664206642110e-01,6.070826306913996301e-02,3.928571428571428492e-02,6.269113149847094224e-02,1.501976284584980170e-01,7.163323782234956583e-02,5.822784810126582083e-02,8.417508417508418050e-02,8.505154639175258047e-02,7.507507507507507616e-02,8.497409326424870679e-02,1.672131147540983631e-01,7.107162687395891798e-02,8.996359854394175848e-02,7.792207792207792028e-02,9.757305596830113947e-02,1.963470319634703087e-01,1.442125237191650977e-01,2.083333333333333426e-01,1.146245059288537593e-01,6.735751295336787903e-02,7.458143074581430332e-02,5.136612021857923233e-02,6.956521739130434867e-02,5.688073394495413160e-02,7.288629737609329806e-02,1.862514688601644985e-01,5.150214592274678094e-02,8.094085091663784370e-02,2.246376811594202882e-01,5.701425356339084871e-02,7.647345348270823129e-02,8.142857142857143349e-02,9.216589861751152413e-02,7.428571428571428825e-02,7.048872180451128122e-02,2.050359712230215847e-01,1.986301369863013588e-01,0.000000000000000000e+00,7.319304666056725139e-02,7.766990291262135249e-02,7.703488372093023062e-02,8.717105263157894079e-02,7.009694258016405111e-02,7.717391304347825942e-02,7.536231884057971453e-02,5.121470781352593232e-02,7.378048780487804492e-02,8.038147138964576999e-02,6.889352818371607956e-02,7.746478873239436014e-02,7.458745874587459357e-02,9.781477627471384106e-02,6.020942408376963456e-02,2.199248120300751896e-01,1.731996353691886981e-01,1.888888888888888840e-01,8.211143695014662403e-02,0.000000000000000000e+00,8.548168249660786921e-02,0.000000000000000000e+00,4.950495049504950729e-02,7.704654895666131209e-02,2.000000000000000111e-01,2.003348214285714246e-01,4.864253393665158437e-02,1.654411764705882304e-01,7.279693486590038676e-02,7.237464522232733843e-02,1.476744186046511642e-01,8.264150943396227078e-02,5.029838022165387945e-02,1.897256275539988268e-01,4.248366013071895597e-02,8.593750000000000000e-02,7.926829268292683028e-02,8.638360175695461440e-02,1.613924050632911389e-01,7.748538011695906003e-02,8.661800486618004280e-02,3.720930232558139483e-02,0.000000000000000000e+00,6.250000000000000000e-02,0.000000000000000000e+00,6.744186046511628507e-02,8.122503328894807584e-02,5.753968253968253649e-02,1.869158878504672827e-01,1.726541554959785396e-01,6.615776081424935839e-02,8.644222020018198227e-02,5.777777777777777513e-02,5.904455179817498511e-02,2.193995381062355532e-01,1.867549668874172175e-01,8.629441624365481733e-02,0.000000000000000000e+00,5.882352941176470507e-02,0.000000000000000000e+00,0.000000000000000000e+00,7.142857142857142461e-02,7.712350182386659703e-02,8.856682769726248461e-02,8.118081180811807795e-02,8.275862068965517127e-02,9.119746233148294523e-02,9.922178988326847693e-02,5.555555555555555247e-02,7.161125319693094349e-02,8.444444444444444697e-02,7.908428720083246488e-02,6.872246696035241853e-02,5.844155844155844021e-02,8.076009501187648987e-02,8.058608058608059121e-02,7.952622673434855960e-02,0.000000000000000000e+00,9.433962264150944077e-02,0.000000000000000000e+00,5.843293492695882801e-02,4.615384615384615641e-02,8.780487804878048252e-02,0.000000000000000000e+00,0.000000000000000000e+00,1.203007518796992414e-01,8.079268292682927066e-02,6.064516129032258146e-02,7.212925562608193952e-02,8.606245239908606737e-02,8.794788273615634921e-02,1.888888888888888840e-01,5.025125628140703765e-02,6.302521008403361158e-02,7.615700058582308696e-02,1.115702479338843006e-01,4.146341463414634360e-02,6.172248803827751207e-02,6.231454005934718154e-02,0.000000000000000000e+00,6.405693950177936136e-02,5.689655172413793371e-02,0.000000000000000000e+00,8.114157806379407312e-02,6.880000000000000004e-02,5.389221556886227699e-02,7.365145228215767836e-02,4.685212298682284171e-02,4.855967078189300096e-02,0.000000000000000000e+00,1.112548512289780051e-01,7.894736842105262720e-02,7.944732297063902826e-02,6.164383561643835274e-02,4.541768045417680227e-02,9.709821428571428770e-02,5.179282868525896671e-02,3.636363636363636187e-02,7.314524555903866021e-02,8.055805580558056400e-02,0.000000000000000000e+00,7.440811724915445680e-02,6.440071556350626669e-02,8.578553615960099465e-02,4.268292682926829590e-02,9.876543209876542662e-02,7.082294264339152046e-02,5.828220858895705181e-02,9.377289377289377281e-02,0.000000000000000000e+00,1.861313868613138633e-01,0.000000000000000000e+00,0.000000000000000000e+00,1.472081218274111647e-01,4.125000000000000194e-02,1.054313099041533502e-01,6.178073894609327488e-02,0.000000000000000000e+00,5.280528052805280592e-02,0.000000000000000000e+00,1.997857525441885385e-01,1.880733944954128545e-01,9.071274298056156149e-02,6.162464985994398070e-02,0.000000000000000000e+00,0.000000000000000000e+00,7.401960784313725561e-02,6.677524429967426900e-02,6.693989071038251859e-02,4.209690230341540940e-02,9.497206703910614223e-02,7.911802853437094329e-02,1.346153846153846090e-01,6.804123711340205605e-02,7.749469214437366971e-02,2.000000000000000111e-01,1.854838709677419373e-01,6.421446384039899979e-02,8.352668213457076218e-02,1.311258278145695233e-01,6.725734997986307362e-02,6.803797468354430555e-02,0.000000000000000000e+00,6.324110671936758465e-02,5.289256198347107307e-02,2.145593869731800829e-01,6.735751295336787903e-02,8.310991957104557626e-02,0.000000000000000000e+00,6.291390728476821403e-02,6.505421184320267503e-02,6.808896958692692292e-02,0.000000000000000000e+00,1.428571428571428492e-01,0.000000000000000000e+00,0.000000000000000000e+00,5.691056910569105426e-02,0.000000000000000000e+00,4.166666666666666435e-02,7.692307692307692735e-02,2.202937249666221675e-01,1.275559883154819829e-01,6.691449814126393392e-02,7.516778523489932307e-02,1.912850812407680956e-01,9.763880025526483486e-02,5.993340732519422676e-02,9.005628517823639767e-02,1.842882457176609479e-01,6.641366223908917732e-02,8.472012102874432182e-02,9.149484536082473640e-02,0.000000000000000000e+00,9.852216748768473364e-02,5.952380952380952051e-02,7.422068283028203373e-02,7.248322147651006797e-02,1.826118588577664570e-01,7.336523125996810557e-02,6.160458452722063216e-02,3.954802259887005983e-02,0.000000000000000000e+00,7.534246575342465335e-02,0.000000000000000000e+00,1.822033898305084609e-01,1.972789115646258473e-01,8.266666666666666607e-02,8.164300202839756826e-02,7.097715119105493797e-02,0.000000000000000000e+00,4.590163934426229331e-02,6.182212581344902202e-02,1.024390243902438963e-01,8.597285067873303155e-02,7.889125799573561137e-02,8.803611738148983679e-02,7.932692307692307265e-02,6.581740976645435171e-02,9.690721649484536349e-02,7.599999999999999811e-02,8.126410835214446793e-02,8.461538461538462008e-02,8.317929759704251191e-02,8.634538152610442274e-02,7.822410147991543106e-02,8.163265306122448328e-02,6.024096385542168641e-02,1.009900990099009965e-01,8.149779735682818882e-02,6.997742663656884854e-02,7.641921397379912440e-02,7.708333333333333703e-02
1.023215821152192589e-01,8.025776215582894335e-02,1.076388888888888951e-01,1.854663774403470800e-01,2.067226890756302393e-01,1.641468682505399512e-01,0.000000000000000000e+00,0.000000000000000000e+00,0.000000000000000000e+00,9.743589743589743668e-02,6.994047619047619180e-02,6.042654028436018898e-02,1.065088757396449731e-01,0.000000000000000000e+00,8.333333333333332871e-02,1.213114754098360698e-01,8.552229688454489331e-02,2.395615866388308979e-01,6.866952789699570792e-02,1.623036649214659732e-01,1.502242152466367608e-01,0.000000000000000000e+00,2.735135135135134954e-01,2.601760176017601789e-01,7.951807228915662440e-02,0.000000000000000000e+00,8.108108108108108558e-02,8.851674641148325751e-02,7.272727272727272374e-02,1.000000000000000056e-01,9.803921568627450844e-02,2.085470085470085555e-01,7.187499999999999445e-02,7.659873506676036226e-02,2.239297475301866014e-01,6.806661839246921919e-02,7.601809954751130582e-02,8.465608465608465139e-02,1.186708860759493611e-01,8.732764281024293918e-02,1.633663366336633727e-01,8.939974457215836556e-02,1.052631578947368363e-01,7.960199004975124226e-02,6.419400855920114057e-02,0.000000000000000000e+00,1.011089367253750759e-01,1.484375000000000000e-01,9.687339825730394149e-02,3.703703703703703498e-02,8.047585724282714514e-02,5.660377358490566169e-02,6.360424028268550634e-02,1.013333333333333308e-01,1.022364217252396124e-01,2.394366197183098455e-01,7.352941176470588480e-02,1.483679525222551809e-01,1.441441441441441429e-01,7.615480649188514917e-02,1.046025104602510414e-01,2.891566265060240837e-01,2.710540992749581601e-01,2.611940298507462455e-01,8.280621046578492961e-02,1.150895140664961597e-01,4.613610149942330013e-02,9.270516717325227862e-02,1.376811594202898559e-01,6.321839080459770721e-02,7.142857142857142461e-02,7.810320781032077664e-02,9.645909645909646335e-02,7.477678571428571230e-02,2.534351145038167830e-01,9.090909090909091161e-02,9.743589743589743668e-02,8.878504672897195860e-02,2.256532066508313561e-01,7.050730868443680355e-02,2.428872497365648087e-01,2.357473035439137110e-01,1.451219512195121852e-01,1.338199513381995165e-01,1.837455830388692590e-01,1.149425287356321823e-01,8.554572271386430560e-02,0.000000000000000000e+00,8.176795580110497730e-02,9.194097616345062174e-02,1.091549295774647821e-01,8.883826879271070065e-02,2.104037267080745288e-01,8.606294155427103576e-02,1.187050359712230191e-01,2.558479532163742687e-01,2.046276211135213408e-01,6.944444444444444753e-02,7.379134860050889921e-02,1.862416107382550423e-01,9.444444444444444198e-02,6.912991656734207568e-02,8.878504672897195860e-02,5.287623474723997935e-02,6.730769230769230449e-02,5.405405405405405705e-02,9.893992932862190337e-02,0.000000000000000000e+00,9.253246753246753553e-02,0.000000000000000000e+00,9.216589861751152413e-02,8.693609022556390842e-02,1.118980169971671434e-01,7.250538406317301454e-02,7.884856070087609137e-02,4.109589041095890183e-02,1.061692969870875192e-01,8.367228355607204959e-02,1.821515892420537963e-01,8.932882665379043852e-02,2.437137330754352016e-01,7.640949554896142581e-02,9.701492537313433084e-02,8.964781216648878837e-02,6.093189964157706001e-02,1.047358834244080106e-01,8.192567567567567155e-02,7.699275362318840077e-02,1.014771997430957001e-01,1.087533156498673714e-01,0.000000000000000000e+00,7.878787878787878174e-02,0.000000000000000000e+00,9.520348837209302584e-02,8.990623276337561531e-02,7.725321888412017834e-02,6.561679790026246628e-02,9.121395036887994245e-02,6.514657980456026176e-02,7.654320987654321395e-02,9.695290858725762184e-02,9.273182957393483195e-02,7.558139534883720478e-02,8.837970540098200045e-02,8.064516129032257841e-02,0.000000000000000000e+00,6.451612903225806273e-02,0.000000000000000000e+00,0.000000000000000000e+00,8.043694141012909526e-02,9.311224489795918990e-02,8.422071636011616014e-02,1.160000000000000059e-01,7.794676806083650211e-02,1.362023070097604371e-01,1.086691086691086716e-01,1.803921568627450955e-01,6.818181818181817677e-02,2.297872340425531901e-01,1.353658536585365946e-01,8.762886597938143729e-02,1.031128404669260645e-01,1.824611032531824606e-01,1.035502958579881672e-01,2.096774193548387177e-01,0.000000000000000000e+00,1.484184914841849279e-01,0.000000000000000000e+00,1.076487252124645883e-01,2.213114754098360615e-01,9.032634032634032084e-02,0.000000000000000000e+00,0.000000000000000000e+00,1.344537815126050362e-01,7.956600361663652976e-02,7.666098807495741463e-02,7.635135135135134865e-02,2.555102040816326636e-01,1.335504885993485380e-01,7.229729729729729437e-02,1.981566820276497720e-01,4.591836734693877792e-02,9.221466364323507858e-02,4.938271604938271331e-02,2.158730158730158832e-01,9.202096680256260930e-02,7.162534435261708188e-02,0.000000000000000000e+00,7.582938388625592996e-02,9.800000000000000377e-02,0.000000000000000000e+00,9.851301115241635487e-02,5.315315315315315148e-02,7.333333333333333370e-02,2.940516273849607121e-01,2.018489984591679554e-01,8.049535603715170240e-02,0.000000000000000000e+00,7.598784194528875047e-02,8.510638297872340219e-02,8.791208791208791895e-02,7.952286282306163245e-02,5.268595041322313849e-02,1.147757255936675408e-01,1.034482758620689641e-01,8.298755186721991361e-02,9.186351706036745279e-02,9.795704557359874443e-02,0.000000000000000000e+00,9.090909090909091161e-02,1.544715447154471621e-01,9.826912339475153690e-02,7.166123778501629071e-02,1.099656357388316130e-01,8.560794044665012703e-02,1.958762886597938124e-01,2.604976671850700032e-01,0.000000000000000000e+00,6.584362139917696033e-02,0.000000000000000000e+00,0.000000000000000000e+00,6.293706293706294308e-02,6.259541984732824860e-02,1.180811808118081147e-01,2.552901023890785104e-01,0.000000000000000000e+00,6.597938144329897059e-02,0.000000000000000000e+00,9.986595174262734298e-02,6.179775280898876233e-02,2.643171806167400884e-01,1.415662650602409756e-01,0.000000000000000000e+00,0.000000000000000000e+00,9.367816091954023205e-02,2.198443579766536926e-01,9.190556492411466882e-02,1.747388414055080774e-01,1.442786069651741387e-01,2.543507362784471204e-01,1.044303797468354444e-01,2.457665903890160208e-01,7.850467289719625930e-02,6.759203379601690098e-02,8.965517241379310220e-02,8.736349453978159429e-02,1.091370558375634459e-01,8.285714285714285143e-02,1.029551954242135386e-01,1.714550509731232741e-01,0.000000000000000000e+00,1.030927835051546337e-01,2.277227722772277307e-01,8.291708291708291267e-02,2.338568935427574047e-01,1.493902439024390183e-01,0.000000000000000000e+00,2.224025974025974073e-01,9.242342826437399683e-02,9.009952854897852748e-02,0.000000000000000000e+00,8.737864077669903196e-02,0.000000000000000000e+00,0.000000000000000000e+00,2.137096774193548432e-01,0.000000000000000000e+00,9.743589743589743668e-02,9.707112970711297140e-02,7.167235494880545843e-02,7.320099255583126241e-02,6.911636045494312652e-02,2.112676056338028130e-01,1.013953488372092981e-01,2.679640718562874002e-01,8.975979772439950100e-02,1.000000000000000056e-01,7.317073170731706877e-02,1.002252252252252285e-01,9.421641791044775560e-02,2.114597544338335522e-01,0.000000000000000000e+00,4.000000000000000083e-02,5.666666666666666380e-02,9.140767824497257610e-02,9.395973154362416424e-02,8.602150537634409289e-02,7.358490566037735603e-02,9.874326750448833567e-02,8.724832214765100569e-02,0.000000000000000000e+00,6.140350877192982115e-02,0.000000000000000000e+00,8.520179372197309031e-02,5.857740585774058595e-02,1.095962244362873594e-01,1.956642579210672583e-01,1.037170263788968760e-01,0.000000000000000000e+00,2.274247491638795859e-01,1.513647642679900873e-01,1.167512690355329980e-01,1.008403361344537841e-01,9.651474530831098686e-02,1.155660377358490587e-01,1.184210526315789408e-01,1.186440677966101725e-01,1.159090909090909061e-01,8.675799086757990386e-02,9.216589861751152413e-02,1.155555555555555503e-01,1.079136690647481966e-01,1.373873873873873996e-01,1.065375302663438273e-01,8.955223880597014408e-02,8.200455580865603777e-02,9.594882729211087757e-02,1.037974683544303778e-01,1.183098591549295725e-01,9.289617486338798413e-02,7.294117647058823151e-02
9.445277361319340259e-02,6.313645621181263046e-02,1.568627450980392135e-01,1.236673773987206765e-01,6.129032258064515820e-02,1.628787878787878729e-01,0.000000000000000000e+00,0.000000000000000000e+00,0.000000000000000000e+00,1.485148514851485080e-01,1.777251184834123254e-01,1.255411255411255367e-01,1.844660194174757295e-01,0.000000000000000000e+00,7.258064516129032751e-02,9.090909090909091161e-02,1.489117983963344771e-01,9.847806624888093274e-02,9.032258064516128504e-02,3.626373626373626258e-01,9.349593495934958864e-02,0.000000000000000000e+00,9.319664492078284790e-02,9.346733668341708490e-02,7.851239669421487821e-02,0.000000000000000000e+00,1.641221374045801484e-01,7.758620689655172653e-02,8.722358722358722338e-02,6.500691562932227330e-02,1.038961038961039030e-01,8.407871198568872551e-02,5.660377358490566169e-02,1.617486338797814172e-01,9.357997823721436736e-02,9.242618741976893482e-02,1.602288984263233185e-01,1.761827079934747131e-01,1.074999999999999983e-01,8.306709265175718504e-02,1.100917431192660612e-01,1.250000000000000000e-01,1.460176991150442527e-01,1.966783216783216659e-01,1.343669250645994906e-01,0.000000000000000000e+00,8.333333333333332871e-02,1.027397260273972546e-01,1.780366056572379452e-01,8.196721311475409222e-02,1.574556830031282606e-01,7.499999999999999722e-02,1.721068249258160265e-01,6.707317073170732113e-02,5.056179775280898736e-02,1.005747126436781630e-01,1.153846153846153910e-01,1.058201058201058142e-01,1.257668711656441674e-01,8.679245283018867385e-02,8.571428571428571508e-02,7.763615295480880141e-02,8.880666049953746255e-02,6.896551724137930939e-02,5.642923219241443439e-02,6.857142857142857484e-02,1.297872340425531845e-01,9.782608695652174335e-02,8.333333333333332871e-02,1.414141414141414088e-01,1.856410256410256365e-01,2.044943820224719155e-01,7.824427480916031075e-02,1.580756013745704402e-01,8.029197080291970712e-02,8.233731739707834951e-02,1.401869158878504551e-01,1.809523809523809479e-01,6.652806652806653176e-02,1.061827956989247340e-01,8.413926499032882422e-02,4.697986577181208212e-02,1.113207547169811351e-01,9.056603773584905037e-02,8.464566929133858497e-02,9.689922480620155598e-02,7.692307692307692735e-02,0.000000000000000000e+00,1.642066420664206605e-01,1.453744493392070403e-01,1.164772727272727210e-01,9.689922480620155598e-02,1.021671826625386997e-01,1.607717041800643121e-01,1.288343558282208645e-01,8.962868117797695433e-02,8.474576271186440302e-02,1.555555555555555580e-01,1.911764705882352811e-01,1.004709576138147625e-01,1.942857142857142838e-01,1.578947368421052544e-01,1.174999999999999933e-01,9.990205680705191438e-02,1.000962463907603406e-01,5.555555555555555247e-02,1.582278481012658333e-01,0.000000000000000000e+00,9.703504043126684464e-02,0.000000000000000000e+00,5.294117647058823456e-02,1.797056545313710230e-01,7.142857142857142461e-02,7.275132275132274728e-02,1.540084388185654074e-01,1.341176470588235359e-01,1.889952153110047717e-01,1.537777777777777910e-01,1.321585903083700442e-01,7.302075326671790545e-02,7.572815533980582769e-02,9.400544959128065425e-02,1.714285714285714302e-01,8.203125000000000000e-02,7.971014492753622505e-02,9.161490683229814302e-02,9.235209235209235201e-02,1.433070866141732402e-01,1.352418558736426524e-01,5.670103092783505133e-02,0.000000000000000000e+00,9.782608695652174335e-02,0.000000000000000000e+00,1.415730337078651702e-01,1.276041666666666574e-01,1.660079051383399340e-01,8.119658119658119955e-02,9.111111111111111494e-02,1.075949367088607639e-01,1.439688715953307274e-01,1.627906976744186163e-01,6.958250497017892666e-02,5.405405405405405705e-02,9.815950920245399003e-02,1.048387096774193589e-01,0.000000000000000000e+00,4.615384615384615641e-02,0.000000000000000000e+00,0.000000000000000000e+00,1.576271186440678096e-01,1.786108048511576563e-01,8.920187793427229728e-02,1.502890173410404706e-01,1.527777777777777901e-01,1.321184510250569544e-01,1.268382352941176405e-01,1.981651376146789101e-01,1.280788177339901579e-01,8.593750000000000000e-02,9.090909090909091161e-02,1.564625850340136126e-01,1.527272727272727393e-01,1.020408163265306145e-01,8.302808302808302454e-02,1.015625000000000000e-01,0.000000000000000000e+00,9.701492537313433084e-02,0.000000000000000000e+00,5.570291777188329102e-02,7.486631016042780140e-02,1.492682926829268231e-01,0.000000000000000000e+00,0.000000000000000000e+00,3.076923076923077094e-02,9.090909090909091161e-02,1.479591836734693855e-01,1.764044943820224642e-01,8.715596330275229842e-02,1.169590643274853736e-01,8.582089552238805763e-02,8.333333333333332871e-02,5.376344086021505458e-02,1.317567567567567433e-01,3.018867924528301772e-01,1.005291005291005235e-01,1.787819253438114042e-01,1.566820276497695730e-01,0.000000000000000000e+00,7.801418439716312214e-02,7.031250000000000000e-02,0.000000000000000000e+00,1.728134878819810316e-01,1.451355661881977566e-01,1.321839080459770166e-01,5.982905982905983161e-02,1.012838801711840181e-01,1.854304635761589437e-01,0.000000000000000000e+00,7.304785894206548835e-02,7.301587301587302015e-02,1.634446397188049072e-01,2.012383900928792491e-01,1.322751322751322678e-01,1.237864077669902918e-01,1.981981981981981999e-01,1.832061068702290074e-01,1.405895691609977405e-01,1.746688741721854343e-01,0.000000000000000000e+00,8.048780487804878259e-02,8.928571428571428770e-02,1.211801896733403633e-01,1.602564102564102699e-01,1.388888888888888951e-01,1.358574610244988878e-01,8.695652173913043237e-02,8.950617283950616787e-02,0.000000000000000000e+00,8.196721311475409222e-02,0.000000000000000000e+00,0.000000000000000000e+00,6.666666666666666574e-02,2.857142857142856984e-01,6.806282722513089245e-02,8.266666666666666607e-02,0.000000000000000000e+00,1.493055555555555525e-01,0.000000000000000000e+00,6.864988558352402848e-02,7.941176470588234837e-02,1.040723981900452538e-01,1.133333333333333276e-01,0.000000000000000000e+00,0.000000000000000000e+00,7.670979667282809555e-02,9.708737864077669755e-02,7.692307692307692735e-02,1.371527777777777901e-01,1.362229102167182571e-01,7.901234567901234407e-02,7.667731629392970927e-02,1.065989847715736044e-01,8.603238866396760443e-02,7.158119658119657669e-02,8.396946564885496289e-02,1.690140845070422504e-01,5.769230769230769551e-02,1.587677725118483429e-01,9.052808046940485909e-02,1.011804384485666120e-01,0.000000000000000000e+00,1.764705882352941291e-01,8.306709265175718504e-02,8.452950558213716270e-02,5.300353356890459555e-02,1.193181818181818232e-01,0.000000000000000000e+00,8.278145695364239054e-02,1.485568760611205297e-01,1.846808510638297818e-01,0.000000000000000000e+00,1.097560975609756101e-01,0.000000000000000000e+00,0.000000000000000000e+00,5.932203389830508627e-02,0.000000000000000000e+00,1.620370370370370350e-01,1.838331160365058725e-01,4.857142857142857095e-02,1.831683168316831645e-01,1.829896907216494728e-01,8.230452674897119347e-02,9.268292682926829174e-02,9.054593874833555267e-02,2.723004694835680639e-01,1.370967741935483764e-01,8.909574468085106058e-02,1.470869149952244437e-01,8.408408408408409029e-02,9.413369713506139491e-02,0.000000000000000000e+00,4.255319148936170109e-02,1.585365853658536606e-01,1.035747021081576541e-01,8.018867924528301494e-02,7.761194029850745912e-02,1.866666666666666752e-01,1.880597014925373123e-01,2.298850574712643646e-01,0.000000000000000000e+00,1.647058823529411742e-01,0.000000000000000000e+00,8.494208494208493887e-02,4.697986577181208212e-02,8.802816901408450079e-02,1.076086956521739163e-01,1.536113936927772095e-01,0.000000000000000000e+00,6.535947712418301025e-02,1.766055045871559592e-01,7.798165137614679332e-02,6.220095693779904150e-02,1.036036036036036001e-01,1.414141414141414088e-01,1.176470588235294101e-01,1.146788990825688137e-01,8.835341365461847618e-02,8.490566037735848559e-02,9.236947791164658306e-02,9.407665505226481262e-02,7.692307692307692735e-02,7.619047619047619735e-02,8.743169398907103818e-02,9.734513274336283051e-02,1.198156682027649717e-01,1.040723981900452538e-01,1.243523316062176143e-01,7.368421052631578261e-02,7.981220657276995312e-02,1.160220994475138073e-01
3.333333333333333148e-01,3.435114503816794063e-01,5.238095238095238360e-01,4.062500000000000000e-01,4.166666666666666852e-01,3.478260869565217295e-01,0.000000000000000000e+00,0.000000000000000000e+00,0.000000000000000000e+00,8.333333333333333703e-01,3.714285714285714413e-01,4.137931034482758563e-01,2.857142857142856984e-01,0.000000000000000000e+00,5.714285714285713969e-01,2.857142857142856984e-01,3.295454545454545303e-01,3.563218390804597790e-01,2.500000000000000000e-01,6.153846153846154188e-01,4.210526315789473450e-01,0.000000000000000000e+00,3.913043478260869734e-01,4.137931034482758563e-01,3.478260869565217295e-01,0.000000000000000000e+00,3.333333333333333148e-01,3.529411764705882582e-01,2.999999999999999889e-01,3.918918918918918859e-01,2.307692307692307820e-01,2.545454545454545192e-01,1.842105263157894635e-01,2.804878048780488076e-01,2.954545454545454697e-01,2.526315789473684292e-01,2.903225806451613100e-01,3.529411764705882582e-01,4.827586206896551935e-01,2.777777777777777901e-01,4.615384615384615641e-01,2.941176470588235392e-01,4.444444444444444198e-01,3.963963963963963999e-01,4.736842105263157632e-01,0.000000000000000000e+00,3.437500000000000000e-01,4.166666666666666852e-01,3.793103448275861878e-01,2.500000000000000000e-01,3.188405797101449002e-01,1.666666666666666574e-01,4.666666666666666741e-01,5.217391304347825942e-01,3.333333333333333148e-01,4.444444444444444198e-01,5.000000000000000000e-01,4.000000000000000222e-01,3.333333333333333148e-01,1.320754716981132060e-01,5.500000000000000444e-01,3.820224719101123489e-01,3.253012048192771011e-01,3.499999999999999778e-01,3.928571428571428492e-01,5.294117647058823595e-01,2.826086956521738913e-01,3.695652173913043237e-01,2.727272727272727071e-01,4.347826086956521618e-01,3.655913978494623739e-01,2.708333333333333148e-01,3.018867924528301772e-01,2.682926829268292845e-01,3.928571428571428492e-01,3.181818181818181768e-01,6.923076923076922906e-01,4.465408805031446660e-01,2.954545454545454697e-01,2.777777777777777901e-01,3.529411764705882582e-01,2.857142857142856984e-01,2.826086956521738913e-01,2.500000000000000000e-01,3.461538461538461453e-01,2.727272727272727071e-01,3.142857142857142794e-01,0.000000000000000000e+00,3.333333333333333148e-01,2.909090909090908950e-01,4.074074074074073848e-01,4.210526315789473450e-01,3.593750000000000000e-01,3.253012048192771011e-01,4.166666666666666852e-01,4.507042253521126862e-01,3.478260869565217295e-01,3.214285714285714524e-01,4.000000000000000222e-01,3.076923076923077094e-01,3.684210526315789269e-01,3.750000000000000000e-01,5.000000000000000000e-01,3.505154639175257492e-01,2.244897959183673464e-01,2.857142857142856984e-01,2.857142857142856984e-01,0.000000000000000000e+00,4.137931034482758563e-01,0.000000000000000000e+00,1.111111111111111049e-01,2.925170068027210801e-01,3.783783783783783994e-01,3.552631578947368363e-01,2.444444444444444364e-01,4.130434782608695676e-01,2.564102564102563875e-01,3.809523809523809312e-01,2.500000000000000000e-01,3.238095238095238249e-01,4.705882352941176405e-01,3.295454545454545303e-01,2.500000000000000000e-01,2.978723404255319007e-01,2.500000000000000000e-01,2.058823529411764608e-01,3.389830508474576121e-01,2.407407407407407274e-01,3.478260869565217295e-01,4.500000000000000111e-01,0.000000000000000000e+00,4.545454545454545303e-01,0.000000000000000000e+00,3.424657534246575152e-01,3.097345132743362650e-01,5.172413793103448620e-01,2.962962962962962798e-01,3.535353535353535359e-01,4.285714285714285476e-01,2.666666666666666630e-01,2.631578947368420907e-01,3.734939759036144391e-01,3.157894736842105088e-01,3.421052631578947456e-01,5.999999999999999778e-01,0.000000000000000000e+00,2.727272727272727071e-01,0.000000000000000000e+00,0.000000000000000000e+00,3.809523809523809312e-01,2.717391304347825942e-01,2.982456140350877027e-01,2.000000000000000111e-01,3.714285714285714413e-01,3.252032520325203180e-01,2.564102564102563875e-01,4.166666666666666852e-01,3.809523809523809312e-01,1.250000000000000000e-01,4.400000000000000022e-01,2.857142857142856984e-01,4.705882352941176405e-01,3.499999999999999778e-01,3.037974683544303889e-01,3.913043478260869734e-01,0.000000000000000000e+00,4.782608695652174058e-01,0.000000000000000000e+00,3.255813953488372325e-01,4.444444444444444198e-01,4.239999999999999880e-01,0.000000000000000000e+00,0.000000000000000000e+00,3.076923076923077094e-01,2.962962962962962798e-01,5.999999999999999778e-01,3.333333333333333148e-01,4.205607476635513930e-01,4.705882352941176405e-01,3.255813953488372325e-01,3.750000000000000000e-01,4.545454545454545303e-01,3.617021276595744905e-01,7.142857142857143016e-01,5.999999999999999778e-01,3.010752688172043112e-01,3.076923076923077094e-01,0.000000000000000000e+00,3.333333333333333148e-01,4.516129032258064391e-01,0.000000000000000000e+00,4.215686274509803932e-01,2.769230769230769384e-01,3.076923076923077094e-01,3.636363636363636465e-01,3.958333333333333148e-01,4.838709677419354982e-01,0.000000000000000000e+00,3.902439024390244038e-01,4.117647058823529216e-01,3.859649122807017330e-01,3.928571428571428492e-01,4.285714285714285476e-01,3.428571428571428603e-01,2.727272727272727071e-01,2.727272727272727071e-01,3.679999999999999938e-01,4.796747967479674801e-01,0.000000000000000000e+00,3.235294117647058987e-01,4.000000000000000222e-01,2.803030303030302761e-01,2.500000000000000000e-01,4.444444444444444198e-01,3.113207547169811185e-01,3.913043478260869734e-01,3.898305084745762872e-01,0.000000000000000000e+00,2.307692307692307820e-01,0.000000000000000000e+00,0.000000000000000000e+00,2.222222222222222099e-01,2.051282051282051211e-01,6.428571428571429047e-01,3.943661971830985657e-01,0.000000000000000000e+00,4.782608695652174058e-01,0.000000000000000000e+00,3.153153153153153143e-01,3.750000000000000000e-01,5.294117647058823595e-01,3.333333333333333148e-01,0.000000000000000000e+00,0.000000000000000000e+00,4.050632911392405000e-01,4.814814814814814548e-01,3.388429752066115519e-01,4.285714285714285476e-01,3.057851239669421295e-01,2.894736842105263275e-01,2.903225806451613100e-01,4.310344827586206629e-01,3.684210526315789269e-01,3.214285714285714524e-01,2.222222222222222099e-01,3.676470588235294379e-01,3.571428571428571508e-01,3.409090909090908839e-01,3.333333333333333148e-01,3.392857142857143016e-01,0.000000000000000000e+00,2.777777777777777901e-01,5.000000000000000000e-01,2.777777777777777901e-01,5.333333333333333259e-01,5.000000000000000000e-01,0.000000000000000000e+00,3.170731707317073211e-01,2.916666666666666852e-01,3.298969072164948391e-01,0.000000000000000000e+00,3.793103448275861878e-01,0.000000000000000000e+00,0.000000000000000000e+00,6.153846153846154188e-01,0.000000000000000000e+00,4.166666666666666852e-01,3.692307692307692513e-01,3.255813953488372325e-01,2.686567164179104461e-01,4.000000000000000222e-01,3.953488372093023062e-01,3.287671232876712146e-01,3.076923076923077094e-01,3.529411764705882582e-01,4.347826086956521618e-01,2.571428571428571175e-01,3.365384615384615641e-01,3.125000000000000000e-01,3.750000000000000000e-01,0.000000000000000000e+00,5.714285714285713969e-01,4.000000000000000222e-01,2.682926829268292845e-01,2.500000000000000000e-01,2.654867256637168382e-01,2.631578947368420907e-01,4.137931034482758563e-01,4.285714285714285476e-01,0.000000000000000000e+00,5.714285714285713969e-01,0.000000000000000000e+00,3.200000000000000067e-01,2.941176470588235392e-01,2.959999999999999853e-01,3.761467889908257090e-01,3.893805309734513220e-01,0.000000000000000000e+00,4.000000000000000222e-01,2.894736842105263275e-01,4.482758620689655249e-01,1.923076923076923184e-01,2.000000000000000111e-01,1.666666666666666574e-01,3.125000000000000000e-01,3.214285714285714524e-01,2.222222222222222099e-01,4.000000000000000222e-01,1.923076923076923184e-01,2.999999999999999889e-01,4.117647058823529216e-01,2.800000000000000266e-01,2.666666666666666630e-01,5.000000000000000000e-01,3.750000000000000000e-01,4.666666666666666741e-01,2.962962962962962798e-01,3.548387096774193727e-01,1.481481481481481399e-01,3.076923076923077094e-01
1.052009456264775406e-01,2.267156862745098034e-01,1.168316831683168383e-01,6.229773462783171761e-02,9.281045751633987262e-02,8.144796380090497945e-02,0.000000000000000000e+00,0.000000000000000000e+00,0.000000000000000000e+00,8.163265306122448328e-02,6.378600823045267598e-02,9.492089925062448252e-02,8.943089430894309022e-02,0.000000000000000000e+00,1.178509532062391729e-01,1.168539325842696680e-01,1.112618724559022998e-01,7.730577879831611321e-02,1.623931623931623991e-01,6.271777003484320379e-02,6.403940886699507895e-02,0.000000000000000000e+00,8.793375394321766014e-02,7.558139534883720478e-02,1.563636363636363713e-01,0.000000000000000000e+00,8.347826086956522396e-02,7.243816254416961253e-02,2.353700516351118766e-01,9.051014810751507877e-02,5.641025641025641107e-02,8.672086720867208665e-02,1.850683491062039832e-01,7.943925233644859307e-02,8.242950108459870528e-02,1.908110642287857428e-01,1.292728402734617810e-01,7.738896366083446166e-02,1.073170731707317055e-01,8.803611738148983679e-02,4.651162790697674354e-02,1.454864154250657404e-01,7.838983050847457557e-02,8.669656203288490792e-02,7.558733401430030308e-02,0.000000000000000000e+00,1.859340659340659452e-01,7.462686567164178442e-02,9.643235605793006038e-02,2.111111111111111105e-01,9.316479400749064221e-02,8.411214953271027583e-02,8.591885441527445655e-02,1.797153024911032071e-01,7.877461706783370210e-02,6.496519721577725948e-02,1.157270029673590495e-01,9.218436873747494487e-02,8.684863523573201072e-02,9.107981220657276888e-02,1.282798833819241979e-01,8.275543226999537705e-02,8.319039451114923489e-02,5.756929637526652516e-02,9.155206286836935214e-02,2.263779527559054983e-01,1.315007429420505247e-01,2.055785123966942241e-01,1.328671328671328644e-01,8.726752503576537534e-02,8.544839255499153685e-02,9.021113243761996747e-02,9.392503231365791072e-02,8.180428134556574915e-02,7.081807081807081627e-02,1.836950767601905898e-01,8.712121212121212710e-02,9.312638580931263677e-02,1.556485355648535573e-01,5.871446229913473286e-02,8.014646053702197126e-02,6.112469437652811449e-02,1.011705685618729117e-01,7.266435986159169858e-02,1.241050119331742196e-01,1.872964169381107491e-01,2.021683673469387710e-01,0.000000000000000000e+00,8.721804511278195837e-02,8.726415094339622092e-02,7.594936708860759722e-02,1.314878892733563898e-01,8.898568761667703664e-02,1.003717472118959148e-01,7.277628032345014042e-02,7.956989247311828384e-02,9.375000000000000000e-02,6.833712984054669815e-02,9.105691056910569792e-02,9.993792675356921729e-02,8.629989212513484997e-02,9.570957095709571594e-02,8.150470219435736186e-02,2.611850060459492417e-01,2.224889955982392864e-01,2.394366197183098455e-01,7.352941176470588480e-02,0.000000000000000000e+00,7.581227436823104182e-02,0.000000000000000000e+00,7.142857142857142461e-02,9.466327827191867161e-02,2.012987012987013102e-01,2.300177619893428171e-01,8.641975308641974829e-02,2.549019607843137081e-01,8.844339622641508858e-02,8.700696055684455088e-02,1.279527559055118058e-01,9.383033419023135979e-02,7.490347490347490367e-02,2.433442316674451211e-01,8.717948717948717507e-02,1.059063136456211834e-01,9.016393442622951115e-02,1.040988939492517862e-01,1.754609027336300198e-01,1.440514469453376134e-01,9.884467265725288554e-02,5.591397849462365760e-02,0.000000000000000000e+00,9.980430528375733301e-02,0.000000000000000000e+00,1.028436018957345904e-01,1.089418196017180734e-01,7.973421926910298496e-02,1.821862348178137636e-01,1.880500231588698445e-01,1.100702576112412151e-01,1.121771217712177054e-01,1.043956043956043994e-01,6.298142274580878497e-02,2.309124767225325947e-01,1.830985915492957805e-01,7.958477508650518839e-02,0.000000000000000000e+00,6.214689265536723489e-02,0.000000000000000000e+00,0.000000000000000000e+00,1.268817204301075363e-01,8.128973660308810856e-02,8.531746031746031966e-02,6.371191135734072253e-02,1.342534504391467987e-01,1.087516087516087471e-01,1.175078864353312352e-01,6.568778979907263782e-02,1.060606060606060635e-01,7.958477508650518839e-02,7.719298245614035492e-02,1.318911374738311326e-01,7.915567282321900322e-02,8.611955420466058109e-02,8.653846153846153633e-02,5.813953488372092943e-02,0.000000000000000000e+00,6.902985074626866169e-02,0.000000000000000000e+00,6.773823191733639726e-02,5.894736842105263025e-02,1.027139874739039643e-01,0.000000000000000000e+00,0.000000000000000000e+00,6.250000000000000000e-02,7.358738501971090473e-02,7.594936708860759722e-02,9.580552907530981432e-02,7.607994842037395233e-02,9.595959595959595301e-02,2.333974975938402363e-01,5.928853754940711235e-02,5.633802816901408578e-02,1.208556149732620266e-01,1.069958847736625501e-01,9.020618556701030799e-02,9.722222222222222376e-02,6.981981981981981444e-02,0.000000000000000000e+00,4.609929078014184112e-02,7.298136645962732816e-02,0.000000000000000000e+00,9.070796460176991372e-02,7.156798959011061168e-02,7.235142118863048533e-02,7.793345008756567827e-02,6.157635467980295679e-02,6.904761904761905211e-02,0.000000000000000000e+00,1.060109289617486295e-01,9.549795361527967097e-02,9.691011235955056258e-02,8.435374149659863319e-02,5.864432597105864731e-02,1.079717457114026252e-01,9.933774834437085477e-02,4.204204204204204515e-02,9.316479400749064221e-02,8.732694355697551147e-02,0.000000000000000000e+00,7.481060606060606355e-02,8.023774145616642539e-02,1.049153242461792618e-01,4.050632911392405139e-02,1.006622516556291425e-01,1.072980017376194556e-01,6.666666666666666574e-02,7.768800497203232069e-02,0.000000000000000000e+00,1.482758620689655082e-01,0.000000000000000000e+00,0.000000000000000000e+00,1.602209944751381288e-01,7.991803278688525136e-02,9.574468085106382920e-02,6.568575932737782952e-02,0.000000000000000000e+00,8.108108108108108558e-02,0.000000000000000000e+00,1.766304347826087029e-01,1.929824561403508665e-01,6.148282097649186012e-02,5.405405405405405705e-02,0.000000000000000000e+00,0.000000000000000000e+00,8.433253397282174102e-02,6.376811594202898281e-02,8.003679852805888062e-02,6.005398110661268329e-02,9.850839030453698020e-02,8.565072302558397743e-02,1.812604573340769742e-01,7.379310344827585966e-02,8.528880866425993246e-02,2.026197298403602243e-01,1.744471744471744468e-01,8.599895123230204275e-02,9.566787003610108253e-02,1.851453175457481171e-01,7.759831460674157522e-02,8.905109489051095395e-02,0.000000000000000000e+00,7.849829351535836386e-02,7.440476190476190410e-02,2.372034956304619191e-01,6.351351351351351704e-02,7.459207459207459201e-02,0.000000000000000000e+00,8.344198174706649040e-02,7.968574635241301718e-02,9.007282483710234156e-02,0.000000000000000000e+00,1.921768707482993110e-01,0.000000000000000000e+00,0.000000000000000000e+00,7.615894039735099375e-02,0.000000000000000000e+00,5.533596837944664004e-02,8.246859639541234688e-02,2.248243559718969553e-01,1.277641277641277662e-01,1.084133258046301590e-01,8.622620380739082213e-02,1.890930646117368052e-01,7.709130672498633319e-02,7.650273224043716014e-02,1.028481012658227917e-01,2.158730158730158832e-01,1.004842615012106477e-01,9.937106918238994280e-02,1.021324354657687922e-01,0.000000000000000000e+00,1.042471042471042469e-01,1.019900497512437748e-01,8.371703641691084774e-02,6.501182033096926383e-02,2.275840597758405914e-01,8.543417366946778890e-02,7.624999999999999833e-02,5.140186915887850344e-02,0.000000000000000000e+00,5.555555555555555247e-02,0.000000000000000000e+00,1.985815602836879523e-01,1.840659340659340781e-01,9.298837645294338872e-02,8.552108194112967299e-02,7.801418439716312214e-02,0.000000000000000000e+00,4.123711340206185488e-02,8.165137614678899536e-02,8.284023668639053928e-02,8.869179600886918646e-02,7.740585774058576785e-02,7.939508506616256567e-02,9.072164948453607936e-02,1.199261992619926193e-01,8.199643493761141211e-02,7.321428571428571785e-02,7.952622673434855960e-02,1.060842433697347931e-01,9.322033898305084887e-02,9.219858156028368223e-02,7.930367504835589276e-02,1.120000000000000023e-01,1.068447412353923237e-01,1.183333333333333320e-01,1.028571428571428553e-01,9.979209979209979764e-02,8.596491228070175794e-02,1.106796116504854405e-01
1.213497728747566506e-01,8.096280087527352176e-02,2.311015118790496758e-01,2.720139494333042585e-01,1.310615989515072077e-01,2.762520193861066065e-01,0.000000000000000000e+00,0.000000000000000000e+00,0.000000000000000000e+00,1.737588652482269513e-01,2.173913043478260809e-01,2.109181141439205875e-01,2.119999999999999940e-01,0.000000000000000000e+00,1.037037037037037007e-01,1.373873873873873996e-01,2.395833333333333426e-01,1.130756578947368363e-01,1.326860841423948278e-01,1.770833333333333426e-01,1.518737672583826415e-01,0.000000000000000000e+00,1.136759581881533060e-01,1.395139513951395016e-01,7.285974499089253875e-02,0.000000000000000000e+00,6.782608695652174446e-02,1.098265895953757232e-01,9.808500700607192258e-02,1.159159159159159208e-01,8.571428571428571508e-02,1.101123595505617975e-01,6.860465116279070019e-02,9.209257473481195777e-02,1.057388160867600568e-01,8.644610458911419770e-02,2.440191387559808578e-01,7.508532423208191808e-02,1.814988290398126536e-01,1.443349753694581350e-01,1.713147410358565603e-01,9.823911028730306083e-02,2.155172413793103314e-01,7.735426008968609990e-02,7.903055848261328342e-02,0.000000000000000000e+00,9.474717722140402199e-02,1.650485436893203983e-01,9.841628959276017830e-02,7.394366197183098455e-02,2.648648648648648796e-01,9.022556390977443108e-02,8.860759493670886111e-02,7.599999999999999811e-02,9.004739336492890989e-02,9.177592371871275134e-02,1.567944250871080025e-01,1.376146788990825764e-01,1.458607095926412744e-01,1.355311355311355215e-01,7.744107744107743552e-02,1.046344959388437607e-01,1.228794131132508044e-01,1.066666666666666735e-01,1.241408934707903811e-01,7.158836689038031165e-02,4.707933740191804634e-02,6.791569086651054465e-02,1.203703703703703637e-01,1.100141043723554257e-01,7.501172058134084053e-02,7.700101317122594324e-02,1.331521739130434867e-01,2.662632375189107337e-01,1.107470511140235953e-01,8.292416803055101260e-02,5.576208178438661622e-02,8.225108225108225535e-02,6.946826758147513214e-02,1.678529062870699751e-01,1.186513017498933009e-01,8.053691275167784713e-02,1.703204047217538042e-01,9.731543624161073658e-02,1.881589618815896203e-01,5.873015873015872967e-02,8.510638297872340219e-02,0.000000000000000000e+00,1.942724458204334315e-01,9.749303621169916334e-02,1.879895561357702305e-01,1.375838926174496601e-01,1.140294682895579698e-01,2.500000000000000000e-01,1.627906976744186163e-01,1.687763713080168704e-01,1.420990566037735880e-01,7.431693989071037898e-02,1.070811744386873932e-01,1.147994467496542131e-01,8.883953359244864401e-02,6.220546654099905898e-02,8.178844056706652266e-02,9.910294745835113162e-02,1.078856152512998323e-01,4.926108374384236682e-02,5.074626865671641451e-02,0.000000000000000000e+00,1.089918256130790186e-01,0.000000000000000000e+00,6.296296296296295669e-02,9.976407145264576393e-02,6.835722160970231220e-02,6.790450928381962237e-02,2.251207729468598928e-01,1.873706004140786863e-01,2.011764705882352899e-01,9.434729564863765516e-02,9.360076408787010305e-02,1.370242214532871872e-01,1.029045643153526923e-01,9.738846572361262166e-02,6.860158311345646021e-02,1.237201365187713259e-01,1.335078534031413633e-01,1.199999999999999956e-01,8.567415730337078761e-02,2.439644218551461352e-01,2.290606200832947803e-01,1.072210065645514271e-01,0.000000000000000000e+00,1.454545454545454475e-01,0.000000000000000000e+00,2.228060956384655678e-01,2.129083038173947284e-01,2.349514563106796239e-01,5.847953216374268681e-02,9.429400386847194837e-02,1.861702127659574380e-01,2.397317686504610301e-01,2.128514056224899698e-01,1.110576923076923017e-01,7.877461706783370210e-02,7.267833109017496351e-02,1.033057851239669450e-01,0.000000000000000000e+00,1.283582089552238736e-01,0.000000000000000000e+00,0.000000000000000000e+00,2.433936022253129217e-01,2.072513473787359062e-01,1.325648414985590717e-01,1.384083044982699073e-01,2.620599739243806847e-01,1.320166320166320240e-01,1.811414392059553236e-01,1.688102893890675305e-01,2.737556561085973117e-01,8.270676691729322849e-02,1.199633699633699674e-01,2.496453900709219853e-01,2.466124661246612559e-01,1.300904977375565708e-01,1.105990783410138317e-01,1.015625000000000000e-01,0.000000000000000000e+00,1.178781925343811432e-01,0.000000000000000000e+00,1.018306636155606459e-01,9.230769230769231282e-02,9.546643417611160032e-02,0.000000000000000000e+00,0.000000000000000000e+00,2.877697841726618855e-02,1.550802139037433247e-01,2.442284325637910092e-01,1.065939514129895932e-01,1.154726856395158624e-01,1.390532544378698110e-01,8.626850433894844850e-02,1.549999999999999989e-01,7.317073170731706877e-02,2.466251298026999050e-01,1.459227467811158863e-01,1.039603960396039556e-01,2.217520101565806090e-01,5.506607929515418276e-02,0.000000000000000000e+00,9.966777408637873814e-02,1.175548589341692818e-01,0.000000000000000000e+00,8.356290174471991961e-02,7.769784172661869937e-02,5.569620253164556806e-02,9.949748743718593580e-02,8.729641693811074354e-02,6.811377245508981604e-02,0.000000000000000000e+00,1.098901098901098883e-01,9.659090909090908839e-02,9.226190476190476719e-02,1.046195652173913110e-01,1.943381790359602068e-01,1.154985192497532120e-01,2.490842490842490875e-01,1.986970684039087998e-01,2.081712062256809437e-01,8.324245728825881152e-02,0.000000000000000000e+00,1.123110151187904915e-01,1.411960132890365538e-01,9.369676320272572745e-02,7.812500000000000000e-02,1.345875542691750970e-01,2.220689655172413679e-01,1.315789473684210453e-01,1.013470173187940998e-01,0.000000000000000000e+00,4.779411764705882026e-02,0.000000000000000000e+00,0.000000000000000000e+00,9.139784946236559349e-02,1.621621621621621712e-01,1.253561253561253641e-01,1.692663200462160566e-01,0.000000000000000000e+00,2.428571428571428548e-01,0.000000000000000000e+00,8.045977011494252762e-02,7.182320441988949977e-02,9.148936170212765284e-02,1.344339622641509413e-01,0.000000000000000000e+00,0.000000000000000000e+00,1.231101511879049704e-01,1.347402597402597435e-01,1.257106759317751232e-01,7.775377969762418962e-02,1.604084321475625907e-01,1.003271537622682646e-01,1.022653721682847960e-01,1.197935864356800550e-01,1.358800773694390784e-01,6.986301369863014143e-02,5.322128851540616074e-02,2.266065388951521986e-01,1.134615384615384609e-01,1.360000000000000098e-01,1.042128603104212903e-01,1.230307576894223570e-01,0.000000000000000000e+00,2.056962025316455833e-01,1.189024390243902385e-01,7.733691997310020161e-02,1.332288401253918508e-01,1.357702349869451819e-01,0.000000000000000000e+00,9.411764705882352811e-02,2.409594095940959524e-01,9.338374291115311698e-02,0.000000000000000000e+00,8.023483365949118928e-02,0.000000000000000000e+00,0.000000000000000000e+00,1.404109589041095951e-01,0.000000000000000000e+00,8.686868686868687295e-02,9.688581314878892681e-02,6.481481481481481122e-02,8.560677328316086687e-02,8.764455264759586639e-02,1.234256926952141120e-01,6.805157593123209447e-02,1.091854419410745181e-01,1.848428835489833721e-01,1.433566433566433596e-01,1.104294478527607370e-01,2.548934319269247628e-01,1.128133704735376081e-01,1.255156157925751415e-01,0.000000000000000000e+00,4.132231404958677801e-02,2.061855670103092675e-01,1.418289585097375072e-01,1.228473019517795639e-01,1.153460381143430330e-01,8.415841584158416377e-02,6.036745406824146898e-02,9.333333333333333759e-02,0.000000000000000000e+00,7.692307692307692735e-02,0.000000000000000000e+00,9.500000000000000111e-02,1.000000000000000056e-01,1.175742574257425677e-01,1.092550790067720046e-01,1.048281861678990873e-01,0.000000000000000000e+00,1.253561253561253641e-01,1.098677517802644915e-01,1.111111111111111049e-01,9.756097560975610095e-02,1.208333333333333343e-01,9.343936381709741501e-02,1.132478632478632480e-01,7.908611599297012129e-02,1.356238698010849841e-01,1.086956521739130405e-01,7.636363636363636964e-02,1.062394603709949370e-01,1.185468451242829846e-01,1.003460207612456717e-01,1.390593047034764940e-01,1.428571428571428492e-01,1.120543293718166411e-01,1.079258010118043787e-01,1.143451143451143515e-01,1.048387096774193589e-01,1.013384321223709389e-01,9.760956175298804438e-02
1.862567811934900674e-01,1.050558108995403861e-01,9.810126582278480556e-02,6.415094339622641473e-02,6.073752711496745865e-02,5.542168674698794845e-02,0.000000000000000000e+00,0.000000000000000000e+00,0.000000000000000000e+00,6.896551724137930939e-02,1.275167785234899431e-01,1.031446540880503193e-01,7.692307692307692735e-02,0.000000000000000000e+00,1.039999999999999952e-01,1.118644067796610159e-01,1.004919184820801115e-01,7.334183673469388265e-02,9.049773755656108365e-02,6.081081081081081419e-02,1.051401869158878483e-01,0.000000000000000000e+00,9.614243323442137057e-02,6.366237482117310942e-02,7.344632768361582242e-02,0.000000000000000000e+00,6.770833333333332871e-02,3.058510638297872175e-01,7.898259705488620830e-02,1.879699248120300648e-01,1.746031746031745935e-01,8.090614886731391231e-02,2.042628774422735327e-01,8.020989505247376472e-02,7.713498622589531895e-02,7.882882882882882858e-02,1.138975966562173481e-01,6.642512077294686346e-02,9.375000000000000000e-02,2.269452449567723462e-01,1.276595744680850963e-01,1.349862258953168082e-01,9.792284866468842219e-02,9.117305458768873438e-02,7.054673721340387615e-02,0.000000000000000000e+00,8.717221828490431812e-02,1.269035532994923776e-01,7.959305804907240711e-02,1.218274111675126947e-01,1.158392434988179676e-01,3.281250000000000000e-01,5.294117647058823456e-02,6.775067750677506162e-02,2.178571428571428603e-01,1.005025125628140753e-01,2.105263157894736725e-01,1.011904761904761918e-01,1.219512195121951192e-01,2.601078167115902784e-01,6.410256410256409687e-02,6.948881789137380249e-02,6.685432793807177809e-02,6.944444444444444753e-02,2.529016493585827807e-01,9.507042253521126585e-02,6.265060240963855887e-02,9.090909090909091161e-02,8.505154639175258047e-02,6.075949367088607361e-02,7.310344827586207073e-02,4.947526236881559514e-02,1.540900443880786341e-01,1.363636363636363535e-01,6.737247353224254387e-02,7.102502017756255615e-02,9.146341463414633943e-02,7.252252252252251730e-02,5.067064083457525903e-02,2.289679098005203695e-01,6.451612903225806273e-02,9.315589353612167833e-02,1.058201058201058142e-01,2.743142144638404112e-01,8.987341772151898056e-02,9.048723897911832570e-02,8.753861997940268203e-02,0.000000000000000000e+00,1.358629130966952370e-01,1.305970149253731227e-01,1.320754716981132060e-01,1.073170731707317055e-01,8.965517241379310220e-02,1.004184100418410025e-01,9.583333333333333981e-02,9.432234432234432031e-02,7.673860911270982688e-02,5.945945945945946276e-02,6.352941176470587592e-02,9.450945094509451139e-02,1.039999999999999952e-01,6.754966887417218624e-02,7.947019867549669214e-02,8.094327597195666302e-02,8.375000000000000500e-02,4.794520547945205213e-02,8.597285067873303155e-02,0.000000000000000000e+00,2.095238095238095288e-01,0.000000000000000000e+00,2.845188284518828659e-01,8.592592592592591949e-02,7.757166947723440065e-02,7.927786499215071225e-02,8.888888888888889228e-02,6.518282988871224037e-02,8.318890814558059510e-02,8.236017209588199217e-02,7.886904761904761640e-02,2.000000000000000111e-01,7.300115874855156450e-02,7.807807807807808087e-02,2.554744525547445258e-02,1.773718326458456063e-01,1.555555555555555580e-01,2.091097308488612805e-01,9.817131857555341790e-02,1.103646833013435663e-01,1.062009978617248773e-01,2.338028169014084445e-01,0.000000000000000000e+00,1.067073170731707293e-01,0.000000000000000000e+00,9.215844785772028813e-02,9.375000000000000000e-02,9.217877094972067031e-02,6.853582554517133330e-02,9.118311981914091480e-02,9.386281588447653590e-02,1.085858585858585912e-01,7.242339832869081062e-02,2.211920529801324475e-01,8.000000000000000167e-02,6.099815157116451197e-02,2.000000000000000111e-01,0.000000000000000000e+00,2.770562770562770560e-01,0.000000000000000000e+00,0.000000000000000000e+00,1.119133574007220161e-01,1.027104136947218221e-01,2.081589958158995834e-01,5.936073059360730264e-02,1.154734411085450302e-01,1.106578276389597187e-01,1.321279554937413170e-01,9.003601440576231019e-02,1.026490066225165532e-01,8.092485549132948097e-02,1.066126855600539880e-01,8.904109589041095396e-02,9.815950920245399003e-02,1.052631578947368363e-01,2.200920245398773067e-01,4.597701149425287293e-02,0.000000000000000000e+00,9.016393442622951115e-02,0.000000000000000000e+00,2.243150684931506933e-01,7.773851590106006793e-02,7.794676806083650211e-02,0.000000000000000000e+00,0.000000000000000000e+00,1.226415094339622647e-01,1.925343811394892024e-01,7.648183556405353800e-02,9.133489461358314243e-02,7.301107754279959061e-02,1.446808510638297740e-01,8.823529411764706454e-02,5.298013245033112578e-02,2.202380952380952328e-01,1.007685738684884758e-01,1.734104046242774394e-02,4.641350210970464352e-02,9.487534626038780783e-02,7.278481012658227778e-02,0.000000000000000000e+00,1.902173913043478382e-01,2.057522123893805177e-01,0.000000000000000000e+00,7.975871313672922014e-02,1.843629343629343553e-01,7.024793388429752261e-02,7.702702702702703130e-02,1.597845601436265750e-01,9.251101321585902815e-02,0.000000000000000000e+00,2.791461412151067245e-01,2.710084033613445187e-01,1.042600896860986504e-01,1.004566210045662045e-01,1.985058697972251762e-01,1.015736766809728214e-01,9.950248756218905977e-02,1.105527638190954842e-01,1.047819971870604799e-01,9.361955873583779897e-02,0.000000000000000000e+00,2.346786248131539632e-01,1.047120418848167533e-01,9.356014580801944036e-02,8.943089430894309022e-02,9.338521400778210246e-02,9.679572763684912706e-02,6.722689075630251809e-02,9.282296650717702935e-02,0.000000000000000000e+00,7.949790794979079422e-02,0.000000000000000000e+00,0.000000000000000000e+00,1.161290322580645212e-01,5.506216696269982530e-02,1.115537848605577670e-01,8.442123585726718504e-02,0.000000000000000000e+00,1.070615034168564961e-01,0.000000000000000000e+00,7.742878013148284111e-02,7.786885245901639663e-02,7.349081364829396223e-02,9.180327868852458661e-02,0.000000000000000000e+00,0.000000000000000000e+00,2.239520958083832392e-01,6.378132118451025623e-02,2.257769652650822578e-01,5.841924398625429615e-02,9.629248197734294190e-02,6.108202443280977278e-02,7.365684575389948308e-02,9.086134453781512244e-02,1.511879049676025932e-01,6.890012642225031014e-02,8.646616541353382979e-02,9.831709477413640152e-02,2.273901808785529777e-01,8.346709470304976286e-02,2.297364495275981966e-01,1.219512195121951192e-01,0.000000000000000000e+00,1.125000000000000028e-01,9.388646288209606672e-02,7.923771313941825600e-02,9.345794392523364136e-02,1.338028169014084390e-01,0.000000000000000000e+00,9.016393442622951115e-02,1.064814814814814825e-01,8.220024721878863017e-02,0.000000000000000000e+00,8.951406649616368283e-02,0.000000000000000000e+00,0.000000000000000000e+00,5.376344086021505458e-02,0.000000000000000000e+00,1.064516129032258007e-01,7.764265668849391899e-02,9.737827715355805436e-02,6.963788300835654921e-02,7.149853085210577941e-02,9.775784753363228607e-02,9.393346379647748989e-02,7.334525939177101439e-02,6.934812760055478198e-02,9.471365638766519879e-02,8.557844690966719126e-02,9.102482495225970582e-02,2.778288868445262239e-01,8.325791855203619474e-02,0.000000000000000000e+00,1.098901098901098883e-01,6.607929515418502209e-02,2.010342598577892770e-01,2.010398613518197541e-01,9.439528023598819928e-02,5.664062500000000000e-02,7.089552238805969797e-02,9.629629629629629650e-02,0.000000000000000000e+00,9.345794392523364136e-02,0.000000000000000000e+00,7.664233576642336121e-02,7.555555555555555636e-02,1.988538681948424092e-01,6.648005598320504139e-02,8.206485771012574093e-02,0.000000000000000000e+00,6.589147286821706029e-02,7.814569536423840446e-02,1.077844311377245540e-01,9.523809523809523281e-02,9.821428571428571230e-02,9.186351706036745279e-02,8.405797101449274944e-02,9.429280397022332671e-02,1.098901098901098883e-01,1.073298429319371750e-01,9.016393442622951115e-02,1.262135922330097082e-01,1.056701030927835044e-01,1.096256684491978550e-01,8.883248730964467266e-02,9.264305177111716028e-02,1.016548463356973936e-01,1.056511056511056507e-01,1.186440677966101725e-01,9.915014164305949174e-02,1.160220994475138073e-01,9.285714285714286031e-02
8.817354793561930915e-02,8.019093078758950111e-02,1.307189542483660205e-01,1.741767764298093601e-01,1.941251596424010128e-01,1.269841269841269771e-01,0.000000000000000000e+00,0.000000000000000000e+00,0.000000000000000000e+00,8.482142857142857539e-02,8.149010477299184485e-02,9.447415329768270309e-02,1.021276595744680799e-01,0.000000000000000000e+00,8.407871198568872551e-02,1.100000000000000006e-01,9.362745098039215730e-02,2.295010845986984738e-01,1.035502958579881672e-01,1.401515151515151381e-01,1.439252336448598180e-01,0.000000000000000000e+00,2.124946876328091816e-01,2.177858439201451890e-01,8.108108108108108558e-02,0.000000000000000000e+00,6.211180124223602411e-02,7.415254237288135264e-02,7.981927710843372825e-02,9.675324675324675772e-02,7.777777777777777901e-02,1.879875195007800204e-01,5.045278137128072354e-02,7.648870636550307578e-02,2.107843137254901966e-01,8.328579577866514205e-02,7.021131561008861488e-02,6.306306306306305731e-02,1.079136690647481966e-01,7.017543859649122417e-02,1.633466135458167268e-01,7.715736040609137703e-02,9.610983981693363432e-02,6.792622582096266570e-02,8.674698795180722788e-02,0.000000000000000000e+00,9.726603575184017414e-02,1.092150170648464175e-01,7.842356687898088818e-02,5.633802816901408578e-02,7.829742511823437057e-02,6.060606060606060774e-02,6.580829756795422703e-02,5.777777777777777513e-02,6.133333333333332998e-02,1.988165680473372721e-01,1.006944444444444475e-01,1.218274111675126947e-01,1.262553802008608284e-01,7.598499061913696617e-02,1.272727272727272596e-01,2.284210526315789413e-01,2.436738519212746090e-01,1.766004415011037665e-01,8.097345132743362373e-02,8.951406649616368283e-02,4.300091491308325603e-02,8.701134930643127097e-02,1.059063136456211834e-01,5.177993527508090860e-02,6.318956870611835974e-02,6.519337016574586197e-02,1.144186046511627974e-01,6.365159128978224723e-02,2.083333333333333426e-01,9.568261376896149140e-02,4.784688995215310992e-02,7.899934167215273695e-02,2.119205298013245031e-01,5.987261146496815345e-02,2.283044058744993221e-01,1.845161290322580583e-01,1.137184115523465766e-01,1.107011070110701101e-01,1.525262154432793227e-01,1.074681238615664836e-01,8.002991772625279998e-02,0.000000000000000000e+00,7.647547797173732953e-02,6.840684068406840956e-02,1.005830903790087411e-01,8.996539792387543699e-02,2.048748353096179198e-01,7.821782178217821790e-02,1.273291925465838414e-01,2.069167643610785590e-01,1.720430107526881858e-01,5.875152998776009966e-02,6.485355648535565121e-02,1.852367688022284187e-01,7.629255989911727653e-02,6.590257879656159778e-02,8.810068649885582914e-02,6.518590053114436955e-02,8.521418701059420286e-02,3.086419753086419582e-02,5.572755417956656160e-02,0.000000000000000000e+00,7.598371777476255196e-02,0.000000000000000000e+00,5.952380952380952051e-02,8.601373328514637373e-02,1.353811149032992101e-01,9.238249594813614796e-02,7.127882599580712131e-02,6.107784431137724263e-02,8.838383838383838398e-02,7.964205816554810469e-02,1.583577712609970656e-01,8.351810790835180465e-02,1.921259842519685013e-01,8.507223113964687555e-02,5.428571428571428437e-02,8.523521192361434295e-02,1.167664670658682680e-01,8.357558139534883301e-02,8.583391486392184799e-02,9.444072337575351583e-02,1.066417212347988835e-01,7.337526205450733974e-02,0.000000000000000000e+00,1.007371007371007376e-01,0.000000000000000000e+00,9.229898074745186698e-02,9.336609336609336118e-02,7.129798903107860408e-02,6.896551724137930939e-02,1.016374929418407680e-01,9.066666666666667318e-02,9.098712446351930883e-02,8.225108225108225535e-02,7.388916625062406929e-02,7.600950118764845942e-02,9.203296703296703907e-02,6.995884773662551515e-02,0.000000000000000000e+00,8.504398826979471526e-02,0.000000000000000000e+00,0.000000000000000000e+00,8.808724832214764877e-02,7.992007992007992001e-02,8.252063015753938191e-02,1.478873239436619691e-01,8.368794326241134340e-02,1.301395699735948819e-01,1.244323342415985523e-01,1.525144270403957225e-01,5.797101449275362389e-02,1.715328467153284797e-01,1.005639097744360916e-01,9.064327485380116456e-02,8.579881656804733137e-02,1.755447941888619856e-01,9.503105590062112251e-02,2.173252279635258244e-01,0.000000000000000000e+00,1.282565130260520936e-01,0.000000000000000000e+00,7.169811320754716777e-02,1.820224719101123656e-01,9.304467987102717219e-02,0.000000000000000000e+00,0.000000000000000000e+00,1.575342465753424570e-01,5.463576158940397498e-02,8.111702127659574380e-02,8.222103577148959230e-02,2.247116968698517347e-01,1.220159151193633967e-01,7.954545454545454419e-02,1.965065502183405977e-01,5.535055350553505504e-02,9.526462395543175421e-02,3.921568627450980338e-02,2.020202020202020166e-01,8.691715708465369561e-02,5.952380952380952051e-02,0.000000000000000000e+00,1.076923076923076983e-01,5.999999999999999778e-02,0.000000000000000000e+00,9.918543363679922786e-02,7.131782945736434010e-02,8.405797101449274944e-02,2.497461928934010256e-01,1.662049861495844827e-01,5.929487179487179238e-02,0.000000000000000000e+00,7.549668874172185684e-02,7.797537619699042299e-02,8.116627265563436389e-02,8.213256484149855652e-02,4.150039904229848448e-02,1.037946428571428631e-01,8.791208791208791895e-02,7.446808510638297518e-02,1.064814814814814825e-01,8.343125734430081875e-02,0.000000000000000000e+00,8.191126279863480963e-02,1.313131313131313260e-01,1.048014773776546615e-01,5.089820359281437001e-02,1.095305832147937392e-01,1.095686663361427893e-01,2.079772079772079785e-01,2.275641025641025605e-01,0.000000000000000000e+00,5.194805194805195148e-02,0.000000000000000000e+00,0.000000000000000000e+00,8.284023668639053928e-02,7.363420427553443726e-02,8.908045977011494476e-02,2.004716981132075582e-01,0.000000000000000000e+00,8.291873963515754287e-02,0.000000000000000000e+00,9.315491507977353980e-02,8.136094674556212936e-02,2.377358490566037763e-01,8.578431372549019662e-02,0.000000000000000000e+00,0.000000000000000000e+00,7.724329324699352739e-02,2.279069767441860572e-01,7.055630936227950956e-02,1.580524344569288475e-01,1.121428571428571414e-01,1.966824644549763079e-01,9.904371584699453446e-02,2.029036827195467296e-01,9.439528023598819928e-02,7.619047619047619735e-02,9.248554913294797231e-02,8.767627222562844602e-02,7.912087912087911734e-02,8.271604938271605312e-02,8.376753507014028655e-02,1.385314155942467818e-01,0.000000000000000000e+00,8.156028368794326910e-02,1.553846153846153710e-01,8.769448373408769704e-02,2.156573116691285208e-01,1.220238095238095205e-01,0.000000000000000000e+00,1.740331491712707179e-01,7.557189542483659650e-02,9.118279569892473457e-02,0.000000000000000000e+00,1.108786610878661066e-01,0.000000000000000000e+00,0.000000000000000000e+00,1.868852459016393519e-01,0.000000000000000000e+00,6.966292134831460203e-02,7.591623036649214340e-02,6.854345165238677484e-02,5.369807497467071755e-02,6.738544474393530492e-02,1.863753213367609352e-01,1.132478632478632480e-01,2.233676975945017296e-01,7.974816369359916113e-02,1.003937007874015769e-01,9.404205607476635864e-02,1.075555555555555570e-01,8.040201005025125747e-02,2.135167464114832436e-01,0.000000000000000000e+00,3.365384615384615224e-02,6.748466257668711554e-02,8.100000000000000255e-02,6.329113924050633333e-02,8.426183844011142510e-02,6.878306878306877925e-02,6.815020862308762695e-02,6.179775280898876233e-02,0.000000000000000000e+00,7.262569832402235304e-02,0.000000000000000000e+00,6.940874035989717805e-02,7.716049382716048954e-02,9.396853146853147154e-02,2.008178100863244053e-01,1.006711409395973089e-01,0.000000000000000000e+00,1.461988304093567170e-01,1.518438177874186501e-01,1.093394077448747170e-01,1.127659574468085069e-01,9.698275862068965469e-02,1.132437619961612352e-01,8.185840707964602003e-02,9.677419354838709409e-02,1.031894934333958680e-01,1.042830540037243958e-01,7.736943907156673683e-02,8.703703703703703776e-02,9.908256880733945504e-02,9.210526315789473173e-02,1.054687500000000000e-01,7.099391480730223025e-02,9.541284403669725300e-02,9.274193548387096864e-02,6.695464362850972462e-02,7.768924302788844660e-02,8.383233532934131205e-02,8.789062500000000000e-02
0.000000000000000000e+00,0.000000000000000000e+00,0.000000000000000000e+00,0.000000000000000000e+00,0.000000000000000000e+00,0.000000000000000000e+00,0.000000000000000000e+00,0.000000000000000000e+00,0.000000000000000000e+00,0.000000000000000000e+00,0.000000000000000000e+00,0.000000000000000000e+00,0.000000000000000000e+00,0.000000000000000000e+00,0.000000000000000000e+00,0.000000000000000000e+00,0.000000000000000000e+00,0.000000000000000000e+00,0.000000000000000000e+00,0.000000000000000000e+00,0.000000000000000000e+00,0.000000000000000000e+00,0.000000000000000000e+00,0.000000000000000000e+00,0.000000000000000000e+00,0.000000000000000000e+00,0.000000000000000000e+00,0.000000000000000000e+00,0.000000000000000000e+00,0.000000000000000000e+00,0.000000000000000000e+00,0.000000000000000000e+00,0.000000000000000000e+00,0.000000000000000000e+00,0.000000000000000000e+00,0.000000000000000000e+00,0.000000000000000000e+00,0.000000000000000000e+00,0.000000000000000000e+00,0.000000000000000000e+00,0.000000000000000000e+00,0.000000000000000000e+00,0.000000000000000000e+00,0.000000000000000000e+00,0.000000000000000000e+00,0.000000000000000000e+00,0.000000000000000000e+00,0.000000000000000000e+00,0.000000000000000000e+00,0.000000000000000000e+00,0.000000000000000000e+00,0.000000000000000000e+00,0.000000000000000000e+00,0.000000000000000000e+00,0.000000000000000000e+00,0.000000000000000000e+00,0.000000000000000000e+00,0.000000000000000000e+00,0.000000000000000000e+00,0.000000000000000000e+00,0.000000000000000000e+00,0.000000000000000000e+00,0.000000000000000000e+00,0.000000000000000000e+00,0.000000000000000000e+00,0.000000000000000000e+00,0.000000000000000000e+00,0.000000000000000000e+00,0.000000000000000000e+00,0.000000000000000000e+00,0.000000000000000000e+00,0.000000000000000000e+00,0.000000000000000000e+00,0.000000000000000000e+00,0.000000000000000000e+00,0.000000000000000000e+00,0.000000000000000000e+00,0.000000000000000000e+00,0.000000000000000000e+00,0.000000000000000000e+00,0.000000000000000000e+00,0.000000000000000000e+00,0.000000000000000000e+00,0.000000000000000000e+00,0.000000000000000000e+00,0.000000000000000000e+00,0.000000000000000000e+00,0.000000000000000000e+00,0.000000000000000000e+00,0.000000000000000000e+00,0.000000000000000000e+00,0.000000000000000000e+00,0.000000000000000000e+00,0.000000000000000000e+00,0.000000000000000000e+00,0.000000000000000000e+00,0.000000000000000000e+00,0.000000000000000000e+00,0.000000000000000000e+00,0.000000000000000000e+00,0.000000000000000000e+00,0.000000000000000000e+00,0.000000000000000000e+00,0.000000000000000000e+00,0.000000000000000000e+00,0.000000000000000000e+00,0.000000000000000000e+00,0.000000000000000000e+00,0.000000000000000000e+00,0.000000000000000000e+00,0.000000000000000000e+00,0.000000000000000000e+00,0.000000000000000000e+00,0.000000000000000000e+00,0.000000000000000000e+00,0.000000000000000000e+00,0.000000000000000000e+00,0.000000000000000000e+00,0.000000000000000000e+00,0.000000000000000000e+00,0.000000000000000000e+00,0.000000000000000000e+00,0.000000000000000000e+00,0.000000000000000000e+00,0.000000000000000000e+00,0.000000000000000000e+00,0.000000000000000000e+00,0.000000000000000000e+00,0.000000000000000000e+00,0.000000000000000000e+00,0.000000000000000000e+00,0.000000000000000000e+00,0.000000000000000000e+00,0.000000000000000000e+00,0.000000000000000000e+00,0.000000000000000000e+00,0.000000000000000000e+00,0.000000000000000000e+00,0.000000000000000000e+00,0.000000000000000000e+00,0.000000000000000000e+00,0.000000000000000000e+00,0.000000000000000000e+00,0.000000000000000000e+00,0.000000000000000000e+00,0.000000000000000000e+00,0.000000000000000000e+00,0.000000000000000000e+00,0.000000000000000000e+00,0.000000000000000000e+00,0.000000000000000000e+00,0.000000000000000000e+00,0.000000000000000000e+00,0.000000000000000000e+00,0.000000000000000000e+00,0.000000000000000000e+00,0.000000000000000000e+00,0.000000000000000000e+00,0.000000000000000000e+00,0.000000000000000000e+00,0.000000000000000000e+00,0.000000000000000000e+00,0.000000000000000000e+00,0.000000000000000000e+00,0.000000000000000000e+00,0.000000000000000000e+00,0.000000000000000000e+00,0.000000000000000000e+00,0.000000000000000000e+00,0.000000000000000000e+00,0.000000000000000000e+00,0.000000000000000000e+00,0.000000000000000000e+00,0.000000000000000000e+00,0.000000000000000000e+00,0.000000000000000000e+00,0.000000000000000000e+00,0.000000000000000000e+00,0.000000000000000000e+00,0.000000000000000000e+00,0.000000000000000000e+00,0.000000000000000000e+00,0.000000000000000000e+00,0.000000000000000000e+00,0.000000000000000000e+00,0.000000000000000000e+00,0.000000000000000000e+00,0.000000000000000000e+00,0.000000000000000000e+00,0.000000000000000000e+00,0.000000000000000000e+00,0.000000000000000000e+00,0.000000000000000000e+00,0.000000000000000000e+00,0.000000000000000000e+00,0.000000000000000000e+00,0.000000000000000000e+00,0.000000000000000000e+00,0.000000000000000000e+00,0.000000000000000000e+00,0.000000000000000000e+00,0.000000000000000000e+00,0.000000000000000000e+00,0.000000000000000000e+00,0.000000000000000000e+00,0.000000000000000000e+00,0.000000000000000000e+00,0.000000000000000000e+00,0.000000000000000000e+00,0.000000000000000000e+00,0.000000000000000000e+00,0.000000000000000000e+00,0.000000000000000000e+00,0.000000000000000000e+00,0.000000000000000000e+00,0.000000000000000000e+00,0.000000000000000000e+00,0.000000000000000000e+00,0.000000000000000000e+00,0.000000000000000000e+00,0.000000000000000000e+00,0.000000000000000000e+00,0.000000000000000000e+00,0.000000000000000000e+00,0.000000000000000000e+00,0.000000000000000000e+00,0.000000000000000000e+00,0.000000000000000000e+00,0.000000000000000000e+00,0.000000000000000000e+00,0.000000000000000000e+00,0.000000000000000000e+00,0.000000000000000000e+00,0.000000000000000000e+00,0.000000000000000000e+00,0.000000000000000000e+00,0.000000000000000000e+00,0.000000000000000000e+00,0.000000000000000000e+00,0.000000000000000000e+00,0.000000000000000000e+00,0.000000000000000000e+00,0.000000000000000000e+00,0.000000000000000000e+00,0.000000000000000000e+00,0.000000000000000000e+00,0.000000000000000000e+00,0.000000000000000000e+00,0.000000000000000000e+00,0.000000000000000000e+00,0.000000000000000000e+00,0.000000000000000000e+00,0.000000000000000000e+00,0.000000000000000000e+00,0.000000000000000000e+00,0.000000000000000000e+00,0.000000000000000000e+00,0.000000000000000000e+00,0.000000000000000000e+00,0.000000000000000000e+00,0.000000000000000000e+00,0.000000000000000000e+00,0.000000000000000000e+00,0.000000000000000000e+00,0.000000000000000000e+00,0.000000000000000000e+00,0.000000000000000000e+00,0.000000000000000000e+00,0.000000000000000000e+00,0.000000000000000000e+00,0.000000000000000000e+00,0.000000000000000000e+00,0.000000000000000000e+00,0.000000000000000000e+00,0.000000000000000000e+00,0.000000000000000000e+00,0.000000000000000000e+00,0.000000000000000000e+00,0.000000000000000000e+00,0.000000000000000000e+00,0.000000000000000000e+00,0.000000000000000000e+00,0.000000000000000000e+00,0.000000000000000000e+00,0.000000000000000000e+00,0.000000000000000000e+00,0.000000000000000000e+00,0.000000000000000000e+00,0.000000000000000000e+00,0.000000000000000000e+00,0.000000000000000000e+00,0.000000000000000000e+00,0.000000000000000000e+00,0.000000000000000000e+00,0.000000000000000000e+00,0.000000000000000000e+00,0.000000000000000000e+00,0.000000000000000000e+00,0.000000000000000000e+00,0.000000000000000000e+00,0.000000000000000000e+00,0.000000000000000000e+00,0.000000000000000000e+00,0.000000000000000000e+00,0.000000000000000000e+00,0.000000000000000000e+00,0.000000000000000000e+00,0.000000000000000000e+00,0.000000000000000000e+00,0.000000000000000000e+00,0.000000000000000000e+00,0.000000000000000000e+00,0.000000000000000000e+00,0.000000000000000000e+00,0.000000000000000000e+00,0.000000000000000000e+00,0.000000000000000000e+00,0.000000000000000000e+00,0.000000000000000000e+00,0.000000000000000000e+00
6.052631578947368363e-01,4.310344827586206629e-01,3.333333333333333148e-01,2.258064516129032195e-01,1.250000000000000000e-01,3.750000000000000000e-01,0.000000000000000000e+00,0.000000000000000000e+00,0.000000000000000000e+00,0.000000000000000000e+00,4.210526315789473450e-01,2.500000000000000000e-01,1.250000000000000000e-01,0.000000000000000000e+00,8.750000000000000000e-01,2.500000000000000000e-01,1.463414634146341375e-01,2.931034482758620441e-01,5.714285714285713969e-01,6.666666666666666297e-01,4.615384615384615641e-01,0.000000000000000000e+00,2.407407407407407274e-01,2.156862745098039325e-01,5.714285714285713969e-01,0.000000000000000000e+00,0.000000000000000000e+00,2.999999999999999889e-01,5.200000000000000178e-01,3.571428571428571508e-01,4.000000000000000222e-01,3.076923076923077094e-01,5.909090909090909394e-01,4.666666666666666741e-01,2.553191489361701927e-01,4.222222222222222210e-01,2.758620689655172376e-01,5.454545454545454142e-01,5.714285714285713969e-01,3.636363636363636465e-01,2.500000000000000000e-01,4.400000000000000022e-01,3.076923076923077094e-01,4.799999999999999822e-01,4.117647058823529216e-01,0.000000000000000000e+00,4.629629629629629650e-01,1.000000000000000000e+00,5.090909090909090384e-01,1.000000000000000000e+00,4.375000000000000000e-01,0.000000000000000000e+00,5.294117647058823595e-01,5.999999999999999778e-01,0.000000000000000000e+00,4.117647058823529216e-01,5.000000000000000000e-01,6.666666666666666297e-01,3.750000000000000000e-01,4.444444444444444198e-01,5.000000000000000000e-01,2.666666666666666630e-01,1.799999999999999933e-01,4.444444444444444198e-01,4.285714285714285476e-01,5.000000000000000000e-01,7.272727272727272929e-01,4.500000000000000111e-01,4.000000000000000222e-01,3.913043478260869734e-01,6.326530612244898322e-01,5.000000000000000000e-01,4.047619047619047672e-01,5.000000000000000000e-01,1.842105263157894635e-01,7.741935483870967527e-01,5.714285714285713969e-01,6.229508196721311730e-01,2.500000000000000000e-01,3.243243243243243423e-01,2.444444444444444364e-01,2.272727272727272652e-01,3.571428571428571508e-01,5.000000000000000000e-01,2.173913043478260809e-01,3.333333333333333148e-01,5.172413793103448620e-01,0.000000000000000000e+00,5.000000000000000000e-01,6.111111111111111605e-01,3.529411764705882582e-01,5.833333333333333703e-01,3.333333333333333148e-01,3.170731707317073211e-01,5.714285714285713969e-01,3.555555555555555691e-01,2.241379310344827624e-01,5.000000000000000000e-01,1.666666666666666574e-01,4.390243902439024404e-01,4.230769230769230727e-01,4.500000000000000111e-01,7.500000000000000000e-01,5.094339622641509413e-01,5.084745762711864181e-01,5.999999999999999778e-01,1.000000000000000000e+00,0.000000000000000000e+00,5.999999999999999778e-01,0.000000000000000000e+00,5.000000000000000000e-01,3.333333333333333148e-01,4.285714285714285476e-01,5.999999999999999778e-01,3.809523809523809312e-01,1.250000000000000000e-01,2.352941176470588203e-01,4.531250000000000000e-01,1.666666666666666574e-01,4.310344827586206629e-01,2.500000000000000000e-01,5.128205128205127750e-01,5.454545454545454142e-01,3.676470588235294379e-01,3.636363636363636465e-01,4.545454545454545303e-01,5.483870967741935054e-01,2.307692307692307820e-01,2.407407407407407274e-01,5.000000000000000000e-01,0.000000000000000000e+00,4.166666666666666852e-01,0.000000000000000000e+00,3.095238095238095344e-01,3.529411764705882582e-01,1.538461538461538547e-01,6.250000000000000000e-01,3.333333333333333148e-01,3.333333333333333148e-01,3.333333333333333148e-01,2.857142857142856984e-01,3.846153846153846367e-01,6.250000000000000000e-01,5.833333333333333703e-01,5.000000000000000000e-01,0.000000000000000000e+00,2.500000000000000000e-01,0.000000000000000000e+00,0.000000000000000000e+00,0.000000000000000000e+00,4.210526315789473450e-01,4.090909090909091161e-01,5.555555555555555802e-01,3.333333333333333148e-01,4.729729729729729715e-01,3.684210526315789269e-01,2.258064516129032195e-01,2.222222222222222099e-01,5.714285714285713969e-01,3.157894736842105088e-01,3.225806451612903136e-01,2.000000000000000111e-01,2.258064516129032195e-01,5.098039215686274161e-01,4.166666666666666852e-01,0.000000000000000000e+00,5.999999999999999778e-01,0.000000000000000000e+00,4.615384615384615641e-01,2.857142857142856984e-01,3.472222222222222099e-01,0.000000000000000000e+00,0.000000000000000000e+00,0.000000000000000000e+00,5.000000000000000000e-01,2.666666666666666630e-01,4.035087719298245390e-01,2.891566265060240837e-01,4.545454545454545303e-01,6.511627906976744651e-01,5.999999999999999778e-01,0.000000000000000000e+00,2.727272727272727071e-01,0.000000000000000000e+00,3.750000000000000000e-01,2.399999999999999911e-01,1.000000000000000000e+00,0.000000000000000000e+00,8.571428571428570953e-01,5.999999999999999778e-01,0.000000000000000000e+00,4.642857142857143016e-01,4.333333333333333481e-01,6.250000000000000000e-01,1.379310344827586188e-01,2.702702702702702853e-01,2.500000000000000000e-01,0.000000000000000000e+00,5.000000000000000000e-01,5.000000000000000000e-01,4.074074074074073848e-01,3.684210526315789269e-01,2.608695652173912971e-01,4.545454545454545303e-01,1.818181818181818232e-01,5.000000000000000000e-01,2.000000000000000111e-01,4.090909090909091161e-01,0.000000000000000000e+00,5.000000000000000000e-01,5.454545454545454142e-01,4.843750000000000000e-01,5.000000000000000000e-01,5.000000000000000000e-01,2.037037037037036924e-01,2.857142857142856984e-01,2.653061224489796088e-01,0.000000000000000000e+00,7.500000000000000000e-01,0.000000000000000000e+00,0.000000000000000000e+00,7.500000000000000000e-01,2.380952380952380820e-01,5.000000000000000000e-01,2.653061224489796088e-01,0.000000000000000000e+00,1.000000000000000056e-01,0.000000000000000000e+00,4.186046511627907196e-01,5.714285714285713969e-01,1.818181818181818232e-01,2.500000000000000000e-01,0.000000000000000000e+00,0.000000000000000000e+00,7.666666666666667185e-01,3.333333333333333148e-01,3.593750000000000000e-01,2.903225806451613100e-01,4.259259259259259300e-01,2.500000000000000000e-01,3.958333333333333148e-01,2.250000000000000056e-01,3.571428571428571508e-01,7.500000000000000000e-01,4.000000000000000222e-01,1.666666666666666574e-01,5.454545454545454142e-01,4.500000000000000111e-01,5.400000000000000355e-01,2.500000000000000000e-01,0.000000000000000000e+00,0.000000000000000000e+00,2.999999999999999889e-01,5.428571428571428159e-01,3.599999999999999867e-01,4.000000000000000222e-01,0.000000000000000000e+00,3.846153846153846367e-01,2.380952380952380820e-01,4.237288135593220151e-01,0.000000000000000000e+00,2.222222222222222099e-01,0.000000000000000000e+00,0.000000000000000000e+00,4.285714285714285476e-01,0.000000000000000000e+00,6.428571428571429047e-01,4.242424242424242542e-01,3.888888888888888951e-01,4.736842105263157632e-01,4.193548387096774355e-01,2.999999999999999889e-01,5.142857142857142350e-01,2.727272727272727071e-01,2.592592592592592449e-01,0.000000000000000000e+00,4.230769230769230727e-01,3.541666666666666852e-01,4.615384615384615641e-01,2.909090909090908950e-01,0.000000000000000000e+00,6.666666666666666297e-01,3.333333333333333148e-01,2.777777777777777901e-01,3.888888888888888951e-01,5.517241379310344751e-01,8.461538461538461453e-01,6.153846153846154188e-01,5.999999999999999778e-01,0.000000000000000000e+00,3.333333333333333148e-01,0.000000000000000000e+00,5.789473684210526550e-01,2.000000000000000111e-01,4.848484848484848619e-01,3.582089552238805763e-01,4.827586206896551935e-01,0.000000000000000000e+00,3.333333333333333148e-01,5.000000000000000000e-01,4.615384615384615641e-01,2.857142857142856984e-01,5.000000000000000000e-01,5.555555555555555802e-01,5.000000000000000000e-01,4.444444444444444198e-01,2.380952380952380820e-01,2.222222222222222099e-01,5.555555555555555802e-01,2.941176470588235392e-01,5.625000000000000000e-01,2.352941176470588203e-01,4.210526315789473450e-01,4.705882352941176405e-01,5.999999999999999778e-01,2.999999999999999889e-01,5.882352941176470784e-01,1.250000000000000000e-01,5.384615384615384359e-01,2.142857142857142738e-01
2.999999999999999889e-01,3.428571428571428603e-01,6.875000000000000000e-01,4.736842105263157632e-01,5.000000000000000000e-01,4.545454545454545303e-01,0.000000000000000000e+00,0.000000000000000000e+00,0.000000000000000000e+00,1.000000000000000000e+00,5.454545454545454142e-01,7.272727272727272929e-01,7.500000000000000000e-01,0.000000000000000000e+00,6.999999999999999556e-01,4.615384615384615641e-01,6.304347826086956763e-01,4.259259259259259300e-01,1.428571428571428492e-01,5.000000000000000000e-01,2.000000000000000111e-01,0.000000000000000000e+00,3.478260869565217295e-01,5.555555555555555802e-01,5.000000000000000000e-01,0.000000000000000000e+00,2.999999999999999889e-01,3.846153846153846367e-01,2.777777777777777901e-01,4.000000000000000222e-01,0.000000000000000000e+00,4.210526315789473450e-01,0.000000000000000000e+00,4.814814814814814548e-01,4.418604651162790775e-01,3.870967741935483764e-01,7.435897435897436125e-01,2.857142857142856984e-01,2.222222222222222099e-01,3.636363636363636465e-01,8.000000000000000444e-01,1.666666666666666574e-01,5.999999999999999778e-01,4.054054054054054279e-01,4.500000000000000111e-01,0.000000000000000000e+00,4.736842105263157632e-01,0.000000000000000000e+00,4.583333333333333148e-01,3.333333333333333148e-01,7.222222222222222099e-01,2.500000000000000000e-01,2.142857142857142738e-01,3.333333333333333148e-01,7.142857142857143016e-01,4.666666666666666741e-01,5.999999999999999778e-01,4.545454545454545303e-01,5.000000000000000000e-01,3.809523809523809312e-01,5.999999999999999778e-01,3.055555555555555802e-01,3.913043478260869734e-01,4.545454545454545303e-01,4.464285714285714524e-01,5.714285714285713969e-01,4.444444444444444198e-01,5.714285714285713969e-01,2.727272727272727071e-01,3.333333333333333148e-01,3.636363636363636465e-01,5.294117647058823595e-01,4.852941176470588203e-01,7.500000000000000000e-01,3.478260869565217295e-01,2.857142857142856984e-01,5.999999999999999778e-01,4.117647058823529216e-01,1.250000000000000000e-01,5.000000000000000000e-01,4.047619047619047672e-01,2.000000000000000111e-01,4.666666666666666741e-01,2.500000000000000000e-01,3.333333333333333148e-01,3.333333333333333148e-01,2.399999999999999911e-01,0.000000000000000000e+00,7.199999999999999734e-01,5.882352941176470784e-01,6.666666666666666297e-01,5.000000000000000000e-01,4.444444444444444198e-01,8.437500000000000000e-01,7.272727272727272929e-01,3.030303030303030387e-01,5.000000000000000000e-01,2.666666666666666630e-01,3.750000000000000000e-01,4.210526315789473450e-01,3.846153846153846367e-01,3.157894736842105088e-01,3.571428571428571508e-01,4.000000000000000222e-01,3.414634146341463672e-01,2.500000000000000000e-01,1.428571428571428492e-01,0.000000000000000000e+00,5.454545454545454142e-01,0.000000000000000000e+00,3.333333333333333148e-01,3.200000000000000067e-01,2.352941176470588203e-01,3.076923076923077094e-01,6.500000000000000222e-01,7.500000000000000000e-01,7.058823529411765163e-01,3.673469387755102233e-01,2.592592592592592449e-01,4.666666666666666741e-01,2.608695652173912971e-01,4.000000000000000222e-01,5.000000000000000000e-01,4.901960784313725283e-01,5.000000000000000000e-01,4.230769230769230727e-01,4.230769230769230727e-01,5.813953488372093359e-01,6.562500000000000000e-01,0.000000000000000000e+00,0.000000000000000000e+00,7.500000000000000000e-01,0.000000000000000000e+00,6.851851851851852304e-01,6.363636363636363535e-01,1.000000000000000000e+00,3.750000000000000000e-01,3.225806451612903136e-01,8.000000000000000444e-01,6.216216216216216006e-01,1.000000000000000000e+00,3.666666666666666408e-01,7.142857142857142461e-02,1.000000000000000056e-01,0.000000000000000000e+00,0.000000000000000000e+00,5.000000000000000000e-01,0.000000000000000000e+00,0.000000000000000000e+00,6.285714285714285587e-01,6.756756756756756577e-01,3.793103448275861878e-01,3.333333333333333148e-01,7.647058823529411242e-01,5.333333333333333259e-01,5.555555555555555802e-01,5.416666666666666297e-01,5.555555555555555802e-01,5.000000000000000000e-01,4.500000000000000111e-01,7.096774193548387455e-01,8.571428571428570953e-01,5.999999999999999778e-01,3.548387096774193727e-01,3.529411764705882582e-01,0.000000000000000000e+00,5.714285714285713969e-01,0.000000000000000000e+00,4.615384615384615641e-01,5.000000000000000000e-01,3.538461538461538658e-01,0.000000000000000000e+00,0.000000000000000000e+00,0.000000000000000000e+00,5.714285714285713969e-01,6.666666666666666297e-01,4.285714285714285476e-01,2.363636363636363591e-01,4.000000000000000222e-01,3.902439024390244038e-01,6.666666666666666297e-01,1.000000000000000000e+00,6.938775510204081565e-01,7.500000000000000000e-01,5.000000000000000000e-01,7.058823529411765163e-01,4.285714285714285476e-01,0.000000000000000000e+00,5.999999999999999778e-01,5.000000000000000000e-01,0.000000000000000000e+00,3.584905660377358250e-01,3.448275862068965747e-01,0.000000000000000000e+00,3.214285714285714524e-01,4.799999999999999822e-01,1.428571428571428492e-01,0.000000000000000000e+00,4.090909090909091161e-01,3.125000000000000000e-01,4.090909090909091161e-01,7.272727272727272929e-01,6.538461538461538547e-01,3.461538461538461453e-01,8.000000000000000444e-01,8.750000000000000000e-01,6.779661016949152241e-01,4.313725490196078649e-01,0.000000000000000000e+00,5.000000000000000000e-01,5.999999999999999778e-01,4.426229508196721230e-01,5.555555555555555802e-01,2.000000000000000111e-01,7.580645161290322509e-01,2.500000000000000000e-01,4.062500000000000000e-01,0.000000000000000000e+00,6.666666666666666297e-01,0.000000000000000000e+00,0.000000000000000000e+00,6.666666666666666297e-01,6.250000000000000000e-01,0.000000000000000000e+00,5.675675675675675436e-01,0.000000000000000000e+00,5.000000000000000000e-01,0.000000000000000000e+00,3.333333333333333148e-01,9.090909090909091161e-02,4.615384615384615641e-01,7.500000000000000000e-01,0.000000000000000000e+00,0.000000000000000000e+00,2.790697674418604612e-01,3.333333333333333148e-01,4.629629629629629650e-01,2.000000000000000111e-01,4.666666666666666741e-01,5.000000000000000000e-01,4.857142857142857095e-01,3.658536585365853577e-01,3.125000000000000000e-01,3.846153846153846367e-01,3.333333333333333148e-01,8.064516129032257563e-01,2.500000000000000000e-01,6.363636363636363535e-01,5.151515151515151381e-01,3.947368421052631637e-01,0.000000000000000000e+00,6.666666666666666297e-01,8.750000000000000000e-01,3.333333333333333148e-01,3.750000000000000000e-01,5.000000000000000000e-01,0.000000000000000000e+00,2.500000000000000000e-01,6.545454545454545414e-01,4.799999999999999822e-01,0.000000000000000000e+00,4.285714285714285476e-01,0.000000000000000000e+00,0.000000000000000000e+00,6.666666666666666297e-01,0.000000000000000000e+00,3.333333333333333148e-01,3.333333333333333148e-01,3.333333333333333148e-01,4.090909090909091161e-01,4.074074074074073848e-01,4.400000000000000022e-01,2.222222222222222099e-01,5.000000000000000000e-01,6.818181818181817677e-01,5.000000000000000000e-01,4.545454545454545303e-01,8.510638297872340496e-01,2.500000000000000000e-01,4.186046511627907196e-01,0.000000000000000000e+00,0.000000000000000000e+00,7.500000000000000000e-01,3.846153846153846367e-01,2.142857142857142738e-01,4.799999999999999822e-01,4.375000000000000000e-01,5.333333333333333259e-01,1.000000000000000000e+00,0.000000000000000000e+00,0.000000000000000000e+00,0.000000000000000000e+00,2.777777777777777901e-01,1.000000000000000000e+00,4.600000000000000200e-01,2.954545454545454697e-01,4.285714285714285476e-01,0.000000000000000000e+00,2.000000000000000111e-01,1.818181818181818232e-01,3.684210526315789269e-01,1.818181818181818232e-01,5.000000000000000000e-01,5.714285714285713969e-01,3.571428571428571508e-01,3.750000000000000000e-01,2.352941176470588203e-01,3.750000000000000000e-01,4.666666666666666741e-01,6.666666666666666297e-01,6.923076923076922906e-01,5.384615384615384359e-01,4.736842105263157632e-01,3.846153846153846367e-01,3.750000000000000000e-01,4.285714285714285476e-01,6.250000000000000000e-01,6.111111111111111605e-01,5.714285714285713969e-01,5.500000000000000444e-01
2.744648318042813284e-01,1.182266009852216693e-01,1.405835543766578155e-01,8.987603305785124563e-02,1.114982578397212543e-01,8.113590263691683457e-02,0.000000000000000000e+00,0.000000000000000000e+00,0.000000000000000000e+00,1.400000000000000133e-01,2.533875338753387441e-01,1.983122362869198241e-01,1.455399061032863761e-01,0.000000000000000000e+00,1.277533039647577029e-01,1.484848484848484973e-01,1.336032388663967729e-01,9.528741584671154841e-02,9.842519685039370636e-02,5.454545454545454281e-02,1.512096774193548432e-01,0.000000000000000000e+00,7.851458885941645094e-02,8.383894098179812959e-02,1.024999999999999939e-01,0.000000000000000000e+00,6.088992974238875699e-02,2.676348547717842252e-01,8.030933967876263679e-02,2.562634216177523405e-01,2.773722627737226221e-01,1.038062283737024166e-01,1.803751803751803828e-01,8.957055214723926018e-02,1.110447761194029853e-01,1.023468057366362510e-01,1.512820512820512719e-01,8.643216080402009449e-02,1.280575539568345189e-01,3.104046242774566311e-01,1.928251121076233199e-01,1.764091858037578342e-01,1.363636363636363535e-01,8.623298033282904285e-02,9.772423025435073018e-02,0.000000000000000000e+00,1.064220183486238591e-01,1.263157894736842146e-01,9.674329501915708562e-02,8.936170212765957854e-02,2.109571788413098226e-01,2.261484098939929299e-01,6.754530477759472518e-02,5.249999999999999806e-02,2.044198895027624363e-01,9.881422924901185623e-02,2.332015810276679979e-01,1.084010840108401152e-01,1.708860759493670833e-01,2.881745120551090777e-01,6.722689075630251809e-02,1.046153846153846101e-01,1.019830028328611859e-01,5.882352941176470507e-02,2.942043222003929426e-01,7.816711590296496204e-02,6.966292134831460203e-02,9.867452135493372245e-02,9.213483146067415197e-02,6.237424547283702131e-02,7.847533632286995964e-02,7.095046854082998067e-02,2.225172596919808843e-01,2.046109510086455419e-01,8.761583824768323647e-02,6.759735488611315346e-02,1.055045871559633086e-01,9.456893277630079586e-02,5.930232558139535148e-02,3.924769339957416836e-01,7.675317504141358771e-02,7.792207792207792028e-02,1.494505494505494470e-01,3.059273422562141520e-01,1.072589382448537326e-01,8.071748878923766524e-02,1.020228671943711474e-01,0.000000000000000000e+00,2.286245353159851168e-01,1.617806731813246357e-01,2.280431432973805961e-01,1.719999999999999862e-01,9.311740890688259553e-02,1.322314049586776896e-01,1.533101045296167142e-01,7.933042212518194580e-02,9.197786998616874765e-02,7.014925373134328623e-02,5.241935483870967943e-02,1.210691823899371078e-01,9.356725146198829890e-02,7.286995515695067482e-02,6.762589928057553823e-02,8.977978543195934413e-02,9.200438116100766173e-02,4.117647058823529355e-02,7.868852459016394130e-02,0.000000000000000000e+00,2.674050632911392222e-01,0.000000000000000000e+00,2.698412698412698263e-01,9.655172413793103314e-02,1.011826544021025009e-01,8.256274768824306554e-02,1.824480369515011635e-01,7.692307692307692735e-02,1.230101302460202550e-01,1.037344398340249024e-01,9.163802978235967289e-02,2.541736227045074958e-01,8.894878706199460527e-02,9.454545454545454364e-02,5.031446540880503415e-02,2.090225563909774431e-01,1.641791044776119424e-01,2.521202775636083304e-01,1.103139013452914818e-01,1.641313050440352250e-01,1.628308400460299066e-01,2.697201017811705070e-01,0.000000000000000000e+00,1.315789473684210453e-01,0.000000000000000000e+00,1.583011583011582901e-01,1.439960139511708981e-01,1.536643026004728130e-01,4.381443298969071865e-02,9.853782581055307854e-02,1.353846153846153810e-01,1.564844587352625938e-01,1.198044009779951069e-01,2.617377226119805833e-01,8.870967741935484319e-02,6.937394247038916606e-02,2.730769230769230504e-01,0.000000000000000000e+00,2.274247491638795859e-01,0.000000000000000000e+00,0.000000000000000000e+00,1.388888888888888951e-01,1.467598475222363363e-01,2.775119617224880431e-01,1.317567567567567433e-01,1.990668740279937787e-01,1.528553027050236213e-01,1.417497231450719763e-01,1.328671328671328644e-01,1.769662921348314488e-01,9.345794392523364136e-02,1.293302540415704471e-01,1.538461538461538547e-01,1.045296167247386776e-01,1.389290882778581870e-01,2.838709677419354871e-01,8.163265306122448328e-02,0.000000000000000000e+00,1.145584725536992893e-01,0.000000000000000000e+00,2.555865921787709438e-01,9.239130434782608092e-02,1.165775401069518713e-01,0.000000000000000000e+00,0.000000000000000000e+00,1.829268292682926789e-01,3.245749613601236483e-01,1.210691823899371078e-01,9.352978859705317338e-02,9.199828840393667329e-02,1.263537906137184030e-01,8.526107072042300727e-02,1.176470588235294101e-01,2.022471910112359494e-01,1.371191135734071975e-01,2.469135802469135665e-02,7.665505226480835710e-02,1.402838427947598332e-01,6.318681318681318437e-02,0.000000000000000000e+00,2.610619469026548845e-01,2.710951526032315817e-01,0.000000000000000000e+00,9.169550173010380945e-02,1.995094031071136531e-01,5.864197530864197205e-02,1.227651966626936847e-01,1.894432393347794674e-01,7.981220657276995312e-02,0.000000000000000000e+00,2.812500000000000000e-01,2.567975830815710236e-01,9.592760180995475727e-02,7.933579335793357334e-02,3.928571428571428492e-01,1.125000000000000028e-01,1.764705882352941291e-01,1.803921568627450955e-01,1.888466413181242032e-01,9.539629805410536345e-02,0.000000000000000000e+00,2.409778812572758999e-01,1.428571428571428492e-01,1.077563768870379995e-01,6.734006734006733885e-02,1.548042704626334531e-01,1.535341830822711529e-01,4.529616724738676214e-02,1.009490940465918862e-01,0.000000000000000000e+00,6.787330316742080927e-02,0.000000000000000000e+00,0.000000000000000000e+00,8.280254777070063243e-02,7.113543091655266659e-02,1.367187500000000000e-01,9.558823529411764053e-02,0.000000000000000000e+00,1.476377952755905387e-01,0.000000000000000000e+00,7.106918238993710502e-02,1.130268199233716436e-01,8.944954128440367469e-02,1.507692307692307665e-01,0.000000000000000000e+00,0.000000000000000000e+00,2.824506749740394729e-01,7.636363636363636964e-02,3.016822429906542147e-01,8.728179551122194901e-02,1.434443074393752515e-01,7.862068965517240993e-02,9.984399375975039348e-02,9.094922737306843086e-02,2.269272529858848975e-01,7.571345369831100625e-02,6.333333333333333870e-02,1.567529741077676730e-01,1.598984771573604136e-01,1.051912568306010987e-01,2.599401453612654733e-01,1.641391614629794937e-01,0.000000000000000000e+00,1.445312500000000000e-01,1.147540983606557402e-01,7.795957651588066029e-02,8.679245283018867385e-02,1.731843575418994530e-01,0.000000000000000000e+00,8.524590163934425702e-02,1.707431796801505142e-01,9.718796250616675014e-02,0.000000000000000000e+00,8.941176470588235725e-02,0.000000000000000000e+00,0.000000000000000000e+00,6.172839506172839164e-02,0.000000000000000000e+00,9.278350515463917869e-02,9.674861221252974153e-02,1.111111111111111049e-01,9.574468085106382920e-02,9.253246753246753553e-02,1.138014527845036261e-01,9.753874202370099722e-02,9.353023909985935802e-02,1.201334816462736321e-01,1.333333333333333315e-01,8.478109798471160363e-02,1.356916578669482565e-01,2.747784045124899155e-01,9.496810772501772246e-02,0.000000000000000000e+00,1.919191919191919060e-01,1.217948717948717924e-01,3.509690937663698107e-01,2.787318361955085644e-01,9.605263157894736170e-02,7.343750000000000278e-02,6.785137318255250738e-02,1.151515151515151575e-01,0.000000000000000000e+00,7.462686567164178442e-02,0.000000000000000000e+00,6.847935548841893594e-02,7.279693486590038676e-02,2.350692785475394231e-01,1.075327510917030577e-01,1.057192374350086617e-01,0.000000000000000000e+00,5.671641791044776393e-02,9.518348623853210844e-02,1.071428571428571369e-01,1.465968586387434436e-01,1.176470588235294101e-01,1.366594360086767768e-01,1.162790697674418589e-01,1.066350710900473980e-01,1.443965517241379282e-01,1.120162932790224053e-01,1.581395348837209280e-01,1.288888888888888862e-01,1.409395973154362325e-01,1.194968553459119509e-01,1.086474501108647406e-01,1.305361305361305291e-01,1.294820717131474064e-01,1.181818181818181795e-01,1.418918918918918859e-01,1.203703703703703637e-01,1.408450704225352179e-01,1.603053435114503711e-01
5.492957746478873693e-01,3.053892215568862478e-01,3.513513513513513709e-01,1.904761904761904656e-01,1.636363636363636354e-01,2.105263157894736725e-01,0.000000000000000000e+00,0.000000000000000000e+00,0.000000000000000000e+00,4.210526315789473450e-01,4.098360655737705027e-01,3.333333333333333148e-01,3.846153846153846367e-01,0.000000000000000000e+00,4.186046511627907196e-01,2.272727272727272652e-01,2.681159420289855322e-01,2.932692307692307820e-01,3.200000000000000067e-01,1.250000000000000000e-01,4.583333333333333148e-01,0.000000000000000000e+00,2.482758620689655138e-01,2.156862745098039325e-01,3.666666666666666408e-01,0.000000000000000000e+00,2.399999999999999911e-01,6.734693877551020114e-01,2.285714285714285643e-01,5.000000000000000000e-01,2.857142857142856984e-01,2.479338842975206680e-01,4.062500000000000000e-01,2.403100775193798555e-01,2.792207792207792028e-01,2.481751824817518270e-01,3.265306122448979331e-01,2.330097087378640852e-01,4.857142857142857095e-01,5.732484076433120856e-01,5.217391304347825942e-01,4.099999999999999756e-01,4.615384615384615641e-01,2.054054054054054168e-01,2.656250000000000000e-01,0.000000000000000000e+00,2.533333333333333548e-01,3.437500000000000000e-01,1.919642857142857262e-01,3.333333333333333148e-01,3.196721311475410054e-01,5.483870967741935054e-01,1.632653061224489666e-01,2.413793103448275967e-01,5.714285714285713969e-01,2.089552238805970075e-01,3.571428571428571508e-01,4.444444444444444198e-01,3.846153846153846367e-01,5.108695652173913526e-01,2.307692307692307820e-01,2.677165354330708902e-01,2.784810126582278333e-01,1.724137931034482873e-01,5.714285714285713969e-01,2.727272727272727071e-01,1.506849315068493067e-01,2.394366197183098455e-01,2.631578947368420907e-01,1.176470588235294101e-01,2.479999999999999982e-01,1.935483870967741882e-01,4.305555555555555802e-01,4.090909090909091161e-01,2.631578947368420907e-01,1.982758620689655249e-01,2.352941176470588203e-01,2.350230414746543872e-01,1.898734177215190000e-01,6.666666666666666297e-01,2.295918367346938826e-01,3.599999999999999867e-01,2.739726027397260122e-01,6.521739130434782705e-01,2.692307692307692180e-01,2.285714285714285643e-01,2.521739130434782483e-01,0.000000000000000000e+00,5.463917525773195338e-01,3.404255319148936088e-01,3.404255319148936088e-01,3.137254901960784270e-01,2.941176470588235392e-01,2.991452991452991372e-01,3.846153846153846367e-01,2.203389830508474534e-01,2.789115646258503167e-01,1.666666666666666574e-01,2.340425531914893664e-01,2.671755725190839703e-01,2.000000000000000111e-01,2.359550561797752743e-01,2.280701754385964786e-01,2.469879518072289060e-01,2.701149425287356354e-01,3.076923076923077094e-01,2.941176470588235392e-01,0.000000000000000000e+00,6.140350877192982670e-01,0.000000000000000000e+00,5.000000000000000000e-01,2.415254237288135541e-01,2.200000000000000011e-01,1.653543307086614289e-01,3.442622950819672067e-01,1.857142857142857206e-01,2.500000000000000000e-01,2.616822429906541791e-01,2.500000000000000000e-01,5.320754716981132004e-01,2.674418604651162545e-01,2.357723577235772416e-01,1.153846153846153910e-01,4.702970297029702706e-01,4.871794871794871695e-01,5.454545454545454142e-01,2.788461538461538547e-01,3.250000000000000111e-01,2.576687116564417290e-01,5.588235294117647189e-01,0.000000000000000000e+00,2.432432432432432567e-01,0.000000000000000000e+00,3.267973856209150374e-01,2.944444444444444531e-01,2.500000000000000000e-01,1.515151515151515194e-01,1.972789115646258473e-01,1.904761904761904656e-01,3.164556962025316666e-01,1.749999999999999889e-01,7.152777777777777901e-01,2.000000000000000111e-01,2.399999999999999911e-01,3.333333333333333148e-01,0.000000000000000000e+00,3.939393939393939226e-01,0.000000000000000000e+00,0.000000000000000000e+00,2.710280373831775447e-01,3.333333333333333148e-01,6.250000000000000000e-01,1.851851851851851749e-01,3.396226415094339424e-01,2.925531914893617080e-01,3.698630136986301165e-01,2.222222222222222099e-01,2.758620689655172376e-01,3.750000000000000000e-01,2.187500000000000000e-01,2.967032967032967039e-01,3.658536585365853577e-01,3.064516129032258118e-01,5.740740740740740700e-01,2.000000000000000111e-01,0.000000000000000000e+00,2.727272727272727071e-01,0.000000000000000000e+00,6.615384615384615197e-01,2.121212121212121271e-01,2.338308457711442689e-01,0.000000000000000000e+00,0.000000000000000000e+00,5.200000000000000178e-01,6.122448979591836871e-01,1.956521739130434867e-01,2.551724137931034586e-01,2.663551401869158619e-01,2.903225806451613100e-01,1.496598639455782309e-01,2.500000000000000000e-01,7.333333333333332815e-01,3.088235294117647189e-01,0.000000000000000000e+00,2.083333333333333426e-01,3.070866141732283561e-01,3.235294117647058987e-01,0.000000000000000000e+00,5.172413793103448620e-01,7.027027027027027417e-01,0.000000000000000000e+00,2.134831460674157244e-01,4.086956521739130710e-01,2.727272727272727071e-01,2.391304347826087029e-01,5.698924731182796188e-01,3.636363636363636465e-01,0.000000000000000000e+00,7.454545454545454808e-01,6.296296296296296502e-01,2.685185185185185452e-01,2.600000000000000089e-01,6.631578947368420573e-01,2.500000000000000000e-01,2.631578947368420907e-01,2.500000000000000000e-01,3.353658536585366057e-01,2.110552763819095456e-01,0.000000000000000000e+00,4.647887323943661886e-01,3.684210526315789269e-01,2.449999999999999956e-01,2.272727272727272652e-01,3.333333333333333148e-01,2.763157894736842368e-01,1.851851851851851749e-01,2.613636363636363535e-01,0.000000000000000000e+00,2.000000000000000111e-01,0.000000000000000000e+00,0.000000000000000000e+00,3.333333333333333148e-01,2.333333333333333370e-01,2.000000000000000111e-01,2.519685039370078705e-01,0.000000000000000000e+00,3.636363636363636465e-01,0.000000000000000000e+00,1.727272727272727293e-01,1.555555555555555580e-01,3.255813953488372325e-01,3.225806451612903136e-01,0.000000000000000000e+00,0.000000000000000000e+00,6.428571428571429047e-01,2.051282051282051211e-01,6.981132075471697673e-01,1.978021978021977934e-01,2.916666666666666852e-01,2.456140350877192846e-01,2.571428571428571175e-01,2.619047619047619180e-01,5.170454545454545858e-01,2.740740740740740811e-01,2.727272727272727071e-01,2.941176470588235392e-01,4.390243902439024404e-01,2.560975609756097615e-01,5.487179487179487669e-01,3.823529411764705621e-01,0.000000000000000000e+00,1.428571428571428492e-01,2.564102564102563875e-01,2.376237623762376128e-01,3.888888888888888951e-01,4.545454545454545303e-01,0.000000000000000000e+00,2.432432432432432567e-01,3.641975308641975384e-01,2.755102040816326259e-01,0.000000000000000000e+00,8.695652173913043237e-02,0.000000000000000000e+00,0.000000000000000000e+00,2.000000000000000111e-01,0.000000000000000000e+00,1.860465116279069742e-01,2.358490566037735880e-01,3.636363636363636465e-01,2.374999999999999889e-01,2.413793103448275967e-01,2.043795620437956206e-01,2.079207920792079112e-01,2.575757575757575690e-01,2.127659574468085124e-01,2.941176470588235392e-01,2.307692307692307820e-01,3.395061728395061817e-01,5.999999999999999778e-01,2.764227642276422814e-01,0.000000000000000000e+00,4.705882352941176405e-01,2.666666666666666630e-01,6.121212121212120660e-01,6.181818181818181657e-01,1.818181818181818232e-01,2.727272727272727071e-01,2.826086956521738913e-01,3.846153846153846367e-01,0.000000000000000000e+00,3.750000000000000000e-01,0.000000000000000000e+00,2.727272727272727071e-01,2.666666666666666630e-01,4.887892376681614581e-01,2.485207100591715901e-01,2.209944751381215378e-01,0.000000000000000000e+00,1.818181818181818232e-01,2.250000000000000056e-01,4.074074074074073848e-01,3.272727272727272707e-01,3.333333333333333148e-01,2.745098039215686514e-01,3.658536585365853577e-01,2.444444444444444364e-01,3.333333333333333148e-01,3.529411764705882582e-01,2.600000000000000089e-01,3.673469387755102233e-01,2.000000000000000111e-01,3.137254901960784270e-01,2.931034482758620441e-01,3.409090909090908839e-01,3.333333333333333148e-01,3.157894736842105088e-01,4.186046511627907196e-01,4.062500000000000000e-01,2.926829268292682751e-01,3.617021276595744905e-01
1.414448669201520958e-01,3.584321815368746722e-01,9.562841530054644323e-02,7.518022657054583557e-02,1.041666666666666713e-01,1.186736474694589927e-01,0.000000000000000000e+00,0.000000000000000000e+00,0.000000000000000000e+00,1.170731707317073239e-01,8.984375000000000000e-02,1.382743362831858336e-01,9.223300970873786475e-02,0.000000000000000000e+00,1.894531250000000000e-01,1.087533156498673714e-01,1.514986376021798253e-01,1.304964539007092139e-01,2.201492537313432807e-01,7.657657657657657158e-02,1.257995735607675969e-01,0.000000000000000000e+00,1.406560636182902502e-01,1.097890751757706895e-01,3.004587155963302503e-01,0.000000000000000000e+00,1.413276231263383420e-01,1.290983606557377095e-01,3.955874807593637854e-01,1.185636856368563752e-01,1.521739130434782705e-01,1.367588932806323987e-01,3.379923761118170389e-01,1.256484149855907895e-01,1.132457027300303315e-01,3.137132122730119099e-01,1.853312302839116854e-01,1.120000000000000023e-01,1.804407713498622501e-01,1.203758073987081650e-01,5.882352941176470507e-02,2.338362068965517127e-01,7.499999999999999722e-02,1.230769230769230838e-01,1.041369472182596262e-01,0.000000000000000000e+00,2.861934041363890513e-01,1.339869281045751592e-01,1.307247665629168443e-01,3.503937007874015630e-01,1.157024793388429784e-01,7.167235494880545843e-02,1.189024390243902385e-01,3.737623762376237613e-01,1.748633879781420764e-01,1.119081779053084647e-01,1.098039215686274495e-01,1.528822055137844527e-01,1.340033500837520819e-01,1.434468524251805988e-01,3.286219081272084841e-01,1.318874560375146443e-01,1.259500542888165042e-01,9.186351706036745279e-02,1.435897435897435792e-01,3.373786407766990458e-01,2.529069767441860517e-01,3.537859007832898084e-01,2.075055187637969145e-01,1.023765996343692919e-01,1.095041322314049548e-01,1.134831460674157327e-01,1.391018619934282496e-01,1.075697211155378502e-01,9.696521095484826602e-02,3.483754512635379164e-01,8.095238095238095621e-02,1.327305605786618381e-01,3.152289669861554899e-01,9.160839160839161222e-02,1.095559845559845591e-01,9.202453987730060958e-02,1.380308880308880326e-01,1.283018867924528295e-01,1.567672833495618312e-01,3.532513181019332205e-01,3.241140881590319767e-01,0.000000000000000000e+00,1.431297709923664008e-01,1.228632478632478570e-01,1.180654338549075449e-01,1.640000000000000069e-01,1.046606704824202816e-01,1.638356164383561742e-01,1.170886075949367083e-01,9.775967413441954967e-02,1.174116077384923240e-01,1.072386058981233264e-01,1.439393939393939503e-01,1.467603434816549535e-01,1.225895316804407748e-01,1.175889328063241118e-01,1.108374384236453236e-01,4.052254098360655865e-01,3.643603782976605476e-01,3.913043478260869734e-01,1.333333333333333315e-01,0.000000000000000000e+00,1.150306748466257689e-01,0.000000000000000000e+00,1.405228758169934644e-01,1.283604695191215561e-01,3.792682926829268331e-01,4.006772009029345161e-01,1.182548794489093058e-01,3.741765480895915541e-01,1.136653895274584991e-01,1.362530413625304138e-01,2.164090368608798942e-01,1.369747899159663995e-01,8.865586272640610388e-02,3.876651982378854777e-01,1.016393442622950810e-01,1.452241715399610056e-01,1.245674740484428999e-01,1.441082802547770658e-01,3.048780487804877981e-01,1.847988077496274251e-01,1.384381338742393386e-01,9.743589743589743668e-02,0.000000000000000000e+00,1.214470284237726128e-01,0.000000000000000000e+00,1.410714285714285698e-01,1.294621608757734466e-01,1.329365079365079361e-01,3.270142180094786633e-01,3.270808909730363312e-01,1.390532544378698110e-01,1.614100185528757059e-01,1.492537313432835688e-01,1.153846153846153910e-01,4.173913043478260643e-01,3.584379358437935759e-01,1.316872427983539207e-01,0.000000000000000000e+00,9.782608695652174335e-02,0.000000000000000000e+00,0.000000000000000000e+00,1.567567567567567655e-01,1.469086783891094816e-01,1.593137254901960675e-01,9.338521400778210246e-02,1.541850220264317228e-01,1.476875242907112196e-01,1.833161688980432524e-01,8.662900188323917339e-02,1.803713527851458776e-01,8.764940239043825243e-02,1.421520236920039426e-01,1.347387717690192444e-01,1.189189189189189255e-01,1.271076523994811858e-01,1.321138211382113792e-01,1.250000000000000000e-01,0.000000000000000000e+00,1.352549889135254979e-01,0.000000000000000000e+00,1.164483260553129534e-01,1.046831955922865043e-01,1.484486873508353288e-01,0.000000000000000000e+00,0.000000000000000000e+00,1.893004115226337436e-01,1.099830795262267402e-01,1.115591397849462346e-01,1.350386674598453296e-01,1.195171026156941624e-01,1.145510835913312736e-01,3.458509993943064686e-01,8.247422680412370977e-02,1.548672566371681325e-01,1.844288449266113517e-01,2.102803738317756965e-01,8.970976253298153236e-02,1.326429980276134235e-01,1.199999999999999956e-01,0.000000000000000000e+00,9.663865546218487756e-02,1.107205623901581781e-01,0.000000000000000000e+00,1.501079913606911398e-01,9.564474807856532257e-02,1.164179104477611887e-01,9.919839679358717632e-02,7.967836257309941772e-02,1.121239744758432133e-01,0.000000000000000000e+00,1.436170212765957577e-01,1.298701298701298579e-01,1.417785234899328894e-01,1.202635914332784162e-01,6.868356500408830112e-02,1.426872770511296018e-01,1.271186440677966045e-01,1.078838174273858974e-01,1.286261631089217206e-01,1.308193668528863929e-01,0.000000000000000000e+00,1.424968474148801956e-01,1.402550091074681315e-01,1.424180327868852514e-01,8.923076923076922462e-02,1.666666666666666574e-01,1.584000000000000130e-01,7.612456747404844348e-02,1.266614542611415040e-01,0.000000000000000000e+00,3.057851239669421295e-01,0.000000000000000000e+00,0.000000000000000000e+00,3.351955307262569628e-01,7.340553549939830835e-02,1.752265861027190452e-01,8.010505581089953642e-02,0.000000000000000000e+00,1.445312500000000000e-01,0.000000000000000000e+00,3.584269662921348298e-01,3.476190476190476053e-01,9.557109557109556841e-02,1.091370558375634459e-01,0.000000000000000000e+00,0.000000000000000000e+00,1.334002006018054076e-01,8.881578947368420907e-02,1.303859123267141207e-01,7.449392712550607920e-02,1.474335638878776777e-01,1.107011070110701101e-01,2.773167358229599033e-01,1.061078912171199290e-01,1.538040503557744909e-01,3.543346774193548154e-01,3.116883116883116811e-01,1.354504212572909816e-01,1.350114416475972634e-01,2.603626943005181160e-01,1.298593879239040572e-01,1.015490533562822678e-01,0.000000000000000000e+00,1.574468085106383031e-01,8.818635607321131942e-02,3.849840255591054361e-01,1.045627376425855570e-01,1.220930232558139483e-01,0.000000000000000000e+00,1.134185303514377019e-01,1.371298405466970516e-01,1.241250583294447041e-01,0.000000000000000000e+00,2.821670428893905402e-01,0.000000000000000000e+00,0.000000000000000000e+00,9.842519685039370636e-02,0.000000000000000000e+00,1.120331950207468924e-01,1.223175965665236065e-01,3.535353535353535359e-01,2.062780269058296090e-01,1.348933241569167107e-01,1.100443131462333773e-01,3.278931750741839735e-01,1.116883116883116839e-01,1.150054764512595806e-01,1.582150101419878274e-01,3.378728923476005397e-01,1.147453083109919586e-01,1.269230769230769162e-01,1.351161154116819196e-01,0.000000000000000000e+00,2.020725388601036232e-01,1.173020527859237605e-01,1.157314629258517080e-01,1.035911602209944743e-01,4.143033292231812492e-01,1.206636500754147828e-01,1.168091168091168058e-01,1.005917159763313612e-01,0.000000000000000000e+00,8.496732026143791194e-02,0.000000000000000000e+00,3.604541154210028631e-01,4.169611307420494906e-01,1.512880562060889833e-01,1.100206611570247878e-01,1.258847320525783575e-01,0.000000000000000000e+00,7.594936708860759722e-02,7.853403141361256501e-02,1.451990632318501118e-01,1.414392059553349901e-01,1.606334841628959398e-01,1.257731958762886570e-01,1.706036745406824262e-01,1.834061135371179152e-01,1.000000000000000056e-01,1.161417322834645688e-01,1.354838709677419484e-01,1.386138613861386260e-01,1.302521008403361436e-01,1.540041067761807048e-01,1.549636803874092084e-01,1.727272727272727293e-01,1.335807050092764348e-01,1.455399061032863761e-01,1.521252796420581588e-01,1.412803532008830021e-01,1.867321867321867224e-01,1.531914893617021267e-01
1.203007518796992414e-01,1.969696969696969613e-01,2.666666666666666630e-01,8.247422680412370977e-02,1.791044776119402882e-01,2.033898305084745894e-01,0.000000000000000000e+00,0.000000000000000000e+00,0.000000000000000000e+00,2.352941176470588203e-01,1.707317073170731836e-01,2.389380530973451433e-01,1.935483870967741882e-01,0.000000000000000000e+00,3.333333333333333148e-01,2.881355932203389925e-01,1.979166666666666574e-01,1.714285714285714302e-01,2.592592592592592449e-01,4.736842105263157632e-01,3.508771929824561209e-01,0.000000000000000000e+00,1.450777202072538741e-01,1.650485436893203983e-01,3.939393939393939226e-01,0.000000000000000000e+00,5.818181818181817899e-01,2.000000000000000111e-01,2.051282051282051211e-01,2.625698324022346375e-01,0.000000000000000000e+00,2.396694214876033124e-01,1.379310344827586188e-01,5.681818181818182323e-01,1.937172774869110048e-01,2.666666666666666630e-01,1.653543307086614289e-01,6.333333333333333037e-01,2.173913043478260809e-01,1.586538461538461453e-01,1.333333333333333315e-01,1.799999999999999933e-01,2.580645161290322509e-01,5.973451327433628721e-01,4.749999999999999778e-01,0.000000000000000000e+00,2.751322751322751170e-01,3.947368421052631637e-01,5.357142857142856984e-01,2.307692307692307820e-01,1.617647058823529493e-01,2.500000000000000000e-01,6.896551724137931494e-01,3.548387096774193727e-01,2.500000000000000000e-01,1.951219512195122019e-01,1.739130434782608647e-01,2.820512820512820484e-01,2.222222222222222099e-01,2.268041237113402053e-01,2.800000000000000266e-01,1.474358974358974395e-01,2.349999999999999867e-01,3.255813953488372325e-01,1.701030927835051609e-01,2.727272727272727071e-01,6.153846153846154188e-01,3.191489361702127825e-01,2.558139534883721034e-01,7.272727272727272929e-01,6.938775510204081565e-01,6.363636363636363535e-01,1.702127659574468044e-01,1.370967741935483764e-01,2.016806722689075682e-01,2.230215827338129508e-01,7.241379310344827624e-01,6.196319018404907730e-01,5.555555555555555247e-02,1.192052980132450313e-01,2.085561497326203217e-01,2.777777777777777901e-01,2.839506172839506015e-01,2.000000000000000111e-01,2.095238095238095288e-01,3.818181818181818343e-01,2.396694214876033124e-01,0.000000000000000000e+00,1.956521739130434867e-01,3.977272727272727071e-01,1.506849315068493067e-01,1.730769230769230727e-01,2.196969696969696961e-01,2.142857142857142738e-01,2.571428571428571175e-01,2.000000000000000111e-01,1.966292134831460758e-01,5.977011494252874035e-01,6.935483870967742437e-01,1.586206896551724255e-01,5.958904109589041598e-01,6.697247706422018165e-01,6.144578313253011848e-01,2.000000000000000111e-01,2.447916666666666574e-01,2.105263157894736725e-01,7.352941176470588758e-01,0.000000000000000000e+00,1.857142857142857206e-01,0.000000000000000000e+00,1.304347826086956486e-01,4.948805460750853036e-01,1.794871794871794879e-01,2.621951219512195230e-01,2.093023255813953598e-01,1.527777777777777901e-01,3.076923076923077094e-01,4.645390070921985859e-01,2.258064516129032195e-01,1.854545454545454553e-01,1.855670103092783574e-01,2.397260273972602607e-01,7.857142857142856984e-01,2.251082251082251184e-01,1.052631578947368363e-01,1.285714285714285587e-01,3.200000000000000067e-01,1.772151898734177222e-01,1.887550200803212730e-01,2.765957446808510745e-01,0.000000000000000000e+00,2.641509433962264120e-01,0.000000000000000000e+00,2.346368715083798906e-01,2.399999999999999911e-01,2.244897959183673464e-01,3.142857142857142794e-01,2.417582417582417598e-01,3.513513513513513709e-01,2.134831460674157244e-01,3.207547169811320598e-01,2.051282051282051211e-01,2.727272727272727071e-01,2.857142857142856984e-01,1.764705882352941291e-01,0.000000000000000000e+00,3.750000000000000000e-01,0.000000000000000000e+00,0.000000000000000000e+00,2.068965517241379282e-01,2.028985507246376940e-01,2.320000000000000118e-01,2.941176470588235392e-01,1.369863013698630061e-01,3.450980392156862697e-01,2.745098039215686514e-01,1.627906976744186163e-01,2.105263157894736725e-01,2.500000000000000000e-01,3.608247422680412320e-01,1.732283464566929110e-01,1.269841269841269771e-01,2.222222222222222099e-01,2.048192771084337283e-01,2.000000000000000111e-01,0.000000000000000000e+00,1.803278688524590223e-01,0.000000000000000000e+00,2.207792207792207695e-01,1.176470588235294101e-01,5.038461538461538325e-01,0.000000000000000000e+00,0.000000000000000000e+00,1.428571428571428492e-01,1.666666666666666574e-01,2.571428571428571175e-01,5.870445344129554543e-01,1.870503597122302186e-01,2.432432432432432567e-01,2.366863905325443662e-01,2.380952380952380820e-01,1.176470588235294101e-01,1.847826086956521618e-01,5.217391304347825942e-01,3.225806451612903136e-01,1.607142857142857262e-01,7.111111111111111382e-01,0.000000000000000000e+00,6.896551724137930939e-02,2.037037037037036924e-01,0.000000000000000000e+00,5.078125000000000000e-01,4.895104895104895326e-01,6.764705882352941568e-01,1.477272727272727348e-01,1.858974358974359031e-01,6.290322580645161255e-01,0.000000000000000000e+00,1.643835616438356073e-01,2.075471698113207641e-01,5.112781954887217761e-01,4.354838709677419373e-01,9.917355371900826722e-02,1.964285714285714246e-01,1.764705882352941291e-01,1.315789473684210453e-01,1.990950226244343757e-01,5.882352941176470784e-01,0.000000000000000000e+00,1.379310344827586188e-01,2.272727272727272652e-01,4.262948207171314841e-01,6.216216216216216006e-01,2.461538461538461675e-01,1.779661016949152519e-01,3.571428571428571230e-02,1.605839416058394142e-01,0.000000000000000000e+00,4.782608695652174058e-01,0.000000000000000000e+00,0.000000000000000000e+00,3.333333333333333148e-01,4.659090909090908839e-01,3.125000000000000000e-01,1.542857142857142760e-01,0.000000000000000000e+00,2.058823529411764608e-01,0.000000000000000000e+00,2.746478873239436846e-01,2.999999999999999889e-01,3.260869565217391353e-01,2.380952380952380820e-01,0.000000000000000000e+00,0.000000000000000000e+00,2.131979695431472088e-01,2.131147540983606425e-01,1.444444444444444309e-01,5.524475524475523924e-01,2.369477911646586388e-01,1.641791044776119424e-01,3.129251700680272252e-01,2.448132780082987459e-01,2.102803738317756965e-01,3.163841807909604786e-01,1.600000000000000033e-01,2.578125000000000000e-01,1.607142857142857262e-01,3.296703296703296648e-01,2.418604651162790664e-01,1.972789115646258473e-01,0.000000000000000000e+00,2.000000000000000111e-01,2.419354838709677491e-01,2.589285714285714524e-01,2.419354838709677491e-01,2.972972972972973138e-01,0.000000000000000000e+00,2.692307692307692180e-01,1.889400921658986043e-01,5.000000000000000000e-01,0.000000000000000000e+00,2.941176470588235392e-01,0.000000000000000000e+00,0.000000000000000000e+00,1.818181818181818232e-01,0.000000000000000000e+00,6.956521739130434590e-01,5.705521472392638405e-01,1.904761904761904656e-01,4.814814814814814548e-01,6.325301204819276935e-01,1.567164179104477695e-01,2.097902097902097918e-01,1.797752808988763995e-01,4.112149532710280275e-01,2.280701754385964786e-01,2.155688622754491079e-01,1.902439024390243927e-01,2.571428571428571175e-01,2.083333333333333426e-01,0.000000000000000000e+00,3.888888888888888951e-01,2.666666666666666630e-01,1.458333333333333426e-01,1.891891891891891997e-01,2.118644067796610075e-01,5.443037974683544444e-01,5.070422535211267512e-01,6.999999999999999556e-01,0.000000000000000000e+00,5.625000000000000000e-01,0.000000000000000000e+00,3.163265306122449161e-01,1.250000000000000000e-01,2.157676348547717948e-01,1.793721973094170308e-01,4.435797665369649589e-01,0.000000000000000000e+00,2.500000000000000000e-01,5.142857142857142350e-01,2.999999999999999889e-01,1.914893617021276584e-01,2.068965517241379282e-01,2.641509433962264120e-01,2.272727272727272652e-01,3.114754098360655865e-01,3.103448275862069061e-01,3.571428571428571508e-01,2.399999999999999911e-01,2.542372881355932090e-01,2.318840579710144956e-01,2.727272727272727071e-01,3.090909090909090828e-01,3.076923076923077094e-01,2.857142857142856984e-01,3.225806451612903136e-01,3.559322033898305038e-01,1.923076923076923184e-01,2.769230769230769384e-01,2.295081967213114804e-01
2.456140350877192846e-01,2.387096774193548376e-01,1.923076923076923184e-01,1.264367816091954144e-01,2.222222222222222099e-01,2.500000000000000000e-01,0.000000000000000000e+00,0.000000000000000000e+00,0.000000000000000000e+00,4.000000000000000222e-01,2.419354838709677491e-01,2.359550561797752743e-01,2.500000000000000000e-01,0.000000000000000000e+00,2.545454545454545192e-01,2.244897959183673464e-01,2.318840579710144956e-01,2.871794871794871584e-01,4.583333333333333148e-01,2.500000000000000000e-01,2.999999999999999889e-01,0.000000000000000000e+00,2.124352331606217670e-01,2.372881355932203451e-01,3.750000000000000000e-01,0.000000000000000000e+00,6.842105263157894912e-01,3.181818181818181768e-01,3.724137931034482984e-01,2.312925170068027281e-01,3.636363636363636465e-01,2.600000000000000089e-01,1.842105263157894635e-01,5.958549222797927536e-01,2.263157894736842202e-01,2.483660130718954306e-01,1.775700934579439172e-01,6.554621848739495826e-01,2.156862745098039325e-01,1.549295774647887203e-01,2.999999999999999889e-01,2.619047619047619180e-01,2.000000000000000111e-01,6.562500000000000000e-01,5.820895522388059851e-01,0.000000000000000000e+00,2.944444444444444531e-01,2.916666666666666852e-01,5.819672131147540783e-01,4.545454545454545303e-01,2.127659574468085124e-01,3.076923076923077094e-01,7.719298245614034659e-01,4.117647058823529216e-01,1.612903225806451568e-01,2.878787878787879007e-01,2.999999999999999889e-01,2.745098039215686514e-01,2.200000000000000011e-01,2.727272727272727071e-01,5.000000000000000000e-01,2.560975609756097615e-01,2.469879518072289060e-01,1.351351351351351426e-01,1.923076923076923184e-01,5.714285714285714107e-02,6.021505376344086224e-01,3.692307692307692513e-01,3.333333333333333148e-01,6.666666666666666297e-01,7.011494252873563537e-01,7.560975609756097615e-01,2.321428571428571508e-01,2.584269662921348520e-01,3.225806451612903136e-01,3.643410852713178105e-01,5.625000000000000000e-01,6.570397111913357513e-01,1.392405063291139167e-01,1.338582677165354451e-01,2.716763005780346574e-01,2.545454545454545192e-01,2.063492063492063378e-01,1.891891891891891997e-01,2.233009708737864196e-01,2.121212121212121271e-01,2.752293577981651529e-01,0.000000000000000000e+00,2.320000000000000118e-01,5.585585585585585155e-01,1.764705882352941291e-01,2.500000000000000000e-01,2.720588235294117418e-01,2.352941176470588203e-01,3.636363636363636465e-01,2.376237623762376128e-01,2.484848484848484751e-01,7.777777777777777901e-01,5.400000000000000355e-01,2.617449664429530309e-01,6.484848484848484418e-01,6.666666666666666297e-01,6.406250000000000000e-01,2.307692307692307820e-01,2.631578947368420907e-01,3.846153846153846367e-01,7.826086956521739468e-01,0.000000000000000000e+00,2.580645161290322509e-01,0.000000000000000000e+00,1.612903225806451568e-01,4.904214559386972927e-01,2.647058823529411797e-01,3.037037037037036979e-01,2.820512820512820484e-01,7.547169811320754429e-02,2.615384615384615530e-01,5.084745762711864181e-01,3.368421052631578871e-01,2.008547008547008628e-01,3.510638297872340496e-01,2.794117647058823595e-01,7.777777777777777901e-01,2.614678899082568675e-01,2.812500000000000000e-01,2.500000000000000000e-01,2.786885245901639108e-01,2.170542635658914699e-01,2.473684210526315708e-01,2.093023255813953598e-01,0.000000000000000000e+00,5.151515151515151381e-01,0.000000000000000000e+00,2.601156069364161660e-01,2.421524663677130096e-01,2.820512820512820484e-01,3.333333333333333148e-01,2.297297297297297425e-01,2.857142857142856984e-01,2.658227848101265556e-01,2.903225806451613100e-01,2.297297297297297425e-01,3.599999999999999867e-01,2.888888888888888618e-01,2.380952380952380820e-01,0.000000000000000000e+00,1.176470588235294101e-01,0.000000000000000000e+00,0.000000000000000000e+00,2.307692307692307820e-01,2.167832167832167700e-01,1.941747572815533951e-01,1.612903225806451568e-01,2.857142857142856984e-01,3.534482758620689502e-01,2.025316455696202500e-01,2.758620689655172376e-01,2.424242424242424310e-01,2.000000000000000111e-01,3.750000000000000000e-01,1.428571428571428492e-01,2.380952380952380820e-01,2.500000000000000000e-01,2.229729729729729715e-01,2.830188679245282946e-01,0.000000000000000000e+00,2.291666666666666574e-01,0.000000000000000000e+00,2.968750000000000000e-01,2.258064516129032195e-01,5.142857142857142350e-01,0.000000000000000000e+00,0.000000000000000000e+00,8.333333333333332871e-02,1.749999999999999889e-01,2.500000000000000000e-01,5.051020408163264808e-01,2.489451476793249074e-01,2.580645161290322509e-01,2.720000000000000195e-01,2.999999999999999889e-01,1.666666666666666574e-01,2.071428571428571563e-01,3.636363636363636465e-01,2.258064516129032195e-01,2.974683544303797222e-01,7.249999999999999778e-01,0.000000000000000000e+00,4.166666666666666435e-02,3.777777777777777679e-01,0.000000000000000000e+00,5.476190476190476719e-01,5.546218487394958263e-01,7.407407407407406996e-01,2.278481012658227778e-01,2.191780821917808098e-01,7.009345794392523032e-01,0.000000000000000000e+00,1.250000000000000000e-01,2.340425531914893664e-01,5.555555555555555802e-01,5.194805194805194315e-01,1.358024691358024616e-01,2.527472527472527375e-01,2.105263157894736725e-01,1.739130434782608647e-01,2.032967032967032961e-01,6.416666666666667185e-01,0.000000000000000000e+00,1.379310344827586188e-01,1.395348837209302306e-01,4.219409282700422037e-01,6.904761904761904656e-01,2.888888888888888618e-01,1.616766467065868240e-01,2.727272727272727071e-01,2.076923076923077038e-01,0.000000000000000000e+00,4.705882352941176405e-01,0.000000000000000000e+00,0.000000000000000000e+00,3.076923076923077094e-01,5.869565217391304879e-01,2.702702702702702853e-01,2.116788321167883125e-01,0.000000000000000000e+00,2.173913043478260809e-01,0.000000000000000000e+00,3.278688524590163689e-01,4.716981132075471761e-01,2.162162162162162282e-01,2.500000000000000000e-01,0.000000000000000000e+00,0.000000000000000000e+00,1.954022988505747238e-01,1.538461538461538547e-01,1.814159292035398274e-01,6.016260162601626549e-01,2.557077625570776114e-01,2.580645161290322509e-01,2.781456953642383878e-01,2.567567567567567433e-01,1.935483870967741882e-01,2.919254658385093126e-01,3.333333333333333148e-01,2.352941176470588203e-01,2.162162162162162282e-01,2.931034482758620441e-01,2.663043478260869734e-01,2.434210526315789547e-01,0.000000000000000000e+00,3.333333333333333148e-01,2.241379310344827624e-01,2.710280373831775447e-01,1.428571428571428492e-01,3.599999999999999867e-01,0.000000000000000000e+00,2.419354838709677491e-01,2.554347826086956763e-01,5.714285714285713969e-01,0.000000000000000000e+00,2.500000000000000000e-01,0.000000000000000000e+00,0.000000000000000000e+00,8.000000000000000167e-02,0.000000000000000000e+00,5.749999999999999556e-01,5.915492957746478764e-01,2.321428571428571508e-01,5.555555555555555802e-01,5.109489051094890932e-01,2.666666666666666630e-01,3.504273504273504036e-01,1.901408450704225317e-01,4.743589743589743390e-01,3.333333333333333148e-01,2.371794871794871695e-01,1.875000000000000000e-01,2.500000000000000000e-01,2.287581699346405151e-01,0.000000000000000000e+00,8.000000000000000444e-01,1.875000000000000000e-01,1.581920903954802393e-01,2.388059701492537268e-01,2.289719626168224276e-01,6.721311475409835756e-01,6.481481481481481399e-01,7.777777777777777901e-01,0.000000000000000000e+00,8.461538461538461453e-01,0.000000000000000000e+00,2.857142857142856984e-01,2.631578947368420907e-01,1.673640167364016662e-01,2.731707317073170938e-01,4.412955465587044546e-01,0.000000000000000000e+00,2.857142857142856984e-01,4.639175257731958935e-01,4.130434782608695676e-01,3.265306122448979331e-01,2.272727272727272652e-01,3.508771929824561209e-01,2.678571428571428492e-01,3.157894736842105088e-01,2.941176470588235392e-01,2.083333333333333426e-01,2.037037037037036924e-01,3.469387755102040782e-01,2.083333333333333426e-01,3.529411764705882582e-01,3.499999999999999778e-01,3.593750000000000000e-01,4.035087719298245390e-01,3.620689655172413812e-01,2.000000000000000111e-01,3.018867924528301772e-01,3.962264150943396457e-01,4.042553191489361430e-01
5.000000000000000000e-01,4.000000000000000222e-01,1.000000000000000000e+00,6.363636363636363535e-01,7.058823529411765163e-01,1.000000000000000000e+00,0.000000000000000000e+00,0.000000000000000000e+00,0.000000000000000000e+00,1.000000000000000000e+00,5.999999999999999778e-01,6.666666666666666297e-01,0.000000000000000000e+00,0.000000000000000000e+00,6.666666666666666297e-01,6.666666666666666297e-01,5.454545454545454142e-01,7.391304347826086474e-01,0.000000000000000000e+00,1.000000000000000000e+00,7.500000000000000000e-01,0.000000000000000000e+00,6.400000000000000133e-01,4.375000000000000000e-01,8.000000000000000444e-01,0.000000000000000000e+00,1.000000000000000000e+00,2.000000000000000111e-01,5.217391304347825942e-01,7.391304347826086474e-01,0.000000000000000000e+00,5.555555555555555802e-01,4.285714285714285476e-01,8.695652173913043237e-01,4.000000000000000222e-01,4.400000000000000022e-01,5.000000000000000000e-01,7.647058823529411242e-01,6.363636363636363535e-01,2.500000000000000000e-01,1.000000000000000000e+00,3.333333333333333148e-01,1.000000000000000000e+00,9.230769230769231282e-01,9.000000000000000222e-01,0.000000000000000000e+00,5.294117647058823595e-01,8.333333333333333703e-01,7.692307692307692735e-01,2.500000000000000000e-01,5.000000000000000000e-01,5.000000000000000000e-01,8.571428571428570953e-01,7.500000000000000000e-01,4.444444444444444198e-01,2.500000000000000000e-01,2.500000000000000000e-01,8.000000000000000444e-01,5.999999999999999778e-01,6.666666666666666297e-01,5.000000000000000000e-01,4.666666666666666741e-01,5.714285714285713969e-01,5.000000000000000000e-01,5.384615384615384359e-01,6.666666666666666297e-01,9.000000000000000222e-01,8.571428571428570953e-01,8.333333333333333703e-01,8.571428571428570953e-01,9.642857142857143016e-01,8.888888888888888395e-01,5.312500000000000000e-01,4.545454545454545303e-01,6.666666666666666297e-01,7.894736842105263275e-01,1.000000000000000000e+00,8.913043478260869179e-01,5.000000000000000000e-01,3.333333333333333148e-01,7.500000000000000000e-01,5.999999999999999778e-01,6.666666666666666297e-01,6.666666666666666297e-01,5.999999999999999778e-01,7.500000000000000000e-01,5.000000000000000000e-01,0.000000000000000000e+00,5.000000000000000000e-01,8.181818181818182323e-01,7.142857142857143016e-01,7.500000000000000000e-01,6.153846153846154188e-01,5.882352941176470784e-01,1.000000000000000000e+00,6.250000000000000000e-01,6.666666666666666297e-01,8.750000000000000000e-01,8.750000000000000000e-01,6.363636363636363535e-01,9.000000000000000222e-01,9.285714285714286031e-01,9.090909090909090606e-01,6.500000000000000222e-01,4.642857142857143016e-01,1.000000000000000000e+00,1.000000000000000000e+00,0.000000000000000000e+00,5.000000000000000000e-01,0.000000000000000000e+00,1.000000000000000000e+00,8.518518518518518601e-01,1.000000000000000056e-01,5.217391304347825942e-01,5.000000000000000000e-01,4.545454545454545303e-01,7.500000000000000000e-01,8.846153846153845812e-01,5.000000000000000000e-01,6.296296296296296502e-01,7.500000000000000000e-01,6.500000000000000222e-01,8.000000000000000444e-01,5.625000000000000000e-01,3.333333333333333148e-01,4.285714285714285476e-01,6.666666666666666297e-01,2.307692307692307820e-01,4.761904761904761640e-01,0.000000000000000000e+00,0.000000000000000000e+00,1.000000000000000000e+00,0.000000000000000000e+00,8.666666666666666963e-01,5.500000000000000444e-01,5.000000000000000000e-01,0.000000000000000000e+00,7.142857142857143016e-01,6.666666666666666297e-01,6.363636363636363535e-01,0.000000000000000000e+00,6.086956521739130821e-01,6.666666666666666297e-01,5.000000000000000000e-01,3.333333333333333148e-01,0.000000000000000000e+00,5.000000000000000000e-01,0.000000000000000000e+00,0.000000000000000000e+00,7.500000000000000000e-01,6.875000000000000000e-01,4.545454545454545303e-01,7.500000000000000000e-01,5.999999999999999778e-01,8.399999999999999689e-01,5.454545454545454142e-01,5.000000000000000000e-01,0.000000000000000000e+00,0.000000000000000000e+00,5.714285714285713969e-01,5.882352941176470784e-01,3.333333333333333148e-01,6.153846153846154188e-01,5.000000000000000000e-01,6.666666666666666297e-01,0.000000000000000000e+00,7.777777777777777901e-01,0.000000000000000000e+00,2.999999999999999889e-01,1.000000000000000000e+00,8.484848484848485084e-01,0.000000000000000000e+00,0.000000000000000000e+00,0.000000000000000000e+00,5.000000000000000000e-01,6.999999999999999556e-01,8.000000000000000444e-01,5.862068965517240882e-01,5.000000000000000000e-01,4.814814814814814548e-01,6.666666666666666297e-01,3.333333333333333148e-01,5.714285714285713969e-01,1.000000000000000000e+00,1.000000000000000000e+00,6.153846153846154188e-01,7.500000000000000000e-01,0.000000000000000000e+00,0.000000000000000000e+00,6.250000000000000000e-01,0.000000000000000000e+00,7.777777777777777901e-01,8.499999999999999778e-01,1.000000000000000000e+00,5.000000000000000000e-01,6.666666666666666297e-01,8.125000000000000000e-01,0.000000000000000000e+00,7.777777777777777901e-01,5.000000000000000000e-01,7.272727272727272929e-01,1.000000000000000000e+00,5.999999999999999778e-01,3.333333333333333148e-01,0.000000000000000000e+00,1.000000000000000000e+00,6.500000000000000222e-01,9.666666666666666741e-01,0.000000000000000000e+00,2.999999999999999889e-01,0.000000000000000000e+00,8.974358974358974672e-01,1.000000000000000000e+00,5.000000000000000000e-01,3.750000000000000000e-01,8.000000000000000444e-01,5.625000000000000000e-01,0.000000000000000000e+00,1.000000000000000000e+00,0.000000000000000000e+00,0.000000000000000000e+00,1.000000000000000000e+00,1.000000000000000000e+00,8.750000000000000000e-01,1.428571428571428492e-01,0.000000000000000000e+00,6.666666666666666297e-01,0.000000000000000000e+00,5.294117647058823595e-01,5.000000000000000000e-01,8.333333333333333703e-01,5.714285714285713969e-01,0.000000000000000000e+00,0.000000000000000000e+00,4.615384615384615641e-01,0.000000000000000000e+00,5.806451612903226200e-01,8.666666666666666963e-01,6.086956521739130821e-01,5.555555555555555802e-01,3.913043478260869734e-01,5.263157894736841813e-01,6.470588235294117974e-01,5.833333333333333703e-01,1.000000000000000000e+00,8.571428571428570953e-01,5.999999999999999778e-01,5.000000000000000000e-01,5.500000000000000444e-01,7.500000000000000000e-01,0.000000000000000000e+00,1.000000000000000000e+00,3.333333333333333148e-01,5.833333333333333703e-01,5.000000000000000000e-01,5.000000000000000000e-01,0.000000000000000000e+00,6.666666666666666297e-01,5.625000000000000000e-01,9.285714285714286031e-01,0.000000000000000000e+00,6.923076923076922906e-01,0.000000000000000000e+00,0.000000000000000000e+00,1.000000000000000000e+00,0.000000000000000000e+00,1.000000000000000000e+00,9.523809523809523281e-01,8.000000000000000444e-01,6.250000000000000000e-01,8.095238095238095344e-01,6.250000000000000000e-01,6.500000000000000222e-01,5.454545454545454142e-01,1.000000000000000000e+00,5.000000000000000000e-01,4.347826086956521618e-01,5.454545454545454142e-01,3.571428571428571508e-01,4.705882352941176405e-01,0.000000000000000000e+00,1.000000000000000000e+00,5.999999999999999778e-01,4.799999999999999822e-01,1.428571428571428492e-01,5.384615384615384359e-01,1.000000000000000000e+00,9.230769230769231282e-01,1.000000000000000000e+00,0.000000000000000000e+00,6.666666666666666297e-01,0.000000000000000000e+00,4.444444444444444198e-01,6.666666666666666297e-01,6.363636363636363535e-01,5.000000000000000000e-01,7.096774193548387455e-01,0.000000000000000000e+00,0.000000000000000000e+00,8.888888888888888395e-01,6.666666666666666297e-01,2.500000000000000000e-01,4.444444444444444198e-01,8.333333333333333703e-01,6.250000000000000000e-01,5.555555555555555802e-01,4.285714285714285476e-01,6.666666666666666297e-01,6.666666666666666297e-01,4.285714285714285476e-01,4.285714285714285476e-01,3.333333333333333148e-01,8.000000000000000444e-01,2.500000000000000000e-01,1.000000000000000000e+00,6.428571428571429047e-01,6.666666666666666297e-01,8.000000000000000444e-01,5.000000000000000000e-01,5.833333333333333703e-01
0.000000000000000000e+00,0.000000000000000000e+00,0.000000000000000000e+00,0.000000000000000000e+00,0.000000000000000000e+00,0.000000000000000000e+00,0.000000000000000000e+00,0.000000000000000000e+00,0.000000000000000000e+00,0.000000000000000000e+00,0.000000000000000000e+00,0.000000000000000000e+00,0.000000000000000000e+00,0.000000000000000000e+00,0.000000000000000000e+00,0.000000000000000000e+00,0.000000000000000000e+00,0.000000000000000000e+00,0.000000000000000000e+00,0.000000000000000000e+00,0.000000000000000000e+00,0.000000000000000000e+00,0.000000000000000000e+00,0.000000000000000000e+00,0.000000000000000000e+00,0.000000000000000000e+00,0.000000000000000000e+00,0.000000000000000000e+00,0.000000000000000000e+00,0.000000000000000000e+00,0.000000000000000000e+00,0.000000000000000000e+00,0.000000000000000000e+00,0.000000000000000000e+00,0.000000000000000000e+00,0.000000000000000000e+00,0.000000000000000000e+00,0.000000000000000000e+00,0.000000000000000000e+00,0.000000000000000000e+00,0.000000000000000000e+00,0.000000000000000000e+00,0.000000000000000000e+00,0.000000000000000000e+00,0.000000000000000000e+00,0.000000000000000000e+00,0.000000000000000000e+00,0.000000000000000000e+00,0.000000000000000000e+00,0.000000000000000000e+00,0.000000000000000000e+00,0.000000000000000000e+00,0.000000000000000000e+00,0.000000000000000000e+00,0.000000000000000000e+00,0.000000000000000000e+00,0.000000000000000000e+00,0.000000000000000000e+00,0.000000000000000000e+00,0.000000000000000000e+00,0.000000000000000000e+00,0.000000000000000000e+00,0.000000000000000000e+00,0.000000000000000000e+00,0.000000000000000000e+00,0.000000000000000000e+00,0.000000000000000000e+00,0.000000000000000000e+00,0.000000000000000000e+00,0.000000000000000000e+00,0.000000000000000000e+00,0.000000000000000000e+00,0.000000000000000000e+00,0.000000000000000000e+00,0.000000000000000000e+00,0.000000000000000000e+00,0.000000000000000000e+00,0.000000000000000000e+00,0.000000000000000000e+00,0.000000000000000000e+00,0.000000000000000000e+00,0.000000000000000000e+00,0.000000000000000000e+00,0.000000000000000000e+00,0.000000000000000000e+00,0.000000000000000000e+00,0.000000000000000000e+00,0.000000000000000000e+00,0.000000000000000000e+00,0.000000000000000000e+00,0.000000000000000000e+00,0.000000000000000000e+00,0.000000000000000000e+00,0.000000000000000000e+00,0.000000000000000000e+00,0.000000000000000000e+00,0.000000000000000000e+00,0.000000000000000000e+00,0.000000000000000000e+00,0.000000000000000000e+00,0.000000000000000000e+00,0.000000000000000000e+00,0.000000000000000000e+00,0.000000000000000000e+00,0.000000000000000000e+00,0.000000000000000000e+00,0.000000000000000000e+00,0.000000000000000000e+00,0.000000000000000000e+00,0.000000000000000000e+00,0.000000000000000000e+00,0.000000000000000000e+00,0.000000000000000000e+00,0.000000000000000000e+00,0.000000000000000000e+00,0.000000000000000000e+00,0.000000000000000000e+00,0.000000000000000000e+00,0.000000000000000000e+00,0.000000000000000000e+00,0.000000000000000000e+00,0.000000000000000000e+00,0.000000000000000000e+00,0.000000000000000000e+00,0.000000000000000000e+00,0.000000000000000000e+00,0.000000000000000000e+00,0.000000000000000000e+00,0.000000000000000000e+00,0.000000000000000000e+00,0.000000000000000000e+00,0.000000000000000000e+00,0.000000000000000000e+00,0.000000000000000000e+00,0.000000000000000000e+00,0.000000000000000000e+00,0.000000000000000000e+00,0.000000000000000000e+00,0.000000000000000000e+00,0.000000000000000000e+00,0.000000000000000000e+00,0.000000000000000000e+00,0.000000000000000000e+00,0.000000000000000000e+00,0.000000000000000000e+00,0.000000000000000000e+00,0.000000000000000000e+00,0.000000000000000000e+00,0.000000000000000000e+00,0.000000000000000000e+00,0.000000000000000000e+00,0.000000000000000000e+00,0.000000000000000000e+00,0.000000000000000000e+00,0.000000000000000000e+00,0.000000000000000000e+00,0.000000000000000000e+00,0.000000000000000000e+00,0.000000000000000000e+00,0.000000000000000000e+00,0.000000000000000000e+00,0.000000000000000000e+00,0.000000000000000000e+00,0.000000000000000000e+00,0.000000000000000000e+00,0.000000000000000000e+00,0.000000000000000000e+00,0.000000000000000000e+00,0.000000000000000000e+00,0.000000000000000000e+00,0.000000000000000000e+00,0.000000000000000000e+00,0.000000000000000000e+00,0.000000000000000000e+00,0.000000000000000000e+00,0.000000000000000000e+00,0.000000000000000000e+00,0.000000000000000000e+00,0.000000000000000000e+00,0.000000000000000000e+00,0.000000000000000000e+00,0.000000000000000000e+00,0.000000000000000000e+00,0.000000000000000000e+00,0.000000000000000000e+00,0.000000000000000000e+00,0.000000000000000000e+00,0.000000000000000000e+00,0.000000000000000000e+00,0.000000000000000000e+00,0.000000000000000000e+00,0.000000000000000000e+00,0.000000000000000000e+00,0.000000000000000000e+00,0.000000000000000000e+00,0.000000000000000000e+00,0.000000000000000000e+00,0.000000000000000000e+00,0.000000000000000000e+00,0.000000000000000000e+00,0.000000000000000000e+00,0.000000000000000000e+00,0.000000000000000000e+00,0.000000000000000000e+00,0.000000000000000000e+00,0.000000000000000000e+00,0.000000000000000000e+00,0.000000000000000000e+00,0.000000000000000000e+00,0.000000000000000000e+00,0.000000000000000000e+00,0.000000000000000000e+00,0.000000000000000000e+00,0.000000000000000000e+00,0.000000000000000000e+00,0.000000000000000000e+00,0.000000000000000000e+00,0.000000000000000000e+00,0.000000000000000000e+00,0.000000000000000000e+00,0.000000000000000000e+00,0.000000000000000000e+00,0.000000000000000000e+00,0.000000000000000000e+00,0.000000000000000000e+00,0.000000000000000000e+00,0.000000000000000000e+00,0.000000000000000000e+00,0.000000000000000000e+00,0.000000000000000000e+00,0.000000000000000000e+00,0.000000000000000000e+00,0.000000000000000000e+00,0.000000000000000000e+00,0.000000000000000000e+00,0.000000000000000000e+00,0.000000000000000000e+00,0.000000000000000000e+00,0.000000000000000000e+00,0.000000000000000000e+00,0.000000000000000000e+00,0.000000000000000000e+00,0.000000000000000000e+00,0.000000000000000000e+00,0.000000000000000000e+00,0.000000000000000000e+00,0.000000000000000000e+00,0.000000000000000000e+00,0.000000000000000000e+00,0.000000000000000000e+00,0.000000000000000000e+00,0.000000000000000000e+00,0.000000000000000000e+00,0.000000000000000000e+00,0.000000000000000000e+00,0.000000000000000000e+00,0.000000000000000000e+00,0.000000000000000000e+00,0.000000000000000000e+00,0.000000000000000000e+00,0.000000000000000000e+00,0.000000000000000000e+00,0.000000000000000000e+00,0.000000000000000000e+00,0.000000000000000000e+00,0.000000000000000000e+00,0.000000000000000000e+00,0.000000000000000000e+00,0.000000000000000000e+00,0.000000000000000000e+00,0.000000000000000000e+00,0.000000000000000000e+00,0.000000000000000000e+00,0.000000000000000000e+00,0.000000000000000000e+00,0.000000000000000000e+00,0.000000000000000000e+00,0.000000000000000000e+00,0.000000000000000000e+00,0.000000000000000000e+00,0.000000000000000000e+00,0.000000000000000000e+00,0.000000000000000000e+00,0.000000000000000000e+00,0.000000000000000000e+00,0.000000000000000000e+00,0.000000000000000000e+00,0.000000000000000000e+00,0.000000000000000000e+00,0.000000000000000000e+00,0.000000000000000000e+00,0.000000000000000000e+00,0.000000000000000000e+00,0.000000000000000000e+00,0.000000000000000000e+00,0.000000000000000000e+00,0.000000000000000000e+00,0.000000000000000000e+00,0.000000000000000000e+00,0.000000000000000000e+00,0.000000000000000000e+00,0.000000000000000000e+00,0.000000000000000000e+00,0.000000000000000000e+00,0.000000000000000000e+00,0.000000000000000000e+00,0.000000000000000000e+00,0.000000000000000000e+00,0.000000000000000000e+00,0.000000000000000000e+00,0.000000000000000000e+00,0.000000000000000000e+00,0.000000000000000000e+00,0.000000000000000000e+00,0.000000000000000000e+00,0.000000000000000000e+00,0.000000000000000000e+00,0.000000000000000000e+00,0.000000000000000000e+00,0.000000000000000000e+00
1.666666666666666574e-01,1.551724137931034531e-01,1.818181818181818232e-01,2.500000000000000000e-01,2.857142857142856984e-01,2.999999999999999889e-01,0.000000000000000000e+00,0.000000000000000000e+00,0.000000000000000000e+00,5.000000000000000000e-01,2.105263157894736725e-01,2.500000000000000000e-01,2.500000000000000000e-01,0.000000000000000000e+00,2.666666666666666630e-01,1.666666666666666574e-01,1.730769230769230727e-01,1.639344262295081844e-01,1.000000000000000056e-01,1.666666666666666574e-01,2.000000000000000111e-01,0.000000000000000000e+00,1.020408163265306145e-01,1.562500000000000000e-01,1.818181818181818232e-01,0.000000000000000000e+00,8.750000000000000000e-01,0.000000000000000000e+00,1.428571428571428492e-01,1.186440677966101725e-01,0.000000000000000000e+00,2.857142857142856984e-01,1.499999999999999944e-01,4.920634920634920362e-01,1.282051282051281937e-01,1.818181818181818232e-01,1.562500000000000000e-01,3.777777777777777679e-01,3.499999999999999778e-01,1.351351351351351426e-01,0.000000000000000000e+00,2.727272727272727071e-01,0.000000000000000000e+00,4.512195121951219634e-01,5.000000000000000000e-01,0.000000000000000000e+00,2.916666666666666852e-01,3.636363636363636465e-01,5.357142857142856984e-01,2.000000000000000111e-01,1.000000000000000056e-01,1.333333333333333315e-01,2.857142857142856984e-01,0.000000000000000000e+00,8.333333333333332871e-02,2.000000000000000111e-01,2.000000000000000111e-01,1.250000000000000000e-01,2.222222222222222099e-01,3.448275862068965469e-02,0.000000000000000000e+00,1.351351351351351426e-01,9.090909090909091161e-02,2.222222222222222099e-01,7.692307692307692735e-02,0.000000000000000000e+00,5.172413793103448620e-01,1.250000000000000000e-01,1.666666666666666574e-01,4.166666666666666852e-01,4.923076923076923350e-01,4.782608695652174058e-01,9.375000000000000000e-02,1.764705882352941291e-01,2.916666666666666852e-01,1.400000000000000133e-01,5.000000000000000000e-01,4.830508474576271083e-01,9.090909090909091161e-02,1.612903225806451568e-01,8.928571428571428770e-02,1.428571428571428492e-01,3.103448275862069061e-01,3.333333333333333148e-01,2.142857142857142738e-01,2.727272727272727071e-01,2.500000000000000000e-01,0.000000000000000000e+00,1.481481481481481399e-01,4.000000000000000222e-01,5.000000000000000000e-01,2.173913043478260809e-01,2.500000000000000000e-01,2.692307692307692180e-01,0.000000000000000000e+00,1.935483870967741882e-01,2.391304347826087029e-01,6.333333333333333037e-01,6.086956521739130821e-01,1.081081081081081141e-01,4.411764705882352811e-01,5.161290322580645018e-01,4.000000000000000222e-01,1.555555555555555580e-01,1.060606060606060635e-01,0.000000000000000000e+00,1.818181818181818232e-01,0.000000000000000000e+00,2.000000000000000111e-01,0.000000000000000000e+00,2.222222222222222099e-01,4.018691588785046620e-01,8.000000000000000167e-02,1.600000000000000033e-01,1.666666666666666574e-01,1.199999999999999956e-01,2.727272727272727071e-01,4.675324675324675217e-01,1.666666666666666574e-01,2.105263157894736725e-01,1.666666666666666574e-01,5.555555555555555247e-02,6.666666666666666297e-01,1.199999999999999956e-01,5.000000000000000000e-01,1.395348837209302306e-01,2.608695652173912971e-01,1.944444444444444475e-01,1.372549019607843257e-01,1.111111111111111049e-01,0.000000000000000000e+00,3.636363636363636465e-01,0.000000000000000000e+00,2.456140350877192846e-01,1.470588235294117696e-01,2.500000000000000000e-01,2.500000000000000000e-01,1.851851851851851749e-01,2.500000000000000000e-01,2.000000000000000111e-01,3.333333333333333148e-01,1.818181818181818232e-01,0.000000000000000000e+00,2.000000000000000111e-01,3.333333333333333148e-01,0.000000000000000000e+00,4.000000000000000222e-01,0.000000000000000000e+00,0.000000000000000000e+00,2.142857142857142738e-01,2.826086956521738913e-01,2.121212121212121271e-01,2.999999999999999889e-01,3.636363636363636465e-01,2.985074626865671377e-01,6.250000000000000000e-02,2.941176470588235392e-01,3.636363636363636465e-01,2.000000000000000111e-01,3.333333333333333148e-01,2.500000000000000000e-01,2.999999999999999889e-01,3.125000000000000000e-01,2.162162162162162282e-01,2.352941176470588203e-01,0.000000000000000000e+00,1.428571428571428492e-01,0.000000000000000000e+00,2.399999999999999911e-01,1.333333333333333315e-01,3.013698630136986134e-01,0.000000000000000000e+00,0.000000000000000000e+00,0.000000000000000000e+00,2.142857142857142738e-01,1.250000000000000000e-01,4.428571428571428381e-01,1.379310344827586188e-01,2.000000000000000111e-01,1.428571428571428492e-01,0.000000000000000000e+00,3.750000000000000000e-01,1.627906976744186163e-01,7.142857142857143016e-01,0.000000000000000000e+00,2.173913043478260809e-01,6.923076923076922906e-01,0.000000000000000000e+00,0.000000000000000000e+00,2.173913043478260809e-01,0.000000000000000000e+00,4.342105263157894912e-01,3.684210526315789269e-01,2.000000000000000111e-01,2.272727272727272652e-01,1.388888888888888951e-01,3.863636363636363535e-01,0.000000000000000000e+00,7.142857142857142461e-02,2.142857142857142738e-01,3.200000000000000067e-01,4.545454545454545303e-01,0.000000000000000000e+00,7.692307692307692735e-02,3.333333333333333148e-01,5.000000000000000000e-01,2.068965517241379282e-01,4.799999999999999822e-01,0.000000000000000000e+00,2.380952380952380820e-01,2.857142857142856984e-01,3.164556962025316666e-01,5.000000000000000000e-01,2.941176470588235392e-01,2.800000000000000266e-01,1.666666666666666574e-01,3.030303030303030387e-02,0.000000000000000000e+00,2.000000000000000111e-01,0.000000000000000000e+00,0.000000000000000000e+00,0.000000000000000000e+00,5.000000000000000000e-01,6.250000000000000000e-01,6.250000000000000000e-02,0.000000000000000000e+00,1.818181818181818232e-01,0.000000000000000000e+00,1.794871794871794879e-01,2.500000000000000000e-01,1.111111111111111049e-01,1.666666666666666574e-01,0.000000000000000000e+00,0.000000000000000000e+00,1.230769230769230838e-01,0.000000000000000000e+00,1.194029850746268634e-01,3.611111111111111049e-01,1.111111111111111049e-01,1.764705882352941291e-01,2.745098039215686514e-01,2.727272727272727071e-01,7.692307692307692735e-02,1.666666666666666574e-01,2.222222222222222099e-01,2.000000000000000111e-01,3.333333333333333148e-01,1.000000000000000056e-01,1.304347826086956486e-01,2.121212121212121271e-01,0.000000000000000000e+00,3.750000000000000000e-01,1.666666666666666574e-01,1.499999999999999944e-01,1.428571428571428492e-01,0.000000000000000000e+00,0.000000000000000000e+00,1.428571428571428492e-01,1.276595744680850963e-01,4.526315789473684403e-01,0.000000000000000000e+00,9.523809523809523281e-02,0.000000000000000000e+00,0.000000000000000000e+00,1.250000000000000000e-01,0.000000000000000000e+00,5.000000000000000000e-01,5.740740740740740700e-01,2.105263157894736725e-01,4.500000000000000111e-01,4.905660377358490587e-01,1.363636363636363535e-01,9.090909090909091161e-02,8.333333333333332871e-02,4.117647058823529216e-01,5.000000000000000278e-02,1.666666666666666574e-01,1.666666666666666574e-01,8.823529411764706454e-02,1.428571428571428492e-01,0.000000000000000000e+00,5.000000000000000000e-01,2.857142857142856984e-01,9.836065573770491621e-02,3.846153846153846367e-02,9.411764705882352811e-02,5.500000000000000444e-01,4.285714285714285476e-01,4.285714285714285476e-01,0.000000000000000000e+00,1.000000000000000000e+00,0.000000000000000000e+00,2.258064516129032195e-01,1.428571428571428492e-01,2.031250000000000000e-01,1.384615384615384692e-01,2.470588235294117752e-01,0.000000000000000000e+00,0.000000000000000000e+00,2.666666666666666630e-01,1.578947368421052544e-01,3.888888888888888951e-01,2.500000000000000000e-01,2.857142857142856984e-01,7.142857142857142461e-02,2.999999999999999889e-01,1.333333333333333315e-01,3.684210526315789269e-01,1.250000000000000000e-01,5.000000000000000278e-02,2.777777777777777901e-01,4.347826086956521618e-02,2.222222222222222099e-01,2.666666666666666630e-01,3.043478260869565410e-01,8.333333333333332871e-02,2.941176470588235392e-01,6.666666666666666574e-02,3.333333333333333148e-01,2.500000000000000000e-01
0.000000000000000000e+00,0.000000000000000000e+00,0.000000000000000000e+00,0.000000000000000000e+00,0.000000000000000000e+00,0.000000000000000000e+00,0.000000000000000000e+00,0.000000000000000000e+00,0.000000000000000000e+00,0.000000000000000000e+00,0.000000000000000000e+00,0.000000000000000000e+00,0.000000000000000000e+00,0.000000000000000000e+00,0.000000000000000000e+00,0.000000000000000000e+00,0.000000000000000000e+00,0.000000000000000000e+00,0.000000000000000000e+00,0.000000000000000000e+00,0.000000000000000000e+00,0.000000000000000000e+00,0.000000000000000000e+00,0.000000000000000000e+00,0.000000000000000000e+00,0.000000000000000000e+00,0.000000000000000000e+00,0.000000000000000000e+00,0.000000000000000000e+00,0.000000000000000000e+00,0.000000000000000000e+00,0.000000000000000000e+00,0.000000000000000000e+00,0.000000000000000000e+00,0.000000000000000000e+00,0.000000000000000000e+00,0.000000000000000000e+00,0.000000000000000000e+00,0.000000000000000000e+00,0.000000000000000000e+00,0.000000000000000000e+00,0.000000000000000000e+00,0.000000000000000000e+00,0.000000000000000000e+00,0.000000000000000000e+00,0.000000000000000000e+00,0.000000000000000000e+00,0.000000000000000000e+00,0.000000000000000000e+00,0.000000000000000000e+00,0.000000000000000000e+00,0.000000000000000000e+00,0.000000000000000000e+00,0.000000000000000000e+00,0.000000000000000000e+00,0.000000000000000000e+00,0.000000000000000000e+00,0.000000000000000000e+00,0.000000000000000000e+00,0.000000000000000000e+00,0.000000000000000000e+00,0.000000000000000000e+00,0.000000000000000000e+00,0.000000000000000000e+00,0.000000000000000000e+00,0.000000000000000000e+00,0.000000000000000000e+00,0.000000000000000000e+00,0.000000000000000000e+00,0.000000000000000000e+00,0.000000000000000000e+00,0.000000000000000000e+00,0.000000000000000000e+00,0.000000000000000000e+00,0.000000000000000000e+00,0.000000000000000000e+00,0.000000000000000000e+00,0.000000000000000000e+00,0.000000000000000000e+00,0.000000000000000000e+00,0.000000000000000000e+00,0.000000000000000000e+00,0.000000000000000000e+00,0.000000000000000000e+00,0.000000000000000000e+00,0.000000000000000000e+00,0.000000000000000000e+00,0.000000000000000000e+00,0.000000000000000000e+00,0.000000000000000000e+00,0.000000000000000000e+00,0.000000000000000000e+00,0.000000000000000000e+00,0.000000000000000000e+00,0.000000000000000000e+00,0.000000000000000000e+00,0.000000000000000000e+00,0.000000000000000000e+00,0.000000000000000000e+00,0.000000000000000000e+00,0.000000000000000000e+00,0.000000000000000000e+00,0.000000000000000000e+00,0.000000000000000000e+00,0.000000000000000000e+00,0.000000000000000000e+00,0.000000000000000000e+00,0.000000000000000000e+00,0.000000000000000000e+00,0.000000000000000000e+00,0.000000000000000000e+00,0.000000000000000000e+00,0.000000000000000000e+00,0.000000000000000000e+00,0.000000000000000000e+00,0.000000000000000000e+00,0.000000000000000000e+00,0.000000000000000000e+00,0.000000000000000000e+00,0.000000000000000000e+00,0.000000000000000000e+00,0.000000000000000000e+00,0.000000000000000000e+00,0.000000000000000000e+00,0.000000000000000000e+00,0.000000000000000000e+00,0.000000000000000000e+00,0.000000000000000000e+00,0.000000000000000000e+00,0.000000000000000000e+00,0.000000000000000000e+00,0.000000000000000000e+00,0.000000000000000000e+00,0.000000000000000000e+00,0.000000000000000000e+00,0.000000000000000000e+00,0.000000000000000000e+00,0.000000000000000000e+00,0.000000000000000000e+00,0.000000000000000000e+00,0.000000000000000000e+00,0.000000000000000000e+00,0.000000000000000000e+00,0.000000000000000000e+00,0.000000000000000000e+00,0.000000000000000000e+00,0.000000000000000000e+00,0.000000000000000000e+00,0.000000000000000000e+00,0.000000000000000000e+00,0.000000000000000000e+00,0.000000000000000000e+00,0.000000000000000000e+00,0.000000000000000000e+00,0.000000000000000000e+00,0.000000000000000000e+00,0.000000000000000000e+00,0.000000000000000000e+00,0.000000000000000000e+00,0.000000000000000000e+00,0.000000000000000000e+00,0.000000000000000000e+00,0.000000000000000000e+00,0.000000000000000000e+00,0.000000000000000000e+00,0.000000000000000000e+00,0.000000000000000000e+00,0.000000000000000000e+00,0.000000000000000000e+00,0.000000000000000000e+00,0.000000000000000000e+00,0.000000000000000000e+00,0.000000000000000000e+00,0.000000000000000000e+00,0.000000000000000000e+00,0.000000000000000000e+00,0.000000000000000000e+00,0.000000000000000000e+00,0.000000000000000000e+00,0.000000000000000000e+00,0.000000000000000000e+00,0.000000000000000000e+00,0.000000000000000000e+00,0.000000000000000000e+00,0.000000000000000000e+00,0.000000000000000000e+00,0.000000000000000000e+00,0.000000000000000000e+00,0.000000000000000000e+00,0.000000000000000000e+00,0.000000000000000000e+00,0.000000000000000000e+00,0.000000000000000000e+00,0.000000000000000000e+00,0.000000000000000000e+00,0.000000000000000000e+00,0.000000000000000000e+00,0.000000000000000000e+00,0.000000000000000000e+00,0.000000000000000000e+00,0.000000000000000000e+00,0.000000000000000000e+00,0.000000000000000000e+00,0.000000000000000000e+00,0.000000000000000000e+00,0.000000000000000000e+00,0.000000000000000000e+00,0.000000000000000000e+00,0.000000000000000000e+00,0.000000000000000000e+00,0.000000000000000000e+00,0.000000000000000000e+00,0.000000000000000000e+00,0.000000000000000000e+00,0.000000000000000000e+00,0.000000000000000000e+00,0.000000000000000000e+00,0.000000000000000000e+00,0.000000000000000000e+00,0.000000000000000000e+00,0.000000000000000000e+00,0.000000000000000000e+00,0.000000000000000000e+00,0.000000000000000000e+00,0.000000000000000000e+00,0.000000000000000000e+00,0.000000000000000000e+00,0.000000000000000000e+00,0.000000000000000000e+00,0.000000000000000000e+00,0.000000000000000000e+00,0.000000000000000000e+00,0.000000000000000000e+00,0.000000000000000000e+00,0.000000000000000000e+00,0.000000000000000000e+00,0.000000000000000000e+00,0.000000000000000000e+00,0.000000000000000000e+00,0.000000000000000000e+00,0.000000000000000000e+00,0.000000000000000000e+00,0.000000000000000000e+00,0.000000000000000000e+00,0.000000000000000000e+00,0.000000000000000000e+00,0.000000000000000000e+00,0.000000000000000000e+00,0.000000000000000000e+00,0.000000000000000000e+00,0.000000000000000000e+00,0.000000000000000000e+00,0.000000000000000000e+00,0.000000000000000000e+00,0.000000000000000000e+00,0.000000000000000000e+00,0.000000000000000000e+00,0.000000000000000000e+00,0.000000000000000000e+00,0.000000000000000000e+00,0.000000000000000000e+00,0.000000000000000000e+00,0.000000000000000000e+00,0.000000000000000000e+00,0.000000000000000000e+00,0.000000000000000000e+00,0.000000000000000000e+00,0.000000000000000000e+00,0.000000000000000000e+00,0.000000000000000000e+00,0.000000000000000000e+00,0.000000000000000000e+00,0.000000000000000000e+00,0.000000000000000000e+00,0.000000000000000000e+00,0.000000000000000000e+00,0.000000000000000000e+00,0.000000000000000000e+00,0.000000000000000000e+00,0.000000000000000000e+00,0.000000000000000000e+00,0.000000000000000000e+00,0.000000000000000000e+00,0.000000000000000000e+00,0.000000000000000000e+00,0.000000000000000000e+00,0.000000000000000000e+00,0.000000000000000000e+00,0.000000000000000000e+00,0.000000000000000000e+00,0.000000000000000000e+00,0.000000000000000000e+00,0.000000000000000000e+00,0.000000000000000000e+00,0.000000000000000000e+00,0.000000000000000000e+00,0.000000000000000000e+00,0.000000000000000000e+00,0.000000000000000000e+00,0.000000000000000000e+00,0.000000000000000000e+00,0.000000000000000000e+00,0.000000000000000000e+00,0.000000000000000000e+00,0.000000000000000000e+00,0.000000000000000000e+00,0.000000000000000000e+00,0.000000000000000000e+00,0.000000000000000000e+00,0.000000000000000000e+00,0.000000000000000000e+00,0.000000000000000000e+00,0.000000000000000000e+00,0.000000000000000000e+00,0.000000000000000000e+00,0.000000000000000000e+00,0.000000000000000000e+00,0.000000000000000000e+00,0.000000000000000000e+00,0.000000000000000000e+00
2.000000000000000111e-01,5.529411764705882693e-01,1.969696969696969613e-01,1.428571428571428492e-01,3.529411764705882582e-01,2.063492063492063378e-01,0.000000000000000000e+00,0.000000000000000000e+00,0.000000000000000000e+00,2.000000000000000111e-01,1.869158878504672827e-01,2.105263157894736725e-01,2.083333333333333426e-01,0.000000000000000000e+00,3.243243243243243423e-01,1.886792452830188815e-01,1.832669322709163384e-01,2.500000000000000000e-01,3.137254901960784270e-01,1.666666666666666574e-01,3.090909090909090828e-01,0.000000000000000000e+00,2.386831275720164569e-01,2.369668246445497672e-01,6.461538461538461897e-01,0.000000000000000000e+00,3.389830508474576121e-01,2.272727272727272652e-01,6.020066889632107454e-01,1.880733944954128545e-01,5.500000000000000444e-01,2.913907284768211814e-01,5.178571428571429047e-01,2.881355932203389925e-01,2.763157894736842368e-01,5.373665480427046726e-01,2.160493827160493707e-01,2.000000000000000111e-01,3.111111111111111160e-01,2.079646017699114946e-01,2.333333333333333370e-01,4.552238805970149071e-01,1.632653061224489666e-01,2.733333333333333171e-01,3.225806451612903136e-01,0.000000000000000000e+00,4.957746478873239493e-01,2.368421052631578816e-01,2.629757785467127795e-01,6.153846153846154188e-01,1.348837209302325701e-01,2.444444444444444364e-01,2.345679012345678882e-01,7.346938775510204467e-01,3.584905660377358250e-01,3.076923076923077094e-01,2.000000000000000111e-01,2.435897435897435848e-01,1.911764705882352811e-01,2.189781021897810320e-01,6.216216216216216006e-01,2.652173913043478493e-01,2.341269841269841279e-01,3.103448275862069061e-01,2.262773722627737238e-01,5.999999999999999778e-01,5.928143712574850399e-01,6.380952380952380487e-01,4.868421052631579093e-01,3.076923076923077094e-01,2.877358490566037652e-01,3.047619047619047894e-01,2.591463414634146423e-01,1.363636363636363535e-01,2.515337423312883347e-01,6.096491228070175517e-01,2.173913043478260809e-01,2.659574468085106336e-01,6.024844720496894679e-01,9.090909090909091161e-02,2.560000000000000053e-01,2.537313432835821003e-01,3.103448275862069061e-01,2.153846153846153966e-01,2.426470588235294101e-01,6.103896103896103709e-01,5.483870967741935054e-01,0.000000000000000000e+00,2.023121387283237094e-01,2.322580645161290425e-01,2.234042553191489255e-01,3.048780487804877981e-01,2.457142857142857184e-01,2.398373983739837401e-01,2.647058823529411797e-01,1.461988304093567170e-01,2.576419213973799027e-01,3.541666666666666852e-01,2.089552238805970075e-01,2.177777777777777646e-01,2.990196078431372473e-01,3.259259259259259522e-01,2.421052631578947401e-01,6.082802547770700397e-01,5.297805642633228729e-01,5.937500000000000000e-01,3.953488372093023062e-01,0.000000000000000000e+00,2.178217821782178210e-01,0.000000000000000000e+00,3.428571428571428603e-01,3.221288515406162678e-01,5.999999999999999778e-01,6.305220883534136123e-01,2.685185185185185452e-01,5.000000000000000000e-01,2.254901960784313764e-01,2.429022082018927331e-01,4.391891891891891997e-01,2.500000000000000000e-01,3.018867924528301772e-01,6.007751937984495694e-01,2.156862745098039325e-01,2.684563758389261756e-01,2.352941176470588203e-01,2.222222222222222099e-01,5.285714285714285809e-01,2.934131736526945922e-01,1.901408450704225317e-01,2.166666666666666741e-01,0.000000000000000000e+00,2.388059701492537268e-01,0.000000000000000000e+00,1.828358208955223885e-01,2.142857142857142738e-01,2.153846153846153966e-01,7.241379310344827624e-01,5.154320987654320563e-01,2.391304347826087029e-01,1.818181818181818232e-01,2.941176470588235392e-01,1.990521327014218023e-01,6.406250000000000000e-01,6.494845360824742508e-01,4.375000000000000000e-01,0.000000000000000000e+00,8.823529411764706454e-02,0.000000000000000000e+00,0.000000000000000000e+00,1.806451612903225701e-01,2.075471698113207641e-01,2.574850299401197362e-01,1.176470588235294101e-01,1.707317073170731836e-01,2.593659942363112370e-01,2.999999999999999889e-01,1.908396946564885621e-01,2.272727272727272652e-01,1.034482758620689641e-01,2.971014492753623060e-01,2.068965517241379282e-01,2.048192771084337283e-01,2.363636363636363591e-01,1.909090909090909172e-01,2.794117647058823595e-01,0.000000000000000000e+00,2.678571428571428492e-01,0.000000000000000000e+00,1.481481481481481399e-01,3.555555555555555691e-01,2.933333333333333348e-01,0.000000000000000000e+00,0.000000000000000000e+00,3.846153846153846367e-01,1.882352941176470562e-01,1.515151515151515194e-01,2.377049180327868716e-01,2.500000000000000000e-01,2.500000000000000000e-01,5.683453237410072134e-01,0.000000000000000000e+00,2.000000000000000111e-01,1.764705882352941291e-01,4.411764705882352811e-01,2.653061224489796088e-01,2.008368200836820050e-01,3.953488372093023062e-01,0.000000000000000000e+00,7.499999999999999722e-02,3.230769230769230949e-01,0.000000000000000000e+00,2.880658436213991980e-01,1.896551724137930939e-01,2.571428571428571175e-01,1.720430107526881858e-01,1.542553191489361708e-01,3.055555555555555802e-01,0.000000000000000000e+00,2.906976744186046679e-01,2.236842105263157909e-01,3.273809523809523836e-01,2.133333333333333470e-01,1.148648648648648712e-01,2.720000000000000195e-01,2.500000000000000000e-01,1.142857142857142821e-01,2.284644194756554336e-01,3.447098976109215229e-01,0.000000000000000000e+00,2.869565217391304435e-01,2.372881355932203451e-01,2.913669064748201643e-01,2.222222222222222099e-01,3.775510204081632404e-01,2.045454545454545581e-01,1.627906976744186163e-01,2.625000000000000111e-01,0.000000000000000000e+00,6.585365853658536883e-01,0.000000000000000000e+00,0.000000000000000000e+00,5.517241379310344751e-01,1.326530612244898044e-01,3.191489361702127825e-01,1.877934272300469387e-01,0.000000000000000000e+00,1.923076923076923184e-01,0.000000000000000000e+00,5.907335907335907743e-01,6.704545454545454142e-01,3.018867924528301772e-01,2.909090909090908950e-01,0.000000000000000000e+00,0.000000000000000000e+00,1.935483870967741882e-01,2.289156626506023973e-01,1.894736842105263219e-01,1.773049645390070983e-01,3.002832861189801972e-01,2.804878048780488076e-01,3.907563025210084029e-01,1.941391941391941434e-01,2.064516129032258063e-01,6.890459363957597283e-01,8.709677419354838745e-01,1.860465116279069742e-01,2.166666666666666741e-01,4.666666666666666741e-01,2.323943661971830943e-01,2.808988764044944020e-01,0.000000000000000000e+00,3.170731707317073211e-01,2.368421052631578816e-01,5.884955752212389646e-01,3.235294117647058987e-01,1.749999999999999889e-01,0.000000000000000000e+00,2.631578947368420907e-01,1.906354515050167342e-01,2.980769230769230727e-01,0.000000000000000000e+00,4.827586206896551935e-01,0.000000000000000000e+00,0.000000000000000000e+00,1.562500000000000000e-01,0.000000000000000000e+00,2.765957446808510745e-01,2.594339622641509413e-01,6.320000000000000062e-01,5.070422535211267512e-01,2.460732984293193815e-01,2.178217821782178210e-01,5.784313725490196623e-01,2.653061224489796088e-01,1.594202898550724501e-01,3.698630136986301165e-01,5.354330708661417804e-01,1.884057971014492794e-01,1.931818181818181768e-01,2.647058823529411797e-01,0.000000000000000000e+00,5.416666666666666297e-01,2.258064516129032195e-01,1.680000000000000104e-01,2.293577981651376274e-01,5.489130434782608647e-01,3.917525773195876249e-01,3.103448275862069061e-01,1.666666666666666574e-01,0.000000000000000000e+00,5.217391304347825942e-01,0.000000000000000000e+00,5.238095238095238360e-01,5.142857142857142350e-01,2.446483180428134507e-01,2.021276595744680715e-01,2.572347266881028771e-01,0.000000000000000000e+00,1.627906976744186163e-01,1.803278688524590223e-01,2.238805970149253810e-01,2.985074626865671377e-01,2.968750000000000000e-01,2.580645161290322509e-01,2.999999999999999889e-01,2.987012987012986898e-01,2.234042553191489255e-01,2.105263157894736725e-01,2.933333333333333348e-01,1.927710843373494076e-01,2.950819672131147486e-01,2.972972972972973138e-01,4.252873563218390607e-01,3.529411764705882582e-01,2.871287128712871062e-01,2.409638554216867457e-01,2.857142857142856984e-01,3.571428571428571508e-01,3.918918918918918859e-01,2.564102564102563875e-01
1.833333333333333204e-01,2.999999999999999889e-01,1.458333333333333426e-01,4.255319148936170109e-02,1.355932203389830504e-01,5.714285714285714107e-02,0.000000000000000000e+00,0.000000000000000000e+00,0.000000000000000000e+00,8.333333333333332871e-02,5.999999999999999778e-02,1.772151898734177222e-01,1.428571428571428492e-01,0.000000000000000000e+00,2.391304347826087029e-01,1.315789473684210453e-01,1.481481481481481399e-01,6.842105263157895190e-02,1.818181818181818232e-01,6.666666666666666574e-02,1.724137931034482873e-01,0.000000000000000000e+00,8.571428571428571508e-02,6.338028169014084390e-02,2.500000000000000000e-01,0.000000000000000000e+00,1.153846153846153910e-01,2.631578947368420907e-01,4.161073825503355805e-01,1.225806451612903164e-01,3.636363636363636465e-01,7.086614173228346358e-02,2.727272727272727071e-01,1.268656716417910502e-01,9.090909090909091161e-02,3.191489361702127825e-01,1.555555555555555580e-01,1.204819277108433728e-01,2.115384615384615363e-01,1.589403973509933843e-01,9.090909090909091161e-02,2.903225806451613100e-01,4.166666666666666435e-02,1.654676258992805737e-01,1.186440677966101725e-01,0.000000000000000000e+00,2.925531914893617080e-01,1.515151515151515194e-01,1.405405405405405483e-01,5.357142857142856984e-01,7.758620689655172653e-02,1.111111111111111049e-01,6.818181818181817677e-02,3.529411764705882582e-01,2.258064516129032195e-01,1.578947368421052544e-01,2.380952380952380820e-01,2.142857142857142738e-01,9.756097560975610095e-02,1.739130434782608647e-01,4.736842105263157632e-01,9.022556390977443108e-02,1.014492753623188470e-01,0.000000000000000000e+00,1.467391304347826220e-01,1.739130434782608647e-01,3.333333333333333148e-01,4.090909090909091161e-01,1.199999999999999956e-01,1.153846153846153910e-01,1.418918918918918859e-01,1.884057971014492794e-01,1.170212765957446832e-01,1.285714285714285587e-01,6.930693069306931298e-02,4.369747899159663884e-01,6.250000000000000000e-02,1.184834123222748836e-01,1.900000000000000022e-01,9.090909090909091161e-02,5.633802816901408578e-02,4.545454545454545581e-02,1.000000000000000056e-01,1.785714285714285754e-01,9.722222222222222376e-02,3.695652173913043237e-01,3.093525179856115304e-01,0.000000000000000000e+00,5.769230769230769551e-02,1.318681318681318715e-01,8.108108108108108558e-02,9.433962264150944077e-02,6.666666666666666574e-02,1.578947368421052544e-01,1.250000000000000000e-01,3.100775193798449569e-02,4.615384615384615641e-02,1.016949152542372947e-01,1.290322580645161255e-01,7.874015748031495954e-02,7.843137254901960675e-02,1.060606060606060635e-01,1.071428571428571369e-01,5.069444444444444198e-01,3.814432989690721421e-01,8.125000000000000000e-01,2.500000000000000000e-01,0.000000000000000000e+00,2.000000000000000042e-02,0.000000000000000000e+00,3.125000000000000000e-01,1.470588235294117696e-01,3.962264150943396457e-01,4.096385542168674565e-01,1.153846153846153910e-01,3.333333333333333148e-01,8.333333333333332871e-02,8.000000000000000167e-02,8.955223880597014408e-02,9.289617486338798413e-02,2.666666666666666838e-02,4.129032258064516125e-01,1.304347826086956486e-01,1.457286432160803946e-01,1.034482758620689641e-01,1.272727272727272596e-01,2.815533980582524132e-01,1.612903225806451568e-01,5.882352941176470507e-02,8.823529411764706454e-02,0.000000000000000000e+00,1.702127659574468044e-01,0.000000000000000000e+00,1.079136690647481966e-01,1.237113402061855716e-01,5.128205128205128027e-02,3.750000000000000000e-01,2.965116279069767713e-01,2.222222222222222099e-01,9.523809523809523281e-02,1.714285714285714302e-01,1.617647058823529493e-01,3.939393939393939226e-01,3.250000000000000111e-01,2.941176470588235392e-01,0.000000000000000000e+00,1.904761904761904656e-01,0.000000000000000000e+00,0.000000000000000000e+00,1.777777777777777846e-01,1.219512195121951192e-01,1.157894736842105254e-01,1.290322580645161255e-01,1.864406779661016977e-01,1.044776119402985037e-01,1.917808219178082085e-01,4.854368932038834877e-02,1.111111111111111049e-01,2.105263157894736725e-01,9.589041095890410427e-02,1.237113402061855716e-01,1.428571428571428492e-01,1.071428571428571369e-01,1.428571428571428492e-01,6.451612903225806273e-02,0.000000000000000000e+00,4.651162790697674354e-02,0.000000000000000000e+00,1.639344262295081844e-01,7.142857142857142461e-02,1.468926553672316448e-01,0.000000000000000000e+00,0.000000000000000000e+00,3.571428571428571508e-01,1.020408163265306145e-01,7.547169811320754429e-02,1.503267973856209083e-01,5.172413793103448204e-02,2.058823529411764608e-01,3.670886075949367222e-01,5.882352941176470507e-02,1.818181818181818232e-01,1.138211382113821085e-01,7.142857142857142461e-02,7.692307692307692735e-02,1.145038167938931262e-01,1.363636363636363535e-01,0.000000000000000000e+00,1.818181818181818232e-01,1.562500000000000000e-01,0.000000000000000000e+00,1.071428571428571369e-01,1.132075471698113234e-01,1.000000000000000056e-01,6.172839506172839164e-02,6.603773584905660299e-02,9.756097560975610095e-02,0.000000000000000000e+00,1.904761904761904656e-01,1.749999999999999889e-01,1.224489795918367319e-01,9.523809523809523281e-02,4.938271604938271331e-02,1.025641025641025605e-01,0.000000000000000000e+00,1.250000000000000000e-01,7.894736842105262720e-02,1.190476190476190410e-01,0.000000000000000000e+00,1.538461538461538547e-01,1.428571428571428492e-01,1.390374331550802145e-01,1.304347826086956486e-01,1.025641025641025605e-01,8.860759493670886111e-02,7.142857142857142461e-02,4.109589041095890183e-02,0.000000000000000000e+00,3.529411764705882582e-01,0.000000000000000000e+00,0.000000000000000000e+00,4.285714285714285476e-01,1.166666666666666685e-01,3.684210526315789269e-01,2.040816326530612082e-02,0.000000000000000000e+00,5.714285714285714107e-02,0.000000000000000000e+00,4.303797468354430555e-01,3.333333333333333148e-01,7.692307692307692735e-02,4.000000000000000083e-02,0.000000000000000000e+00,0.000000000000000000e+00,1.387283236994219515e-01,1.000000000000000056e-01,8.444444444444444697e-02,3.448275862068965469e-02,1.449999999999999900e-01,4.878048780487805047e-02,2.676056338028168780e-01,4.790419161676646997e-02,1.210526315789473700e-01,3.870967741935483764e-01,5.000000000000000000e-01,9.278350515463917869e-02,2.571428571428571175e-01,1.250000000000000000e-01,1.731843575418994530e-01,1.195652173913043514e-01,0.000000000000000000e+00,4.761904761904761640e-02,2.619047619047619180e-01,4.017094017094017255e-01,3.846153846153846367e-02,3.448275862068965469e-02,0.000000000000000000e+00,5.263157894736841813e-02,1.052631578947368363e-01,9.042553191489362263e-02,0.000000000000000000e+00,3.125000000000000000e-01,0.000000000000000000e+00,0.000000000000000000e+00,5.000000000000000278e-02,0.000000000000000000e+00,1.363636363636363535e-01,1.315789473684210453e-01,4.242424242424242542e-01,2.380952380952380820e-01,1.074380165289256228e-01,8.000000000000000167e-02,3.170731707317073211e-01,3.418803418803419147e-02,7.594936708860759722e-02,2.222222222222222099e-01,2.857142857142856984e-01,7.065217391304347283e-02,1.375000000000000111e-01,1.068702290076335853e-01,0.000000000000000000e+00,4.166666666666666852e-01,1.363636363636363535e-01,6.432748538011695549e-02,5.882352941176470507e-02,3.117408906882591091e-01,1.304347826086956486e-01,6.818181818181817677e-02,1.000000000000000056e-01,0.000000000000000000e+00,0.000000000000000000e+00,0.000000000000000000e+00,3.378378378378378288e-01,8.000000000000000444e-01,1.666666666666666574e-01,7.865168539325842478e-02,1.061452513966480438e-01,0.000000000000000000e+00,1.000000000000000056e-01,6.578947368421052266e-02,1.463414634146341375e-01,1.000000000000000056e-01,1.315789473684210453e-01,2.272727272727272652e-01,1.000000000000000056e-01,1.836734693877551117e-01,1.454545454545454475e-01,5.000000000000000278e-02,1.951219512195122019e-01,1.643835616438356073e-01,1.176470588235294101e-01,1.896551724137930939e-01,1.749999999999999889e-01,1.395348837209302306e-01,1.111111111111111049e-01,7.936507936507936067e-02,1.111111111111111049e-01,1.590909090909090884e-01,1.960784313725490169e-01,1.555555555555555580e-01
2.630457933972311091e-01,1.540509699505515362e-01,1.352833638025594254e-01,8.877476155539251734e-02,1.360381861575178930e-01,9.055118110236221041e-02,0.000000000000000000e+00,0.000000000000000000e+00,0.000000000000000000e+00,1.007194244604316530e-01,1.197663096397273558e-01,1.477272727272727348e-01,1.342281879194630878e-01,0.000000000000000000e+00,1.368584758942457125e-01,1.365461847389558281e-01,1.132151490733279559e-01,1.346423562412342179e-01,1.382352941176470673e-01,1.122807017543859670e-01,1.391437308868501421e-01,0.000000000000000000e+00,1.159863945578231276e-01,1.069206842923794698e-01,8.333333333333332871e-02,0.000000000000000000e+00,8.120300751879699908e-02,2.968253968253968256e-01,1.213612136121361151e-01,2.314906219151036393e-01,2.343750000000000000e-01,1.414752116082224898e-01,2.429816069699903269e-01,1.159611992945326214e-01,1.278663039253789269e-01,1.318118304611085312e-01,1.180195739781231962e-01,8.576874205844980947e-02,1.436363636363636453e-01,2.628781684382665573e-01,1.384083044982699073e-01,1.915403032721468557e-01,1.020833333333333315e-01,1.043994413407821203e-01,1.048387096774193589e-01,0.000000000000000000e+00,1.370494551550712481e-01,1.622340425531914876e-01,1.166883963494133036e-01,1.339285714285714246e-01,1.416630004399472009e-01,3.983957219251336723e-01,1.014319809069212375e-01,1.178451178451178499e-01,2.500000000000000000e-01,1.003898635477582790e-01,2.675324675324675106e-01,1.271028037383177545e-01,1.620977353992848757e-01,3.203429462197973643e-01,8.011049723756906438e-02,1.309424520433694616e-01,1.245268735806207422e-01,1.012658227848101250e-01,2.879712746858169026e-01,1.136363636363636326e-01,8.795562599049128183e-02,1.286173633440514386e-01,1.086614173228346442e-01,9.125964010282776318e-02,9.208463949843259666e-02,9.484346224677715764e-02,2.451941938014907674e-01,1.431623931623931534e-01,1.074468085106383003e-01,1.140558447704685258e-01,8.833922261484099259e-02,1.114891389688563161e-01,9.290030211480362898e-02,2.591792656587473265e-01,1.216117216117216099e-01,1.049723756906077304e-01,1.509715994020926766e-01,2.519561815336462951e-01,1.682447195921340233e-01,1.068493150684931559e-01,1.366153846153846108e-01,0.000000000000000000e+00,2.248438584316446998e-01,1.873622336517266618e-01,1.689401888772298077e-01,1.515624999999999889e-01,1.337830241708825307e-01,1.246412464124641295e-01,1.097852028639618172e-01,1.365384615384615252e-01,1.186283595922150158e-01,9.929789368104312286e-02,1.021341463414634082e-01,1.305114638447971709e-01,1.124694376528117407e-01,1.004398826979472081e-01,1.019830028328611859e-01,1.318926974664679508e-01,1.418234442836468767e-01,1.358024691358024616e-01,8.759124087591241281e-02,0.000000000000000000e+00,2.294911734164070682e-01,0.000000000000000000e+00,2.373737373737373757e-01,1.276913875598086057e-01,1.126248864668483174e-01,1.329374143444495282e-01,1.227906976744186085e-01,8.489634748272457954e-02,8.853118712273641555e-02,1.339985744832501713e-01,1.246684350132625935e-01,2.749546279491832945e-01,1.194926568758344493e-01,1.391465677179963001e-01,7.226107226107225667e-02,2.373343725643024260e-01,1.979949874686716682e-01,2.506887052341597588e-01,1.183800623052959494e-01,1.429372197309417003e-01,1.383855024711696802e-01,2.621359223300970820e-01,0.000000000000000000e+00,1.543985637342908390e-01,0.000000000000000000e+00,1.390793339862879396e-01,1.418621700879765524e-01,9.394904458598726804e-02,1.029962546816479418e-01,1.310228233305156254e-01,1.244019138755980830e-01,1.178203240058910140e-01,9.160305343511450371e-02,2.338449111470113084e-01,1.155866900175131357e-01,1.032325338894681949e-01,2.260869565217391297e-01,0.000000000000000000e+00,2.837837837837837718e-01,0.000000000000000000e+00,0.000000000000000000e+00,1.486666666666666692e-01,1.064301552106430154e-01,2.809667673716012004e-01,1.688311688311688319e-01,1.269315673289183322e-01,1.529239766081871288e-01,1.396604938271605034e-01,1.237253569000679870e-01,1.034482758620689641e-01,9.171597633136094330e-02,1.204351204351204324e-01,1.434184675834970502e-01,8.939974457215836556e-02,1.509259259259259356e-01,2.766924125397546841e-01,9.028727770177838452e-02,0.000000000000000000e+00,1.250000000000000000e-01,0.000000000000000000e+00,2.155085599194360435e-01,1.144465290806754160e-01,1.103578154425612079e-01,0.000000000000000000e+00,0.000000000000000000e+00,1.590909090909090884e-01,2.494089834515366422e-01,1.396895787139689482e-01,1.278716948417858712e-01,1.023166023166023203e-01,1.568627450980392135e-01,1.328160657234139785e-01,9.963099630996309630e-02,2.616487455197132883e-01,1.413857677902621846e-01,6.550218340611353718e-02,1.076555023923445042e-01,1.245647969052224302e-01,8.858267716535432601e-02,0.000000000000000000e+00,2.036474164133738607e-01,2.188295165394402164e-01,0.000000000000000000e+00,1.366666666666666585e-01,1.923753665689149628e-01,9.174311926605505096e-02,1.108562691131498440e-01,2.039508809396689826e-01,1.027851458885941649e-01,0.000000000000000000e+00,2.868369351669941003e-01,2.609254498714653203e-01,1.202290076335877922e-01,1.200495049504950451e-01,2.140921409214092130e-01,1.536388140161725202e-01,1.000000000000000056e-01,1.117478510028653282e-01,1.464801049409706901e-01,1.256133464180569093e-01,0.000000000000000000e+00,2.597517730496453625e-01,1.333333333333333315e-01,1.185046728971962671e-01,8.486238532110092214e-02,1.464245175936435828e-01,1.328538985616956880e-01,9.593023255813953876e-02,1.304579339723109799e-01,0.000000000000000000e+00,6.849315068493150305e-02,0.000000000000000000e+00,0.000000000000000000e+00,1.701244813278008361e-01,1.033138401559454134e-01,1.324200913242009059e-01,1.316658801321378136e-01,0.000000000000000000e+00,1.038406827880512112e-01,0.000000000000000000e+00,1.008681273253410476e-01,1.096345514950166078e-01,9.745127436281858513e-02,1.247484909456740426e-01,0.000000000000000000e+00,0.000000000000000000e+00,2.794683455753760315e-01,8.522727272727272096e-02,2.490034546904065782e-01,8.154506437768239968e-02,1.333529584927877487e-01,9.600000000000000200e-02,1.320254506892895030e-01,1.176295413936867124e-01,2.439862542955326397e-01,1.123723041997729821e-01,9.586056644880174005e-02,1.182965299684542587e-01,2.575999999999999956e-01,1.084220716360116132e-01,2.528666264333132019e-01,2.021822849807445310e-01,0.000000000000000000e+00,1.229050279329608891e-01,1.075268817204301092e-01,1.209112149532710345e-01,1.187989556135770203e-01,1.229698375870069554e-01,0.000000000000000000e+00,1.123986095017381198e-01,1.343283582089552231e-01,1.246612466124661228e-01,0.000000000000000000e+00,9.793814432989690622e-02,0.000000000000000000e+00,0.000000000000000000e+00,9.589041095890410427e-02,0.000000000000000000e+00,1.038732394366197187e-01,1.152097018696311287e-01,1.433296582138919584e-01,1.212121212121212155e-01,1.169830682401231392e-01,1.314053779807204392e-01,1.499395405078597365e-01,1.439217512808570187e-01,1.169871794871794879e-01,1.234375000000000056e-01,1.295311744804253373e-01,1.333824613117170210e-01,2.842502696871628820e-01,1.282306163021868783e-01,0.000000000000000000e+00,2.041666666666666630e-01,8.282208588957054585e-02,2.615671641791044721e-01,2.126058325493885293e-01,1.371557054525014141e-01,8.391608391608391948e-02,9.881847475832437888e-02,9.132420091324200406e-02,0.000000000000000000e+00,8.733624454148471161e-02,0.000000000000000000e+00,1.097744360902255661e-01,9.939759036144578397e-02,2.806774974075354478e-01,1.257575757575757625e-01,1.246612466124661228e-01,0.000000000000000000e+00,1.062176165803108835e-01,1.165594855305466249e-01,1.398230088495575341e-01,1.511194029850746190e-01,1.184668989547038309e-01,1.237623762376237613e-01,1.174311926605504652e-01,1.290322580645161255e-01,1.282798833819241979e-01,1.371428571428571497e-01,1.459074733096085430e-01,1.204268292682926789e-01,1.227786752827140504e-01,1.172741679873217091e-01,1.309734513274336265e-01,1.104972375690607689e-01,1.269349845201238336e-01,1.097178683385579973e-01,1.103202846975089024e-01,1.298245614035087592e-01,1.501831501831501769e-01,1.474358974358974395e-01
1.195195195195195154e-01,1.085431283532810598e-01,1.423001949317738712e-01,2.012628255722178350e-01,2.328106151990349815e-01,1.420204978038067389e-01,0.000000000000000000e+00,0.000000000000000000e+00,0.000000000000000000e+00,1.089494163424124529e-01,9.594882729211087757e-02,1.268057784911717500e-01,1.141975308641975245e-01,0.000000000000000000e+00,1.084745762711864375e-01,1.658986175115207407e-01,1.028789161727349660e-01,2.490217004624688812e-01,1.194805194805194787e-01,4.356846473029045708e-01,1.642036124794745422e-01,0.000000000000000000e+00,2.423208191126279831e-01,2.498998798558269840e-01,9.497206703910614223e-02,0.000000000000000000e+00,7.966101694915253550e-02,1.168000000000000010e-01,9.447104919460165562e-02,1.163908168713294194e-01,1.564625850340136126e-01,2.390213299874529573e-01,6.900212314225052934e-02,9.570661896243291833e-02,2.583436341161928218e-01,1.053427419354838745e-01,8.724832214765100569e-02,9.655638082376771791e-02,1.700000000000000122e-01,9.640666082383873847e-02,1.740740740740740755e-01,1.047162270183852883e-01,1.395348837209302306e-01,8.979885057471263810e-02,1.077908217716115197e-01,0.000000000000000000e+00,1.185897435897435848e-01,1.620947630922693339e-01,1.139495798319327680e-01,7.516339869281045416e-02,1.166194523135033051e-01,7.947019867549669214e-02,9.422110552763819646e-02,1.090225563909774376e-01,9.563409563409563940e-02,2.265542676501580699e-01,1.139601139601139623e-01,1.297989031078610467e-01,1.258660508083140894e-01,1.028340080971659881e-01,8.799999999999999489e-02,2.709677419354838968e-01,2.800829875518672241e-01,2.076612903225806550e-01,1.104928457869634312e-01,1.014198782961460432e-01,6.297420333839150175e-02,9.062821833161688323e-02,1.281138790035587227e-01,8.840579710144927383e-02,9.490639965171963899e-02,1.052631578947368363e-01,1.191247974068071341e-01,1.141975308641975245e-01,2.541499713795077331e-01,1.033934252386002062e-01,1.169354838709677352e-01,1.039032435404068228e-01,2.117647058823529382e-01,9.318578916715200555e-02,2.676001555814858102e-01,2.163355408388520917e-01,1.446059678653404679e-01,1.099554234769687944e-01,1.870170015455950574e-01,1.112582781456953607e-01,1.042593769866497072e-01,0.000000000000000000e+00,1.106811145510835925e-01,1.299019607843137358e-01,1.338028169014084390e-01,1.147540983606557402e-01,2.547505938242280443e-01,9.159034138218151433e-02,1.619718309859154992e-01,2.707920792079208105e-01,2.410032715376226875e-01,9.255319148936169693e-02,1.057192374350086617e-01,2.169919632606199800e-01,1.038607939097335453e-01,8.305921052631579093e-02,1.106382978723404187e-01,8.713190802743041308e-02,1.030608291359938061e-01,8.294930875576037033e-02,7.928388746803069487e-02,0.000000000000000000e+00,1.059113300492610793e-01,0.000000000000000000e+00,1.077694235588972371e-01,9.840588595953403406e-02,1.221804511278195421e-01,9.005186232909005717e-02,1.015553522415370558e-01,6.612410986775177357e-02,9.507829977628635965e-02,1.043412033511043474e-01,1.981292517006802700e-01,1.249193027759845087e-01,2.420606916019760191e-01,1.010901883052527234e-01,6.958762886597938402e-02,1.165210153974198942e-01,1.277641277641277662e-01,1.162646876932591222e-01,1.030605871330418505e-01,1.090584028605482703e-01,1.458507963118189366e-01,1.050583657587548653e-01,0.000000000000000000e+00,1.290322580645161255e-01,0.000000000000000000e+00,1.226906679298910424e-01,1.237113402061855716e-01,9.244992295839753182e-02,8.737864077669903196e-02,1.192833569071192895e-01,1.064814814814814825e-01,1.012244897959183737e-01,1.172022684310018853e-01,1.008440693025322021e-01,7.559395248380129662e-02,1.096849474912485467e-01,8.650519031141867821e-02,0.000000000000000000e+00,1.169590643274853736e-01,0.000000000000000000e+00,0.000000000000000000e+00,1.242484969939879752e-01,9.386446886446886406e-02,1.062225015713387788e-01,1.562500000000000000e-01,9.464082098061574189e-02,1.615590598036298620e-01,1.240755957271980348e-01,1.685472496473906789e-01,1.134259259259259300e-01,2.515151515151515249e-01,1.256454388984509507e-01,1.099512874043145488e-01,9.852216748768473364e-02,2.203219315895372232e-01,1.255696202531645655e-01,2.276621787025703836e-01,0.000000000000000000e+00,1.538461538461538547e-01,0.000000000000000000e+00,9.302325581395348708e-02,1.983471074380165344e-01,1.197749196141479067e-01,0.000000000000000000e+00,0.000000000000000000e+00,1.862068965517241492e-01,8.201058201058200603e-02,1.189127972819932072e-01,1.028336380255941568e-01,2.594451003541912715e-01,1.649484536082474195e-01,9.292035398230089061e-02,2.462121212121212155e-01,7.741935483870968082e-02,1.244939271255060681e-01,3.347280334728033185e-02,2.483069977426636543e-01,1.119221411192214133e-01,7.366071428571428770e-02,0.000000000000000000e+00,1.033434650455927056e-01,1.084695393759286808e-01,0.000000000000000000e+00,1.248979591836734682e-01,9.616634178037686276e-02,9.433962264150944077e-02,3.102880658436213968e-01,2.131329994435169628e-01,7.485465116279069187e-02,0.000000000000000000e+00,9.100204498977505774e-02,9.681528662420382791e-02,1.083676268861454017e-01,1.089588377723970936e-01,7.106963388370424184e-02,1.590271281571562223e-01,1.164383561643835552e-01,1.278688524590163855e-01,1.196581196581196632e-01,1.078910614525139672e-01,0.000000000000000000e+00,8.980355472404115413e-02,1.622340425531914876e-01,1.320675105485231982e-01,9.217877094972067031e-02,1.630727762803234615e-01,1.352136043135628296e-01,2.386363636363636465e-01,2.532800912721049902e-01,0.000000000000000000e+00,8.602150537634409289e-02,0.000000000000000000e+00,0.000000000000000000e+00,1.078431372549019662e-01,9.789473684210525661e-02,1.196172248803827748e-01,2.542372881355932090e-01,0.000000000000000000e+00,8.906250000000000278e-02,0.000000000000000000e+00,1.006585136406396991e-01,7.631578947368421184e-02,2.541528239202657802e-01,1.113744075829383867e-01,0.000000000000000000e+00,0.000000000000000000e+00,9.854731056144483414e-02,2.407894736842105254e-01,1.080300404390525659e-01,1.939393939393939392e-01,1.469237832874196459e-01,2.550693703308430926e-01,1.265260821309655836e-01,2.366730892742453518e-01,1.170165252344796819e-01,8.863356585966351842e-02,8.486238532110092214e-02,1.070675105485232037e-01,1.233552631578947317e-01,8.624031007751938038e-02,1.019237259534255813e-01,1.911013858497447038e-01,0.000000000000000000e+00,1.076487252124645883e-01,2.373371924746743855e-01,1.058673469387755167e-01,2.313937753721244939e-01,2.055674518201284773e-01,0.000000000000000000e+00,2.100840336134453812e-01,1.081774844151081744e-01,1.160813308687615591e-01,0.000000000000000000e+00,1.119005328596802823e-01,0.000000000000000000e+00,0.000000000000000000e+00,2.212121212121212210e-01,0.000000000000000000e+00,7.633587786259542207e-02,1.130434782608695649e-01,8.709677419354838745e-02,6.564364876385336833e-02,1.038415366146458602e-01,2.251308900523560086e-01,1.209084836339345409e-01,2.859990034877927245e-01,9.584086799276672619e-02,1.605723370429252839e-01,9.975903614457831692e-02,1.489526764934057390e-01,9.949622166246852029e-02,2.525145579671784213e-01,0.000000000000000000e+00,6.201550387596899139e-02,9.420289855072463969e-02,1.276929103016059552e-01,9.608938547486033099e-02,1.013639181649101106e-01,9.822485207100591087e-02,9.144196951934349671e-02,1.190476190476190410e-01,0.000000000000000000e+00,7.142857142857142461e-02,0.000000000000000000e+00,8.132045088566827729e-02,6.760563380281689461e-02,1.116022099447513821e-01,2.661989269500619204e-01,1.462205700123915819e-01,0.000000000000000000e+00,1.959798994974874253e-01,1.705298013245033217e-01,1.032608695652173919e-01,1.062992125984252023e-01,1.223709369024856553e-01,1.277955271565495154e-01,1.244813278008298774e-01,1.189591078066914442e-01,1.223021582733812979e-01,1.266891891891891997e-01,1.056338028169014065e-01,1.045845272206303717e-01,1.146953405017921146e-01,1.205936920222634573e-01,1.341681574239713681e-01,1.134751773049645363e-01,1.177304964539007126e-01,1.343804537521814946e-01,9.280303030303030387e-02,1.021897810218978103e-01,1.145454545454545475e-01,1.142322097378277168e-01
9.199403281949279643e-02,1.066714234748483703e-01,1.297208538587849014e-01,8.813324080499652935e-02,1.254125412541254037e-01,1.131284916201117374e-01,0.000000000000000000e+00,0.000000000000000000e+00,0.000000000000000000e+00,8.127208480565370485e-02,9.220452640402347633e-02,1.311018131101813200e-01,8.361204013377926403e-02,0.000000000000000000e+00,1.248303934871099058e-01,1.324110671936759021e-01,1.028037383177570069e-01,1.180025445292620934e-01,1.474999999999999922e-01,2.680115273775215967e-01,8.888888888888889228e-02,0.000000000000000000e+00,9.324009324009324695e-02,9.220116618075802073e-02,1.145510835913312736e-01,0.000000000000000000e+00,2.014285714285714290e-01,7.988980716253443748e-02,9.592145015105740802e-02,1.219739292364990652e-01,8.910891089108910479e-02,1.199314677327241591e-01,9.519230769230768718e-02,2.075546719681908570e-01,1.198123421147600093e-01,1.226206285967242210e-01,1.073475768629494481e-01,2.265353418308227174e-01,1.201877934272300441e-01,8.844561535566428101e-02,7.119741100323624672e-02,8.619430241051863339e-02,9.239130434782608092e-02,2.271341463414634221e-01,2.297063903281519881e-01,0.000000000000000000e+00,1.061670569867291247e-01,1.209302325581395332e-01,2.393364928909952616e-01,8.963585434173669542e-02,1.034761519805982161e-01,8.020050125313282763e-02,1.902792140641158258e-01,9.523809523809523281e-02,9.055876685934489967e-02,8.070500927643785294e-02,1.004672897196261655e-01,1.103448275862068950e-01,1.093247588424437339e-01,8.851499634235551750e-02,7.614213197969543767e-02,1.096774193548387122e-01,1.121201536849458641e-01,9.001636661211129264e-02,9.895150720838793990e-02,1.303501945525291916e-01,1.699390656736628202e-01,1.118811881188118834e-01,1.290801186943620060e-01,2.378640776699029180e-01,2.045454545454545581e-01,1.713615023474178434e-01,1.220608575380359578e-01,1.021897810218978103e-01,1.031703385276732943e-01,9.483568075117371210e-02,1.878787878787878673e-01,2.052148720424915584e-01,6.976744186046511531e-02,8.529111338100102413e-02,9.553264604810995930e-02,9.172482552342971218e-02,1.327665140614781025e-01,8.213256484149855652e-02,1.417058428475486964e-01,1.232876712328767055e-01,1.317699609156895713e-01,0.000000000000000000e+00,9.358974358974359031e-02,1.520172910662824228e-01,1.068548387096774216e-01,1.103542234332425126e-01,1.104356636271529857e-01,1.003690036900369009e-01,8.607594936708860833e-02,1.091980063434526554e-01,1.349170775437023850e-01,1.953818827708703465e-01,2.241153342070773269e-01,1.280205655526992226e-01,2.180922525750111918e-01,1.920903954802259950e-01,2.236135957066189561e-01,9.399855386840202942e-02,1.188154568436258635e-01,8.144796380090497945e-02,1.897654584221748486e-01,0.000000000000000000e+00,9.505334626576139589e-02,0.000000000000000000e+00,7.834101382488478649e-02,2.013440860215053863e-01,8.229426433915211503e-02,1.103448275862068950e-01,8.558558558558558571e-02,1.042654028436018898e-01,9.603524229074890395e-02,2.113982770046388404e-01,1.113744075829383867e-01,1.111738148984198621e-01,9.511400651465798384e-02,1.024282560706401835e-01,1.739999999999999880e-01,1.175485599464166087e-01,1.460905349794238695e-01,1.220410310362966821e-01,1.546336206896551657e-01,1.015151515151515166e-01,1.153190037529853301e-01,8.981001727115717204e-02,0.000000000000000000e+00,1.166965888689407566e-01,0.000000000000000000e+00,1.231218697829716130e-01,1.395655036208031663e-01,1.259484066767830035e-01,1.111111111111111049e-01,1.281040599132834135e-01,9.168443496801706449e-02,1.244979919678714797e-01,9.168081494057725433e-02,8.689081979599547201e-02,1.154529307282415596e-01,9.244644870349492949e-02,1.020408163265306145e-01,0.000000000000000000e+00,1.129807692307692318e-01,0.000000000000000000e+00,0.000000000000000000e+00,1.302325581395348819e-01,1.041009463722397527e-01,9.602122015915119657e-02,1.314432989690721698e-01,1.074380165289256228e-01,1.472409909909909997e-01,9.838274932614554658e-02,1.254777070063694266e-01,9.139784946236559349e-02,1.118012422360248476e-01,1.138686131386861256e-01,1.076642335766423292e-01,1.067538126361655820e-01,1.246537396121883690e-01,1.001278227524499409e-01,9.090909090909091161e-02,0.000000000000000000e+00,1.378299120234603992e-01,0.000000000000000000e+00,7.822808671065033248e-02,8.256880733944954587e-02,2.011153712094806423e-01,0.000000000000000000e+00,0.000000000000000000e+00,7.098765432098765038e-02,6.682297772567409588e-02,1.338028169014084390e-01,2.231812577065351300e-01,1.099710602473033400e-01,1.151515151515151575e-01,1.182287188306104936e-01,1.333333333333333315e-01,8.949416342412451486e-02,1.157718120805369122e-01,1.616541353383458557e-01,9.624413145539906234e-02,1.060341820718521122e-01,1.514018691588785159e-01,0.000000000000000000e+00,5.810397553516819663e-02,8.972691807542262921e-02,0.000000000000000000e+00,2.054648687012065322e-01,1.728653745416448284e-01,2.130801687763713148e-01,1.471594798083504518e-01,9.530720851475568689e-02,1.714285714285714302e-01,0.000000000000000000e+00,9.270216962524654991e-02,8.351893095768374298e-02,1.915753029428736431e-01,2.153325817361894101e-01,6.487695749440715309e-02,1.200733272227314380e-01,8.754208754208754606e-02,8.498583569405099292e-02,1.353297952994692854e-01,2.183872938301771593e-01,0.000000000000000000e+00,1.002444987775061164e-01,1.339173967459324210e-01,1.936872309899569655e-01,1.960784313725490169e-01,1.362660944206008640e-01,1.320822807650667563e-01,1.047120418848167533e-01,9.644146467251160648e-02,0.000000000000000000e+00,1.358695652173912971e-01,0.000000000000000000e+00,0.000000000000000000e+00,1.082474226804123751e-01,2.014453477868111964e-01,1.474747474747474807e-01,1.271303546752648450e-01,0.000000000000000000e+00,8.912188728702490070e-02,0.000000000000000000e+00,9.065269943593876056e-02,1.025641025641025605e-01,9.523809523809523281e-02,1.086142322097378293e-01,0.000000000000000000e+00,0.000000000000000000e+00,8.236078692897633169e-02,1.046798029556650217e-01,9.077634460939401628e-02,1.973684210526315819e-01,1.126609442060085842e-01,1.034155597722960090e-01,1.324808184143222434e-01,1.174134997163925193e-01,1.208365608055770729e-01,1.180931744312025966e-01,9.032258064516128504e-02,1.007259528130671489e-01,9.551374819102749492e-02,1.069723018147086951e-01,8.923884514435695414e-02,1.068181818181818121e-01,0.000000000000000000e+00,1.300000000000000044e-01,1.065573770491803213e-01,1.216216216216216284e-01,1.061381074168797900e-01,9.230769230769231282e-02,0.000000000000000000e+00,8.982683982683982438e-02,1.064348886855748660e-01,2.130993418990911881e-01,0.000000000000000000e+00,1.450858034321372836e-01,0.000000000000000000e+00,0.000000000000000000e+00,8.831908831908831525e-02,0.000000000000000000e+00,1.754966887417218624e-01,2.316258351893095702e-01,9.465020576131687180e-02,1.749808135072908610e-01,2.273838630806845895e-01,1.279620853080568610e-01,1.332263242375602008e-01,1.161971830985915471e-01,1.611665387567152719e-01,1.037868162692847096e-01,1.194968553459119509e-01,1.209917355371900871e-01,1.131313131313131382e-01,1.349318288669487664e-01,0.000000000000000000e+00,1.555555555555555580e-01,7.371007371007370912e-02,9.435173299101412558e-02,7.590132827324477804e-02,1.119402985074626905e-01,1.604675876726886219e-01,1.730769230769230727e-01,1.598173515981735071e-01,0.000000000000000000e+00,1.704035874439461806e-01,0.000000000000000000e+00,9.116607773851589935e-02,7.142857142857142461e-02,1.179361179361179401e-01,1.361332367849384384e-01,2.130914265385983608e-01,0.000000000000000000e+00,8.403361344537815802e-02,1.830161054172767254e-01,1.012433392539964505e-01,1.209829867674858256e-01,1.064572425828970298e-01,1.168000000000000010e-01,1.166380789022298525e-01,1.142384105960264906e-01,1.323076923076923206e-01,1.231671554252199430e-01,1.041347626339969440e-01,1.098096632503660353e-01,1.043338683788122001e-01,1.111111111111111049e-01,9.682539682539682835e-02,1.208053691275167846e-01,1.063492063492063461e-01,1.092198581560283738e-01,1.039370078740157466e-01,1.411149825783972189e-01,9.938837920489296263e-02,1.124361158432708729e-01
0.000000000000000000e+00,0.000000000000000000e+00,0.000000000000000000e+00,0.000000000000000000e+00,0.000000000000000000e+00,0.000000000000000000e+00,0.000000000000000000e+00,0.000000000000000000e+00,0.000000000000000000e+00,0.000000000000000000e+00,0.000000000000000000e+00,0.000000000000000000e+00,0.000000000000000000e+00,0.000000000000000000e+00,0.000000000000000000e+00,0.000000000000000000e+00,0.000000000000000000e+00,0.000000000000000000e+00,0.000000000000000000e+00,0.000000000000000000e+00,0.000000000000000000e+00,0.000000000000000000e+00,0.000000000000000000e+00,0.000000000000000000e+00,0.000000000000000000e+00,0.000000000000000000e+00,0.000000000000000000e+00,0.000000000000000000e+00,0.000000000000000000e+00,0.000000000000000000e+00,0.000000000000000000e+00,0.000000000000000000e+00,0.000000000000000000e+00,0.000000000000000000e+00,0.000000000000000000e+00,0.000000000000000000e+00,0.000000000000000000e+00,0.000000000000000000e+00,0.000000000000000000e+00,0.000000000000000000e+00,0.000000000000000000e+00,0.000000000000000000e+00,0.000000000000000000e+00,0.000000000000000000e+00,0.000000000000000000e+00,0.000000000000000000e+00,0.000000000000000000e+00,0.000000000000000000e+00,0.000000000000000000e+00,0.000000000000000000e+00,0.000000000000000000e+00,0.000000000000000000e+00,0.000000000000000000e+00,0.000000000000000000e+00,0.000000000000000000e+00,0.000000000000000000e+00,0.000000000000000000e+00,0.000000000000000000e+00,0.000000000000000000e+00,0.000000000000000000e+00,0.000000000000000000e+00,0.000000000000000000e+00,0.000000000000000000e+00,0.000000000000000000e+00,0.000000000000000000e+00,0.000000000000000000e+00,0.000000000000000000e+00,0.000000000000000000e+00,0.000000000000000000e+00,0.000000000000000000e+00,0.000000000000000000e+00,0.000000000000000000e+00,0.000000000000000000e+00,0.000000000000000000e+00,0.000000000000000000e+00,0.000000000000000000e+00,0.000000000000000000e+00,0.000000000000000000e+00,0.000000000000000000e+00,0.000000000000000000e+00,0.000000000000000000e+00,0.000000000000000000e+00,0.000000000000000000e+00,0.000000000000000000e+00,0.000000000000000000e+00,0.000000000000000000e+00,0.000000000000000000e+00,0.000000000000000000e+00,0.000000000000000000e+00,0.000000000000000000e+00,0.000000000000000000e+00,0.000000000000000000e+00,0.000000000000000000e+00,0.000000000000000000e+00,0.000000000000000000e+00,0.000000000000000000e+00,0.000000000000000000e+00,0.000000000000000000e+00,0.000000000000000000e+00,0.000000000000000000e+00,0.000000000000000000e+00,0.000000000000000000e+00,0.000000000000000000e+00,0.000000000000000000e+00,0.000000000000000000e+00,0.000000000000000000e+00,0.000000000000000000e+00,0.000000000000000000e+00,0.000000000000000000e+00,0.000000000000000000e+00,0.000000000000000000e+00,0.000000000000000000e+00,0.000000000000000000e+00,0.000000000000000000e+00,0.000000000000000000e+00,0.000000000000000000e+00,0.000000000000000000e+00,0.000000000000000000e+00,0.000000000000000000e+00,0.000000000000000000e+00,0.000000000000000000e+00,0.000000000000000000e+00,0.000000000000000000e+00,0.000000000000000000e+00,0.000000000000000000e+00,0.000000000000000000e+00,0.000000000000000000e+00,0.000000000000000000e+00,0.000000000000000000e+00,0.000000000000000000e+00,0.000000000000000000e+00,0.000000000000000000e+00,0.000000000000000000e+00,0.000000000000000000e+00,0.000000000000000000e+00,0.000000000000000000e+00,0.000000000000000000e+00,0.000000000000000000e+00,0.000000000000000000e+00,0.000000000000000000e+00,0.000000000000000000e+00,0.000000000000000000e+00,0.000000000000000000e+00,0.000000000000000000e+00,0.000000000000000000e+00,0.000000000000000000e+00,0.000000000000000000e+00,0.000000000000000000e+00,0.000000000000000000e+00,0.000000000000000000e+00,0.000000000000000000e+00,0.000000000000000000e+00,0.000000000000000000e+00,0.000000000000000000e+00,0.000000000000000000e+00,0.000000000000000000e+00,0.000000000000000000e+00,0.000000000000000000e+00,0.000000000000000000e+00,0.000000000000000000e+00,0.000000000000000000e+00,0.000000000000000000e+00,0.000000000000000000e+00,0.000000000000000000e+00,0.000000000000000000e+00,0.000000000000000000e+00,0.000000000000000000e+00,0.000000000000000000e+00,0.000000000000000000e+00,0.000000000000000000e+00,0.000000000000000000e+00,0.000000000000000000e+00,0.000000000000000000e+00,0.000000000000000000e+00,0.000000000000000000e+00,0.000000000000000000e+00,0.000000000000000000e+00,0.000000000000000000e+00,0.000000000000000000e+00,0.000000000000000000e+00,0.000000000000000000e+00,0.000000000000000000e+00,0.000000000000000000e+00,0.000000000000000000e+00,0.000000000000000000e+00,0.000000000000000000e+00,0.000000000000000000e+00,0.000000000000000000e+00,0.000000000000000000e+00,0.000000000000000000e+00,0.000000000000000000e+00,0.000000000000000000e+00,0.000000000000000000e+00,0.000000000000000000e+00,0.000000000000000000e+00,0.000000000000000000e+00,0.000000000000000000e+00,0.000000000000000000e+00,0.000000000000000000e+00,0.000000000000000000e+00,0.000000000000000000e+00,0.000000000000000000e+00,0.000000000000000000e+00,0.000000000000000000e+00,0.000000000000000000e+00,0.000000000000000000e+00,0.000000000000000000e+00,0.000000000000000000e+00,0.000000000000000000e+00,0.000000000000000000e+00,0.000000000000000000e+00,0.000000000000000000e+00,0.000000000000000000e+00,0.000000000000000000e+00,0.000000000000000000e+00,0.000000000000000000e+00,0.000000000000000000e+00,0.000000000000000000e+00,0.000000000000000000e+00,0.000000000000000000e+00,0.000000000000000000e+00,0.000000000000000000e+00,0.000000000000000000e+00,0.000000000000000000e+00,0.000000000000000000e+00,0.000000000000000000e+00,0.000000000000000000e+00,0.000000000000000000e+00,0.000000000000000000e+00,0.000000000000000000e+00,0.000000000000000000e+00,0.000000000000000000e+00,0.000000000000000000e+00,0.000000000000000000e+00,0.000000000000000000e+00,0.000000000000000000e+00,0.000000000000000000e+00,0.000000000000000000e+00,0.000000000000000000e+00,0.000000000000000000e+00,0.000000000000000000e+00,0.000000000000000000e+00,0.000000000000000000e+00,0.000000000000000000e+00,0.000000000000000000e+00,0.000000000000000000e+00,0.000000000000000000e+00,0.000000000000000000e+00,0.000000000000000000e+00,0.000000000000000000e+00,0.000000000000000000e+00,0.000000000000000000e+00,0.000000000000000000e+00,0.000000000000000000e+00,0.000000000000000000e+00,0.000000000000000000e+00,0.000000000000000000e+00,0.000000000000000000e+00,0.000000000000000000e+00,0.000000000000000000e+00,0.000000000000000000e+00,0.000000000000000000e+00,0.000000000000000000e+00,0.000000000000000000e+00,0.000000000000000000e+00,0.000000000000000000e+00,0.000000000000000000e+00,0.000000000000000000e+00,0.000000000000000000e+00,0.000000000000000000e+00,0.000000000000000000e+00,0.000000000000000000e+00,0.000000000000000000e+00,0.000000000000000000e+00,0.000000000000000000e+00,0.000000000000000000e+00,0.000000000000000000e+00,0.000000000000000000e+00,0.000000000000000000e+00,0.000000000000000000e+00,0.000000000000000000e+00,0.000000000000000000e+00,0.000000000000000000e+00,0.000000000000000000e+00,0.000000000000000000e+00,0.000000000000000000e+00,0.000000000000000000e+00,0.000000000000000000e+00,0.000000000000000000e+00,0.000000000000000000e+00,0.000000000000000000e+00,0.000000000000000000e+00,0.000000000000000000e+00,0.000000000000000000e+00,0.000000000000000000e+00,0.000000000000000000e+00,0.000000000000000000e+00,0.000000000000000000e+00,0.000000000000000000e+00,0.000000000000000000e+00,0.000000000000000000e+00,0.000000000000000000e+00,0.000000000000000000e+00,0.000000000000000000e+00,0.000000000000000000e+00,0.000000000000000000e+00,0.000000000000000000e+00,0.000000000000000000e+00,0.000000000000000000e+00,0.000000000000000000e+00,0.000000000000000000e+00,0.000000000000000000e+00,0.000000000000000000e+00,0.000000000000000000e+00,0.000000000000000000e+00,0.000000000000000000e+00,0.000000000000000000e+00,0.000000000000000000e+00,0.000000000000000000e+00,0.000000000000000000e+00
3.902439024390244038e-01,3.472222222222222099e-01,3.571428571428571508e-01,7.380952380952381375e-01,6.666666666666666297e-01,5.000000000000000000e-01,0.000000000000000000e+00,0.000000000000000000e+00,0.000000000000000000e+00,5.999999999999999778e-01,4.117647058823529216e-01,4.117647058823529216e-01,4.000000000000000222e-01,0.000000000000000000e+00,5.263157894736841813e-01,3.636363636363636465e-01,2.692307692307692180e-01,7.600000000000000089e-01,2.000000000000000111e-01,7.500000000000000000e-01,8.666666666666666963e-01,0.000000000000000000e+00,8.281250000000000000e-01,8.833333333333333037e-01,5.999999999999999778e-01,0.000000000000000000e+00,5.000000000000000000e-01,2.500000000000000000e-01,1.875000000000000000e-01,5.000000000000000000e-01,2.500000000000000000e-01,7.333333333333332815e-01,2.083333333333333426e-01,3.095238095238095344e-01,6.777777777777778123e-01,2.631578947368420907e-01,8.571428571428571508e-02,3.103448275862069061e-01,5.483870967741935054e-01,2.800000000000000266e-01,7.777777777777777901e-01,4.545454545454545303e-01,4.615384615384615641e-01,3.593750000000000000e-01,3.157894736842105088e-01,0.000000000000000000e+00,4.237288135593220151e-01,5.000000000000000000e-01,4.189189189189189144e-01,2.000000000000000111e-01,1.785714285714285754e-01,3.333333333333333148e-01,2.999999999999999889e-01,5.999999999999999778e-01,2.500000000000000000e-01,6.818181818181817677e-01,3.076923076923077094e-01,5.454545454545454142e-01,4.444444444444444198e-01,3.636363636363636465e-01,2.857142857142856984e-01,7.636363636363636687e-01,7.968750000000000000e-01,7.500000000000000000e-01,2.280701754385964786e-01,2.727272727272727071e-01,2.999999999999999889e-01,3.181818181818181768e-01,5.000000000000000000e-01,2.500000000000000000e-01,3.750000000000000000e-01,5.217391304347825942e-01,3.437500000000000000e-01,2.666666666666666630e-01,8.000000000000000444e-01,2.777777777777777901e-01,7.500000000000000000e-01,4.266666666666666941e-01,5.833333333333333703e-01,2.812500000000000000e-01,8.243243243243243423e-01,8.421052631578946901e-01,5.000000000000000000e-01,2.000000000000000111e-01,3.939393939393939226e-01,4.000000000000000222e-01,3.333333333333333148e-01,0.000000000000000000e+00,3.750000000000000000e-01,4.545454545454545303e-01,4.117647058823529216e-01,3.529411764705882582e-01,6.491228070175438791e-01,2.142857142857142738e-01,5.555555555555555802e-01,8.245614035087719396e-01,6.794871794871795156e-01,4.375000000000000000e-01,3.333333333333333148e-01,7.758620689655172376e-01,3.617021276595744905e-01,4.444444444444444198e-01,4.117647058823529216e-01,3.220338983050847204e-01,2.769230769230769384e-01,0.000000000000000000e+00,5.714285714285713969e-01,0.000000000000000000e+00,2.666666666666666630e-01,0.000000000000000000e+00,0.000000000000000000e+00,3.636363636363636465e-01,4.761904761904761640e-01,3.023255813953488191e-01,4.000000000000000222e-01,5.882352941176470507e-02,3.333333333333333148e-01,3.538461538461538658e-01,6.153846153846154188e-01,3.586956521739130266e-01,8.947368421052631637e-01,1.944444444444444475e-01,5.000000000000000000e-01,4.366197183098591283e-01,3.636363636363636465e-01,2.173913043478260809e-01,2.972972972972973138e-01,1.621621621621621712e-01,3.015873015873015706e-01,4.166666666666666852e-01,0.000000000000000000e+00,4.166666666666666852e-01,0.000000000000000000e+00,4.264705882352941013e-01,3.432835820895522305e-01,1.666666666666666574e-01,3.636363636363636465e-01,3.111111111111111160e-01,6.250000000000000000e-01,1.600000000000000033e-01,2.727272727272727071e-01,4.000000000000000222e-01,2.000000000000000111e-01,2.000000000000000111e-01,1.000000000000000000e+00,0.000000000000000000e+00,2.999999999999999889e-01,0.000000000000000000e+00,0.000000000000000000e+00,3.243243243243243423e-01,3.076923076923077094e-01,2.500000000000000000e-01,5.999999999999999778e-01,3.529411764705882582e-01,5.909090909090909394e-01,5.500000000000000444e-01,6.578947368421053099e-01,0.000000000000000000e+00,8.888888888888888395e-01,5.652173913043477826e-01,3.829787234042553168e-01,3.333333333333333148e-01,6.428571428571429047e-01,3.898305084745762872e-01,3.636363636363636465e-01,0.000000000000000000e+00,4.285714285714285476e-01,0.000000000000000000e+00,2.105263157894736725e-01,8.000000000000000444e-01,4.177215189873417778e-01,0.000000000000000000e+00,0.000000000000000000e+00,1.000000000000000000e+00,2.500000000000000000e-01,3.076923076923077094e-01,4.117647058823529216e-01,7.181818181818181435e-01,4.666666666666666741e-01,2.222222222222222099e-01,6.666666666666666297e-01,4.000000000000000222e-01,3.137254901960784270e-01,1.428571428571428492e-01,8.333333333333333703e-01,3.035714285714285476e-01,3.333333333333333148e-01,0.000000000000000000e+00,1.000000000000000000e+00,5.555555555555555802e-01,0.000000000000000000e+00,3.818181818181818343e-01,2.999999999999999889e-01,6.666666666666666297e-01,4.666666666666666741e-01,6.774193548387096309e-01,3.793103448275861878e-01,0.000000000000000000e+00,2.666666666666666630e-01,7.142857142857143016e-01,4.166666666666666852e-01,5.999999999999999778e-01,2.592592592592592449e-01,4.210526315789473450e-01,3.333333333333333148e-01,2.727272727272727071e-01,3.269230769230769273e-01,4.880952380952380820e-01,0.000000000000000000e+00,3.636363636363636465e-01,5.882352941176470784e-01,4.383561643835616195e-01,6.363636363636363535e-01,4.000000000000000222e-01,2.957746478873239382e-01,1.000000000000000000e+00,8.166666666666666519e-01,0.000000000000000000e+00,0.000000000000000000e+00,0.000000000000000000e+00,0.000000000000000000e+00,0.000000000000000000e+00,3.333333333333333148e-01,3.750000000000000000e-01,9.565217391304348116e-01,0.000000000000000000e+00,7.142857142857142461e-02,0.000000000000000000e+00,2.750000000000000222e-01,2.000000000000000111e-01,8.461538461538461453e-01,5.833333333333333703e-01,0.000000000000000000e+00,0.000000000000000000e+00,3.461538461538461453e-01,8.421052631578946901e-01,4.705882352941176405e-01,6.444444444444444864e-01,5.396825396825396526e-01,8.636363636363636465e-01,3.278688524590163689e-01,7.272727272727272929e-01,3.442622950819672067e-01,3.720930232558139483e-01,2.500000000000000000e-01,4.249999999999999889e-01,4.000000000000000222e-01,4.242424242424242542e-01,2.999999999999999889e-01,5.853658536585365502e-01,0.000000000000000000e+00,2.999999999999999889e-01,5.000000000000000000e-01,1.111111111111111049e-01,8.235294117647058432e-01,4.444444444444444198e-01,0.000000000000000000e+00,9.047619047619047672e-01,2.608695652173912971e-01,3.176470588235293935e-01,0.000000000000000000e+00,4.000000000000000222e-01,0.000000000000000000e+00,0.000000000000000000e+00,1.000000000000000000e+00,0.000000000000000000e+00,5.000000000000000000e-01,3.181818181818181768e-01,3.157894736842105088e-01,3.030303030303030387e-01,4.318181818181818232e-01,6.212121212121212155e-01,3.750000000000000000e-01,7.551020408163264808e-01,2.857142857142856984e-01,7.058823529411765163e-01,2.978723404255319007e-01,3.835616438356164171e-01,2.368421052631578816e-01,6.666666666666666297e-01,0.000000000000000000e+00,0.000000000000000000e+00,4.444444444444444198e-01,2.807017543859648967e-01,3.571428571428571508e-01,2.857142857142856984e-01,6.111111111111111605e-01,4.117647058823529216e-01,0.000000000000000000e+00,0.000000000000000000e+00,5.000000000000000000e-01,0.000000000000000000e+00,1.600000000000000033e-01,3.750000000000000000e-01,3.835616438356164171e-01,5.466666666666666341e-01,4.307692307692307931e-01,0.000000000000000000e+00,1.000000000000000000e+00,6.153846153846154188e-01,4.583333333333333148e-01,3.333333333333333148e-01,3.846153846153846367e-01,3.750000000000000000e-01,3.499999999999999778e-01,5.714285714285713969e-01,4.782608695652174058e-01,4.000000000000000222e-01,2.857142857142856984e-01,4.210526315789473450e-01,4.347826086956521618e-01,4.615384615384615641e-01,4.117647058823529216e-01,3.333333333333333148e-01,4.444444444444444198e-01,4.375000000000000000e-01,4.000000000000000222e-01,2.692307692307692180e-01,5.000000000000000000e-01,4.117647058823529216e-01
7.788595271210013715e-02,9.014869888475836313e-02,8.641975308641974829e-02,1.409618573797678243e-01,1.764705882352941291e-01,1.240875912408759135e-01,0.000000000000000000e+00,0.000000000000000000e+00,0.000000000000000000e+00,5.691056910569105426e-02,8.222222222222222432e-02,6.352459016393442737e-02,1.240875912408759135e-01,0.000000000000000000e+00,6.081081081081081419e-02,1.005586592178770999e-01,9.509202453987730674e-02,1.640942323314378559e-01,8.527131782945736316e-02,3.193277310924369505e-01,1.223776223776223832e-01,0.000000000000000000e+00,1.826446280991735616e-01,1.358555460017197014e-01,9.130434782608695676e-02,0.000000000000000000e+00,1.962962962962963021e-01,6.477732793522267274e-02,8.695652173913043237e-02,8.009422850412249717e-02,8.235294117647058709e-02,1.480446927374301780e-01,6.666666666666666574e-02,2.099999999999999922e-01,1.313868613138686192e-01,7.279236276849641862e-02,7.489597780859916232e-02,2.059701492537313328e-01,1.320293398533007312e-01,7.892004153686396628e-02,9.302325581395348708e-02,1.204588910133843199e-01,8.786610878661087198e-02,2.190701339637509959e-01,1.735159817351598077e-01,0.000000000000000000e+00,8.176795580110497730e-02,1.538461538461538547e-01,1.980676328502415373e-01,6.956521739130434867e-02,8.636363636363636465e-02,7.692307692307692735e-02,2.215909090909090884e-01,8.000000000000000167e-02,6.635071090047393871e-02,1.491596638655462159e-01,1.000000000000000056e-01,1.106870229007633627e-01,1.146131805157593192e-01,7.283464566929133410e-02,4.733727810650887463e-02,1.774847870182555687e-01,1.681109185441941045e-01,1.782178217821782096e-01,7.755474452554744769e-02,4.117647058823529355e-02,1.563088512241054551e-01,1.005154639175257769e-01,1.627906976744186163e-01,1.475903614457831359e-01,2.201195219123505964e-01,2.109890109890109888e-01,8.831908831908831525e-02,8.768656716417910779e-02,1.709511568123393277e-01,7.557354925775978949e-02,2.233009708737864196e-01,2.004996876951904983e-01,9.325396825396825573e-02,6.588579795021962116e-02,1.768140116763969871e-01,1.507246376811594291e-01,1.369369369369369260e-01,6.060606060606060774e-02,1.490196078431372528e-01,4.428044280442804126e-02,8.866279069767442345e-02,0.000000000000000000e+00,1.282051282051281937e-01,1.762295081967213128e-01,1.008174386920980964e-01,1.006493506493506551e-01,1.574697173620457635e-01,8.193484698914116349e-02,1.111111111111111049e-01,1.688453159041394258e-01,1.360946745562130189e-01,1.911421911421911368e-01,1.757812500000000000e-01,1.520912547528517067e-01,2.329873125720876570e-01,2.203703703703703831e-01,1.724999999999999867e-01,8.717948717948717507e-02,7.619943555973660021e-02,1.011235955056179747e-01,1.944444444444444475e-01,0.000000000000000000e+00,8.708708708708708113e-02,0.000000000000000000e+00,1.526717557251908337e-02,1.734475374732334096e-01,5.707196029776674673e-02,8.813928182807399814e-02,1.060903732809430206e-01,7.881773399014778414e-02,1.045130641330166282e-01,1.945661700262927285e-01,1.791666666666666685e-01,8.277404921700223794e-02,1.685214626391096926e-01,7.384230287859824826e-02,1.923076923076923184e-01,8.985507246376811530e-02,8.609271523178807506e-02,7.923497267759563312e-02,8.753709198813056092e-02,6.847360912981455272e-02,9.335899903753609730e-02,1.117318435754189876e-01,0.000000000000000000e+00,9.743589743589743668e-02,0.000000000000000000e+00,9.617486338797814893e-02,9.667968750000000000e-02,9.019607843137254777e-02,6.607929515418502209e-02,7.626208378088077111e-02,6.857142857142857484e-02,9.514925373134328068e-02,8.928571428571428770e-02,8.773784355179703454e-02,6.278026905829596493e-02,7.492795389048990951e-02,7.299270072992700142e-02,0.000000000000000000e+00,8.917197452229298771e-02,0.000000000000000000e+00,0.000000000000000000e+00,1.131756756756756715e-01,9.188034188034188698e-02,9.973045822102426239e-02,1.478873239436619691e-01,9.725685785536158923e-02,1.694796061884669414e-01,1.208981001727115756e-01,1.851851851851851749e-01,1.073446327683615781e-01,1.507936507936507853e-01,1.083844580777096056e-01,1.000000000000000056e-01,1.055900621118012472e-01,1.638141809290953599e-01,9.725400457665904497e-02,1.309523809523809590e-01,0.000000000000000000e+00,1.508620689655172376e-01,0.000000000000000000e+00,6.666666666666666574e-02,1.288659793814432852e-01,1.663568773234200826e-01,0.000000000000000000e+00,0.000000000000000000e+00,1.148648648648648712e-01,4.601226993865030479e-02,9.593023255813953876e-02,1.699895068205666271e-01,1.670160726764500225e-01,1.066666666666666735e-01,9.491525423728813804e-02,9.649122807017543324e-02,3.448275862068965469e-02,8.293838862559241298e-02,6.097560975609755962e-02,1.443850267379679086e-01,8.846153846153846645e-02,2.097560975609756018e-01,0.000000000000000000e+00,6.849315068493150305e-02,6.397306397306397330e-02,0.000000000000000000e+00,1.966731898238747445e-01,1.666666666666666574e-01,1.299435028248587531e-01,1.612244897959183576e-01,1.516339869281045638e-01,2.256637168141592820e-01,0.000000000000000000e+00,7.808564231738035488e-02,1.089385474860335157e-01,2.042042042042042094e-01,1.994047619047619180e-01,5.737704918032787010e-02,1.556064073226544608e-01,6.923076923076923461e-02,1.145038167938931262e-01,8.838643371017471106e-02,2.185929648241206058e-01,0.000000000000000000e+00,6.734693877551020669e-02,9.931506849315067942e-02,1.590493601462522888e-01,2.395209580838323360e-01,1.913043478260869623e-01,8.508403361344538118e-02,9.933774834437085477e-02,1.543287327478042592e-01,0.000000000000000000e+00,6.081081081081081419e-02,0.000000000000000000e+00,0.000000000000000000e+00,5.555555555555555247e-02,1.391752577319587680e-01,8.552631578947368640e-02,1.609442060085836956e-01,0.000000000000000000e+00,8.333333333333332871e-02,0.000000000000000000e+00,8.704883227176220262e-02,8.130081300813007950e-02,1.515151515151515194e-01,8.571428571428571508e-02,0.000000000000000000e+00,0.000000000000000000e+00,8.103130755064456847e-02,1.974921630094043923e-01,7.971014492753622505e-02,3.328981723237597889e-01,1.220657276995305157e-01,1.777777777777777846e-01,8.613728129205922013e-02,1.779661016949152519e-01,8.029978586723768297e-02,9.794319294809010479e-02,1.097560975609756101e-01,8.547008547008547175e-02,8.984375000000000000e-02,1.253481894150417775e-01,7.609594706368899564e-02,1.671974522292993537e-01,0.000000000000000000e+00,1.407407407407407496e-01,1.488095238095238082e-01,6.197654941373534343e-02,1.296296296296296224e-01,1.256281407035175768e-01,0.000000000000000000e+00,1.791044776119402882e-01,8.962655601659751115e-02,1.678141135972461284e-01,0.000000000000000000e+00,1.162790697674418589e-01,0.000000000000000000e+00,0.000000000000000000e+00,8.333333333333332871e-02,0.000000000000000000e+00,1.725663716814159199e-01,2.125890736342042620e-01,8.780487804878048252e-02,1.792656587473002161e-01,1.824234354194407548e-01,1.298701298701298579e-01,7.774390243902438991e-02,1.778319123020706549e-01,1.761133603238866363e-01,1.115107913669064754e-01,9.414758269720101269e-02,1.254789272030651381e-01,7.772795216741404389e-02,1.459854014598540028e-01,0.000000000000000000e+00,6.122448979591836593e-02,6.806282722513089245e-02,7.699358386801100074e-02,7.196029776674937872e-02,7.844474761255115780e-02,2.138728323699422007e-01,2.081218274111675259e-01,1.408450704225352179e-01,0.000000000000000000e+00,2.500000000000000000e-01,0.000000000000000000e+00,1.050724637681159368e-01,6.451612903225806273e-02,7.544006705783738720e-02,1.686274509803921684e-01,1.737089201877934364e-01,0.000000000000000000e+00,2.155172413793103314e-01,2.917466410748560390e-01,1.018518518518518462e-01,7.792207792207792028e-02,1.052631578947368363e-01,1.365638766519823855e-01,1.105990783410138317e-01,1.572580645161290314e-01,1.161825726141078874e-01,9.704641350210969908e-02,1.225296442687747039e-01,1.007462686567164173e-01,1.292775665399239493e-01,1.395348837209302306e-01,1.475409836065573743e-01,8.571428571428571508e-02,1.331058020477815795e-01,8.225108225108225535e-02,6.415094339622641473e-02,1.626794258373205626e-01,1.106194690265486780e-01,9.615384615384615918e-02
1.103047895500725711e-01,1.139471285323609834e-01,9.465020576131687180e-02,7.812500000000000000e-02,1.012269938650306733e-01,1.018867924528301938e-01,0.000000000000000000e+00,0.000000000000000000e+00,0.000000000000000000e+00,5.333333333333333676e-02,7.901907356948228989e-02,1.151385927505330503e-01,8.737864077669903196e-02,0.000000000000000000e+00,1.033333333333333326e-01,1.049723756906077304e-01,1.035564853556485421e-01,1.076794657762938229e-01,1.037037037037037007e-01,3.773584905660377214e-02,1.071428571428571369e-01,0.000000000000000000e+00,8.268482490272373309e-02,8.562019758507134759e-02,6.190476190476190688e-02,0.000000000000000000e+00,1.111111111111111049e-01,9.865470852017936554e-02,1.137339055793991360e-01,1.181702668360864045e-01,1.090909090909090856e-01,9.707241910631740633e-02,7.738095238095238360e-02,1.039999999999999952e-01,9.193245778611632002e-02,1.297509829619921395e-01,1.041009463722397527e-01,9.375000000000000000e-02,8.776595744680851241e-02,1.025369978858350906e-01,8.064516129032257841e-02,1.172707889125799569e-01,1.060606060606060635e-01,9.372071227741331223e-02,1.126005361930294962e-01,0.000000000000000000e+00,1.122334455667789027e-01,8.724832214765100569e-02,1.012965964343598008e-01,4.511278195488721554e-02,1.122448979591836732e-01,8.208955223880597118e-02,8.282208588957054585e-02,7.870370370370370627e-02,5.825242718446602130e-02,1.092896174863387942e-01,1.118881118881118880e-01,8.035714285714286309e-02,8.280254777070063243e-02,8.754863813229571412e-02,7.352941176470588480e-02,9.638554216867470381e-02,1.161417322834645688e-01,7.317073170731706877e-02,1.127596439169139403e-01,1.075697211155378502e-01,1.120331950207468924e-01,9.762532981530343268e-02,1.105769230769230727e-01,9.570957095709571594e-02,8.195020746887966834e-02,9.555555555555556024e-02,1.079069767441860478e-01,1.174311926605504652e-01,9.660574412532636768e-02,9.893048128342246672e-02,6.756756756756757132e-02,9.553264604810995930e-02,8.080808080808081495e-02,1.016483516483516480e-01,9.845031905195988919e-02,8.357348703170028315e-02,9.861932938856016184e-02,9.448818897637795144e-02,1.015625000000000000e-01,6.159420289855072755e-02,1.191489361702127714e-01,0.000000000000000000e+00,8.916083916083916705e-02,1.101871101871101932e-01,6.752411575562701496e-02,1.260162601626016177e-01,1.143654114365411367e-01,1.056338028169014065e-01,8.724832214765100569e-02,8.356164383561644204e-02,1.141439205955334935e-01,9.350649350649350988e-02,1.008403361344537841e-01,1.168831168831168804e-01,1.371191135734071975e-01,9.090909090909091161e-02,1.100917431192660612e-01,9.230769230769231282e-02,1.280167890870933800e-01,7.692307692307692735e-02,1.151079136690647542e-01,0.000000000000000000e+00,7.780979827089337664e-02,0.000000000000000000e+00,4.424778761061946841e-02,1.115297663903541819e-01,9.473684210526316096e-02,1.150341685649202694e-01,7.027027027027027417e-02,7.608695652173913526e-02,9.065155807365439522e-02,1.194444444444444503e-01,9.459459459459459985e-02,1.101356743814844441e-01,7.622504537205081199e-02,1.002358490566037791e-01,3.472222222222222376e-02,1.254980079681274896e-01,1.063829787234042562e-01,1.206896551724137984e-01,9.806835066864784400e-02,1.255060728744939180e-01,1.120000000000000023e-01,9.090909090909091161e-02,0.000000000000000000e+00,1.413043478260869457e-01,0.000000000000000000e+00,1.369248035914702455e-01,1.269406392694063801e-01,1.030042918454935619e-01,1.022222222222222282e-01,1.177829099307159400e-01,7.185628742514969802e-02,1.190476190476190410e-01,1.067961165048543631e-01,6.850828729281767393e-02,8.333333333333332871e-02,1.003039513677811551e-01,1.196581196581196632e-01,0.000000000000000000e+00,1.194029850746268634e-01,0.000000000000000000e+00,0.000000000000000000e+00,1.126760563380281716e-01,8.745684695051783586e-02,1.087289433384379805e-01,9.493670886075949999e-02,1.063218390804597652e-01,1.058045554739162342e-01,9.946714031971580494e-02,1.316725978647686757e-01,9.523809523809523281e-02,8.181818181818181768e-02,8.527131782945736316e-02,1.270627062706270738e-01,6.774193548387097419e-02,1.277533039647577029e-01,1.094527363184079616e-01,8.118081180811807795e-02,0.000000000000000000e+00,1.201550387596899278e-01,0.000000000000000000e+00,8.661417322834645549e-02,3.546099290780142105e-02,1.136783733826247644e-01,0.000000000000000000e+00,0.000000000000000000e+00,8.196721311475409222e-02,8.681672025723473352e-02,1.122448979591836732e-01,1.111111111111111049e-01,1.106060606060606105e-01,1.210191082802547780e-01,1.165577342047930259e-01,5.109489051094890516e-02,4.545454545454545581e-02,1.164705882352941174e-01,1.111111111111111049e-01,5.747126436781609116e-02,9.751609935602575940e-02,6.417112299465241310e-02,0.000000000000000000e+00,7.142857142857142461e-02,9.830508474576271638e-02,0.000000000000000000e+00,1.182795698924731242e-01,1.129296235679214389e-01,4.188481675392670411e-02,9.545454545454545858e-02,9.353507565337002005e-02,7.986688851913477383e-02,0.000000000000000000e+00,1.101694915254237267e-01,7.986111111111110494e-02,8.374384236453201458e-02,9.440559440559440074e-02,1.029411764705882304e-01,1.081081081081081141e-01,1.574074074074074125e-01,9.565217391304348116e-02,1.505483549351944172e-01,1.259079903147699853e-01,0.000000000000000000e+00,7.772020725388600892e-02,8.424908424908425508e-02,1.202404809619238429e-01,7.575757575757575968e-02,1.086350974930362090e-01,1.243830207305034602e-01,6.849315068493150305e-02,8.689655172413793260e-02,0.000000000000000000e+00,1.025641025641025605e-01,0.000000000000000000e+00,0.000000000000000000e+00,8.045977011494252762e-02,9.348441926345608943e-02,1.020408163265306145e-01,8.599508599508599860e-02,0.000000000000000000e+00,8.487084870848708718e-02,0.000000000000000000e+00,1.071428571428571369e-01,6.730769230769230449e-02,9.389671361502346936e-02,9.714285714285714191e-02,0.000000000000000000e+00,0.000000000000000000e+00,8.829568788501027110e-02,8.580858085808580615e-02,1.008035062089116113e-01,6.942148760330578428e-02,9.138972809667673947e-02,9.466019417475728115e-02,1.379781420765027189e-01,8.835027365129007049e-02,1.224707135250266282e-01,1.024390243902438963e-01,1.125000000000000028e-01,9.972677595628415270e-02,1.317073170731707377e-01,1.028277634961439618e-01,7.565789473684210453e-02,1.055363321799307891e-01,0.000000000000000000e+00,7.534246575342465335e-02,7.718120805369127480e-02,1.261829652996845352e-01,6.976744186046511531e-02,8.536585365853659180e-02,0.000000000000000000e+00,7.342657342657342434e-02,9.317963496637848841e-02,1.030837004405286278e-01,0.000000000000000000e+00,1.090909090909090856e-01,0.000000000000000000e+00,0.000000000000000000e+00,6.363636363636362980e-02,0.000000000000000000e+00,8.490566037735848559e-02,1.089743589743589758e-01,1.015384615384615358e-01,1.018329938900203735e-01,1.088082901554404125e-01,1.440443213296399017e-01,1.319340329835082537e-01,1.046798029556650217e-01,9.951456310679611394e-02,8.536585365853659180e-02,1.162790697674418589e-01,1.219748305905130753e-01,1.308823529411764774e-01,1.127633209417596011e-01,0.000000000000000000e+00,5.882352941176470507e-02,1.091954022988505801e-01,9.291187739463602213e-02,8.264462809917355601e-02,9.822119102861562312e-02,9.620991253644314845e-02,8.857142857142856485e-02,9.411764705882352811e-02,0.000000000000000000e+00,7.352941176470588480e-02,0.000000000000000000e+00,8.494208494208493887e-02,1.417910447761193959e-01,1.303555150410209695e-01,1.231813773035887460e-01,1.159274193548387039e-01,0.000000000000000000e+00,6.451612903225806273e-02,8.969465648854961504e-02,1.160220994475138073e-01,6.321839080459770721e-02,1.307189542483660205e-01,9.139784946236559349e-02,8.771929824561403022e-02,1.367924528301886766e-01,6.060606060606060774e-02,6.545454545454545969e-02,9.049773755656108365e-02,6.015037593984962072e-02,1.111111111111111049e-01,9.745762711864407180e-02,9.677419354838709409e-02,9.811320754716981729e-02,1.174089068825910909e-01,1.310861423220973654e-01,1.016949152542372947e-01,1.649484536082474195e-01,9.782608695652174335e-02,8.835341365461847618e-02
1.033557046979865779e-01,9.341199606686331758e-02,1.057692307692307682e-01,8.938547486033519840e-02,6.472491909385112707e-02,6.741573033707864981e-02,0.000000000000000000e+00,0.000000000000000000e+00,0.000000000000000000e+00,7.608695652173913526e-02,6.982543640897755088e-02,9.890109890109889668e-02,6.250000000000000000e-02,0.000000000000000000e+00,8.837209302325581273e-02,1.034482758620689641e-01,8.288482238966630999e-02,1.016652059596844931e-01,1.074380165289256228e-01,4.761904761904761640e-02,6.390977443609022202e-02,0.000000000000000000e+00,8.959276018099547600e-02,9.378084896347482768e-02,8.571428571428571508e-02,0.000000000000000000e+00,9.216589861751152413e-02,1.128404669260700405e-01,6.539833531510107212e-02,1.073446327683615781e-01,2.985074626865671585e-02,9.178743961352657521e-02,9.523809523809523281e-02,1.106382978723404187e-01,1.040145985401459833e-01,1.120689655172413812e-01,8.716323296354992756e-02,1.064981949458483762e-01,9.027777777777777624e-02,1.042105263157894757e-01,1.153846153846153910e-01,9.070294784580498759e-02,7.734806629834253822e-02,1.143375680580762249e-01,1.000000000000000056e-01,0.000000000000000000e+00,1.165501165501165448e-01,1.224489795918367319e-01,9.377738825591586114e-02,1.529411764705882470e-01,7.567567567567567988e-02,8.163265306122448328e-02,8.852459016393442182e-02,4.878048780487805047e-02,6.547619047619047949e-02,9.065155807365439522e-02,8.333333333333332871e-02,1.015228426395939076e-01,5.161290322580645157e-02,1.319910514541386970e-01,6.106870229007633349e-02,8.534136546184739602e-02,8.280254777070063243e-02,8.465608465608465139e-02,1.036121673003802257e-01,1.086956521739130405e-01,8.760683760683760091e-02,6.389776357827475772e-02,6.451612903225806273e-02,1.025641025641025605e-01,1.053740779768177066e-01,8.133971291866028130e-02,1.173469387755102095e-01,7.495069033530571412e-02,8.689248895434462105e-02,8.584337349397590244e-02,4.819277108433735191e-02,1.015010721944245853e-01,1.014492753623188470e-01,1.010638297872340358e-01,8.614564831261101174e-02,8.359133126934983893e-02,9.323583180987203567e-02,9.302325581395348708e-02,9.090909090909091161e-02,8.870967741935484319e-02,8.854961832061068738e-02,0.000000000000000000e+00,8.614864864864864302e-02,1.015037593984962350e-01,1.016393442622950810e-01,1.401515151515151381e-01,1.111111111111111049e-01,5.745856353591160398e-02,9.392265193370165355e-02,9.558823529411764053e-02,1.094594594594594655e-01,6.830601092896175508e-02,8.510638297872340219e-02,9.742120343839541508e-02,1.030219780219780168e-01,9.885057471264367679e-02,1.209677419354838745e-01,8.242950108459870528e-02,1.096173733195449779e-01,1.232876712328767055e-01,7.792207792207792028e-02,0.000000000000000000e+00,1.037463976945244976e-01,0.000000000000000000e+00,1.052631578947368363e-01,1.160849772382397532e-01,7.242339832869081062e-02,7.177033492822966487e-02,5.974025974025973934e-02,7.065217391304347283e-02,7.887323943661972425e-02,1.159546643417611184e-01,1.079295154185022088e-01,1.118518518518518551e-01,8.688245315161839677e-02,9.793814432989690622e-02,9.316770186335403270e-02,1.193877551020408184e-01,9.604519774011299749e-02,1.130030959752321984e-01,1.024000000000000049e-01,9.922480620155038622e-02,9.034267912772585285e-02,9.677419354838709409e-02,0.000000000000000000e+00,1.358695652173912971e-01,0.000000000000000000e+00,8.608490566037735325e-02,1.116279069767441845e-01,7.111111111111111105e-02,7.262569832402235304e-02,1.112372304199772954e-01,6.250000000000000000e-02,9.387755102040816479e-02,3.555555555555555552e-02,7.970244420828904997e-02,7.558139534883720478e-02,8.064516129032257841e-02,3.278688524590164105e-02,0.000000000000000000e+00,6.206896551724137845e-02,0.000000000000000000e+00,0.000000000000000000e+00,8.605851979345954805e-02,8.312655086848634578e-02,8.899676375404530493e-02,1.300813008130081438e-01,8.928571428571428770e-02,1.100513573000733714e-01,7.818930041152263866e-02,9.369951534733440834e-02,6.703910614525139533e-02,3.007518796992481036e-02,8.333333333333332871e-02,1.116279069767441845e-01,8.333333333333332871e-02,1.291139240506329056e-01,9.559748427672956628e-02,9.411764705882352811e-02,0.000000000000000000e+00,7.296137339055794313e-02,0.000000000000000000e+00,8.018867924528301494e-02,6.077348066298342288e-02,9.053497942386831698e-02,0.000000000000000000e+00,0.000000000000000000e+00,7.142857142857142461e-02,9.615384615384615918e-02,8.938547486033519840e-02,1.127129750982961975e-01,9.218289085545722239e-02,1.538461538461538547e-01,1.136653895274584991e-01,7.826086956521739746e-02,5.785123966942148921e-02,9.801633605600933163e-02,9.677419354838709409e-02,9.219858156028368223e-02,7.127429805615551062e-02,8.465608465608465139e-02,0.000000000000000000e+00,9.600000000000000200e-02,6.137184115523465489e-02,0.000000000000000000e+00,9.275053304904051776e-02,9.935897435897435293e-02,8.219178082191780366e-02,8.559498956158663463e-02,9.720534629404617433e-02,1.013513513513513570e-01,0.000000000000000000e+00,6.371191135734072253e-02,8.196721311475409222e-02,8.333333333333332871e-02,1.447368421052631637e-01,8.256880733944954587e-02,1.326781326781326653e-01,8.035714285714286309e-02,8.653846153846153633e-02,1.105032822757111566e-01,1.024349286314021890e-01,0.000000000000000000e+00,7.341772151898734444e-02,9.556313993174062049e-02,1.124144672531769279e-01,6.626506024096386060e-02,1.159420289855072478e-01,1.024340770791075106e-01,6.111111111111110911e-02,1.002785515320334248e-01,0.000000000000000000e+00,8.474576271186440302e-02,0.000000000000000000e+00,0.000000000000000000e+00,5.633802816901408578e-02,9.016393442622951115e-02,1.465517241379310220e-01,9.572072072072071447e-02,0.000000000000000000e+00,9.121621621621621434e-02,0.000000000000000000e+00,9.553349875930521040e-02,9.199999999999999845e-02,9.251101321585902815e-02,6.593406593406593574e-02,0.000000000000000000e+00,0.000000000000000000e+00,9.345794392523364136e-02,8.480565371024735566e-02,9.019327129563349532e-02,8.957654723127035645e-02,8.809523809523810145e-02,8.133971291866028130e-02,1.083333333333333370e-01,8.605577689243028294e-02,1.186974789915966333e-01,7.675906183368870483e-02,5.000000000000000278e-02,8.005249343832021580e-02,8.928571428571428770e-02,1.010638297872340358e-01,8.510638297872340219e-02,1.138613861386138654e-01,0.000000000000000000e+00,6.349206349206348854e-02,9.274193548387096864e-02,1.194486983154670751e-01,8.394160583941605303e-02,9.090909090909091161e-02,0.000000000000000000e+00,1.135734072022160646e-01,8.308895405669598777e-02,1.050818260120585657e-01,0.000000000000000000e+00,1.069958847736625501e-01,0.000000000000000000e+00,0.000000000000000000e+00,7.586206896551724033e-02,0.000000000000000000e+00,1.030927835051546337e-01,1.022556390977443636e-01,1.153846153846153910e-01,7.194244604316546443e-02,1.135430916552667563e-01,1.150202976995940429e-01,9.389671361502346936e-02,1.046658259773013827e-01,1.232876712328767055e-01,7.924528301886792081e-02,1.017699115044247843e-01,9.082308420056764420e-02,1.077147016011644892e-01,1.138613861386138654e-01,0.000000000000000000e+00,9.782608695652174335e-02,9.655172413793103314e-02,1.114551083591331232e-01,9.429280397022332671e-02,9.923076923076923350e-02,8.940397350993377346e-02,9.552238805970149349e-02,7.594936708860759722e-02,0.000000000000000000e+00,4.000000000000000083e-02,0.000000000000000000e+00,7.199999999999999456e-02,5.357142857142856845e-02,1.138353765323992933e-01,1.007620660457239636e-01,1.229946524064171182e-01,0.000000000000000000e+00,8.092485549132948097e-02,1.013215859030836968e-01,5.581395348837209225e-02,1.069518716577540079e-01,1.164021164021163957e-01,1.100917431192660612e-01,9.278350515463917869e-02,8.695652173913043237e-02,8.571428571428571508e-02,8.064516129032257841e-02,7.211538461538460898e-02,9.259259259259258745e-02,9.913793103448276245e-02,9.302325581395348708e-02,6.603773584905660299e-02,8.108108108108108558e-02,1.327433628318584191e-01,9.661835748792270417e-02,8.530805687203792120e-02,9.696969696969696961e-02,6.363636363636362980e-02,9.722222222222222376e-02
1.033057851239669450e-01,1.001908396946564889e-01,8.000000000000000167e-02,9.392265193370165355e-02,7.255520504731861886e-02,9.427609427609427717e-02,0.000000000000000000e+00,0.000000000000000000e+00,0.000000000000000000e+00,7.086614173228346358e-02,1.173020527859237605e-01,1.195219123505976144e-01,4.587155963302752548e-02,0.000000000000000000e+00,8.870967741935484319e-02,1.151515151515151575e-01,1.020166073546856511e-01,9.719789842381786060e-02,1.193181818181818232e-01,1.016949152542372947e-01,1.068702290076335853e-01,0.000000000000000000e+00,8.778625954198472636e-02,8.015267175572518554e-02,6.842105263157895190e-02,0.000000000000000000e+00,5.932203389830508627e-02,8.300395256916996700e-02,9.006211180124223947e-02,9.559748427672956628e-02,1.044776119402985037e-01,1.082706766917293228e-01,8.142493638676845391e-02,7.897793263646922524e-02,9.365853658536585358e-02,1.038062283737024166e-01,1.119751166407464971e-01,7.522935779816514179e-02,5.804749340369393107e-02,1.031833150384193210e-01,8.411214953271027583e-02,8.817204301075268202e-02,5.454545454545454281e-02,8.471615720524017235e-02,7.194244604316546443e-02,0.000000000000000000e+00,9.906152241918665668e-02,1.448275862068965636e-01,9.396485867074103049e-02,7.692307692307692735e-02,9.856035437430786528e-02,6.611570247933884481e-02,7.594936708860759722e-02,7.079646017699114946e-02,8.176100628930817182e-02,6.927710843373494076e-02,8.029197080291970712e-02,7.373271889400921653e-02,6.666666666666666574e-02,8.333333333333332871e-02,7.272727272727272374e-02,9.240246406570841453e-02,9.532538955087076216e-02,7.281553398058251969e-02,8.474576271186440302e-02,1.129943502824858753e-01,8.799999999999999489e-02,6.738544474393530492e-02,8.749999999999999445e-02,8.823529411764706454e-02,7.478632478632478431e-02,6.053811659192825240e-02,1.038824763903462706e-01,1.150097465886939507e-01,7.965860597439544666e-02,9.144893111638954797e-02,9.523809523809523281e-02,9.686221009549794703e-02,1.136801541425818823e-01,9.815078236130868328e-02,9.788359788359787816e-02,6.845238095238095899e-02,1.034482758620689641e-01,6.640625000000000000e-02,1.199999999999999956e-01,1.019108280254777121e-01,1.397670549084858438e-01,0.000000000000000000e+00,1.115702479338843006e-01,1.082677165354330728e-01,7.803468208092485814e-02,1.194029850746268634e-01,8.870967741935484319e-02,8.468677494199536304e-02,8.496732026143791194e-02,8.173076923076923184e-02,1.049596309111879983e-01,5.039787798408488367e-02,7.142857142857142461e-02,1.133879781420765037e-01,8.016304347826086474e-02,8.548707753479124760e-02,5.684754521963824442e-02,9.300184162062614945e-02,1.120370370370370322e-01,8.333333333333332871e-02,7.199999999999999456e-02,0.000000000000000000e+00,5.722891566265059932e-02,0.000000000000000000e+00,5.511811023622047168e-02,9.056886227544910795e-02,7.272727272727272374e-02,9.426229508196720674e-02,8.527131782945736316e-02,7.547169811320754429e-02,7.267441860465116699e-02,8.494208494208493887e-02,9.493670886075949999e-02,1.060259344012204480e-01,6.722689075630251809e-02,9.518348623853210844e-02,5.844155844155844021e-02,1.194029850746268634e-01,8.484848484848485362e-02,1.155698234349919751e-01,9.001406469760900309e-02,9.734513274336283051e-02,1.187165775401069490e-01,8.000000000000000167e-02,0.000000000000000000e+00,1.244019138755980830e-01,0.000000000000000000e+00,1.070967741935483913e-01,1.087719298245614086e-01,6.578947368421052266e-02,7.860262008733624739e-02,1.134453781512605036e-01,6.493506493506492894e-02,1.035196687370600471e-01,9.729729729729730270e-02,6.829268292682927344e-02,7.766990291262135249e-02,8.849557522123893682e-02,7.031250000000000000e-02,0.000000000000000000e+00,7.042253521126760896e-02,0.000000000000000000e+00,0.000000000000000000e+00,9.121621621621621434e-02,8.674101610904584592e-02,8.774834437086093120e-02,9.756097560975610095e-02,8.571428571428571508e-02,9.798270893371757717e-02,7.407407407407406996e-02,8.916083916083916705e-02,6.091370558375634736e-02,9.523809523809523281e-02,8.350305498981669405e-02,9.417808219178082363e-02,9.779179810725552313e-02,1.180904522613065305e-01,1.003627569528415947e-01,6.451612903225806273e-02,0.000000000000000000e+00,1.404109589041095951e-01,0.000000000000000000e+00,7.187499999999999445e-02,7.182320441988949977e-02,9.950738916256157696e-02,0.000000000000000000e+00,0.000000000000000000e+00,8.270676691729322849e-02,8.171206225680933966e-02,1.059190031152647954e-01,9.155766944114149264e-02,9.658246656760773041e-02,1.005917159763313612e-01,1.034870641169853833e-01,1.000000000000000056e-01,7.964601769911504314e-02,1.014851485148514920e-01,9.900990099009901457e-02,1.081081081081081141e-01,9.523809523809523281e-02,8.474576271186440302e-02,0.000000000000000000e+00,7.874015748031495954e-02,8.812260536398466848e-02,0.000000000000000000e+00,9.368421052631578649e-02,9.967320261437909168e-02,7.575757575757575968e-02,9.255533199195170591e-02,7.488986784140969077e-02,7.284768211920529535e-02,0.000000000000000000e+00,6.442577030812324246e-02,8.794788273615634921e-02,1.118421052631578955e-01,8.849557522123893682e-02,8.020477815699658675e-02,1.151079136690647542e-01,5.084745762711864736e-02,1.090909090909090856e-01,1.201814058956916093e-01,8.991596638655462159e-02,0.000000000000000000e+00,8.443271767810026085e-02,8.656716417910448325e-02,1.231231231231231238e-01,9.271523178807947185e-02,9.037900874635568238e-02,1.133400200601805408e-01,6.172839506172839164e-02,8.298171589310829321e-02,0.000000000000000000e+00,6.930693069306931298e-02,0.000000000000000000e+00,0.000000000000000000e+00,7.499999999999999722e-02,9.975669099756691305e-02,8.163265306122448328e-02,9.629629629629629650e-02,0.000000000000000000e+00,7.777777777777777901e-02,0.000000000000000000e+00,7.593457943925233100e-02,8.278145695364239054e-02,8.786610878661087198e-02,8.888888888888889228e-02,0.000000000000000000e+00,0.000000000000000000e+00,9.748427672955975454e-02,7.419354838709676936e-02,8.339768339768340033e-02,7.462686567164178442e-02,8.705882352941175795e-02,5.651105651105651356e-02,1.009421265141318969e-01,9.027777777777777624e-02,8.151549942594718545e-02,9.238095238095238304e-02,6.250000000000000000e-02,9.141274238227146964e-02,1.111111111111111049e-01,1.018276762402088725e-01,8.319039451114923489e-02,1.061806656101426244e-01,0.000000000000000000e+00,8.955223880597014408e-02,6.563706563706563080e-02,7.350901525658806723e-02,1.004016064257028107e-01,8.205128205128205121e-02,0.000000000000000000e+00,5.999999999999999778e-02,9.970674486803518533e-02,9.888220120378331257e-02,0.000000000000000000e+00,1.230158730158730090e-01,0.000000000000000000e+00,0.000000000000000000e+00,9.482758620689654694e-02,0.000000000000000000e+00,5.978260869565217572e-02,1.189839572192513406e-01,1.059431524547803649e-01,1.022222222222222282e-01,9.778357235984354301e-02,1.106870229007633627e-01,1.202898550724637722e-01,1.010701545778834726e-01,9.242144177449168607e-02,7.031250000000000000e-02,8.948004836759371194e-02,1.157184185149469635e-01,8.221225710014948285e-02,1.063040791100123561e-01,0.000000000000000000e+00,1.309523809523809590e-01,8.108108108108108558e-02,8.878048780487804437e-02,6.730769230769230449e-02,8.543096872616323667e-02,5.937499999999999722e-02,6.172839506172839164e-02,9.459459459459459985e-02,0.000000000000000000e+00,1.052631578947368363e-01,0.000000000000000000e+00,6.355932203389830226e-02,8.176100628930817182e-02,1.137521222410865923e-01,1.037567084078711982e-01,1.184882533197139931e-01,0.000000000000000000e+00,6.818181818181817677e-02,9.168443496801706449e-02,6.914893617021276861e-02,8.791208791208791895e-02,6.796116504854368690e-02,6.513409961685823202e-02,4.891304347826087168e-02,8.018867924528301494e-02,8.695652173913043237e-02,7.920792079207920888e-02,9.523809523809523281e-02,7.984790874524715087e-02,7.179487179487178961e-02,1.278195488721804440e-01,8.900523560209423757e-02,7.303370786516853730e-02,5.535055350553505504e-02,6.324110671936758465e-02,8.898305084745762594e-02,7.373271889400921653e-02,1.025641025641025605e-01,9.210526315789473173e-02
9.553349875930521040e-02,1.027332704995287532e-01,8.130081300813007950e-02,9.341825902335455789e-02,1.102756892230576380e-01,8.904109589041095396e-02,0.000000000000000000e+00,0.000000000000000000e+00,0.000000000000000000e+00,4.444444444444444614e-02,5.314009661835748799e-02,8.921933085501858318e-02,1.170212765957446832e-01,0.000000000000000000e+00,9.578544061302682322e-02,6.635071090047393871e-02,7.216494845360824084e-02,1.039076376554174119e-01,1.151079136690647542e-01,1.339285714285714246e-01,6.572769953051643688e-02,0.000000000000000000e+00,9.527972027972027302e-02,9.356725146198829890e-02,2.380952380952380820e-02,0.000000000000000000e+00,6.103286384976525786e-02,6.691449814126393392e-02,8.700102354145343442e-02,1.215538847117794419e-01,6.756756756756757132e-02,9.890109890109889668e-02,1.119047619047619097e-01,1.121856866537717656e-01,1.059862610402355215e-01,1.075144508670520249e-01,9.628610729023383275e-02,6.919275123558484009e-02,9.399477806788511525e-02,8.220603537981269193e-02,1.555555555555555580e-01,1.108986615678776294e-01,6.866952789699570792e-02,8.481764206955046126e-02,9.296482412060301515e-02,0.000000000000000000e+00,1.254863813229571967e-01,1.180124223602484479e-01,9.397024275646045921e-02,8.783783783783784271e-02,8.977035490605428381e-02,8.391608391608391948e-02,9.912536443148688148e-02,6.779661016949152519e-02,8.457711442786070011e-02,8.401084010840108307e-02,1.086956521739130405e-01,7.407407407407406996e-02,7.605633802816900990e-02,8.644400785854616798e-02,7.692307692307692735e-02,9.371781668383109831e-02,9.325396825396825573e-02,9.134615384615384082e-02,9.465020576131687180e-02,1.190476190476190410e-01,1.079545454545454558e-01,7.329842931937172179e-02,7.364341085271318421e-02,4.838709677419354704e-02,9.500959692898272579e-02,8.260869565217390798e-02,1.099796334012219934e-01,7.256637168141592820e-02,1.004366812227074218e-01,7.649513212795548689e-02,6.521739130434782428e-02,9.193870752831445614e-02,1.056466302367941729e-01,7.525510204081632681e-02,8.960573476702508866e-02,9.240924092409240342e-02,1.071428571428571369e-01,9.963099630996309630e-02,9.037328094302554682e-02,8.759124087591241281e-02,8.875739644970413733e-02,0.000000000000000000e+00,1.193771626297577826e-01,9.908256880733945504e-02,8.720930232558139761e-02,9.491525423728813804e-02,1.064690026954177859e-01,7.739307535641547220e-02,6.410256410256409687e-02,8.767772511848341555e-02,1.325167037861915420e-01,7.614213197969543767e-02,8.914728682170543206e-02,1.246684350132625935e-01,1.064814814814814825e-01,8.224299065420560828e-02,8.732394366197182567e-02,9.458128078817734652e-02,1.120293847566574824e-01,9.574468085106382920e-02,1.283783783783783716e-01,0.000000000000000000e+00,6.451612903225806273e-02,0.000000000000000000e+00,6.040268456375839229e-02,1.011583011583011560e-01,9.156626506024095891e-02,9.615384615384615918e-02,6.211180124223602411e-02,7.416879795396419395e-02,6.442577030812324246e-02,8.782608695652173447e-02,9.911894273127752619e-02,1.070889894419306126e-01,9.650582362728785113e-02,1.132947976878612706e-01,8.552631578947368640e-02,1.114180478821362869e-01,9.027777777777777624e-02,1.002949852507374617e-01,1.062590975254730646e-01,8.767471410419314104e-02,9.668246445497630237e-02,1.055276381909547728e-01,0.000000000000000000e+00,8.520179372197309031e-02,0.000000000000000000e+00,9.181415929203540216e-02,9.321266968325792046e-02,5.418719211822660420e-02,6.493506493506492894e-02,1.229597388465723667e-01,2.873563218390804558e-02,9.608540925266903510e-02,5.785123966942148921e-02,7.692307692307692735e-02,8.796296296296296502e-02,7.780979827089337664e-02,9.090909090909091161e-02,0.000000000000000000e+00,7.142857142857142461e-02,0.000000000000000000e+00,0.000000000000000000e+00,8.490566037735848559e-02,6.759656652360515605e-02,1.018387553041018440e-01,9.923664122137404453e-02,7.268170426065162504e-02,8.710801393728223596e-02,1.287313432835821003e-01,1.159929701230228427e-01,7.177033492822966487e-02,6.153846153846154188e-02,8.888888888888889228e-02,7.968749999999999445e-02,8.843537414965986498e-02,9.977827050997782610e-02,1.044417767106842754e-01,6.250000000000000000e-02,0.000000000000000000e+00,1.266375545851528284e-01,0.000000000000000000e+00,6.801007556675063570e-02,9.865470852017936554e-02,1.017612524461839474e-01,0.000000000000000000e+00,0.000000000000000000e+00,7.258064516129032751e-02,9.876543209876542662e-02,6.733167082294264083e-02,9.566184649610678936e-02,9.714285714285714191e-02,7.272727272727272374e-02,9.648127128263336849e-02,1.102362204724409434e-01,7.843137254901960675e-02,7.511737089201878104e-02,8.411214953271027583e-02,6.250000000000000000e-02,7.135874877810362282e-02,1.046511627906976799e-01,0.000000000000000000e+00,7.518796992481202590e-02,5.723905723905724219e-02,0.000000000000000000e+00,1.008814887365328122e-01,8.540372670807452882e-02,6.106870229007633349e-02,9.591474245115452768e-02,1.002865329512893922e-01,9.507042253521126585e-02,0.000000000000000000e+00,8.663366336633662734e-02,8.381502890173410381e-02,9.593023255813953876e-02,7.065217391304347283e-02,9.279999999999999361e-02,9.226932668329176912e-02,7.194244604316546443e-02,1.238095238095238138e-01,9.979209979209979764e-02,1.014376996805111814e-01,0.000000000000000000e+00,7.380952380952381098e-02,8.026755852842809569e-02,1.092896174863387942e-01,1.180555555555555525e-01,8.630952380952380820e-02,1.181556195965417916e-01,1.012658227848101250e-01,8.000000000000000167e-02,0.000000000000000000e+00,9.523809523809523281e-02,0.000000000000000000e+00,0.000000000000000000e+00,4.225352112676056260e-02,1.186440677966101725e-01,9.770114942528736190e-02,1.093366093366093389e-01,0.000000000000000000e+00,7.272727272727272374e-02,0.000000000000000000e+00,8.158508158508158414e-02,5.345911949685534792e-02,1.198347107438016562e-01,6.586826347305389795e-02,0.000000000000000000e+00,0.000000000000000000e+00,9.201877934272301163e-02,6.227106227106227188e-02,8.361429534726905199e-02,8.173913043478260587e-02,7.579102281089035442e-02,8.396946564885496289e-02,1.216216216216216284e-01,9.459459459459459985e-02,1.139489194499017644e-01,8.559919436052366992e-02,8.860759493670886111e-02,7.539682539682539264e-02,1.174242424242424310e-01,8.395061728395061817e-02,8.539709649871904396e-02,1.126126126126126142e-01,0.000000000000000000e+00,1.234567901234567833e-01,1.078431372549019662e-01,1.225071225071225067e-01,6.430868167202571928e-02,7.734806629834253822e-02,0.000000000000000000e+00,8.146067415730337546e-02,7.787274453941120389e-02,9.914529914529914001e-02,0.000000000000000000e+00,8.366533864541832177e-02,0.000000000000000000e+00,0.000000000000000000e+00,1.028037383177570069e-01,0.000000000000000000e+00,9.547738693467336391e-02,1.044025157232704448e-01,8.409090909090909116e-02,7.692307692307692735e-02,9.682080924855490656e-02,1.203208556149732572e-01,1.033973412112259987e-01,1.052023121387283267e-01,1.090534979423868345e-01,8.880308880308880604e-02,1.235431235431235369e-01,1.015553522415370558e-01,1.063829787234042562e-01,1.357733175914994095e-01,0.000000000000000000e+00,6.666666666666666574e-02,6.293706293706294308e-02,9.099437148217635885e-02,5.882352941176470507e-02,8.513607815771109810e-02,8.588957055214724301e-02,5.753424657534246534e-02,9.574468085106382920e-02,0.000000000000000000e+00,2.830188679245283084e-02,0.000000000000000000e+00,9.375000000000000000e-02,7.299270072992700142e-02,1.166525781910397325e-01,1.250000000000000000e-01,1.036077705827937040e-01,0.000000000000000000e+00,8.088235294117647467e-02,8.653846153846153633e-02,8.205128205128205121e-02,9.952606635071090113e-02,7.943925233644859307e-02,1.137254901960784298e-01,7.281553398058251969e-02,5.347593582887700397e-02,1.000000000000000056e-01,9.132420091324200406e-02,6.072874493927125222e-02,8.870967741935484319e-02,1.008771929824561348e-01,7.692307692307692735e-02,6.010928961748633614e-02,8.411214953271027583e-02,8.860759493670886111e-02,7.086614173228346358e-02,9.433962264150944077e-02,1.171548117154811719e-01,8.810572687224670074e-02,6.280193236714975979e-02
1.019021739130434728e-01,1.010526315789473661e-01,8.733624454148471161e-02,1.160541586073500914e-01,1.040268456375838951e-01,1.328125000000000000e-01,0.000000000000000000e+00,0.000000000000000000e+00,0.000000000000000000e+00,4.651162790697674354e-02,7.512953367875647992e-02,7.707509881422924813e-02,9.375000000000000000e-02,0.000000000000000000e+00,1.216216216216216284e-01,1.230769230769230838e-01,6.928645294725956083e-02,1.122840690978886696e-01,1.102941176470588203e-01,1.379310344827586188e-01,9.478672985781989857e-02,0.000000000000000000e+00,9.126984126984126477e-02,9.196740395809080426e-02,1.000000000000000056e-01,0.000000000000000000e+00,9.016393442622951115e-02,9.025270758122744263e-02,8.149010477299184485e-02,1.335927367055771697e-01,1.076923076923076983e-01,9.609120521172638540e-02,9.644670050761421087e-02,1.317296678121420428e-01,1.134020618556701027e-01,9.311224489795918990e-02,1.018518518518518462e-01,8.652246256239601307e-02,7.832898172323760067e-02,9.060773480662982771e-02,1.011235955056179747e-01,9.005628517823639767e-02,7.784431137724551197e-02,1.053105310531053107e-01,9.948979591836734637e-02,0.000000000000000000e+00,1.069459757442116909e-01,6.666666666666666574e-02,1.083061889250814397e-01,4.347826086956521618e-02,1.055555555555555552e-01,8.333333333333332871e-02,8.391608391608391948e-02,5.813953488372092943e-02,9.923664122137404453e-02,8.579881656804733137e-02,5.343511450381679267e-02,1.089108910891089105e-01,8.923076923076922462e-02,7.805907172995781018e-02,1.074380165289256228e-01,1.136094674556212963e-01,1.007838745800671842e-01,9.696969696969696961e-02,9.241245136186770903e-02,1.027027027027027084e-01,9.069212410501192867e-02,1.227544910179640680e-01,1.198156682027649717e-01,1.049180327868852458e-01,8.323959505061867548e-02,8.136482939632545819e-02,1.142263759086188935e-01,1.088560885608856055e-01,9.397944199706313728e-02,6.437125748502993405e-02,7.339449541284404077e-02,9.251101321585902815e-02,8.658008658008657654e-02,8.321377331420372336e-02,9.601634320735444317e-02,8.201892744479495623e-02,9.270216962524654991e-02,1.125000000000000028e-01,1.045871559633027581e-01,8.680555555555555247e-02,1.091492776886035382e-01,0.000000000000000000e+00,9.869646182495345199e-02,8.429118773946360499e-02,9.550561797752808724e-02,1.056910569105691117e-01,9.912536443148688148e-02,9.433962264150944077e-02,7.317073170731706877e-02,9.293680297397768908e-02,1.319444444444444475e-01,9.890109890109889668e-02,4.800000000000000100e-02,1.383147853736088895e-01,9.649122807017543324e-02,8.390022675736961977e-02,1.111111111111111049e-01,9.313725490196078649e-02,1.000000000000000056e-01,6.756756756756757132e-02,9.489051094890510463e-02,0.000000000000000000e+00,5.504587155963303058e-02,0.000000000000000000e+00,7.812500000000000000e-02,1.055118110236220458e-01,7.936507936507936067e-02,8.834355828220859241e-02,9.756097560975610095e-02,7.821229050279329686e-02,6.395348837209302584e-02,1.267465069860279347e-01,1.079999999999999988e-01,9.777424483306836056e-02,8.141592920353982188e-02,9.681372549019608142e-02,1.111111111111111049e-01,9.375000000000000000e-02,1.566265060240963902e-01,1.217391304347826136e-01,1.104199066874027996e-01,8.637873754152823602e-02,9.613572101790764102e-02,5.829596412556053986e-02,0.000000000000000000e+00,1.064814814814814825e-01,0.000000000000000000e+00,1.195372750642673537e-01,1.088495575221238992e-01,8.097165991902834092e-02,4.864864864864865135e-02,1.196777905638665151e-01,1.506849315068493067e-01,9.737827715355805436e-02,8.849557522123893682e-02,9.917355371900826722e-02,9.090909090909091161e-02,8.653846153846153633e-02,9.090909090909091161e-02,0.000000000000000000e+00,6.504065040650407192e-02,0.000000000000000000e+00,0.000000000000000000e+00,1.004566210045662045e-01,6.872037914691943306e-02,9.905660377358491142e-02,1.466666666666666674e-01,1.121212121212121215e-01,1.042471042471042469e-01,1.143451143451143515e-01,1.099830795262267402e-01,7.878787878787878174e-02,9.836065573770491621e-02,9.691629955947136943e-02,9.730538922155688997e-02,7.443365695792880654e-02,1.361111111111110994e-01,1.113831089351285247e-01,8.391608391608391948e-02,0.000000000000000000e+00,1.320754716981132060e-01,0.000000000000000000e+00,7.954545454545454419e-02,6.372549019607842702e-02,1.132437619961612352e-01,0.000000000000000000e+00,0.000000000000000000e+00,9.923664122137404453e-02,8.099688473520248733e-02,1.030150753768844241e-01,1.230248306997742680e-01,9.949409780775717027e-02,1.202531645569620278e-01,1.013110846245530439e-01,9.090909090909091161e-02,5.000000000000000278e-02,1.016355140186915862e-01,1.495327102803738206e-01,5.228758169934640682e-02,9.900000000000000466e-02,8.641975308641974829e-02,0.000000000000000000e+00,8.823529411764706454e-02,5.594405594405594401e-02,0.000000000000000000e+00,9.978768577494692704e-02,8.452950558213716270e-02,9.523809523809523281e-02,9.324009324009324695e-02,1.146304675716440374e-01,9.108159392789373643e-02,0.000000000000000000e+00,7.848101265822785000e-02,7.876712328767122850e-02,9.407665505226481262e-02,1.078717201166180806e-01,6.489184692179700287e-02,9.438775510204081010e-02,9.734513274336283051e-02,3.539823008849557473e-02,1.247113163972286415e-01,1.163604549431321022e-01,0.000000000000000000e+00,6.561679790026246628e-02,1.015037593984962350e-01,1.294597349643221151e-01,6.474820143884892076e-02,1.011904761904761918e-01,1.137088204038257111e-01,1.148648648648648712e-01,1.054131054131054179e-01,0.000000000000000000e+00,8.045977011494252762e-02,0.000000000000000000e+00,0.000000000000000000e+00,1.111111111111111049e-01,1.018957345971563955e-01,1.000000000000000056e-01,1.285537700865265753e-01,0.000000000000000000e+00,8.098591549295774961e-02,0.000000000000000000e+00,8.700696055684455088e-02,8.049535603715170240e-02,7.920792079207920888e-02,6.214689265536723489e-02,0.000000000000000000e+00,0.000000000000000000e+00,8.399209486166007987e-02,9.797297297297297147e-02,7.988165680473373331e-02,1.050955414012738898e-01,8.320373250388803099e-02,1.306818181818181768e-01,1.115819209039548010e-01,9.214092140921409380e-02,1.091445427728613554e-01,7.857911733046286928e-02,7.913669064748200810e-02,7.510431154381085050e-02,1.022222222222222282e-01,1.055555555555555552e-01,6.949152542372881436e-02,9.253246753246753553e-02,0.000000000000000000e+00,8.029197080291970712e-02,9.818181818181817566e-02,8.739495798319327213e-02,7.782101167315175205e-02,1.063829787234042562e-01,0.000000000000000000e+00,8.582089552238805763e-02,1.114035087719298239e-01,1.168141592920353966e-01,0.000000000000000000e+00,9.829059829059828834e-02,0.000000000000000000e+00,0.000000000000000000e+00,9.027777777777777624e-02,0.000000000000000000e+00,6.962025316455695834e-02,1.033057851239669450e-01,5.405405405405405705e-02,9.241706161137440423e-02,1.030927835051546337e-01,1.010248901903367524e-01,1.045296167247386776e-01,9.153318077803203334e-02,1.312127236580516998e-01,7.346938775510204744e-02,9.468223086900129370e-02,1.245421245421245438e-01,1.167664670658682680e-01,1.062176165803108835e-01,0.000000000000000000e+00,6.250000000000000000e-02,8.064516129032257841e-02,1.061032863849765279e-01,8.505154639175258047e-02,9.758064516129032195e-02,9.523809523809523281e-02,7.357859531772575901e-02,4.477611940298507204e-02,0.000000000000000000e+00,9.756097560975610095e-02,0.000000000000000000e+00,6.818181818181817677e-02,6.428571428571427937e-02,1.167133520074696562e-01,1.126620139581256258e-01,1.271442986881937409e-01,0.000000000000000000e+00,1.111111111111111049e-01,1.067538126361655820e-01,9.268292682926829174e-02,8.936170212765957854e-02,7.389162561576355370e-02,1.179245283018867940e-01,9.090909090909091161e-02,8.695652173913043237e-02,9.625668449197860577e-02,6.194690265486725578e-02,1.000000000000000056e-01,1.095238095238095233e-01,8.571428571428571508e-02,1.091703056768558999e-01,9.009009009009008584e-02,9.803921568627450844e-02,7.389162561576355370e-02,1.173708920187793436e-01,1.166666666666666685e-01,8.000000000000000167e-02,7.142857142857142461e-02,7.894736842105262720e-02
8.643617021276596424e-02,1.064030131826741998e-01,9.268292682926829174e-02,8.924949290060851803e-02,9.146341463414633943e-02,9.053497942386831698e-02,0.000000000000000000e+00,0.000000000000000000e+00,0.000000000000000000e+00,1.067961165048543631e-01,9.324009324009324695e-02,1.056466302367941729e-01,9.090909090909091161e-02,0.000000000000000000e+00,1.086956521739130405e-01,1.075268817204301092e-01,8.004385964912280604e-02,1.096605744125326437e-01,1.000000000000000056e-01,1.228070175438596423e-01,7.305936073059360325e-02,0.000000000000000000e+00,1.128298453139217478e-01,1.052083333333333343e-01,5.555555555555555247e-02,0.000000000000000000e+00,9.661835748792270417e-02,6.437768240343347270e-02,8.016443987667008775e-02,1.053952321204516956e-01,5.633802816901408578e-02,1.181229773462783156e-01,9.803921568627450844e-02,1.004514672686230292e-01,1.236291126620139569e-01,1.271929824561403577e-01,7.692307692307692735e-02,9.273570324574961776e-02,7.092198581560284210e-02,7.750269106566200217e-02,1.393442622950819554e-01,9.190371991247264782e-02,5.524861878453038444e-02,1.043103448275862072e-01,9.041095890410959235e-02,0.000000000000000000e+00,1.166150670794633692e-01,1.381578947368421184e-01,1.031468531468531513e-01,8.080808080808081495e-02,8.257918552036198900e-02,5.594405594405594401e-02,1.086350974930362090e-01,7.766990291262135249e-02,4.069767441860465407e-02,8.418367346938775142e-02,9.929078014184397616e-02,9.189189189189189699e-02,8.000000000000000167e-02,8.301158301158301223e-02,9.774436090225563367e-02,1.041902604756511919e-01,1.294765840220385711e-01,1.170212765957446832e-01,8.165137614678899536e-02,8.673469387755101956e-02,1.021505376344086086e-01,7.065217391304347283e-02,5.982905982905983161e-02,7.615894039735099375e-02,7.578947368421053155e-02,6.833712984054669815e-02,9.503695881731784312e-02,7.334525939177101439e-02,1.119293078055964702e-01,9.506618531889289569e-02,1.404958677685950452e-01,1.107168204400283823e-01,1.035156250000000000e-01,7.668711656441717928e-02,1.150044923629829352e-01,8.724832214765100569e-02,7.350096711798839721e-02,6.324110671936758465e-02,1.131059245960502752e-01,8.536585365853659180e-02,1.155492154065620586e-01,0.000000000000000000e+00,8.445297504798464361e-02,1.100569259962049379e-01,6.497175141242937657e-02,1.135371179039301320e-01,1.185647425897035923e-01,7.278481012658227778e-02,7.936507936507936067e-02,9.455958549222798215e-02,1.150000000000000050e-01,8.991825613079018620e-02,9.030100334448160071e-02,1.250000000000000000e-01,1.024691358024691357e-01,7.692307692307692735e-02,1.002506265664160345e-01,8.738828202581926108e-02,1.148409893992932834e-01,4.545454545454545581e-02,9.160305343511450371e-02,0.000000000000000000e+00,1.101694915254237267e-01,0.000000000000000000e+00,9.219858156028368223e-02,1.087591240875912385e-01,1.018957345971563955e-01,9.361702127659574102e-02,5.895691609977324332e-02,8.843537414965986498e-02,7.455012853470437129e-02,1.023985239852398532e-01,1.236897274633123739e-01,1.032056293979671663e-01,8.571428571428571508e-02,1.034482758620689641e-01,9.615384615384615918e-02,1.106074342701722640e-01,8.163265306122448328e-02,9.836065573770491621e-02,9.365079365079365115e-02,8.298755186721991361e-02,1.048387096774193589e-01,6.097560975609755962e-02,0.000000000000000000e+00,1.315789473684210453e-01,0.000000000000000000e+00,1.108312342569269526e-01,1.032258064516129031e-01,8.260869565217390798e-02,6.395348837209302584e-02,1.033333333333333326e-01,8.917197452229298771e-02,8.193668528864059275e-02,8.080808080808081495e-02,7.377049180327868716e-02,9.239130434782608092e-02,8.441558441558441594e-02,8.695652173913043237e-02,0.000000000000000000e+00,7.734806629834253822e-02,0.000000000000000000e+00,0.000000000000000000e+00,6.962025316455695834e-02,7.655502392344497309e-02,8.333333333333332871e-02,1.168831168831168804e-01,4.607046070460704690e-02,1.144927536231884063e-01,6.209850107066380853e-02,1.172022684310018853e-01,5.228758169934640682e-02,1.150442477876106179e-01,7.327586206896551102e-02,8.623548922056384347e-02,8.445945945945945721e-02,9.975669099756691305e-02,8.717310087173101019e-02,9.090909090909091161e-02,0.000000000000000000e+00,1.233480176211453755e-01,0.000000000000000000e+00,6.552706552706552556e-02,7.978723404255319562e-02,1.055045871559633086e-01,0.000000000000000000e+00,0.000000000000000000e+00,6.603773584905660299e-02,1.062499999999999972e-01,6.027397260273972823e-02,8.590308370044053010e-02,1.182336182336182345e-01,9.036144578313252962e-02,9.420289855072463969e-02,8.256880733944954587e-02,5.617977528089887485e-02,8.295964125560538471e-02,9.411764705882352811e-02,3.726708074534161586e-02,6.993736951983298145e-02,1.117021276595744628e-01,0.000000000000000000e+00,6.617647058823529493e-02,5.857740585774058595e-02,0.000000000000000000e+00,1.076624636275460706e-01,9.954751131221718785e-02,1.024096385542168641e-01,1.000000000000000056e-01,1.042857142857142871e-01,9.625668449197860577e-02,0.000000000000000000e+00,9.485094850948509737e-02,8.049535603715170240e-02,9.013605442176871041e-02,1.380597014925373234e-01,7.810107197549770452e-02,8.980582524271844835e-02,1.100917431192660612e-01,7.199999999999999456e-02,9.848484848484848064e-02,1.108179419525065906e-01,0.000000000000000000e+00,6.714628297362110199e-02,7.467532467532467244e-02,1.051606621226874455e-01,8.917197452229298771e-02,9.030100334448160071e-02,8.439646712463198808e-02,7.738095238095238360e-02,1.381215469613259750e-01,0.000000000000000000e+00,8.870967741935484319e-02,0.000000000000000000e+00,0.000000000000000000e+00,1.204819277108433798e-02,8.716707021791766929e-02,1.092896174863387942e-01,1.154734411085450302e-01,0.000000000000000000e+00,8.298755186721991361e-02,0.000000000000000000e+00,8.303677342823249929e-02,9.364548494983276905e-02,1.115879828326180323e-01,8.379888268156424069e-02,0.000000000000000000e+00,0.000000000000000000e+00,7.404021937842779344e-02,1.070110701107011009e-01,8.137044967880086022e-02,9.642301710730948050e-02,8.137583892617449022e-02,5.706521739130434451e-02,1.189873417721518944e-01,9.551495016611295796e-02,1.120507399577167079e-01,1.028403525954946079e-01,5.633802816901408578e-02,7.714701601164483669e-02,5.970149253731343170e-02,9.470752089136490193e-02,7.680126682501979551e-02,1.075630252100840401e-01,0.000000000000000000e+00,4.827586206896551657e-02,6.790123456790123080e-02,9.590973201692525041e-02,7.951070336391437288e-02,1.058823529411764691e-01,0.000000000000000000e+00,9.589041095890410427e-02,6.416131989000917191e-02,1.207349081364829380e-01,0.000000000000000000e+00,1.153846153846153910e-01,0.000000000000000000e+00,0.000000000000000000e+00,7.692307692307692735e-02,0.000000000000000000e+00,8.035714285714286309e-02,1.032679738562091443e-01,1.083123425692695263e-01,1.043083900226757371e-01,1.130653266331658330e-01,1.237263464337700208e-01,1.066460587326120563e-01,1.147327249022164208e-01,8.668076109936574680e-02,7.905138339920948776e-02,1.007653061224489804e-01,1.064030131826741998e-01,7.002801120448179373e-02,1.146666666666666667e-01,0.000000000000000000e+00,7.070707070707070441e-02,3.305785123966942241e-02,7.502374169040836038e-02,5.292479108635097379e-02,8.265682656826568719e-02,8.797653958944282038e-02,7.608695652173913526e-02,8.571428571428571508e-02,0.000000000000000000e+00,9.375000000000000000e-02,0.000000000000000000e+00,1.050724637681159368e-01,7.051282051282051211e-02,1.108132260947274350e-01,1.175934366453965374e-01,1.120607787274453954e-01,0.000000000000000000e+00,8.771929824561403022e-02,9.619238476953907713e-02,1.092896174863387942e-01,9.090909090909091161e-02,1.196172248803827748e-01,7.407407407407406996e-02,8.749999999999999445e-02,9.361702127659574102e-02,7.758620689655172653e-02,5.687203791469194053e-02,7.661290322580645296e-02,9.363295880149813399e-02,6.542056074766354479e-02,7.547169811320754429e-02,1.171171171171171144e-01,1.105990783410138317e-01,1.150793650793650730e-01,7.326007326007326348e-02,1.019417475728155303e-01,9.883720930232557655e-02,9.326424870466321071e-02,6.194690265486725578e-02
1.096433289299867941e-01,1.056838365896980436e-01,1.157407407407407413e-01,1.191335740072202165e-01,9.646302250803857892e-02,1.003236245954692574e-01,0.000000000000000000e+00,0.000000000000000000e+00,0.000000000000000000e+00,1.298701298701298579e-01,8.179419525065963203e-02,1.307550644567219145e-01,1.071428571428571369e-01,0.000000000000000000e+00,1.040892193308550207e-01,1.111111111111111049e-01,1.136865342163355386e-01,9.666666666666666463e-02,1.159420289855072478e-01,1.465517241379310220e-01,8.620689655172414367e-02,0.000000000000000000e+00,1.057934508816120861e-01,1.002979145978152992e-01,8.121827411167512056e-02,0.000000000000000000e+00,7.172995780590717130e-02,8.333333333333332871e-02,1.092611862643080162e-01,1.106821106821106876e-01,7.017543859649122417e-02,1.157270029673590495e-01,1.090909090909090856e-01,8.592910848549946412e-02,1.186736474694589927e-01,1.127197518097207835e-01,9.696969696969696961e-02,9.661016949152542721e-02,8.088235294117647467e-02,1.094377510040160650e-01,4.807692307692307959e-02,1.035940803382663783e-01,9.478672985781989857e-02,9.375000000000000000e-02,8.086253369272236591e-02,0.000000000000000000e+00,9.225874867444326666e-02,1.028571428571428553e-01,9.650582362728785113e-02,8.527131782945736316e-02,1.036717062634989195e-01,1.031746031746031689e-01,8.849557522123893682e-02,8.203125000000000000e-02,1.049723756906077304e-01,9.948979591836734637e-02,5.714285714285714107e-02,1.005025125628140753e-01,1.018518518518518462e-01,1.252566735112936314e-01,9.090909090909091161e-02,1.069915254237288199e-01,1.000000000000000056e-01,6.896551724137930939e-02,1.075555555555555570e-01,1.397849462365591267e-01,6.024096385542168641e-02,8.045977011494252762e-02,9.051724137931034531e-02,1.151515151515151575e-01,8.985200845665962388e-02,9.756097560975610095e-02,9.560229445506691903e-02,9.504950495049505066e-02,9.863013698630136716e-02,8.091024020227560731e-02,8.633093525179856564e-02,7.676902536715621284e-02,1.187943262411347567e-01,1.098779134295227583e-01,9.193245778611632002e-02,9.294871794871795156e-02,9.883720930232557655e-02,8.906882591093116808e-02,1.309523809523809590e-01,5.925925925925926152e-02,1.162464985994397793e-01,0.000000000000000000e+00,1.014760147601476009e-01,1.169354838709677352e-01,1.073446327683615781e-01,1.373239436619718423e-01,1.105121293800539056e-01,1.021897810218978103e-01,1.141304347826086890e-01,1.052023121387283267e-01,1.325443786982248573e-01,1.237113402061855716e-01,7.749077490774908261e-02,1.090909090909090856e-01,9.232769830949284773e-02,7.421875000000000000e-02,8.266666666666666607e-02,1.004056795131845897e-01,1.203281677301731994e-01,7.766990291262135249e-02,5.660377358490566169e-02,0.000000000000000000e+00,7.262569832402235304e-02,0.000000000000000000e+00,8.955223880597014408e-02,1.075187969924812081e-01,7.175925925925925875e-02,1.181015452538631411e-01,8.050847457627118009e-02,8.806818181818182323e-02,8.093994778067885310e-02,1.166347992351816493e-01,1.052631578947368363e-01,1.119828815977175485e-01,8.094435075885328401e-02,1.117256637168141525e-01,7.792207792207792028e-02,1.254681647940074918e-01,6.896551724137930939e-02,1.311475409836065642e-01,1.042253521126760563e-01,1.097393689986282533e-01,1.051136363636363674e-01,1.000000000000000056e-01,0.000000000000000000e+00,1.308411214953270896e-01,0.000000000000000000e+00,1.159420289855072478e-01,1.126279863481228632e-01,1.312056737588652433e-01,5.963302752293578313e-02,1.123110151187904915e-01,7.407407407407406996e-02,9.227871939736347062e-02,7.281553398058251969e-02,8.556149732620320358e-02,1.167512690355329980e-01,9.202453987730060958e-02,5.217391304347825803e-02,0.000000000000000000e+00,9.302325581395348708e-02,0.000000000000000000e+00,0.000000000000000000e+00,8.774834437086093120e-02,7.208237986270023268e-02,1.029411764705882304e-01,1.027397260273972546e-01,1.135734072022160646e-01,1.082706766917293228e-01,1.138790035587188554e-01,1.279863481228668831e-01,7.729468599033816056e-02,8.270676691729322849e-02,8.525754884547069590e-02,1.263157894736842146e-01,6.909090909090909172e-02,1.337579617834394885e-01,1.102850061957868638e-01,9.915014164305949174e-02,0.000000000000000000e+00,1.232876712328767055e-01,0.000000000000000000e+00,7.512953367875647992e-02,5.617977528089887485e-02,1.137992831541218691e-01,0.000000000000000000e+00,0.000000000000000000e+00,1.056338028169014065e-01,6.832298136645963138e-02,1.176470588235294101e-01,1.233905579399141583e-01,9.285714285714286031e-02,1.149425287356321823e-01,9.316037735849055923e-02,7.563025210084033112e-02,1.052631578947368363e-01,1.025641025641025605e-01,5.882352941176470507e-02,6.796116504854368690e-02,7.972440944881889480e-02,8.064516129032257841e-02,0.000000000000000000e+00,1.212121212121212155e-01,7.169811320754716777e-02,0.000000000000000000e+00,1.138659320477502235e-01,9.610027855153203957e-02,8.433734939759035543e-02,1.085714285714285687e-01,9.870129870129870642e-02,1.017857142857142849e-01,0.000000000000000000e+00,1.025641025641025605e-01,7.073954983922829676e-02,9.450171821305841657e-02,1.263157894736842146e-01,9.287925696594427627e-02,1.563876651982378796e-01,1.238095238095238138e-01,4.310344827586207184e-02,1.217038539553752519e-01,9.890109890109889668e-02,0.000000000000000000e+00,1.007025761124121788e-01,8.745247148288973205e-02,1.146560319042871368e-01,8.187134502923976154e-02,8.659217877094972649e-02,1.311172668513388706e-01,5.970149253731343170e-02,8.461538461538462008e-02,0.000000000000000000e+00,1.094890510948905160e-01,0.000000000000000000e+00,0.000000000000000000e+00,5.128205128205128027e-02,8.629441624365481733e-02,8.724832214765100569e-02,1.137787056367432215e-01,0.000000000000000000e+00,1.158301158301158346e-01,0.000000000000000000e+00,9.574468085106382920e-02,8.303249097472924223e-02,1.238938053097345116e-01,8.379888268156424069e-02,0.000000000000000000e+00,0.000000000000000000e+00,1.013215859030836968e-01,8.381502890173410381e-02,9.621993127147766833e-02,9.298245614035087481e-02,7.982261640798225810e-02,8.661417322834645549e-02,1.171875000000000000e-01,1.029098651525904851e-01,1.141837644959857317e-01,8.959537572254334947e-02,5.421686746987951916e-02,8.443908323281061612e-02,1.075268817204301092e-01,1.108108108108108170e-01,9.968354430379747222e-02,9.969325153374232473e-02,0.000000000000000000e+00,7.741935483870968082e-02,9.554140127388535686e-02,7.517730496453900457e-02,6.460674157303371301e-02,8.791208791208791895e-02,0.000000000000000000e+00,9.756097560975610095e-02,8.631772268135903814e-02,1.136158701532912485e-01,0.000000000000000000e+00,1.031390134529148045e-01,0.000000000000000000e+00,0.000000000000000000e+00,7.361963190184049599e-02,0.000000000000000000e+00,7.142857142857142461e-02,1.122853368560105675e-01,1.116883116883116839e-01,6.432748538011695549e-02,1.020689655172413862e-01,1.218026796589525007e-01,1.203208556149732572e-01,1.230248306997742680e-01,9.213483146067415197e-02,9.012875536480687011e-02,1.264108352144469594e-01,1.276207839562442936e-01,1.205128205128205149e-01,1.070588235294117618e-01,0.000000000000000000e+00,7.000000000000000666e-02,8.552631578947368640e-02,1.222329162656400348e-01,8.767123287671232945e-02,9.772423025435073018e-02,7.975460122699386256e-02,7.076923076923076483e-02,1.030927835051546337e-01,0.000000000000000000e+00,1.159420289855072478e-01,0.000000000000000000e+00,6.813627254509017905e-02,1.250000000000000000e-01,1.150081566068515554e-01,1.263467189030362259e-01,1.239919354838709686e-01,0.000000000000000000e+00,9.714285714285714191e-02,1.165254237288135541e-01,9.829059829059828834e-02,9.523809523809523281e-02,1.096491228070175378e-01,9.865470852017936554e-02,8.264462809917355601e-02,9.039548022598870025e-02,1.012658227848101250e-01,1.069958847736625501e-01,8.713692946058090860e-02,6.995884773662551515e-02,9.803921568627450844e-02,9.885931558935361074e-02,8.968609865470851539e-02,1.150000000000000050e-01,1.085271317829457349e-01,8.064516129032257841e-02,7.894736842105262720e-02,9.502262443438913575e-02,1.004566210045662045e-01,1.111111111111111049e-01
9.494640122511485703e-02,1.158088235294117696e-01,7.468879668049792364e-02,1.016042780748663138e-01,9.016393442622951115e-02,4.761904761904761640e-02,0.000000000000000000e+00,0.000000000000000000e+00,0.000000000000000000e+00,1.030927835051546337e-01,8.037825059101655345e-02,9.803921568627450844e-02,8.181818181818181768e-02,0.000000000000000000e+00,1.217391304347826136e-01,8.910891089108910479e-02,7.193515704154002099e-02,1.207373271889400912e-01,8.035714285714286309e-02,7.638888888888889506e-02,7.499999999999999722e-02,0.000000000000000000e+00,1.000935453695042110e-01,9.368421052631578649e-02,6.018518518518518184e-02,0.000000000000000000e+00,8.812260536398466848e-02,9.689922480620155598e-02,1.065891472868217005e-01,1.176470588235294101e-01,4.444444444444444614e-02,1.026722925457102670e-01,9.952606635071090113e-02,9.297297297297296703e-02,1.241578440808469713e-01,1.290672451193058679e-01,9.606299212598425064e-02,8.294209702660407246e-02,1.002506265664160345e-01,9.677419354838709409e-02,6.363636363636362980e-02,1.170212765957446832e-01,8.823529411764706454e-02,1.058726220016542596e-01,8.730158730158729674e-02,0.000000000000000000e+00,1.271102284011916550e-01,1.376811594202898559e-01,9.991742361684557983e-02,6.400000000000000133e-02,8.391608391608391948e-02,9.467455621301774926e-02,8.868501529051987797e-02,8.837209302325581273e-02,7.058823529411764608e-02,1.008403361344537841e-01,9.219858156028368223e-02,1.052631578947368363e-01,7.736389684813753387e-02,1.013133208255159456e-01,6.896551724137930939e-02,9.939148073022312235e-02,8.588351431391905155e-02,8.252427184466019916e-02,8.534322820037106017e-02,1.279620853080568610e-01,9.369369369369369427e-02,9.174311926605505096e-02,1.274131274131274083e-01,1.010830324909747224e-01,7.558733401430030308e-02,7.859078590785907592e-02,1.166837256908904857e-01,1.035714285714285782e-01,9.062980030721966285e-02,8.545918367346938549e-02,6.060606060606060774e-02,9.554973821989529159e-02,9.336099585062240802e-02,9.271523178807947185e-02,7.780979827089337664e-02,7.650273224043716014e-02,6.813627254509017905e-02,5.944055944055944007e-02,1.239530988274706869e-01,5.703422053231939348e-02,1.007407407407407418e-01,0.000000000000000000e+00,1.135029354207436336e-01,1.065891472868217005e-01,5.828220858895705181e-02,1.210937500000000000e-01,9.567901234567900703e-02,7.228915662650602092e-02,6.179775280898876233e-02,1.096045197740112970e-01,1.037628278221208733e-01,7.654320987654321395e-02,1.088709677419354843e-01,1.237553342816500729e-01,9.771573604060913854e-02,1.077235772357723609e-01,1.151960784313725422e-01,1.000000000000000056e-01,1.108108108108108170e-01,9.708737864077669755e-02,9.790209790209790375e-02,0.000000000000000000e+00,9.470752089136490193e-02,0.000000000000000000e+00,1.085271317829457349e-01,1.091914305459571466e-01,9.030837004405285751e-02,1.102204408817635262e-01,7.982261640798225810e-02,8.915662650602410033e-02,6.097560975609755962e-02,1.057118499573742598e-01,1.132478632478632480e-01,9.560524286815728912e-02,9.191176470588235947e-02,1.209302325581395332e-01,8.000000000000000167e-02,1.116152450090744097e-01,7.734806629834253822e-02,1.001430615164520810e-01,1.160058737151248159e-01,8.525033829499323312e-02,1.001945525291828842e-01,6.060606060606060774e-02,0.000000000000000000e+00,1.105263157894736809e-01,0.000000000000000000e+00,1.011235955056179747e-01,1.065235342691990134e-01,8.755760368663594029e-02,1.057692307692307682e-01,1.361200428724544387e-01,6.711409395973154390e-02,7.360861759425493811e-02,7.079646017699114946e-02,9.318181818181818510e-02,1.428571428571428492e-01,6.798866855524079988e-02,2.884615384615384776e-02,0.000000000000000000e+00,5.521472392638036852e-02,0.000000000000000000e+00,0.000000000000000000e+00,1.056910569105691117e-01,8.047337278106508895e-02,8.720930232558139761e-02,1.111111111111111049e-01,8.505154639175258047e-02,9.985096870342771713e-02,1.027131782945736455e-01,1.087999999999999939e-01,8.173076923076923184e-02,7.407407407407406996e-02,7.644628099173553237e-02,1.128526645768025138e-01,6.168831168831168804e-02,1.326315789473684337e-01,9.346991037131882618e-02,6.774193548387097419e-02,0.000000000000000000e+00,1.146245059288537593e-01,0.000000000000000000e+00,6.117021276595744489e-02,8.333333333333332871e-02,1.282798833819241979e-01,0.000000000000000000e+00,0.000000000000000000e+00,7.199999999999999456e-02,8.562691131498470498e-02,7.980049875311720498e-02,1.173913043478260892e-01,9.012256669069934611e-02,1.081081081081081141e-01,1.008583690987124443e-01,1.515151515151515194e-01,8.547008547008547175e-02,1.100811123986095014e-01,6.140350877192982115e-02,9.933774834437085477e-02,7.189542483660130157e-02,9.740259740259740728e-02,0.000000000000000000e+00,5.504587155963303058e-02,6.896551724137930939e-02,0.000000000000000000e+00,1.192570869990224880e-01,1.092715231788079500e-01,1.133333333333333276e-01,1.004098360655737709e-01,1.047197640117994155e-01,7.733812949640288259e-02,0.000000000000000000e+00,8.381502890173410381e-02,7.553956834532374320e-02,8.681672025723473352e-02,1.083591331269349867e-01,6.959152798789712546e-02,1.207547169811320764e-01,6.896551724137930939e-02,1.209677419354838745e-01,1.167315175097276281e-01,9.797822706065319187e-02,0.000000000000000000e+00,7.179487179487178961e-02,8.593750000000000000e-02,1.039925719591457687e-01,6.976744186046511531e-02,9.011627906976743541e-02,9.304603330068560163e-02,7.407407407407406996e-02,8.358662613981762690e-02,0.000000000000000000e+00,7.142857142857142461e-02,0.000000000000000000e+00,0.000000000000000000e+00,1.444444444444444309e-01,1.022443890274314232e-01,7.499999999999999722e-02,8.826815642458100963e-02,0.000000000000000000e+00,7.971014492753622505e-02,0.000000000000000000e+00,9.389140271493212619e-02,9.150326797385620325e-02,7.949790794979079422e-02,6.779661016949152519e-02,0.000000000000000000e+00,0.000000000000000000e+00,8.571428571428571508e-02,7.961783439490445480e-02,7.498248072880167592e-02,7.883211678832116598e-02,8.377358490566037819e-02,7.297297297297297702e-02,1.349206349206349131e-01,9.112149532710279998e-02,1.162551440329218089e-01,1.050049067713444556e-01,6.369426751592356661e-02,8.571428571428571508e-02,8.653846153846153633e-02,1.287128712871287162e-01,7.912457912457912523e-02,1.111111111111111049e-01,0.000000000000000000e+00,1.428571428571428492e-01,1.000000000000000056e-01,1.079136690647481966e-01,1.003039513677811551e-01,9.375000000000000000e-02,0.000000000000000000e+00,1.018518518518518462e-01,8.218063466232709835e-02,1.114781172584640850e-01,0.000000000000000000e+00,1.012145748987854227e-01,0.000000000000000000e+00,0.000000000000000000e+00,1.034482758620689641e-01,0.000000000000000000e+00,6.878306878306877925e-02,1.227390180878552978e-01,1.002506265664160345e-01,1.177777777777777729e-01,1.080368906455863032e-01,1.237830319888734293e-01,1.168478260869565272e-01,1.104718066743383131e-01,1.129707112970711330e-01,8.823529411764706454e-02,1.136890951276102041e-01,9.051348999129678330e-02,9.166666666666666019e-02,8.198614318706697046e-02,0.000000000000000000e+00,4.444444444444444614e-02,1.153846153846153910e-01,9.625668449197860577e-02,8.215297450424929870e-02,1.041524846834581408e-01,8.333333333333332871e-02,6.158357771260997149e-02,8.749999999999999445e-02,0.000000000000000000e+00,5.333333333333333676e-02,0.000000000000000000e+00,1.017857142857142849e-01,9.448818897637795144e-02,9.115044247787611187e-02,1.079646017699115029e-01,1.123809523809523869e-01,0.000000000000000000e+00,5.952380952380952051e-02,8.264462809917355601e-02,7.075471698113207364e-02,1.194029850746268634e-01,6.637168141592920956e-02,9.574468085106382920e-02,6.410256410256409687e-02,5.853658536585366196e-02,9.881422924901185623e-02,1.032863849765258274e-01,7.729468599033816056e-02,7.692307692307692735e-02,1.022727272727272790e-01,8.860759493670886111e-02,9.852216748768473364e-02,8.256880733944954587e-02,1.062992125984252023e-01,1.086956521739130405e-01,1.008064516129032195e-01,8.910891089108910479e-02,1.064814814814814825e-01,6.896551724137930939e-02
1.034482758620689641e-01,8.593012275731821970e-02,8.658008658008657654e-02,7.295373665480427150e-02,1.043478260869565161e-01,8.771929824561403022e-02,0.000000000000000000e+00,0.000000000000000000e+00,0.000000000000000000e+00,9.090909090909091161e-02,7.804878048780487798e-02,9.800000000000000377e-02,8.527131782945736316e-02,0.000000000000000000e+00,8.835341365461847618e-02,1.137440758293838811e-01,7.547169811320754429e-02,1.171088746569075995e-01,1.022727272727272790e-01,8.474576271186440302e-02,6.034482758620689918e-02,0.000000000000000000e+00,9.252669039145906826e-02,8.833151581243184336e-02,4.672897196261682068e-02,0.000000000000000000e+00,8.614232209737827939e-02,6.477732793522267274e-02,9.432048681541582713e-02,9.379310344827586354e-02,9.473684210526316096e-02,8.333333333333332871e-02,9.207161125319693329e-02,8.891108891108891188e-02,1.084112149532710234e-01,1.021126760563380309e-01,7.005494505494505586e-02,1.028037383177570069e-01,7.888040712468193105e-02,8.803611738148983679e-02,9.900990099009901457e-02,8.471074380165288797e-02,6.951871657754010725e-02,8.657243816254417412e-02,1.091370558375634459e-01,0.000000000000000000e+00,1.365688487584650057e-01,9.489051094890510463e-02,9.386548410938655440e-02,9.210526315789473173e-02,8.455114822546973274e-02,7.031250000000000000e-02,5.864197530864197205e-02,1.074766355140186896e-01,8.808290155440413882e-02,8.910891089108910479e-02,9.821428571428571230e-02,1.323529411764705899e-01,7.339449541284404077e-02,9.751773049645390268e-02,6.837606837606838295e-02,8.299180327868851959e-02,9.574468085106382920e-02,7.647058823529412352e-02,8.831400535236395843e-02,1.134020618556701027e-01,9.126984126984126477e-02,1.102564102564102533e-01,6.880733944954128822e-02,1.300000000000000044e-01,8.154943934760448820e-02,9.341825902335455789e-02,9.603524229074890395e-02,8.181818181818181768e-02,8.408408408408409029e-02,7.596513075965130590e-02,1.138211382113821085e-01,1.065891472868217005e-01,9.207708779443254943e-02,9.226594301221166528e-02,8.276533592989289423e-02,7.160493827160493985e-02,9.393346379647748989e-02,1.026615969581749083e-01,9.415584415584415945e-02,9.051724137931034531e-02,1.283676703645007799e-01,0.000000000000000000e+00,9.829867674858222548e-02,8.687258687258687939e-02,6.086956521739130682e-02,1.101694915254237267e-01,1.144067796610169496e-01,8.463949843260187844e-02,9.333333333333333759e-02,8.648648648648649129e-02,1.160609613130128975e-01,1.161473087818696848e-01,7.723577235772358107e-02,1.078838174273858974e-01,8.111533586818757413e-02,9.876543209876542662e-02,1.256038647342995196e-01,8.524289642529789268e-02,1.016187050359712296e-01,7.865168539325842478e-02,9.424083769633508079e-02,0.000000000000000000e+00,6.927710843373494076e-02,0.000000000000000000e+00,3.053435114503816675e-02,1.158707865168539380e-01,5.486284289276807669e-02,9.069493521790342183e-02,7.415730337078652035e-02,9.153318077803203334e-02,7.803468208092485814e-02,9.785407725321888794e-02,1.165501165501165448e-01,9.784172661870503551e-02,7.550644567219153003e-02,1.098130841121495310e-01,9.655172413793103314e-02,1.005154639175257769e-01,1.507537688442210921e-01,9.691011235955056258e-02,1.011904761904761918e-01,1.135430916552667563e-01,9.508881922675026244e-02,5.527638190954774211e-02,0.000000000000000000e+00,1.126126126126126142e-01,0.000000000000000000e+00,9.947089947089947370e-02,1.019708654670094250e-01,5.803571428571428770e-02,6.730769230769230449e-02,9.958506224066389356e-02,8.241758241758241621e-02,1.181818181818181795e-01,4.390243902439024126e-02,7.258938244853738175e-02,5.504587155963303058e-02,7.142857142857142461e-02,8.666666666666666963e-02,0.000000000000000000e+00,7.272727272727272374e-02,0.000000000000000000e+00,0.000000000000000000e+00,1.008264462809917300e-01,8.138238573021182309e-02,1.102719033232628376e-01,1.000000000000000056e-01,1.073446327683615781e-01,8.742004264392323754e-02,9.852216748768473364e-02,8.441558441558441594e-02,8.717948717948717507e-02,9.917355371900826722e-02,6.502242152466367053e-02,7.917383820998279143e-02,7.119741100323624672e-02,1.056511056511056507e-01,1.022326674500587534e-01,1.081081081081081141e-01,0.000000000000000000e+00,1.181818181818181795e-01,0.000000000000000000e+00,1.034482758620689641e-01,9.189189189189189699e-02,1.248799231508165158e-01,0.000000000000000000e+00,0.000000000000000000e+00,9.836065573770491621e-02,8.012820512820513497e-02,8.157894736842105643e-02,1.221532091097308481e-01,8.512160228898425773e-02,1.250000000000000000e-01,1.053864168618267039e-01,1.212121212121212155e-01,7.575757575757575968e-02,1.082654249126891732e-01,6.481481481481481122e-02,7.453416149068323171e-02,8.382642998027613201e-02,8.648648648648649129e-02,0.000000000000000000e+00,6.617647058823529493e-02,8.996539792387543699e-02,0.000000000000000000e+00,1.066799601196410791e-01,7.069219440353460837e-02,9.219858156028368223e-02,7.509881422924900851e-02,8.784773060029282821e-02,8.620689655172414367e-02,0.000000000000000000e+00,8.730158730158729674e-02,7.643312101910827716e-02,9.774436090225563367e-02,1.099656357388316130e-01,1.024793388429752067e-01,1.098398169336384372e-01,9.090909090909091161e-02,4.838709677419354704e-02,1.277292576419213899e-01,1.010682004930156114e-01,0.000000000000000000e+00,6.122448979591836593e-02,6.849315068493150305e-02,1.243972999035679872e-01,7.189542483660130157e-02,8.814589665653495276e-02,1.088435374149659823e-01,7.194244604316546443e-02,9.417040358744394046e-02,0.000000000000000000e+00,1.081081081081081141e-01,0.000000000000000000e+00,0.000000000000000000e+00,5.494505494505494414e-02,1.042183622828784101e-01,1.049723756906077304e-01,9.888751545117428765e-02,0.000000000000000000e+00,6.719367588932806390e-02,0.000000000000000000e+00,6.950672645739910949e-02,1.121212121212121215e-01,8.860759493670886111e-02,9.444444444444444198e-02,0.000000000000000000e+00,0.000000000000000000e+00,8.474576271186440302e-02,1.052631578947368363e-01,7.755662319835278373e-02,1.230329041487839836e-01,7.667984189723320299e-02,8.823529411764706454e-02,1.005665722379603388e-01,9.515859766277127985e-02,1.112311015118790519e-01,7.322175732217572897e-02,5.660377358490566169e-02,6.914893617021276861e-02,1.181434599156118148e-01,9.978308026030369149e-02,7.499999999999999722e-02,9.791332263242374934e-02,0.000000000000000000e+00,7.499999999999999722e-02,1.056603773584905703e-01,9.576138147566719272e-02,1.169230769230769212e-01,8.496732026143791194e-02,0.000000000000000000e+00,7.374631268436578069e-02,7.168784029038112460e-02,1.059494702526487392e-01,0.000000000000000000e+00,8.860759493670886111e-02,0.000000000000000000e+00,0.000000000000000000e+00,6.164383561643835274e-02,0.000000000000000000e+00,9.777777777777778290e-02,8.700834326579261202e-02,8.799999999999999489e-02,9.414225941422593724e-02,1.136079900124843944e-01,1.237623762376237613e-01,1.109422492401215821e-01,1.021711366538952809e-01,9.890109890109889668e-02,6.415094339622641473e-02,9.013785790031812739e-02,1.103202846975089024e-01,1.001430615164520810e-01,1.154345006485084368e-01,0.000000000000000000e+00,7.526881720430107781e-02,5.755395683453237710e-02,9.716981132075472316e-02,6.089743589743589619e-02,9.356725146198829890e-02,7.000000000000000666e-02,7.124010554089710290e-02,9.375000000000000000e-02,0.000000000000000000e+00,1.000000000000000056e-01,0.000000000000000000e+00,8.190476190476191076e-02,8.148148148148148806e-02,1.000841042893187566e-01,1.064981949458483762e-01,1.073124406457739849e-01,0.000000000000000000e+00,5.882352941176470507e-02,1.180257510729613712e-01,1.173184357541899453e-01,5.154639175257731687e-02,9.473684210526316096e-02,6.060606060606060774e-02,8.620689655172414367e-02,1.308016877637130926e-01,6.611570247933884481e-02,9.216589861751152413e-02,6.103286384976525786e-02,8.196721311475409222e-02,7.450980392156862642e-02,7.086614173228346358e-02,8.225108225108225535e-02,9.142857142857142849e-02,9.157509157509156894e-02,1.214574898785425044e-01,9.523809523809523281e-02,9.777777777777778290e-02,7.317073170731706877e-02,1.005025125628140753e-01
1.188811188811188801e-01,9.990662931839403016e-02,8.571428571428571508e-02,1.167608286252354022e-01,8.849557522123893682e-02,8.098591549295774961e-02,0.000000000000000000e+00,0.000000000000000000e+00,0.000000000000000000e+00,1.000000000000000056e-01,9.226932668329176912e-02,9.581881533101045678e-02,1.339285714285714246e-01,0.000000000000000000e+00,1.035856573705179334e-01,1.367924528301886766e-01,8.710033076074973069e-02,1.226890756302520952e-01,1.282051282051281937e-01,5.982905982905983161e-02,7.377049180327868716e-02,0.000000000000000000e+00,9.855334538878843254e-02,1.019172552976791157e-01,9.895833333333332871e-02,0.000000000000000000e+00,9.848484848484848064e-02,1.011235955056179747e-01,9.433962264150944077e-02,1.445783132530120418e-01,8.421052631578947179e-02,1.246418338108882529e-01,1.102756892230576380e-01,1.036217303822937613e-01,1.303501945525291916e-01,1.194895591647331806e-01,1.104565537555228238e-01,1.066666666666666735e-01,9.975669099756691305e-02,1.040404040404040442e-01,7.142857142857142461e-02,1.060903732809430206e-01,8.205128205128205121e-02,8.674304418985269438e-02,9.641255605381165994e-02,0.000000000000000000e+00,1.278688524590163855e-01,1.060606060606060635e-01,9.584664536741213658e-02,5.833333333333333426e-02,1.076604554865424473e-01,3.007518796992481036e-02,9.142857142857142849e-02,1.021505376344086086e-01,8.771929824561403022e-02,9.831460674157303792e-02,9.142857142857142849e-02,1.111111111111111049e-01,1.111111111111111049e-01,1.011904761904761918e-01,7.741935483870968082e-02,9.151047409040793945e-02,1.055381400208986464e-01,9.793814432989690622e-02,1.052631578947368363e-01,1.578947368421052544e-01,9.565217391304348116e-02,9.283819628647214939e-02,9.282700421940928703e-02,1.006711409395973089e-01,9.174311926605505096e-02,7.366071428571428770e-02,1.335200746965452823e-01,1.073825503355704675e-01,8.345978755690440509e-02,9.587217043941410888e-02,8.849557522123893682e-02,8.871493803000651823e-02,8.842105263157894190e-02,9.638554216867470381e-02,1.035156250000000000e-01,9.142857142857142849e-02,9.756097560975610095e-02,1.040892193308550207e-01,1.169686985172981863e-01,1.095890410958904049e-01,1.397849462365591267e-01,0.000000000000000000e+00,8.833922261484099259e-02,1.183745583038869204e-01,8.854166666666667129e-02,1.123188405797101441e-01,9.864864864864865412e-02,8.917835671342685955e-02,6.711409395973154390e-02,1.153358681875792102e-01,1.239157372986369327e-01,8.376963350785340823e-02,1.010830324909747224e-01,1.203830369357045127e-01,9.631391200951248954e-02,8.382066276803118443e-02,1.063829787234042562e-01,1.035532994923857864e-01,1.182885906040268414e-01,6.185567010309278579e-02,1.176470588235294101e-01,0.000000000000000000e+00,7.222222222222221544e-02,0.000000000000000000e+00,6.542056074766354479e-02,1.048611111111111133e-01,8.000000000000000167e-02,1.098901098901098883e-01,7.110091743119266450e-02,1.102941176470588203e-01,9.809264305177112231e-02,1.196943972835314146e-01,1.053864168618267039e-01,1.250947687642153250e-01,8.978873239436620246e-02,9.790979097909791040e-02,1.180124223602484479e-01,1.286660359508041696e-01,8.280254777070063243e-02,1.242774566473988374e-01,1.278089887640449507e-01,1.177285318559556787e-01,1.089414182939362763e-01,8.260869565217390798e-02,0.000000000000000000e+00,1.144278606965174194e-01,0.000000000000000000e+00,1.273486430062630570e-01,1.181364392678868613e-01,8.298755186721991361e-02,6.185567010309278579e-02,1.263858093126385695e-01,5.612244897959183659e-02,1.266294227188081989e-01,1.064814814814814825e-01,9.282700421940928703e-02,7.537688442211054607e-02,7.575757575757575968e-02,1.052631578947368363e-01,0.000000000000000000e+00,7.499999999999999722e-02,0.000000000000000000e+00,0.000000000000000000e+00,1.212598425196850377e-01,9.019165727170236346e-02,9.235209235209235201e-02,1.533333333333333215e-01,9.742120343839541508e-02,1.067538126361655820e-01,9.852216748768473364e-02,1.217532467532467522e-01,7.650273224043716014e-02,6.201550387596899139e-02,8.744394618834080979e-02,1.003289473684210592e-01,7.692307692307692735e-02,1.130063965884861438e-01,1.115023474178403751e-01,9.627329192546583980e-02,0.000000000000000000e+00,1.438848920863309289e-01,0.000000000000000000e+00,9.762532981530343268e-02,5.454545454545454281e-02,1.150131694468832372e-01,0.000000000000000000e+00,0.000000000000000000e+00,1.060606060606060635e-01,7.476635514018691031e-02,1.336760925449871351e-01,1.044776119402985037e-01,9.209516500383729820e-02,8.843537414965986498e-02,9.027777777777777624e-02,1.276595744680850963e-01,6.542056074766354479e-02,1.155192532088681473e-01,8.737864077669903196e-02,1.021897810218978103e-01,9.473684210526316096e-02,9.289617486338798413e-02,0.000000000000000000e+00,1.452991452991453103e-01,8.461538461538462008e-02,0.000000000000000000e+00,1.205479452054794565e-01,9.776536312849161414e-02,9.210526315789473173e-02,1.023339317773788171e-01,1.078014184397163150e-01,8.744038155802862089e-02,0.000000000000000000e+00,9.788359788359787816e-02,8.041958041958041647e-02,1.027732463295269183e-01,1.411411411411411521e-01,1.054365733113673820e-01,1.201814058956916093e-01,8.999999999999999667e-02,7.352941176470588480e-02,1.316793893129770965e-01,1.050903119868637076e-01,0.000000000000000000e+00,9.333333333333333759e-02,8.680555555555555247e-02,1.258536585365853666e-01,1.377245508982035960e-01,1.154929577464788720e-01,1.165703275529865190e-01,1.012658227848101250e-01,1.076040172166427555e-01,0.000000000000000000e+00,1.274509803921568540e-01,0.000000000000000000e+00,0.000000000000000000e+00,1.084337349397590383e-01,8.443271767810026085e-02,1.242937853107344698e-01,1.083870967741935448e-01,0.000000000000000000e+00,8.778625954198472636e-02,0.000000000000000000e+00,8.744394618834080979e-02,8.823529411764706454e-02,1.004016064257028107e-01,7.329842931937172179e-02,0.000000000000000000e+00,0.000000000000000000e+00,9.852670349907918790e-02,1.013986013986013929e-01,9.383753501400560193e-02,1.004070556309362289e-01,8.657664813343923793e-02,9.090909090909091161e-02,1.227621483375959111e-01,1.091180866965620333e-01,1.208459214501510642e-01,8.490566037735848559e-02,9.166666666666666019e-02,8.080808080808081495e-02,1.358024691358024616e-01,1.073170731707317055e-01,9.337349397590360978e-02,1.127946127946127947e-01,0.000000000000000000e+00,8.823529411764706454e-02,9.246575342465752911e-02,1.047197640117994155e-01,8.239700374531834515e-02,1.006289308176100683e-01,0.000000000000000000e+00,8.562691131498470498e-02,8.203799654576857114e-02,1.154545454545454486e-01,0.000000000000000000e+00,9.459459459459459985e-02,0.000000000000000000e+00,0.000000000000000000e+00,1.048387096774193589e-01,0.000000000000000000e+00,9.947643979057591013e-02,8.995327102803737929e-02,8.333333333333332871e-02,1.111111111111111049e-01,1.049222797927461120e-01,1.080402010050251216e-01,1.116005873715124885e-01,9.677419354838709409e-02,1.173913043478260892e-01,9.722222222222222376e-02,1.107142857142857095e-01,1.220159151193633967e-01,1.180758017492711393e-01,1.235668789808917201e-01,0.000000000000000000e+00,8.064516129032257841e-02,8.965517241379310220e-02,1.065719360568383595e-01,1.144278606965174194e-01,1.115879828326180323e-01,8.831908831908831525e-02,6.958762886597938402e-02,9.677419354838709409e-02,0.000000000000000000e+00,5.194805194805195148e-02,0.000000000000000000e+00,8.303249097472924223e-02,1.041666666666666713e-01,1.098169717138103157e-01,1.252319109461966506e-01,1.541582150101419857e-01,0.000000000000000000e+00,8.241758241758241621e-02,1.080508474576271222e-01,1.117021276595744628e-01,1.386138613861386260e-01,1.116504854368932098e-01,1.171171171171171144e-01,9.956709956709956788e-02,8.467741935483870386e-02,6.967213114754097769e-02,8.333333333333332871e-02,6.250000000000000000e-02,7.722007722007721842e-02,1.193415637860082285e-01,1.003861003861003798e-01,9.302325581395348708e-02,1.122448979591836732e-01,7.171314741035857143e-02,8.675799086757990386e-02,9.134615384615384082e-02,1.000000000000000056e-01,1.034482758620689641e-01,7.065217391304347283e-02
1.139240506329113889e-01,1.164179104477611887e-01,1.115879828326180323e-01,9.345794392523364136e-02,7.100591715976331542e-02,1.064638783269961919e-01,0.000000000000000000e+00,0.000000000000000000e+00,0.000000000000000000e+00,1.232876712328767055e-01,6.770833333333332871e-02,9.730848861283643292e-02,6.172839506172839164e-02,0.000000000000000000e+00,1.271186440677966045e-01,1.063829787234042562e-01,8.450704225352112520e-02,9.694793536804308109e-02,8.088235294117647467e-02,1.171171171171171144e-01,6.493506493506492894e-02,0.000000000000000000e+00,8.837656099903938578e-02,8.700209643605870402e-02,8.196721311475409222e-02,0.000000000000000000e+00,6.896551724137930939e-02,8.878504672897195860e-02,7.645259938837919989e-02,1.150793650793650730e-01,1.016949152542372947e-01,9.606299212598425064e-02,1.155660377358490587e-01,1.047937569676700154e-01,9.909909909909909997e-02,1.095890410958904049e-01,9.657320872274142987e-02,9.225700164744646270e-02,1.117021276595744628e-01,1.186440677966101725e-01,3.157894736842105365e-02,9.977324263038549190e-02,5.970149253731343170e-02,1.027027027027027084e-01,8.357348703170028315e-02,0.000000000000000000e+00,1.062231759656652313e-01,8.275862068965517127e-02,1.092657342657342712e-01,8.759124087591241281e-02,1.066969353007945487e-01,1.048387096774193589e-01,8.996539792387543699e-02,5.625000000000000139e-02,1.017964071856287400e-01,6.868131868131868711e-02,9.489051094890510463e-02,9.467455621301774926e-02,8.015267175572518554e-02,1.118279569892473152e-01,7.563025210084033112e-02,1.067761806981519512e-01,1.011904761904761918e-01,9.042553191489362263e-02,1.048466864490603390e-01,1.223404255319148898e-01,1.168582375478927210e-01,7.915567282321900322e-02,7.287449392712549989e-02,9.187279151943462951e-02,8.541666666666666852e-02,7.031250000000000000e-02,1.061394380853277891e-01,9.041591320072332738e-02,8.802308802308801694e-02,6.056701030927835044e-02,8.333333333333332871e-02,9.047940580688723644e-02,9.803921568627450844e-02,7.537012113055181761e-02,9.262589928057553268e-02,8.132530120481927527e-02,9.551656920077972179e-02,8.298755186721991361e-02,8.823529411764706454e-02,9.842519685039370636e-02,9.942363112391930380e-02,0.000000000000000000e+00,1.101549053356282309e-01,1.130952380952380959e-01,8.306709265175718504e-02,9.230769230769231282e-02,1.213872832369942145e-01,8.282208588957054585e-02,9.039548022598870025e-02,8.935128518971847955e-02,8.982035928143712600e-02,7.250755287009064132e-02,8.294930875576037033e-02,8.868501529051987797e-02,1.014304291287386195e-01,7.543103448275861878e-02,7.908163265306122902e-02,7.010309278350515538e-02,9.981684981684982305e-02,6.666666666666666574e-02,7.975460122699386256e-02,0.000000000000000000e+00,7.807807807807808087e-02,0.000000000000000000e+00,3.355704697986577195e-02,1.080892608089260853e-01,7.743362831858406625e-02,8.016443987667008775e-02,8.333333333333332871e-02,9.166666666666666019e-02,6.983240223463686724e-02,9.455842997323818389e-02,8.775981524249422405e-02,1.156111929307805652e-01,7.663551401869159174e-02,8.784596871239470917e-02,1.067415730337078622e-01,1.127049180327868855e-01,1.014492753623188470e-01,1.211267605633802869e-01,9.985734664764621404e-02,8.392603129445234955e-02,1.038824763903462706e-01,9.452736318407960192e-02,0.000000000000000000e+00,8.839779005524861510e-02,0.000000000000000000e+00,1.182320441988950338e-01,1.182795698924731242e-01,6.578947368421052266e-02,8.520179372197309031e-02,1.018826135105204839e-01,1.117318435754189876e-01,1.005917159763313612e-01,7.692307692307692735e-02,7.742639040348964219e-02,8.500000000000000611e-02,5.600000000000000117e-02,1.100000000000000006e-01,0.000000000000000000e+00,5.600000000000000117e-02,0.000000000000000000e+00,0.000000000000000000e+00,1.178451178451178499e-01,7.403433476394849500e-02,1.090342679127725839e-01,1.153846153846153910e-01,9.287925696594427627e-02,1.021505376344086086e-01,8.747514910536779986e-02,1.033210332103321055e-01,9.655172413793103314e-02,8.264462809917355601e-02,8.553971486761710596e-02,9.337860780984720555e-02,8.749999999999999445e-02,8.401084010840108307e-02,1.012500000000000067e-01,6.538461538461538824e-02,0.000000000000000000e+00,7.983193277310923763e-02,0.000000000000000000e+00,7.211538461538460898e-02,5.699481865284974219e-02,1.070110701107011009e-01,0.000000000000000000e+00,0.000000000000000000e+00,5.357142857142856845e-02,7.246376811594203160e-02,9.567901234567900703e-02,1.029239766081871399e-01,9.395484340859432126e-02,1.439393939393939503e-01,9.839816933638444174e-02,1.162790697674418589e-01,7.874015748031495954e-02,9.241706161137440423e-02,4.545454545454545581e-02,9.433962264150944077e-02,8.453608247422680910e-02,1.049382716049382658e-01,0.000000000000000000e+00,1.120000000000000023e-01,8.071748878923766524e-02,0.000000000000000000e+00,1.151515151515151575e-01,1.050228310502283047e-01,7.518796992481202590e-02,7.720588235294117974e-02,1.023391812865497019e-01,8.131487889273356084e-02,0.000000000000000000e+00,9.863013698630136716e-02,9.177215189873418055e-02,8.963093145869947820e-02,1.043771043771043738e-01,9.523809523809523281e-02,9.045226130653266639e-02,6.730769230769230449e-02,4.411764705882353227e-02,1.037628278221208733e-01,1.116794543904518350e-01,0.000000000000000000e+00,9.547738693467336391e-02,1.045296167247386776e-01,1.300309597523219840e-01,6.293706293706294308e-02,9.763313609467455523e-02,1.223908918406072105e-01,6.164383561643835274e-02,9.546165884194053597e-02,0.000000000000000000e+00,6.400000000000000133e-02,0.000000000000000000e+00,0.000000000000000000e+00,5.263157894736841813e-02,1.067708333333333287e-01,1.180555555555555525e-01,1.010830324909747224e-01,0.000000000000000000e+00,6.474820143884892076e-02,0.000000000000000000e+00,6.826347305389221520e-02,7.664233576642336121e-02,4.712041884816754039e-02,9.137055837563451410e-02,0.000000000000000000e+00,0.000000000000000000e+00,9.662288930581613977e-02,9.420289855072463969e-02,9.957020057306589789e-02,9.809663250366032483e-02,9.920634920634920084e-02,6.716417910447761153e-02,1.004016064257028107e-01,9.377526273241713894e-02,9.857723577235771861e-02,8.793456032719836057e-02,7.228915662650602092e-02,9.153005464480874764e-02,1.025641025641025605e-01,9.359605911330048933e-02,8.657664813343923793e-02,1.166965888689407566e-01,0.000000000000000000e+00,9.090909090909091161e-02,1.114982578397212543e-01,1.104387291981845653e-01,9.141274238227146964e-02,7.650273224043716014e-02,0.000000000000000000e+00,8.682634730538922596e-02,8.492201039861352330e-02,1.151405258386219432e-01,0.000000000000000000e+00,1.265306122448979498e-01,0.000000000000000000e+00,0.000000000000000000e+00,9.375000000000000000e-02,0.000000000000000000e+00,7.327586206896551102e-02,1.166666666666666685e-01,9.567901234567900703e-02,1.000000000000000056e-01,1.153846153846153910e-01,1.030927835051546337e-01,1.120129870129870087e-01,8.956916099773243323e-02,1.283783783783783716e-01,6.451612903225806273e-02,1.011673151750972777e-01,1.060606060606060635e-01,1.105990783410138317e-01,1.018633540372670815e-01,0.000000000000000000e+00,5.343511450381679267e-02,5.769230769230769551e-02,9.895833333333332871e-02,7.975460122699386256e-02,1.097922848664688450e-01,6.709265175718849561e-02,6.997084548104956503e-02,7.692307692307692735e-02,0.000000000000000000e+00,5.084745762711864736e-02,0.000000000000000000e+00,7.795100222717149530e-02,6.153846153846154188e-02,1.174438687392055231e-01,1.144749290444654621e-01,1.120370370370370322e-01,0.000000000000000000e+00,1.181102362204724393e-01,6.995884773662551515e-02,5.434782608695652023e-02,1.256544502617800985e-01,7.075471698113207364e-02,8.457711442786070011e-02,1.016949152542372947e-01,6.048387096774193727e-02,6.854838709677418818e-02,9.958506224066389356e-02,7.981220657276995312e-02,1.148936170212765950e-01,9.178743961352657521e-02,9.259259259259258745e-02,1.290322580645161255e-01,8.125000000000000278e-02,1.008064516129032195e-01,8.368200836820083310e-02,9.195402298850574585e-02,7.843137254901960675e-02,9.913793103448276245e-02,7.729468599033816056e-02
8.695652173913043237e-02,1.035856573705179334e-01,9.049773755656108365e-02,7.098121085594989721e-02,1.316526610644257744e-01,8.127208480565370485e-02,0.000000000000000000e+00,0.000000000000000000e+00,0.000000000000000000e+00,6.862745098039216285e-02,8.291457286432160623e-02,1.111111111111111049e-01,7.291666666666667129e-02,0.000000000000000000e+00,7.758620689655172653e-02,8.762886597938143729e-02,8.896034297963557880e-02,9.900090826521344700e-02,1.397058823529411797e-01,1.333333333333333315e-01,6.034482758620689918e-02,0.000000000000000000e+00,8.730158730158729674e-02,7.638190954773869945e-02,5.508474576271186335e-02,0.000000000000000000e+00,8.502024291497975450e-02,9.960159362549800277e-02,9.907834101382488601e-02,1.048387096774193589e-01,4.054054054054054279e-02,9.606299212598425064e-02,7.192575406032482299e-02,8.062575210589650876e-02,1.072522982635342181e-01,1.101485148514851492e-01,8.859060402684564017e-02,7.210031347962382597e-02,8.403361344537815802e-02,8.539094650205761305e-02,1.186440677966101725e-01,1.161290322580645212e-01,7.262569832402235304e-02,7.892454466608846142e-02,7.785888077858880985e-02,0.000000000000000000e+00,1.205597416576964509e-01,9.917355371900826722e-02,9.426551453260015312e-02,1.021897810218978103e-01,1.016949152542372947e-01,7.936507936507936067e-02,9.006211180124223947e-02,8.695652173913043237e-02,7.333333333333333370e-02,6.647398843930635293e-02,1.038961038961039030e-01,1.022222222222222282e-01,8.306709265175718504e-02,1.142857142857142821e-01,6.015037593984962072e-02,1.085776330076004409e-01,9.591836734693877375e-02,8.040201005025125747e-02,9.714795008912656404e-02,1.229050279329608891e-01,8.349146110056926418e-02,6.027397260273972823e-02,9.876543209876542662e-02,1.009174311926605561e-01,7.751937984496123923e-02,6.708595387840671220e-02,1.214953271028037379e-01,8.904109589041095396e-02,8.108108108108108558e-02,7.792207792207792028e-02,9.803921568627450844e-02,6.997900629811056039e-02,1.010752688172043001e-01,7.244318181818182323e-02,8.728448275862069061e-02,6.774193548387097419e-02,9.940357852882704404e-02,7.755102040816326536e-02,1.010638297872340358e-01,7.518796992481202590e-02,9.784411276948590253e-02,0.000000000000000000e+00,9.508196721311475141e-02,1.033755274261603380e-01,7.909604519774011966e-02,1.172161172161172160e-01,1.164179104477611887e-01,9.855334538878843254e-02,1.011235955056179747e-01,9.853528628495339392e-02,1.287605294825511504e-01,8.673469387755101956e-02,6.167400881057268774e-02,1.388888888888888951e-01,9.126984126984126477e-02,8.993576017130620881e-02,8.933717579250720353e-02,7.243243243243242813e-02,1.016781836130306038e-01,6.779661016949152519e-02,1.079136690647481966e-01,0.000000000000000000e+00,8.943089430894309022e-02,0.000000000000000000e+00,6.201550387596899139e-02,9.827044025157233298e-02,7.142857142857142461e-02,8.457142857142857517e-02,9.131403118040089251e-02,8.904109589041095396e-02,6.868131868131868711e-02,1.159929701230228427e-01,1.185344827586206906e-01,1.157480314960629975e-01,9.756097560975610095e-02,9.541062801932366499e-02,8.771929824561403022e-02,1.174668028600612812e-01,1.096774193548387122e-01,1.198224852071005930e-01,9.735973597359735832e-02,9.869375907111756219e-02,1.215805471124620091e-01,7.522123893805310324e-02,0.000000000000000000e+00,1.093750000000000000e-01,0.000000000000000000e+00,9.286523216308040229e-02,1.143847487001733165e-01,1.016949152542372947e-01,7.027027027027027417e-02,1.082737487231869300e-01,5.161290322580645157e-02,9.343936381709741501e-02,5.882352941176470507e-02,9.957627118644067632e-02,7.929515418502203206e-02,6.424581005586592342e-02,8.799999999999999489e-02,0.000000000000000000e+00,6.918238993710691676e-02,0.000000000000000000e+00,0.000000000000000000e+00,9.633027522935780351e-02,6.276150627615062483e-02,8.848314606741572441e-02,8.152173913043478382e-02,7.878787878787878174e-02,9.601873536299765366e-02,8.875739644970413733e-02,1.054545454545454536e-01,8.648648648648649129e-02,1.084337349397590383e-01,7.407407407407406996e-02,1.107828655834564302e-01,5.940594059405940319e-02,1.300236406619385277e-01,1.043024771838331199e-01,5.999999999999999778e-02,0.000000000000000000e+00,7.792207792207792028e-02,0.000000000000000000e+00,8.815426997245179308e-02,6.382978723404254817e-02,1.043233082706766929e-01,0.000000000000000000e+00,0.000000000000000000e+00,6.542056074766354479e-02,8.588957055214724301e-02,8.114558472553699831e-02,1.111111111111111049e-01,1.023437499999999972e-01,5.696202531645569445e-02,8.716707021791766929e-02,1.122448979591836732e-01,7.563025210084033112e-02,1.122112211221122091e-01,6.194690265486725578e-02,5.813953488372092943e-02,9.528301886792453490e-02,1.000000000000000056e-01,0.000000000000000000e+00,4.838709677419354704e-02,7.720588235294117974e-02,0.000000000000000000e+00,1.009667024704618693e-01,7.290015847860538412e-02,7.462686567164178442e-02,1.047430830039525751e-01,1.064139941690962071e-01,7.420494699646643100e-02,0.000000000000000000e+00,9.850746268656716820e-02,8.306709265175718504e-02,9.105180533751962291e-02,6.686930091185409875e-02,8.566721581548600306e-02,1.146666666666666667e-01,8.000000000000000167e-02,7.619047619047619735e-02,1.109947643979057597e-01,7.526881720430107781e-02,0.000000000000000000e+00,7.017543859649122417e-02,9.881422924901185623e-02,1.159135559921414538e-01,7.692307692307692735e-02,1.028571428571428553e-01,1.221221221221221176e-01,1.166666666666666685e-01,1.001353179972936380e-01,0.000000000000000000e+00,6.722689075630251809e-02,0.000000000000000000e+00,0.000000000000000000e+00,6.329113924050633333e-02,9.744779582366588921e-02,1.312500000000000056e-01,1.188524590163934358e-01,0.000000000000000000e+00,8.260869565217390798e-02,0.000000000000000000e+00,7.700650759219089536e-02,9.907120743034056320e-02,7.017543859649122417e-02,6.010928961748633614e-02,0.000000000000000000e+00,0.000000000000000000e+00,9.090909090909091161e-02,9.952606635071090113e-02,8.005521048999310330e-02,8.873720136518771506e-02,8.333333333333332871e-02,8.219178082191780366e-02,1.093969144460028020e-01,1.138535031847133783e-01,1.363636363636363535e-01,7.636738906088751111e-02,4.800000000000000100e-02,8.690330477356181249e-02,9.352517985611510931e-02,9.692671394799054485e-02,9.382716049382716639e-02,1.094017094017094016e-01,0.000000000000000000e+00,5.172413793103448204e-02,1.000000000000000056e-01,1.247892074198988233e-01,6.293706293706294308e-02,7.142857142857142461e-02,0.000000000000000000e+00,8.333333333333332871e-02,8.157894736842105643e-02,8.448415922014622381e-02,0.000000000000000000e+00,1.124031007751938038e-01,0.000000000000000000e+00,0.000000000000000000e+00,1.048951048951048959e-01,0.000000000000000000e+00,3.723404255319148759e-02,7.988587731811697124e-02,6.565656565656566301e-02,9.859154929577464144e-02,1.071428571428571369e-01,1.203703703703703637e-01,1.114649681528662450e-01,1.174193548387096747e-01,8.914728682170543206e-02,9.693877551020407823e-02,1.044226044226044259e-01,1.141439205955334935e-01,9.565217391304348116e-02,1.080332409972299124e-01,0.000000000000000000e+00,4.444444444444444614e-02,1.029411764705882304e-01,9.189723320158102449e-02,6.216216216216216561e-02,9.596344249809596327e-02,8.074534161490683204e-02,8.253968253968253788e-02,1.052631578947368363e-01,0.000000000000000000e+00,6.250000000000000000e-02,0.000000000000000000e+00,6.870229007633588125e-02,6.428571428571427937e-02,1.011139674378748882e-01,1.034136546184738908e-01,1.173416407061266820e-01,0.000000000000000000e+00,7.878787878787878174e-02,1.228070175438596423e-01,8.333333333333332871e-02,8.235294117647058709e-02,1.189427312775330342e-01,6.790123456790123080e-02,9.042553191489362263e-02,9.243697478991597105e-02,8.482142857142857539e-02,9.649122807017543324e-02,1.034482758620689641e-01,9.004739336492890989e-02,9.178743961352657521e-02,9.714285714285714191e-02,8.888888888888889228e-02,9.049773755656108365e-02,5.905511811023621965e-02,8.823529411764706454e-02,8.823529411764706454e-02,9.569377990430621983e-02,8.181818181818181768e-02,5.752212389380530894e-02
9.537166900420757099e-02,1.112091791703442162e-01,1.603773584905660299e-01,8.566108007448790251e-02,9.919571045576407176e-02,1.160409556313993229e-01,0.000000000000000000e+00,0.000000000000000000e+00,0.000000000000000000e+00,2.739726027397260122e-02,9.296482412060301515e-02,1.024208566108007479e-01,8.108108108108108558e-02,0.000000000000000000e+00,8.856088560885608252e-02,1.088082901554404125e-01,7.486631016042780140e-02,1.004484304932735383e-01,1.319444444444444475e-01,8.791208791208791895e-02,8.296943231441047950e-02,0.000000000000000000e+00,9.021113243761996747e-02,9.641025641025641191e-02,5.633802816901408578e-02,0.000000000000000000e+00,1.098484848484848481e-01,9.199999999999999845e-02,8.713272543059777386e-02,1.091160220994475127e-01,1.355932203389830504e-01,1.156351791530944584e-01,1.067761806981519512e-01,1.010989010989011005e-01,9.724950884086444591e-02,1.130063965884861438e-01,8.310626702997275794e-02,8.998302207130730312e-02,1.105121293800539056e-01,8.022598870056496523e-02,3.636363636363636187e-02,1.153846153846153910e-01,7.582938388625592996e-02,9.238095238095238304e-02,9.927360774818401457e-02,0.000000000000000000e+00,1.286486486486486391e-01,9.493670886075949999e-02,1.056338028169014065e-01,8.771929824561403022e-02,9.191583610188261422e-02,1.140350877192982393e-01,6.934306569343065552e-02,6.349206349206348854e-02,7.514450867052023531e-02,7.748184019370460418e-02,6.666666666666666574e-02,1.121076233183856546e-01,7.936507936507936067e-02,8.739837398373984101e-02,6.349206349206348854e-02,9.843400447427293198e-02,1.013874066168623245e-01,6.832298136645963138e-02,8.703374777975132759e-02,9.016393442622951115e-02,8.737864077669903196e-02,9.448818897637795144e-02,7.851239669421487821e-02,1.031249999999999944e-01,1.023206751054852315e-01,7.823960880195598988e-02,1.343424787133396525e-01,8.185053380782918164e-02,8.962264150943395624e-02,9.090909090909091161e-02,8.791208791208791895e-02,1.016949152542372947e-01,1.237911025145067706e-01,5.958549222797927120e-02,9.578544061302682322e-02,6.430868167202571928e-02,1.039215686274509859e-01,5.063291139240506250e-02,1.111111111111111049e-01,1.021897810218978103e-01,1.238532110091743188e-01,0.000000000000000000e+00,1.063122923588039892e-01,7.709251101321586142e-02,5.538461538461538630e-02,1.090047393364928924e-01,1.201780415430267063e-01,7.692307692307692735e-02,6.172839506172839164e-02,8.717310087173101019e-02,9.323116219667944293e-02,1.080332409972299124e-01,1.055900621118012472e-01,1.282051282051281937e-01,1.079234972677595578e-01,7.939914163090128207e-02,8.461538461538462008e-02,9.536541889483066137e-02,1.117266851338873518e-01,1.168831168831168804e-01,1.011904761904761918e-01,0.000000000000000000e+00,1.013698630136986301e-01,0.000000000000000000e+00,1.180555555555555525e-01,1.021548284118116573e-01,8.661417322834645549e-02,9.299781181619255765e-02,7.127882599580712131e-02,1.051136363636363674e-01,8.656716417910448325e-02,1.011235955056179747e-01,1.244541484716157193e-01,1.150793650793650730e-01,9.632224168126093944e-02,8.313253012048192614e-02,4.166666666666666435e-02,1.113172541743970290e-01,8.888888888888889228e-02,1.022222222222222282e-01,1.043219076005961199e-01,8.759124087591241281e-02,9.989909182643794128e-02,7.766990291262135249e-02,0.000000000000000000e+00,8.791208791208791895e-02,0.000000000000000000e+00,1.083238312428734390e-01,1.062670299727520445e-01,9.049773755656108365e-02,8.928571428571428770e-02,1.055327868852459078e-01,6.400000000000000133e-02,8.704883227176220262e-02,7.653061224489796088e-02,7.511210762331838042e-02,1.069767441860465101e-01,5.732484076433121134e-02,6.086956521739130682e-02,0.000000000000000000e+00,3.875968992248061962e-02,0.000000000000000000e+00,0.000000000000000000e+00,9.656301145662847529e-02,7.820512820512820484e-02,9.559939301972686376e-02,1.052631578947368363e-01,9.281437125748502603e-02,1.009440813362381950e-01,1.067961165048543631e-01,9.375000000000000000e-02,5.555555555555555247e-02,7.199999999999999456e-02,8.045977011494252762e-02,9.183673469387755584e-02,8.191126279863480963e-02,9.290953545232273625e-02,1.025331724969843206e-01,9.523809523809523281e-02,0.000000000000000000e+00,1.327014218009478774e-01,0.000000000000000000e+00,9.592326139088729053e-02,7.142857142857142461e-02,1.091445427728613554e-01,0.000000000000000000e+00,0.000000000000000000e+00,7.936507936507936067e-02,7.645259938837919989e-02,5.373134328358208922e-02,1.033333333333333326e-01,1.093860268172194838e-01,1.147540983606557402e-01,1.093418259023354600e-01,9.677419354838709409e-02,4.807692307692307959e-02,1.026282853566958669e-01,8.433734939759035543e-02,1.102362204724409434e-01,8.350951374207188360e-02,9.595959595959595301e-02,0.000000000000000000e+00,4.827586206896551657e-02,8.280254777070063243e-02,0.000000000000000000e+00,1.145935357492654239e-01,6.855439642324888394e-02,9.937888198757763303e-02,9.784735812133071864e-02,9.916201117318436398e-02,9.104704097116843309e-02,0.000000000000000000e+00,1.055900621118012472e-01,1.061643835616438297e-01,1.093750000000000000e-01,1.094339622641509469e-01,6.554307116104868269e-02,1.138613861386138654e-01,3.478260869565217434e-02,7.216494845360824084e-02,1.048478015783540079e-01,1.020066889632107038e-01,0.000000000000000000e+00,8.823529411764706454e-02,8.362369337979094763e-02,1.089613034623217874e-01,6.432748538011695549e-02,1.035598705501618172e-01,8.781558726673985293e-02,6.993006993006993521e-02,1.306818181818181768e-01,0.000000000000000000e+00,4.032258064516128920e-02,0.000000000000000000e+00,0.000000000000000000e+00,1.025641025641025605e-01,9.975669099756691305e-02,8.284023668639053928e-02,1.263982102908277338e-01,0.000000000000000000e+00,5.769230769230769551e-02,0.000000000000000000e+00,7.897664071190210744e-02,6.104651162790697416e-02,9.375000000000000000e-02,6.862745098039216285e-02,0.000000000000000000e+00,0.000000000000000000e+00,8.784383318544809749e-02,6.574394463667819488e-02,8.912188728702490070e-02,1.203007518796992414e-01,8.841010401188707790e-02,7.058823529411764608e-02,1.260387811634348931e-01,8.851063829787234050e-02,1.101021566401816087e-01,7.547169811320754429e-02,6.849315068493150305e-02,7.368421052631578261e-02,7.843137254901960675e-02,7.614213197969543767e-02,9.062003179650238160e-02,1.118421052631578955e-01,0.000000000000000000e+00,5.932203389830508627e-02,8.880308880308880604e-02,1.118784530386740389e-01,1.130742049469964650e-01,6.626506024096386060e-02,0.000000000000000000e+00,8.974358974358974395e-02,8.110599078341014512e-02,1.134564643799472333e-01,0.000000000000000000e+00,1.365638766519823855e-01,0.000000000000000000e+00,0.000000000000000000e+00,7.874015748031495954e-02,0.000000000000000000e+00,8.247422680412370977e-02,1.081830790568654582e-01,9.625668449197860577e-02,1.053719008264462770e-01,1.104895104895104868e-01,1.517857142857142738e-01,1.096256684491978550e-01,1.107099879663056563e-01,1.106719367588932801e-01,8.088235294117647467e-02,1.343638525564803676e-01,1.003898635477582790e-01,9.931972789115646461e-02,1.145320197044334964e-01,0.000000000000000000e+00,1.037735849056603821e-01,7.812500000000000000e-02,1.030126336248785163e-01,5.617977528089887485e-02,9.630702389572773359e-02,9.329446064139941541e-02,7.530120481927711495e-02,8.955223880597014408e-02,0.000000000000000000e+00,1.199999999999999956e-01,0.000000000000000000e+00,1.135029354207436336e-01,1.180555555555555525e-01,1.018835616438356212e-01,1.233140655105973010e-01,1.107723577235772416e-01,0.000000000000000000e+00,8.759124087591241281e-02,1.185682326621923938e-01,8.653846153846153633e-02,1.021505376344086086e-01,1.066666666666666735e-01,9.677419354838709409e-02,1.327014218009478774e-01,1.126760563380281716e-01,6.315789473684210731e-02,1.111111111111111049e-01,9.004739336492890989e-02,1.155555555555555503e-01,7.279693486590038676e-02,9.909909909909909997e-02,9.821428571428571230e-02,9.128630705394190359e-02,6.909090909090909172e-02,7.142857142857142461e-02,7.441860465116278966e-02,6.172839506172839164e-02,9.813084112149532412e-02,6.542056074766354479e-02
9.388335704125178038e-02,1.010194624652455964e-01,1.190476190476190410e-01,9.503239740820734749e-02,9.037900874635568238e-02,8.992805755395683054e-02,0.000000000000000000e+00,0.000000000000000000e+00,0.000000000000000000e+00,7.608695652173913526e-02,7.161125319693094349e-02,1.176470588235294101e-01,1.044776119402985037e-01,0.000000000000000000e+00,1.097560975609756101e-01,1.388888888888888951e-01,9.760765550239233757e-02,1.199309749784296802e-01,9.142857142857142849e-02,6.306306306306305731e-02,8.045977011494252762e-02,0.000000000000000000e+00,7.281105990783409698e-02,8.709338929695698006e-02,1.275720164609053520e-01,0.000000000000000000e+00,8.888888888888889228e-02,8.394160583941605303e-02,1.083984375000000000e-01,1.161879895561357678e-01,7.042253521126760896e-02,1.234991423670668970e-01,8.254716981132075027e-02,1.024546424759871927e-01,1.054216867469879582e-01,1.350059737156511230e-01,1.097724230254350786e-01,1.019202363367799069e-01,7.804878048780487798e-02,8.457142857142857517e-02,9.195402298850574585e-02,1.066433566433566404e-01,6.060606060606060774e-02,7.892595606183888668e-02,9.326424870466321071e-02,0.000000000000000000e+00,1.213047910295616677e-01,8.333333333333332871e-02,1.051324503311258235e-01,1.031746031746031689e-01,9.695603156708004766e-02,7.857142857142856984e-02,9.482758620689654694e-02,5.555555555555555247e-02,7.428571428571428825e-02,4.761904761904761640e-02,1.120689655172413812e-01,1.148325358851674666e-01,9.965635738831615797e-02,1.106557377049180307e-01,7.453416149068323171e-02,1.005714285714285755e-01,9.099999999999999756e-02,6.989247311827956333e-02,8.349514563106795462e-02,9.595959595959595301e-02,1.012891344383057141e-01,9.443099273607748201e-02,1.052631578947368363e-01,8.108108108108108558e-02,7.982261640798225810e-02,1.034482758620689641e-01,1.084093211752786279e-01,7.478260869565217517e-02,8.784773060029282821e-02,8.301404853128990791e-02,6.956521739130434867e-02,9.765886287625417939e-02,9.856262833675565049e-02,8.905109489051095395e-02,9.566968781470291949e-02,9.064327485380116456e-02,7.514450867052023531e-02,7.983193277310923763e-02,1.084745762711864375e-01,9.818181818181817566e-02,1.392592592592592493e-01,0.000000000000000000e+00,1.130742049469964650e-01,1.061946902654867242e-01,9.570957095709571594e-02,1.063829787234042562e-01,1.075268817204301092e-01,8.895405669599218412e-02,8.860759493670886111e-02,9.210526315789473173e-02,1.157112526539278152e-01,1.159420289855072478e-01,1.218487394957983166e-01,1.229508196721311453e-01,1.057108140947752156e-01,9.572301425661913776e-02,7.853403141361256501e-02,1.102629346904156066e-01,1.044247787610619455e-01,7.499999999999999722e-02,3.623188405797101580e-02,0.000000000000000000e+00,9.798270893371757717e-02,0.000000000000000000e+00,8.620689655172414367e-02,1.065877128053293876e-01,9.954751131221718785e-02,1.004228329809725151e-01,9.638554216867470381e-02,9.010989010989010894e-02,1.059602649006622516e-01,1.460784313725490280e-01,1.086065573770491760e-01,1.061224489795918324e-01,8.687943262411347567e-02,1.059907834101382479e-01,8.108108108108108558e-02,1.182266009852216693e-01,9.604519774011299749e-02,8.885754583921015581e-02,1.089837997054491914e-01,1.479524438573315837e-01,9.523809523809523281e-02,7.488986784140969077e-02,0.000000000000000000e+00,1.414141414141414088e-01,0.000000000000000000e+00,1.147161066048667383e-01,1.139130434782608670e-01,8.444444444444444697e-02,1.020408163265306145e-01,1.101190476190476164e-01,6.832298136645963138e-02,9.883720930232557655e-02,6.896551724137930939e-02,7.190265486725663791e-02,1.126760563380281716e-01,9.743589743589743668e-02,9.448818897637795144e-02,0.000000000000000000e+00,6.875000000000000555e-02,0.000000000000000000e+00,0.000000000000000000e+00,1.007633587786259527e-01,7.656065959952886024e-02,9.405940594059405968e-02,9.420289855072463969e-02,6.481481481481481122e-02,9.626865671641790523e-02,8.348794063079777172e-02,9.677419354838709409e-02,6.598984771573604413e-02,5.223880597014925187e-02,7.692307692307692735e-02,1.172529313232830855e-01,7.975460122699386256e-02,1.121718377088305463e-01,8.495981630309988597e-02,7.028753993610223350e-02,0.000000000000000000e+00,9.871244635193132666e-02,0.000000000000000000e+00,8.395061728395061817e-02,8.653846153846153633e-02,1.417979610750695063e-01,0.000000000000000000e+00,0.000000000000000000e+00,7.627118644067797104e-02,7.199999999999999456e-02,1.187335092348284910e-01,1.219512195121951192e-01,9.686411149825784050e-02,1.199999999999999956e-01,1.120607787274453954e-01,7.843137254901960675e-02,5.050505050505050414e-02,1.046119235095613054e-01,7.619047619047619735e-02,1.091954022988505801e-01,9.649122807017543324e-02,7.142857142857142461e-02,0.000000000000000000e+00,1.068702290076335853e-01,6.425702811244979329e-02,0.000000000000000000e+00,1.116803278688524581e-01,7.819548872180451249e-02,7.407407407407406996e-02,8.588957055214724301e-02,9.104477611940298143e-02,1.016042780748663138e-01,0.000000000000000000e+00,6.784660766961651823e-02,7.092198581560284210e-02,8.176100628930817182e-02,1.017964071856287400e-01,8.928571428571428770e-02,1.078224101479915431e-01,1.386138613861386260e-01,7.563025210084033112e-02,1.081081081081081141e-01,1.035923141186299024e-01,0.000000000000000000e+00,9.456264775413711354e-02,1.067961165048543631e-01,1.123809523809523869e-01,7.926829268292683028e-02,9.510086455331412392e-02,1.124260355029585851e-01,7.926829268292683028e-02,9.436435124508518735e-02,0.000000000000000000e+00,1.475409836065573743e-01,0.000000000000000000e+00,0.000000000000000000e+00,3.896103896103896014e-02,8.495145631067961556e-02,6.617647058823529493e-02,9.198113207547169157e-02,0.000000000000000000e+00,1.105990783410138317e-01,0.000000000000000000e+00,8.949011446409989301e-02,9.234828496042216117e-02,6.572769953051643688e-02,8.755760368663594029e-02,0.000000000000000000e+00,0.000000000000000000e+00,9.185606060606060774e-02,6.769230769230769051e-02,8.035714285714286309e-02,7.928802588996763934e-02,8.326967150496562831e-02,7.751937984496123923e-02,1.186440677966101725e-01,8.852459016393442182e-02,1.188118811881188064e-01,8.288288288288288286e-02,7.142857142857142461e-02,8.333333333333332871e-02,7.086614173228346358e-02,1.094527363184079616e-01,9.294320137693631856e-02,1.109123434704830102e-01,0.000000000000000000e+00,9.027777777777777624e-02,6.569343065693430961e-02,1.104565537555228238e-01,8.396946564885496289e-02,6.857142857142857484e-02,0.000000000000000000e+00,5.940594059405940319e-02,9.715242881072026770e-02,1.064981949458483762e-01,0.000000000000000000e+00,8.088235294117647467e-02,0.000000000000000000e+00,0.000000000000000000e+00,3.968253968253968034e-02,0.000000000000000000e+00,1.136363636363636326e-01,1.068601583113456405e-01,8.208955223880597118e-02,1.022494887525562390e-01,8.076009501187648987e-02,1.115384615384615447e-01,1.080368906455863032e-01,1.069711538461538408e-01,1.207920792079207883e-01,8.366533864541832177e-02,1.238636363636363702e-01,1.179159049360146289e-01,6.935483870967741604e-02,9.937106918238994280e-02,0.000000000000000000e+00,6.451612903225806273e-02,7.142857142857142461e-02,1.085353003161222407e-01,9.538461538461538713e-02,1.193103448275862066e-01,7.317073170731706877e-02,8.264462809917355601e-02,7.865168539325842478e-02,0.000000000000000000e+00,3.571428571428571230e-02,0.000000000000000000e+00,9.213051823416507080e-02,8.196721311475409222e-02,1.297297297297297369e-01,1.006233303650934940e-01,1.251212415130940891e-01,0.000000000000000000e+00,5.555555555555555247e-02,1.024590163934426257e-01,9.478672985781989857e-02,8.648648648648649129e-02,1.030927835051546337e-01,6.730769230769230449e-02,6.467661691542288260e-02,8.730158730158729674e-02,8.856088560885608252e-02,8.450704225352112520e-02,1.015228426395939076e-01,1.042654028436018898e-01,1.017699115044247843e-01,9.019607843137254777e-02,7.983193277310923763e-02,1.067961165048543631e-01,1.097046413502109768e-01,1.077586206896551657e-01,8.252427184466019916e-02,1.077844311377245540e-01,7.913669064748200810e-02,9.134615384615384082e-02
9.153952843273231721e-02,1.276995305164319305e-01,1.325966850828729227e-01,1.150442477876106179e-01,1.012269938650306733e-01,9.448818897637795144e-02,0.000000000000000000e+00,0.000000000000000000e+00,0.000000000000000000e+00,9.243697478991597105e-02,9.546539379474940079e-02,1.015325670498084254e-01,1.165048543689320426e-01,0.000000000000000000e+00,1.074074074074074098e-01,1.186440677966101725e-01,7.753479125248509407e-02,1.100601891659501314e-01,1.474358974358974395e-01,8.148148148148148806e-02,1.034482758620689641e-01,0.000000000000000000e+00,8.593750000000000000e-02,8.115942028985506651e-02,8.230452674897119347e-02,0.000000000000000000e+00,1.192307692307692374e-01,1.264367816091954144e-01,1.201716738197424889e-01,1.274900398406374480e-01,3.703703703703703498e-02,1.056661562021439515e-01,1.291139240506329056e-01,1.033776867963152463e-01,1.041237113402061903e-01,1.298701298701298579e-01,9.129213483146067509e-02,1.199999999999999956e-01,1.205479452054794565e-01,1.114369501466275642e-01,6.930693069306931298e-02,1.361940298507462732e-01,1.005291005291005235e-01,1.018835616438356212e-01,1.268011527377521652e-01,0.000000000000000000e+00,1.279317697228145034e-01,1.063829787234042562e-01,1.272871917263325436e-01,1.363636363636363535e-01,1.174004192872117464e-01,8.148148148148148806e-02,9.943181818181817677e-02,1.016949152542372947e-01,1.000000000000000056e-01,7.349081364829396223e-02,1.338028169014084390e-01,1.027027027027027084e-01,8.000000000000000167e-02,9.036144578313252962e-02,8.333333333333332871e-02,1.025390625000000000e-01,1.161904761904761912e-01,8.296943231441047950e-02,1.265930331350892113e-01,1.111111111111111049e-01,8.801498127340824651e-02,1.071428571428571369e-01,1.016260162601625994e-01,8.737864077669903196e-02,1.059862610402355215e-01,9.791666666666666574e-02,1.510574018126888129e-01,8.462867012089810015e-02,1.015299026425591084e-01,1.001390820584144581e-01,9.482758620689654694e-02,1.136512083605486639e-01,1.102514506769825958e-01,8.819133034379671165e-02,1.037181996086105618e-01,7.204610951008645625e-02,1.278195488721804440e-01,9.053497942386831698e-02,1.268382352941176405e-01,1.223021582733812979e-01,1.462585034013605401e-01,0.000000000000000000e+00,1.120543293718166411e-01,1.193737769080234767e-01,1.191135734072022168e-01,1.201550387596899278e-01,1.274638633377135344e-01,8.519269776876267630e-02,5.521472392638036852e-02,1.082474226804123751e-01,1.258351893095768503e-01,1.091370558375634459e-01,1.160000000000000059e-01,1.286127167630057855e-01,9.610389610389610815e-02,1.161290322580645212e-01,9.890109890109889668e-02,1.245283018867924529e-01,1.188486536675951721e-01,1.060606060606060635e-01,7.913669064748200810e-02,0.000000000000000000e+00,9.803921568627450844e-02,0.000000000000000000e+00,9.146341463414633943e-02,1.163475699558173815e-01,1.261682242990654068e-01,1.281179138321995592e-01,1.108695652173913027e-01,8.737864077669903196e-02,1.087533156498673714e-01,1.268462206776715950e-01,9.871244635193132666e-02,9.976976208749040176e-02,1.177504393673110689e-01,1.095132743362831895e-01,1.075268817204301092e-01,1.153100775193798416e-01,1.153846153846153910e-01,1.142020497803806767e-01,1.257668711656441674e-01,1.273792093704246009e-01,1.402623612512613471e-01,8.108108108108108558e-02,0.000000000000000000e+00,1.682242990654205517e-01,0.000000000000000000e+00,1.141906873614190743e-01,1.235758106923751098e-01,6.938775510204081565e-02,1.197916666666666713e-01,1.205450733752620601e-01,1.000000000000000056e-01,1.301115241635687758e-01,6.132075471698113234e-02,9.140369967355821412e-02,1.310679611650485410e-01,9.537572254335259514e-02,8.999999999999999667e-02,0.000000000000000000e+00,8.130081300813007950e-02,0.000000000000000000e+00,0.000000000000000000e+00,1.111111111111111049e-01,7.683215130023640649e-02,1.183611532625189616e-01,8.152173913043478382e-02,9.973753280839894875e-02,1.153578874218207095e-01,9.163346613545816921e-02,1.362889983579638753e-01,1.011235955056179747e-01,5.555555555555555247e-02,1.185031185031185097e-01,1.123595505617977497e-01,1.107692307692307726e-01,1.331923890063425042e-01,1.223733003708281780e-01,8.455882352941176960e-02,0.000000000000000000e+00,1.285140562248995866e-01,0.000000000000000000e+00,9.904153354632587447e-02,7.106598984771574090e-02,1.229895931882686866e-01,0.000000000000000000e+00,0.000000000000000000e+00,5.468750000000000000e-02,9.309309309309309055e-02,8.479532163742689588e-02,1.209850107066381131e-01,9.046283309957924013e-02,1.299435028248587531e-01,1.127562642369020485e-01,9.302325581395348708e-02,4.237288135593220151e-02,1.136363636363636326e-01,1.052631578947368363e-01,9.554140127388535686e-02,1.031822565091610466e-01,1.151832460732984259e-01,0.000000000000000000e+00,1.386861313868613110e-01,9.897610921501706627e-02,0.000000000000000000e+00,1.225983531564501378e-01,9.620991253644314845e-02,8.241758241758241621e-02,1.196261682242990704e-01,9.974747474747475140e-02,1.198686371100164266e-01,0.000000000000000000e+00,1.135802469135802489e-01,1.159420289855072478e-01,1.036269430051813406e-01,1.486988847583643192e-01,9.983361064891846381e-02,1.179138321995464866e-01,1.083333333333333370e-01,5.625000000000000139e-02,1.196670135275754443e-01,1.240569991617770373e-01,0.000000000000000000e+00,1.002227171492204860e-01,9.440559440559440074e-02,1.149312377210216091e-01,6.756756756756757132e-02,1.049180327868852458e-01,1.126893939393939365e-01,1.103448275862068950e-01,1.016483516483516480e-01,0.000000000000000000e+00,5.468750000000000000e-02,0.000000000000000000e+00,0.000000000000000000e+00,6.024096385542168641e-02,1.199999999999999956e-01,1.159420289855072478e-01,1.152019002375296863e-01,0.000000000000000000e+00,8.888888888888889228e-02,0.000000000000000000e+00,8.333333333333332871e-02,1.174496644295301984e-01,8.583690987124463490e-02,1.117318435754189876e-01,0.000000000000000000e+00,0.000000000000000000e+00,1.011342155009451738e-01,1.107142857142857095e-01,8.599999999999999312e-02,1.065918653576437558e-01,1.111111111111111049e-01,8.426966292134831227e-02,1.591240875912408870e-01,9.855769230769230449e-02,1.224489795918367319e-01,8.967674661105318190e-02,9.604519774011299749e-02,7.793764988009592443e-02,1.349206349206349131e-01,1.185185185185185230e-01,8.647798742138364247e-02,1.139646869983948624e-01,0.000000000000000000e+00,7.766990291262135249e-02,1.132075471698113234e-01,1.316725978647686757e-01,6.734006734006733885e-02,1.298701298701298579e-01,0.000000000000000000e+00,1.047297297297297286e-01,9.789644012944984097e-02,1.107044830741079622e-01,0.000000000000000000e+00,1.115702479338843006e-01,0.000000000000000000e+00,0.000000000000000000e+00,5.511811023622047168e-02,0.000000000000000000e+00,1.268292682926829285e-01,1.251422070534698450e-01,1.039325842696629254e-01,1.515151515151515194e-01,1.217510259917920640e-01,1.244925575101488435e-01,1.229868228404099595e-01,1.078651685393258453e-01,1.141078838174273830e-01,9.811320754716981729e-02,1.338112305854241291e-01,1.360787824529990919e-01,1.034482758620689641e-01,1.090686274509803932e-01,0.000000000000000000e+00,7.777777777777777901e-02,6.875000000000000555e-02,1.037107516650808692e-01,6.914893617021276861e-02,1.104565537555228238e-01,1.193181818181818232e-01,1.133720930232558072e-01,6.756756756756757132e-02,0.000000000000000000e+00,6.756756756756757132e-02,0.000000000000000000e+00,7.597535934291581305e-02,1.007751937984496110e-01,1.130899376669634859e-01,1.188878235858101678e-01,1.148225469728601233e-01,0.000000000000000000e+00,1.195652173913043514e-01,1.417165668662674627e-01,1.304347826086956486e-01,9.767441860465116144e-02,8.520179372197309031e-02,8.808290155440413882e-02,9.016393442622951115e-02,1.039603960396039556e-01,7.339449541284404077e-02,1.191489361702127714e-01,1.032608695652173919e-01,1.052631578947368363e-01,9.274193548387096864e-02,1.048387096774193589e-01,1.018518518518518462e-01,8.461538461538462008e-02,1.350210970464134907e-01,8.400000000000000522e-02,6.511627906976744096e-02,8.252427184466019916e-02,9.478672985781989857e-02,9.405940594059405968e-02
1.178045515394912923e-01,8.510638297872340219e-02,1.372549019607843257e-01,8.364312267657993127e-02,8.605341246290801327e-02,8.992805755395683054e-02,0.000000000000000000e+00,0.000000000000000000e+00,0.000000000000000000e+00,1.092436974789915971e-01,9.090909090909091161e-02,1.098484848484848481e-01,2.803738317757009310e-02,0.000000000000000000e+00,8.677685950413223381e-02,8.771929824561403022e-02,8.586387434554973441e-02,1.124361158432708729e-01,1.052631578947368363e-01,1.122448979591836732e-01,7.983193277310923763e-02,0.000000000000000000e+00,8.736217133163698412e-02,1.086956521739130405e-01,9.663865546218487756e-02,0.000000000000000000e+00,7.296137339055794313e-02,7.490636704119850442e-02,1.122047244094488139e-01,1.190798376184032531e-01,9.890109890109889668e-02,9.718309859154929120e-02,6.763285024154588876e-02,8.805790108564535978e-02,1.136590229312063743e-01,1.037735849056603821e-01,8.849557522123893682e-02,9.861591695501729926e-02,8.913649025069637910e-02,7.863974495217852800e-02,7.563025210084033112e-02,7.889908256880734383e-02,2.564102564102564014e-02,9.846431797651310214e-02,7.466666666666667285e-02,0.000000000000000000e+00,8.631578947368420685e-02,9.714285714285714191e-02,1.134020618556701027e-01,8.461538461538462008e-02,1.113445378151260573e-01,4.918032786885245811e-02,8.196721311475409222e-02,8.450704225352112520e-02,7.284768211920529535e-02,9.226190476190476719e-02,1.140939597315436260e-01,1.052631578947368363e-01,6.686930091185409875e-02,8.438818565400843519e-02,4.794520547945205213e-02,9.601634320735444317e-02,8.829174664107485027e-02,3.333333333333333287e-02,8.031341821743388787e-02,9.756097560975610095e-02,7.871198568872987689e-02,8.235294117647058709e-02,8.403361344537815802e-02,1.521739130434782705e-01,9.471365638766519879e-02,5.541561712846347632e-02,1.090225563909774376e-01,1.019230769230769218e-01,8.804204993429698423e-02,8.092485549132948097e-02,1.515151515151515194e-01,9.993714644877435549e-02,9.218436873747494487e-02,8.275862068965517127e-02,8.708708708708708113e-02,8.426966292134831227e-02,1.051693404634581053e-01,8.088235294117647467e-02,1.215139442231075728e-01,7.633587786259542207e-02,1.107644305772230858e-01,0.000000000000000000e+00,8.507223113964687555e-02,1.156862745098039269e-01,7.202216066481995083e-02,1.281138790035587227e-01,1.202702702702702769e-01,9.931170108161258003e-02,8.441558441558441594e-02,9.570552147239264063e-02,1.165919282511210797e-01,7.365439093484418831e-02,7.818930041152263866e-02,1.112696148359486464e-01,1.025991792065663460e-01,7.099391480730223025e-02,1.060606060606060635e-01,1.047794117647058848e-01,1.156716417910447769e-01,4.878048780487805047e-02,5.645161290322580488e-02,0.000000000000000000e+00,9.144542772861356805e-02,0.000000000000000000e+00,7.096774193548387177e-02,1.058394160583941562e-01,8.933002481389577809e-02,9.317443120260021638e-02,7.391304347826087306e-02,1.174999999999999933e-01,8.414239482200647213e-02,1.128158844765342894e-01,1.247216035634743925e-01,9.242529534398888358e-02,7.803992740471869805e-02,1.133689839572192548e-01,1.233766233766233761e-01,1.144688644688644646e-01,8.187134502923976154e-02,1.323308270676691600e-01,1.079943899018232789e-01,9.954751131221718785e-02,1.137218045112781961e-01,7.729468599033816056e-02,0.000000000000000000e+00,1.376146788990825764e-01,0.000000000000000000e+00,1.237113402061855716e-01,1.308243727598566442e-01,7.317073170731706877e-02,7.909604519774011966e-02,1.290684624017957305e-01,7.339449541284404077e-02,1.022304832713754608e-01,8.035714285714286309e-02,8.813928182807399814e-02,6.372549019607842702e-02,1.008645533141210443e-01,4.724409448818897572e-02,0.000000000000000000e+00,6.993006993006993521e-02,0.000000000000000000e+00,0.000000000000000000e+00,1.164596273291925443e-01,8.476517754868270749e-02,7.641196013289036637e-02,1.333333333333333315e-01,9.540636042402826644e-02,1.089248067463106096e-01,6.884057971014492794e-02,1.256732495511669601e-01,6.666666666666666574e-02,6.976744186046511531e-02,6.526315789473684237e-02,1.039156626506024111e-01,9.060402684563757802e-02,9.670329670329670668e-02,1.020910209102091071e-01,4.382470119521912622e-02,0.000000000000000000e+00,1.196581196581196632e-01,0.000000000000000000e+00,5.925925925925926152e-02,8.962264150943395624e-02,1.026422764227642309e-01,0.000000000000000000e+00,0.000000000000000000e+00,1.354166666666666574e-01,6.034482758620689918e-02,1.120000000000000023e-01,1.172332942555685820e-01,1.031455742501828782e-01,8.088235294117647467e-02,9.747706422018348471e-02,6.451612903225806273e-02,3.809523809523809867e-02,1.175726927939317323e-01,4.000000000000000083e-02,5.232558139534883995e-02,7.525773195876288291e-02,8.888888888888889228e-02,0.000000000000000000e+00,1.020408163265306145e-01,5.747126436781609116e-02,0.000000000000000000e+00,1.108786610878661066e-01,8.307210031347962709e-02,1.091954022988505801e-01,8.754863813229571412e-02,9.305555555555555802e-02,8.795411089866156384e-02,0.000000000000000000e+00,7.537688442211054607e-02,9.495548961424332690e-02,9.415584415584415945e-02,6.940063091482649715e-02,8.682634730538922596e-02,1.385390428211586977e-01,8.064516129032257841e-02,6.870229007633588125e-02,1.124744376278118546e-01,8.649093904448106052e-02,0.000000000000000000e+00,7.092198581560284210e-02,9.602649006622517025e-02,1.051051051051051094e-01,8.000000000000000167e-02,9.348441926345608943e-02,1.261633919338159271e-01,1.319444444444444475e-01,9.037900874635568238e-02,0.000000000000000000e+00,5.714285714285714107e-02,0.000000000000000000e+00,0.000000000000000000e+00,6.122448979591836593e-02,1.329787234042553168e-01,8.441558441558441594e-02,1.028037383177570069e-01,0.000000000000000000e+00,9.375000000000000000e-02,0.000000000000000000e+00,1.073825503355704675e-01,8.125000000000000278e-02,9.292035398230089061e-02,7.947019867549669214e-02,0.000000000000000000e+00,0.000000000000000000e+00,7.585568917668825129e-02,9.509202453987730674e-02,8.714918759231905787e-02,9.763779527559054983e-02,9.278350515463917869e-02,7.605633802816900990e-02,1.281708945260347232e-01,1.040118870728083261e-01,1.029551954242135386e-01,8.703878902554398889e-02,6.936416184971097576e-02,7.737226277372262484e-02,1.120331950207468924e-01,1.123287671232876678e-01,7.108626198083066450e-02,1.100628930817610096e-01,0.000000000000000000e+00,1.404958677685950452e-01,5.283018867924528517e-02,1.144927536231884063e-01,8.904109589041095396e-02,1.077844311377245540e-01,0.000000000000000000e+00,1.098591549295774711e-01,9.536082474226803551e-02,1.058150619637750200e-01,0.000000000000000000e+00,9.854014598540146441e-02,0.000000000000000000e+00,0.000000000000000000e+00,8.888888888888889228e-02,0.000000000000000000e+00,5.882352941176470507e-02,1.020408163265306145e-01,1.005586592178770999e-01,8.883826879271070065e-02,8.888888888888889228e-02,1.379746835443038111e-01,1.007299270072992692e-01,1.018633540372670815e-01,1.090487238979118284e-01,6.355932203389830226e-02,9.964830011723328773e-02,1.036970243462578961e-01,1.004366812227074218e-01,1.034031413612565425e-01,0.000000000000000000e+00,1.192660550458715663e-01,6.470588235294118251e-02,9.783631232361242325e-02,7.435897435897435848e-02,1.213960546282245867e-01,7.142857142857142461e-02,9.310344827586207461e-02,6.382978723404254817e-02,0.000000000000000000e+00,5.882352941176470507e-02,0.000000000000000000e+00,8.860759493670886111e-02,1.059602649006622516e-01,1.000000000000000056e-01,1.125827814569536484e-01,1.309941520467836351e-01,0.000000000000000000e+00,1.079545454545454558e-01,1.145194274028629861e-01,7.978723404255319562e-02,9.633027522935780351e-02,8.474576271186440302e-02,6.730769230769230449e-02,1.176470588235294101e-01,1.170212765957446832e-01,9.952606635071090113e-02,1.050228310502283047e-01,5.577689243027888349e-02,1.304347826086956486e-01,6.965174129353234045e-02,9.821428571428571230e-02,1.170731707317073239e-01,1.194690265486725717e-01,9.448818897637795144e-02,1.000000000000000056e-01,9.502262443438913575e-02,9.134615384615384082e-02,1.111111111111111049e-01,9.756097560975610095e-02
9.470752089136490193e-02,8.837209302325581273e-02,1.261682242990654068e-01,7.505070993914807198e-02,6.321839080459770721e-02,6.551724137931035086e-02,0.000000000000000000e+00,0.000000000000000000e+00,0.000000000000000000e+00,4.672897196261682068e-02,7.584269662921348798e-02,1.007905138339920958e-01,1.089108910891089105e-01,0.000000000000000000e+00,1.015037593984962350e-01,1.250000000000000000e-01,6.673306772908366158e-02,1.017274472168906013e-01,7.246376811594203160e-02,6.862745098039216285e-02,8.071748878923766524e-02,0.000000000000000000e+00,9.410548086866597772e-02,7.792207792207792028e-02,5.161290322580645157e-02,0.000000000000000000e+00,1.043478260869565161e-01,8.394160583941605303e-02,9.651162790697674632e-02,1.236559139784946248e-01,9.638554216867470381e-02,9.784411276948590253e-02,9.230769230769231282e-02,8.027522935779816959e-02,1.058823529411764691e-01,1.143617021276595730e-01,9.065550906555090716e-02,8.265802269043760753e-02,8.781869688385268713e-02,1.147227533460803001e-01,2.173913043478260809e-02,1.346534653465346620e-01,8.074534161490683204e-02,9.278350515463917869e-02,1.060948081264108389e-01,0.000000000000000000e+00,1.141552511415525051e-01,6.410256410256409687e-02,9.937888198757763303e-02,5.128205128205128027e-02,8.622754491017964318e-02,3.968253968253968034e-02,7.878787878787878174e-02,7.377049180327868716e-02,6.818181818181817677e-02,7.888040712468193105e-02,6.666666666666666574e-02,1.291866028708134051e-01,9.415584415584415945e-02,9.737827715355805436e-02,4.807692307692307959e-02,8.126410835214446793e-02,8.970099667774086849e-02,8.888888888888889228e-02,1.067880794701986796e-01,8.999999999999999667e-02,6.493506493506492894e-02,1.054054054054054113e-01,7.943925233644859307e-02,8.992805755395683054e-02,7.805907172995781018e-02,5.945945945945946276e-02,1.166837256908904857e-01,9.482758620689654694e-02,8.091603053435114656e-02,7.336956521739131099e-02,1.067961165048543631e-01,9.454061251664447330e-02,8.783783783783784271e-02,9.782608695652174335e-02,7.119741100323624672e-02,8.238636363636363258e-02,8.363636363636363369e-02,9.426229508196720674e-02,1.044045676998368727e-01,7.307692307692308098e-02,1.044117647058823567e-01,0.000000000000000000e+00,1.104651162790697694e-01,1.202531645569620278e-01,8.814589665653495276e-02,1.158798283261802536e-01,1.095700416088765672e-01,9.003215434083601532e-02,7.258064516129032751e-02,7.594936708860759722e-02,9.809264305177112231e-02,9.944751381215469199e-02,5.485232067510548842e-02,1.103253182461103321e-01,9.308176100628930139e-02,8.200000000000000344e-02,8.994708994708994210e-02,9.134615384615384082e-02,8.472906403940887177e-02,1.011235955056179747e-01,4.615384615384615641e-02,0.000000000000000000e+00,8.022922636103152483e-02,0.000000000000000000e+00,6.211180124223602411e-02,1.007575757575757541e-01,7.466666666666667285e-02,9.090909090909091161e-02,7.462686567164178442e-02,8.653846153846153633e-02,7.948717948717948234e-02,1.067307692307692263e-01,9.397590361445783136e-02,1.064996084573218427e-01,9.387755102040816479e-02,7.738095238095238360e-02,6.451612903225806273e-02,1.158878504672897214e-01,1.726618705035971313e-01,1.239193083573486981e-01,1.067961165048543631e-01,9.133126934984520107e-02,1.132623426911907039e-01,9.743589743589743668e-02,0.000000000000000000e+00,9.459459459459459985e-02,0.000000000000000000e+00,1.129234629861982503e-01,1.203791469194312735e-01,7.488986784140969077e-02,9.340659340659340781e-02,1.146993318485523411e-01,7.784431137724551197e-02,8.658743633276740070e-02,7.655502392344497309e-02,8.733624454148471161e-02,3.664921465968586090e-02,9.523809523809523281e-02,7.913669064748200810e-02,0.000000000000000000e+00,7.031250000000000000e-02,0.000000000000000000e+00,0.000000000000000000e+00,1.172741679873217091e-01,7.976878612716763184e-02,1.068814055636896077e-01,1.134751773049645363e-01,9.826589595375723185e-02,8.780108780108780708e-02,7.894736842105262720e-02,8.849557522123893682e-02,1.010101010101010083e-01,7.971014492753622505e-02,5.742574257425742817e-02,1.111111111111111049e-01,8.098591549295774961e-02,1.030927835051546337e-01,1.108312342569269526e-01,8.015267175572518554e-02,0.000000000000000000e+00,1.296296296296296224e-01,0.000000000000000000e+00,8.238636363636363258e-02,7.831325301204819511e-02,1.093585699263932703e-01,0.000000000000000000e+00,0.000000000000000000e+00,9.345794392523364136e-02,1.052631578947368363e-01,1.081081081081081141e-01,1.001137656427758815e-01,9.134615384615384082e-02,9.248554913294797231e-02,1.021087680355160926e-01,8.510638297872340219e-02,8.000000000000000167e-02,1.086691086691086716e-01,6.250000000000000000e-02,5.600000000000000117e-02,8.615682478218780749e-02,7.734806629834253822e-02,0.000000000000000000e+00,1.007751937984496110e-01,8.469055374592833474e-02,0.000000000000000000e+00,1.189024390243902385e-01,1.012838801711840181e-01,6.707317073170732113e-02,5.984555984555984393e-02,7.879656160458452241e-02,7.640067911714770732e-02,0.000000000000000000e+00,7.469879518072289337e-02,7.142857142857142461e-02,8.609271523178807506e-02,7.507507507507507616e-02,8.774834437086093120e-02,6.965174129353234045e-02,8.888888888888889228e-02,6.060606060606060774e-02,9.241245136186770903e-02,1.038626609442060145e-01,0.000000000000000000e+00,9.414225941422593724e-02,1.127819548872180389e-01,9.869083585095669853e-02,7.575757575757575968e-02,8.902077151335312244e-02,1.040816326530612235e-01,1.076923076923076983e-01,8.386075949367088889e-02,0.000000000000000000e+00,8.823529411764706454e-02,0.000000000000000000e+00,0.000000000000000000e+00,5.405405405405405705e-02,1.063829787234042562e-01,9.696969696969696961e-02,9.386281588447653590e-02,0.000000000000000000e+00,7.117437722419929502e-02,0.000000000000000000e+00,7.084785133565621451e-02,7.590759075907591025e-02,5.533596837944664004e-02,6.770833333333332871e-02,0.000000000000000000e+00,0.000000000000000000e+00,9.610154125113327950e-02,7.865168539325842478e-02,8.536585365853659180e-02,9.168081494057725433e-02,7.794232268121589757e-02,8.967391304347825665e-02,1.008522727272727210e-01,7.476635514018691031e-02,1.133720930232558072e-01,7.492195629552549085e-02,4.081632653061224164e-02,8.333333333333332871e-02,1.174496644295301984e-01,8.549222797927460982e-02,9.066901408450704636e-02,9.650582362728785113e-02,0.000000000000000000e+00,6.569343065693430961e-02,7.420494699646643100e-02,1.109350237717908055e-01,1.091549295774647821e-01,6.666666666666666574e-02,0.000000000000000000e+00,7.763975155279502494e-02,7.616487455197132328e-02,1.038353601496725953e-01,0.000000000000000000e+00,8.936170212765957854e-02,0.000000000000000000e+00,0.000000000000000000e+00,1.034482758620689641e-01,0.000000000000000000e+00,1.250000000000000000e-01,8.630136986301370494e-02,1.087613293051359481e-01,1.047227926078028726e-01,9.423347398030942901e-02,1.361760660247592902e-01,1.074918566775244361e-01,1.006369426751592411e-01,1.025056947608200403e-01,6.302521008403361158e-02,1.145975443383356052e-01,9.709709709709710146e-02,1.016713091922005624e-01,1.063218390804597652e-01,0.000000000000000000e+00,8.771929824561403022e-02,6.428571428571427937e-02,8.876811594202899114e-02,7.803468208092485814e-02,1.163141993957703957e-01,9.117647058823528938e-02,8.626198083067092293e-02,5.633802816901408578e-02,0.000000000000000000e+00,1.272727272727272596e-01,0.000000000000000000e+00,8.189655172413792816e-02,1.111111111111111049e-01,1.137675185490519408e-01,7.933194154488518168e-02,9.799789251844046034e-02,0.000000000000000000e+00,5.999999999999999778e-02,7.838983050847457557e-02,6.010928961748633614e-02,9.444444444444444198e-02,6.951871657754010725e-02,1.091703056768558999e-01,8.290155440414508081e-02,8.947368421052631637e-02,7.755102040816326536e-02,8.482142857142857539e-02,1.111111111111111049e-01,9.090909090909091161e-02,7.511737089201878104e-02,4.761904761904761640e-02,7.657657657657657158e-02,6.701030927835051332e-02,5.531914893617020934e-02,9.595959595959595301e-02,7.929515418502203206e-02,8.755760368663594029e-02,1.262626262626262708e-01,8.333333333333332871e-02
9.407216494845360710e-02,9.925093632958802148e-02,9.433962264150944077e-02,7.692307692307692735e-02,1.031249999999999944e-01,9.420289855072463969e-02,0.000000000000000000e+00,0.000000000000000000e+00,0.000000000000000000e+00,3.809523809523809867e-02,7.004830917874396712e-02,1.134020618556701027e-01,5.555555555555555247e-02,0.000000000000000000e+00,1.102941176470588203e-01,8.860759493670886111e-02,9.062499999999999722e-02,9.680065627563576303e-02,1.296296296296296224e-01,1.096774193548387122e-01,7.983193277310923763e-02,0.000000000000000000e+00,7.959743824336687479e-02,7.583417593528817002e-02,4.918032786885245811e-02,0.000000000000000000e+00,1.081081081081081141e-01,7.086614173228346358e-02,9.047160731472569939e-02,1.089670828603859221e-01,9.411764705882352811e-02,8.612440191387560340e-02,7.387862796833773171e-02,8.583690987124463490e-02,1.094736842105263203e-01,1.103368176538908202e-01,9.155937052932761056e-02,1.000000000000000056e-01,1.141552511415525051e-01,9.539121114683815628e-02,8.620689655172414367e-02,9.650924024640657184e-02,9.289617486338798413e-02,8.369659982563208700e-02,7.000000000000000666e-02,0.000000000000000000e+00,1.212121212121212155e-01,6.766917293233082331e-02,9.154929577464789026e-02,5.504587155963303058e-02,1.085011185682326629e-01,7.092198581560284210e-02,8.719346049046321212e-02,8.490566037735848559e-02,5.319148936170212810e-02,8.291457286432160623e-02,7.563025210084033112e-02,1.515151515151515194e-01,1.103448275862068950e-01,1.047227926078028726e-01,1.000000000000000056e-01,8.032955715756952275e-02,8.126195028680688326e-02,4.977375565610859393e-02,1.033022861981371665e-01,9.223300970873786475e-02,8.237547892720306630e-02,8.845208845208844817e-02,8.558558558558558571e-02,9.655172413793103314e-02,8.498023715415019275e-02,8.955223880597014408e-02,1.081081081081081141e-01,1.033333333333333326e-01,7.916666666666666297e-02,8.969696969696969169e-02,8.256880733944954587e-02,9.892328398384926669e-02,8.712121212121212710e-02,1.040312093628088380e-01,8.190819081908190524e-02,8.554572271386430560e-02,9.437386569872958930e-02,8.962264150943395624e-02,1.141804788213627991e-01,6.382978723404254817e-02,9.596662030598053506e-02,0.000000000000000000e+00,9.935897435897435293e-02,1.123809523809523869e-01,1.253731343283581989e-01,1.056603773584905703e-01,1.035353535353535359e-01,9.636184857423794881e-02,7.499999999999999722e-02,8.672798948751642145e-02,1.229611041405269806e-01,8.888888888888889228e-02,1.004016064257028107e-01,8.955223880597014408e-02,9.067017082785808202e-02,8.317214700193423238e-02,9.345794392523364136e-02,1.020812685827552080e-01,1.114313160422670534e-01,6.172839506172839164e-02,8.208955223880597118e-02,0.000000000000000000e+00,9.792284866468842219e-02,0.000000000000000000e+00,8.965517241379310220e-02,1.108695652173913027e-01,9.605911330049260455e-02,1.096911608093716767e-01,6.498951781970649377e-02,8.542713567839195499e-02,8.933717579250720353e-02,1.055408970976253330e-01,1.088435374149659823e-01,1.070381231671554273e-01,6.932409012131715564e-02,9.941520467836256758e-02,7.558139534883720478e-02,1.232423490488006590e-01,1.036585365853658486e-01,1.253369272237196685e-01,8.482142857142857539e-02,1.166448230668414160e-01,1.033464566929133827e-01,8.144796380090497945e-02,0.000000000000000000e+00,7.476635514018691031e-02,0.000000000000000000e+00,1.124454148471615705e-01,1.181581233709817491e-01,1.000000000000000056e-01,6.584362139917696033e-02,1.153017241379310359e-01,6.857142857142857484e-02,1.111111111111111049e-01,9.302325581395348708e-02,7.983623336745138133e-02,8.571428571428571508e-02,9.269662921348315043e-02,7.758620689655172653e-02,0.000000000000000000e+00,9.352517985611510931e-02,0.000000000000000000e+00,0.000000000000000000e+00,1.016200294550810013e-01,7.755946225439504238e-02,1.077654516640253607e-01,1.027397260273972546e-01,1.024096385542168641e-01,1.085164835164835195e-01,8.040201005025125747e-02,9.649122807017543324e-02,8.333333333333332871e-02,4.444444444444444614e-02,6.485355648535565121e-02,1.050156739811912293e-01,9.454545454545454364e-02,1.088435374149659823e-01,9.788654060066741269e-02,7.171314741035857143e-02,0.000000000000000000e+00,9.157509157509156894e-02,0.000000000000000000e+00,7.309941520467835852e-02,8.974358974358974395e-02,1.041069723018147042e-01,0.000000000000000000e+00,0.000000000000000000e+00,1.034482758620689641e-01,9.352517985611510931e-02,1.062176165803108835e-01,1.006864988558352353e-01,8.773181169757489350e-02,9.202453987730060958e-02,8.886509635974304544e-02,6.060606060606060774e-02,6.896551724137930939e-02,9.658421672555948800e-02,1.348314606741572996e-01,5.769230769230769551e-02,1.005338078291814902e-01,7.425742574257425399e-02,0.000000000000000000e+00,5.504587155963303058e-02,7.191780821917807820e-02,0.000000000000000000e+00,9.046214355948868635e-02,7.573415765069552164e-02,4.575163398692810163e-02,1.074380165289256228e-01,7.275132275132274728e-02,8.422939068100358806e-02,0.000000000000000000e+00,8.333333333333332871e-02,6.840390879478827624e-02,1.008902077151335314e-01,1.060171919770773602e-01,7.936507936507936067e-02,1.484184914841849279e-01,6.557377049180328210e-02,5.000000000000000278e-02,1.301301301301301394e-01,9.949409780775717027e-02,0.000000000000000000e+00,1.047120418848167533e-01,9.152542372881355970e-02,1.109090909090909155e-01,6.508875739644970349e-02,6.666666666666666574e-02,1.219281663516068037e-01,1.045751633986928136e-01,7.407407407407406996e-02,0.000000000000000000e+00,1.057692307692307682e-01,0.000000000000000000e+00,0.000000000000000000e+00,7.142857142857142461e-02,7.474226804123711154e-02,1.073446327683615781e-01,9.730363423212191887e-02,0.000000000000000000e+00,7.920792079207920888e-02,0.000000000000000000e+00,7.991360691144708261e-02,9.493670886075949999e-02,8.510638297872340219e-02,7.264957264957265515e-02,0.000000000000000000e+00,0.000000000000000000e+00,8.767123287671232945e-02,6.024096385542168641e-02,8.171466845277963742e-02,8.925869894099848489e-02,9.164818920916481537e-02,7.499999999999999722e-02,1.349431818181818232e-01,9.009679821295607516e-02,1.295585412667946135e-01,8.854667949951876282e-02,3.508771929824561209e-02,9.735744089012517144e-02,7.482993197278911546e-02,1.088607594936708833e-01,8.951798010711553566e-02,1.147540983606557402e-01,0.000000000000000000e+00,9.589041095890410427e-02,1.071428571428571369e-01,8.965517241379310220e-02,4.980842911877394336e-02,9.090909090909091161e-02,0.000000000000000000e+00,8.917197452229298771e-02,7.665805340223945386e-02,1.042893187552565160e-01,0.000000000000000000e+00,1.367924528301886766e-01,0.000000000000000000e+00,0.000000000000000000e+00,8.064516129032257841e-02,0.000000000000000000e+00,5.405405405405405705e-02,1.083627797408716203e-01,9.329446064139941541e-02,1.038461538461538519e-01,1.023316062176165830e-01,9.257003654080389610e-02,1.007407407407407418e-01,8.323281061519903490e-02,1.132478632478632480e-01,8.085106382978723971e-02,1.075740944017563178e-01,1.153238546603475578e-01,8.073654390934843772e-02,9.363745498199280148e-02,0.000000000000000000e+00,8.653846153846153633e-02,8.284023668639053928e-02,8.184143222506394533e-02,8.285714285714285143e-02,9.497206703910614223e-02,7.430340557275541546e-02,7.861635220125785806e-02,5.555555555555555247e-02,0.000000000000000000e+00,0.000000000000000000e+00,0.000000000000000000e+00,8.349900596421470922e-02,5.921052631578947040e-02,1.169686985172981863e-01,9.793351302785265056e-02,1.244323342415985523e-01,0.000000000000000000e+00,6.666666666666666574e-02,6.828193832599119273e-02,9.523809523809523281e-02,6.358381502890173009e-02,7.623318385650224016e-02,1.173708920187793436e-01,4.918032786885245811e-02,1.076923076923076983e-01,8.520179372197309031e-02,8.547008547008547175e-02,9.243697478991597105e-02,1.037344398340249024e-01,8.550185873605947728e-02,8.433734939759035543e-02,8.984375000000000000e-02,8.717948717948717507e-02,9.923664122137404453e-02,1.084905660377358527e-01,5.612244897959183659e-02,6.278026905829596493e-02,7.490636704119850442e-02,6.177606177606177751e-02
1.013157894736842063e-01,1.004255319148936176e-01,1.008771929824561348e-01,9.765625000000000000e-02,9.509202453987730674e-02,1.194029850746268634e-01,0.000000000000000000e+00,0.000000000000000000e+00,0.000000000000000000e+00,7.766990291262135249e-02,1.068493150684931559e-01,1.181988742964352745e-01,5.303030303030303177e-02,0.000000000000000000e+00,9.765625000000000000e-02,1.475409836065573743e-01,7.084188911704311642e-02,1.063244729605866135e-01,1.192052980132450313e-01,1.031746031746031689e-01,7.089552238805969797e-02,0.000000000000000000e+00,8.651162790697673743e-02,7.775590551181102428e-02,1.013215859030836968e-01,0.000000000000000000e+00,6.271777003484320379e-02,5.725190839694656308e-02,8.556701030927835183e-02,1.084337349397590383e-01,9.876543209876542662e-02,1.136000000000000065e-01,6.835443037974683889e-02,9.388185654008439351e-02,1.086519114688128812e-01,1.254237288135593154e-01,9.538002980625931437e-02,9.135399673735726533e-02,1.055155875299760154e-01,8.913043478260869457e-02,4.629629629629629373e-02,1.295454545454545470e-01,5.978260869565217572e-02,9.090909090909091161e-02,8.593750000000000000e-02,0.000000000000000000e+00,1.388888888888888951e-01,9.493670886075949999e-02,9.961089494163424818e-02,9.090909090909091161e-02,9.204545454545454142e-02,9.565217391304348116e-02,5.940594059405940319e-02,7.623318385650224016e-02,2.439024390243902524e-02,9.668508287292817971e-02,1.428571428571428492e-01,9.478672985781989857e-02,1.147058823529411714e-01,1.201478743068391808e-01,7.407407407407406996e-02,1.116700201207243420e-01,9.579667644183773034e-02,6.707317073170732113e-02,1.053082191780821963e-01,9.876543209876542662e-02,9.933774834437085477e-02,1.018276762402088725e-01,9.130434782608695676e-02,1.123595505617977497e-01,8.231707317073171104e-02,8.144796380090497945e-02,1.152115211521152066e-01,8.442776735459661674e-02,9.206798866855524233e-02,9.610027855153203957e-02,9.278350515463917869e-02,9.912170639899624269e-02,9.381663113006397103e-02,7.816711590296496204e-02,8.466603951081844159e-02,9.646302250803857892e-02,8.678500986193293798e-02,7.924528301886792081e-02,1.227436823104693098e-01,1.102661596958174894e-01,1.125175808720112469e-01,0.000000000000000000e+00,1.017612524461839474e-01,1.037735849056603821e-01,1.111111111111111049e-01,1.313868613138686192e-01,1.148255813953488330e-01,7.340425531914893109e-02,4.093567251461988077e-02,9.912170639899624269e-02,1.262798634812286602e-01,7.107843137254901689e-02,8.778625954198472636e-02,1.164483260553129534e-01,7.591623036649214340e-02,9.124767225325884634e-02,8.997429305912596487e-02,1.079489695780176672e-01,1.269265639165911286e-01,5.434782608695652023e-02,8.571428571428571508e-02,0.000000000000000000e+00,7.843137254901960675e-02,0.000000000000000000e+00,6.622516556291391243e-02,1.085876508161816856e-01,1.007194244604316530e-01,1.186046511627907030e-01,7.494145199063231844e-02,1.280788177339901579e-01,8.682634730538922596e-02,9.657947686116699626e-02,9.736308316430020149e-02,1.012838801711840181e-01,8.571428571428571508e-02,1.011363636363636354e-01,3.546099290780142105e-02,1.045296167247386776e-01,7.792207792207792028e-02,1.104477611940298531e-01,1.044303797468354444e-01,1.012145748987854227e-01,1.102362204724409434e-01,9.039548022598870025e-02,0.000000000000000000e+00,1.005025125628140753e-01,0.000000000000000000e+00,1.107184923439340357e-01,1.088435374149659823e-01,1.235955056179775247e-01,8.646616541353382979e-02,1.487068965517241437e-01,9.202453987730060958e-02,9.895833333333332871e-02,9.589041095890410427e-02,7.000000000000000666e-02,1.037735849056603821e-01,8.059701492537313383e-02,9.174311926605505096e-02,0.000000000000000000e+00,5.844155844155844021e-02,0.000000000000000000e+00,0.000000000000000000e+00,1.077389984825493224e-01,7.752698724239449890e-02,1.041369472182596262e-01,1.093750000000000000e-01,1.127596439169139403e-01,9.984984984984984768e-02,7.878787878787878174e-02,8.938547486033519840e-02,5.847953216374268681e-02,7.692307692307692735e-02,1.018518518518518462e-01,1.192810457516339934e-01,7.117437722419929502e-02,9.954751131221718785e-02,1.035322777101096159e-01,8.487084870848708718e-02,0.000000000000000000e+00,1.259259259259259134e-01,0.000000000000000000e+00,9.166666666666666019e-02,1.049723756906077304e-01,1.322645290581162258e-01,0.000000000000000000e+00,0.000000000000000000e+00,9.774436090225563367e-02,9.271523178807947185e-02,1.046511627906976799e-01,1.106427818756585829e-01,8.379888268156424069e-02,1.022727272727272790e-01,1.222606689734717367e-01,5.050505050505050414e-02,1.171171171171171144e-01,1.149289099526066282e-01,7.377049180327868716e-02,1.017964071856287400e-01,8.613861386138613185e-02,6.134969325153374203e-02,0.000000000000000000e+00,9.629629629629629650e-02,1.000000000000000056e-01,0.000000000000000000e+00,1.194312796208530786e-01,8.510638297872340219e-02,5.945945945945946276e-02,1.118421052631578955e-01,1.062670299727520445e-01,6.921675774134790349e-02,0.000000000000000000e+00,9.090909090909091161e-02,9.215017064846416084e-02,8.130081300813007950e-02,1.114864864864864857e-01,8.595041322314049548e-02,9.779951100244499429e-02,5.952380952380952051e-02,4.651162790697674354e-02,1.112398609501738106e-01,8.733974358974358476e-02,0.000000000000000000e+00,8.684210526315790102e-02,7.722007722007721842e-02,1.316831683168316891e-01,7.453416149068323171e-02,9.037900874635568238e-02,1.092353525322740798e-01,1.111111111111111049e-01,8.792846497764530977e-02,0.000000000000000000e+00,6.194690265486725578e-02,0.000000000000000000e+00,0.000000000000000000e+00,9.375000000000000000e-02,9.297052154195011020e-02,1.021897810218978103e-01,1.111111111111111049e-01,0.000000000000000000e+00,7.342657342657342434e-02,0.000000000000000000e+00,1.056563500533617972e-01,8.445945945945945721e-02,6.437768240343347270e-02,7.174887892376681509e-02,0.000000000000000000e+00,0.000000000000000000e+00,8.768656716417910779e-02,1.185897435897435848e-01,8.458390177353342088e-02,9.427609427609427717e-02,8.721804511278195837e-02,9.158415841584158223e-02,1.349206349206349131e-01,7.834877843302442968e-02,1.079274116523400162e-01,1.010000000000000064e-01,9.523809523809523281e-02,6.575342465753424015e-02,1.209677419354838745e-01,9.397590361445783136e-02,8.171521035598705573e-02,8.634222919937205309e-02,0.000000000000000000e+00,1.689189189189189144e-01,7.575757575757575968e-02,1.047745358090185624e-01,1.105769230769230727e-01,7.262569832402235304e-02,0.000000000000000000e+00,7.076923076923076483e-02,9.812286689419795482e-02,1.223999999999999949e-01,0.000000000000000000e+00,1.234042553191489339e-01,0.000000000000000000e+00,0.000000000000000000e+00,1.076923076923076983e-01,0.000000000000000000e+00,6.355932203389830226e-02,7.682119205298013065e-02,9.322033898305084887e-02,1.083844580777096056e-01,8.004926108374384175e-02,1.193029490616621946e-01,1.069100391134289452e-01,9.848484848484848064e-02,1.214128035320088256e-01,5.704697986577181301e-02,1.122320302648171508e-01,1.094890510948905160e-01,1.121495327102803724e-01,1.177170035671819270e-01,0.000000000000000000e+00,1.188118811881188064e-01,6.918238993710691676e-02,1.037735849056603821e-01,7.277628032345014042e-02,1.143911439114391193e-01,7.961783439490445480e-02,6.285714285714286143e-02,7.920792079207920888e-02,0.000000000000000000e+00,7.216494845360824084e-02,0.000000000000000000e+00,9.041591320072332738e-02,1.056338028169014065e-01,9.624796084828711462e-02,1.085714285714285687e-01,1.226215644820295991e-01,0.000000000000000000e+00,7.432432432432432845e-02,1.071428571428571369e-01,4.651162790697674354e-02,1.104972375690607689e-01,1.126760563380281716e-01,9.166666666666666019e-02,9.500000000000000111e-02,6.310679611650485410e-02,1.090909090909090856e-01,1.004016064257028107e-01,7.142857142857142461e-02,6.912442396313364656e-02,6.722689075630251809e-02,7.522123893805310324e-02,1.152073732718894017e-01,1.028037383177570069e-01,1.258503401360544227e-01,9.876543209876542662e-02,6.857142857142857484e-02,9.444444444444444198e-02,7.881773399014778414e-02,5.668016194331983865e-02
9.672830725462304435e-02,1.121593291404612142e-01,1.257142857142857229e-01,9.188034188034188698e-02,9.198813056379821773e-02,8.710801393728223596e-02,0.000000000000000000e+00,0.000000000000000000e+00,0.000000000000000000e+00,1.010101010101010083e-01,1.000000000000000056e-01,1.064638783269961919e-01,1.038961038961039030e-01,0.000000000000000000e+00,1.397058823529411797e-01,1.101321585903083655e-01,1.058823529411764691e-01,1.127241673783091341e-01,8.000000000000000167e-02,6.862745098039216285e-02,9.543568464730289858e-02,0.000000000000000000e+00,9.867172675521822256e-02,1.108808290155440385e-01,8.287292817679557666e-02,0.000000000000000000e+00,5.676855895196506602e-02,1.081081081081081141e-01,8.004509582863585104e-02,1.240310077519379828e-01,5.376344086021505458e-02,9.105431309904153669e-02,1.066997518610421775e-01,8.295964125560538471e-02,1.043478260869565161e-01,9.924487594390507539e-02,9.233176838810641662e-02,8.389261744966443335e-02,6.340057636887608261e-02,1.050420168067226906e-01,5.494505494505494414e-02,7.185628742514969802e-02,8.633093525179856564e-02,9.137489325362938009e-02,1.100000000000000006e-01,0.000000000000000000e+00,1.152125279642058214e-01,9.154929577464789026e-02,9.357652656621728848e-02,3.603603603603603572e-02,1.223814773980154286e-01,8.333333333333332871e-02,9.677419354838709409e-02,9.606986899563318971e-02,1.020408163265306145e-01,8.174386920980926396e-02,1.242236024844720482e-01,1.152073732718894017e-01,8.985507246376811530e-02,1.158129175946547851e-01,6.870229007633588125e-02,8.528784648187633100e-02,1.105860113421550106e-01,7.731958762886598224e-02,1.119766309639727425e-01,1.147540983606557402e-01,9.730848861283643292e-02,7.547169811320754429e-02,4.186046511627906919e-02,7.906976744186046402e-02,9.018036072144289261e-02,6.621004566210045295e-02,1.100000000000000006e-01,9.248554913294797231e-02,9.624796084828711462e-02,6.666666666666666574e-02,9.909909909909909997e-02,9.320905459387483771e-02,8.801498127340824651e-02,8.811188811188810921e-02,1.002979145978152992e-01,6.470588235294118251e-02,1.088560885608856055e-01,8.778625954198472636e-02,1.338582677165354451e-01,8.764940239043825243e-02,1.053540587219343738e-01,0.000000000000000000e+00,1.136363636363636326e-01,9.090909090909091161e-02,9.779179810725552313e-02,1.090225563909774376e-01,1.284403669724770714e-01,1.031286210892236321e-01,1.025641025641025605e-01,1.190781049935979580e-01,1.320049813200498134e-01,5.626598465473145461e-02,9.965635738831615797e-02,1.342857142857142860e-01,9.756097560975610095e-02,5.988023952095808400e-02,1.073298429319371750e-01,1.052631578947368363e-01,1.136600625651720542e-01,6.060606060606060774e-02,7.746478873239436014e-02,0.000000000000000000e+00,1.023391812865497019e-01,0.000000000000000000e+00,4.374999999999999722e-02,1.112865035516969192e-01,6.843267108167770674e-02,7.641921397379912440e-02,9.318181818181818510e-02,1.077348066298342566e-01,7.902735562310030104e-02,1.110065851364063910e-01,1.272727272727272596e-01,1.059701492537313411e-01,9.003831417624520717e-02,9.733487833140208600e-02,5.325443786982248656e-02,1.162162162162162227e-01,1.205673758865248163e-01,1.134969325153374203e-01,1.205357142857142877e-01,1.012658227848101250e-01,1.068416119962511679e-01,1.216216216216216284e-01,0.000000000000000000e+00,1.269841269841269771e-01,0.000000000000000000e+00,1.247086247086247046e-01,1.196078431372549072e-01,1.000000000000000056e-01,9.424083769633508079e-02,1.248568155784650635e-01,6.164383561643835274e-02,1.132743362831858391e-01,8.675799086757990386e-02,8.723404255319149037e-02,8.695652173913043237e-02,7.894736842105262720e-02,8.264462809917355601e-02,0.000000000000000000e+00,1.027397260273972546e-01,0.000000000000000000e+00,0.000000000000000000e+00,1.197183098591549227e-01,8.891752577319587958e-02,1.099071207430340619e-01,1.111111111111111049e-01,8.282208588957054585e-02,9.311127933383800404e-02,7.768924302788844660e-02,1.219931271477663198e-01,9.659090909090908839e-02,1.076923076923076983e-01,7.658643326039386856e-02,1.170395869191049876e-01,8.646616541353382979e-02,1.372549019607843257e-01,1.053892215568862228e-01,1.030927835051546337e-01,0.000000000000000000e+00,1.158798283261802536e-01,0.000000000000000000e+00,6.557377049180328210e-02,1.145833333333333287e-01,1.173020527859237605e-01,0.000000000000000000e+00,0.000000000000000000e+00,1.153846153846153910e-01,9.477124183006535585e-02,8.529411764705882582e-02,1.003344481605351196e-01,9.035222052067380660e-02,1.486486486486486569e-01,1.030092592592592587e-01,9.345794392523364136e-02,1.199999999999999956e-01,1.290322580645161255e-01,8.737864077669903196e-02,6.410256410256409687e-02,9.951219512195122463e-02,7.978723404255319562e-02,0.000000000000000000e+00,3.603603603603603572e-02,7.196969696969697516e-02,0.000000000000000000e+00,1.021825396825396803e-01,1.132075471698113234e-01,7.317073170731706877e-02,9.109311740890688180e-02,1.134644478063540074e-01,7.259528130671506763e-02,0.000000000000000000e+00,6.753246753246752720e-02,1.129568106312292403e-01,1.008547008547008572e-01,7.878787878787878174e-02,9.122203098106712593e-02,1.342281879194630878e-01,1.061946902654867242e-01,6.015037593984962072e-02,1.238095238095238138e-01,9.689922480620155598e-02,0.000000000000000000e+00,8.747044917257683350e-02,8.727272727272727959e-02,1.190019193857965452e-01,7.947019867549669214e-02,9.039548022598870025e-02,1.218781218781218728e-01,8.571428571428571508e-02,1.002865329512893922e-01,0.000000000000000000e+00,6.201550387596899139e-02,0.000000000000000000e+00,0.000000000000000000e+00,2.469135802469135665e-02,8.978328173374612586e-02,9.333333333333333759e-02,1.197604790419161680e-01,0.000000000000000000e+00,9.243697478991597105e-02,0.000000000000000000e+00,8.027522935779816959e-02,1.114649681528662450e-01,9.615384615384615918e-02,6.629834254143646133e-02,0.000000000000000000e+00,0.000000000000000000e+00,9.363295880149813399e-02,8.695652173913043237e-02,8.020231213872831832e-02,9.531249999999999445e-02,9.213483146067415197e-02,1.030640668523676862e-01,1.141678129298486916e-01,1.064516129032258007e-01,1.057786483839373154e-01,8.556701030927835183e-02,5.925925925925926152e-02,7.335907335907336513e-02,1.589147286821705474e-01,1.092436974789915971e-01,9.390048154093097454e-02,1.000000000000000056e-01,0.000000000000000000e+00,1.111111111111111049e-01,1.223021582733812979e-01,9.393063583815028372e-02,1.130742049469964650e-01,7.784431137724551197e-02,0.000000000000000000e+00,9.688581314878892681e-02,9.646017699115044808e-02,1.213389121338912108e-01,0.000000000000000000e+00,9.644670050761421087e-02,0.000000000000000000e+00,0.000000000000000000e+00,3.472222222222222376e-02,0.000000000000000000e+00,6.866952789699570792e-02,9.186351706036745279e-02,7.536231884057971453e-02,7.534246575342465335e-02,1.048951048951048959e-01,9.916201117318436398e-02,1.100000000000000006e-01,1.031941031941031872e-01,9.336099585062240802e-02,1.230283911671924274e-01,1.201866977829638278e-01,1.111111111111111049e-01,1.022727272727272790e-01,1.380597014925373234e-01,0.000000000000000000e+00,4.040404040404040747e-02,5.442176870748299117e-02,9.823182711198427675e-02,7.207207207207207145e-02,1.116863905325443801e-01,8.860759493670886111e-02,1.012269938650306733e-01,9.411764705882352811e-02,0.000000000000000000e+00,1.282051282051282007e-02,0.000000000000000000e+00,6.433823529411764053e-02,8.403361344537815802e-02,1.226086956521739157e-01,1.268011527377521652e-01,1.078431372549019662e-01,0.000000000000000000e+00,5.797101449275362389e-02,8.333333333333332871e-02,1.000000000000000056e-01,9.767441860465116144e-02,1.067415730337078622e-01,6.280193236714975979e-02,9.392265193370165355e-02,1.029411764705882304e-01,8.530805687203792120e-02,8.225108225108225535e-02,8.095238095238095621e-02,9.051724137931034531e-02,7.142857142857142461e-02,1.057692307692307682e-01,1.127450980392156882e-01,9.649122807017543324e-02,9.836065573770491621e-02,8.612440191387560340e-02,6.310679611650485410e-02,1.318181818181818066e-01,6.632653061224490221e-02,1.008771929824561348e-01
