0.000000000000000000e+00,1.240000000000000000e+03,5.960000000000000000e+02,2.900000000000000000e+02,4.710000000000000000e+02,1.820000000000000000e+02,9.000000000000000000e+00,7.500000000000000000e+01,6.560000000000000000e+02,2.000000000000000000e+00,3.270000000000000000e+02,3.370000000000000000e+02,1.960000000000000000e+02,1.185000000000000000e+03,1.520000000000000000e+02,3.900000000000000000e+01,3.700000000000000000e+01,5.140000000000000000e+02,4.190000000000000000e+02,6.000000000000000000e+00,2.610000000000000000e+02,1.570000000000000000e+02,6.040000000000000000e+02,1.479000000000000000e+03,1.000000000000000000e+00,5.670000000000000000e+02,3.380000000000000000e+02,7.480000000000000000e+02,1.442000000000000000e+03,1.715000000000000000e+03,4.360000000000000000e+02,5.160000000000000000e+02,1.440000000000000000e+02,6.270000000000000000e+02,6.000000000000000000e+00,7.560000000000000000e+02,9.000000000000000000e+00,7.610000000000000000e+02,3.390000000000000000e+02,1.899000000000000000e+03,1.590000000000000000e+02,1.259000000000000000e+03,2.300000000000000000e+01,8.900000000000000000e+02,1.000000000000000000e+00,1.390000000000000000e+02,5.000000000000000000e+00,0.000000000000000000e+00,7.600000000000000000e+01,2.900000000000000000e+02,3.330000000000000000e+02,5.700000000000000000e+01,4.180000000000000000e+02,2.100000000000000000e+01,7.430000000000000000e+02,7.840000000000000000e+02,1.500000000000000000e+01,5.220000000000000000e+02,5.330000000000000000e+02,3.220000000000000000e+02,1.270000000000000000e+02,2.130000000000000000e+02,3.640000000000000000e+02,3.030000000000000000e+02,7.200000000000000000e+01,1.518000000000000000e+03,4.440000000000000000e+02,3.210000000000000000e+02,1.020000000000000000e+02,7.700000000000000000e+01,9.780000000000000000e+02,3.770000000000000000e+02,4.660000000000000000e+02,5.920000000000000000e+02,3.000000000000000000e+01,4.830000000000000000e+02,2.500000000000000000e+01,1.335000000000000000e+03,1.570000000000000000e+02,1.345000000000000000e+03,2.766000000000000000e+03,6.870000000000000000e+02,7.660000000000000000e+02,2.030000000000000000e+02,3.270000000000000000e+02,1.345000000000000000e+03,2.650000000000000000e+02,5.200000000000000000e+01,7.920000000000000000e+02,1.743000000000000000e+03,1.320000000000000000e+02,2.430000000000000000e+02,1.752000000000000000e+03,7.720000000000000000e+02,2.390000000000000000e+02,2.350000000000000000e+02,5.790000000000000000e+02,1.621000000000000000e+03,7.000000000000000000e+00,6.000000000000000000e+00,6.000000000000000000e+00,1.000000000000000000e+00,1.728000000000000000e+03,1.610000000000000000e+02,8.800000000000000000e+02,4.800000000000000000e+01,2.210000000000000000e+02,1.600000000000000000e+01,1.657000000000000000e+03,7.700000000000000000e+02,1.291000000000000000e+03,1.020000000000000000e+02,1.074000000000000000e+03,9.000000000000000000e+00,1.489000000000000000e+03,3.250000000000000000e+02,1.692000000000000000e+03,6.850000000000000000e+02,1.242000000000000000e+03,1.480000000000000000e+03,0.000000000000000000e+00,2.734000000000000000e+03,3.350000000000000000e+02,1.726000000000000000e+03,1.573000000000000000e+03,4.300000000000000000e+01,8.000000000000000000e+00,1.673000000000000000e+03,4.000000000000000000e+00,5.100000000000000000e+02,3.000000000000000000e+00,1.800000000000000000e+01,8.900000000000000000e+01,2.200000000000000000e+01,2.200000000000000000e+01,2.400000000000000000e+01,1.277000000000000000e+03,6.500000000000000000e+01,7.730000000000000000e+02,3.110000000000000000e+02,3.330000000000000000e+02,1.226000000000000000e+03,4.780000000000000000e+02,7.290000000000000000e+02,3.000000000000000000e+00,3.600000000000000000e+01,2.200000000000000000e+01,1.187000000000000000e+03,5.000000000000000000e+01,6.510000000000000000e+02,1.450000000000000000e+03,1.030000000000000000e+02,3.690000000000000000e+02,2.739000000000000000e+03,2.000000000000000000e+00,2.000000000000000000e+01,1.856000000000000000e+03,1.000000000000000000e+01,1.160000000000000000e+02,4.520000000000000000e+02,1.428000000000000000e+03,7.710000000000000000e+02,1.550000000000000000e+02,1.301000000000000000e+03,1.410000000000000000e+02,5.000000000000000000e+00,1.181000000000000000e+03,6.000000000000000000e+00,1.400000000000000000e+01,2.360000000000000000e+02,1.200000000000000000e+01,5.200000000000000000e+01,1.700000000000000000e+01,2.864000000000000000e+03,1.695000000000000000e+03,2.560000000000000000e+02,1.500000000000000000e+01,4.240000000000000000e+02,2.690000000000000000e+02,1.620000000000000000e+02,7.100000000000000000e+01,3.400000000000000000e+01,5.230000000000000000e+02,6.380000000000000000e+02,1.610000000000000000e+02,7.970000000000000000e+02,2.000000000000000000e+01,0.000000000000000000e+00,1.813000000000000000e+03,1.240000000000000000e+03,6.000000000000000000e+01,2.290000000000000000e+02,1.996000000000000000e+03,1.100000000000000000e+01,4.060000000000000000e+02,1.544000000000000000e+03,8.000000000000000000e+00,5.660000000000000000e+02,8.000000000000000000e+00,2.000000000000000000e+00,4.570000000000000000e+02,1.300000000000000000e+02,1.175000000000000000e+03,5.200000000000000000e+01,1.390000000000000000e+02,8.500000000000000000e+01,7.000000000000000000e+01,2.000000000000000000e+00,3.380000000000000000e+02,1.180000000000000000e+02,1.000000000000000000e+02,2.910000000000000000e+02,2.160000000000000000e+02,1.100000000000000000e+02,1.865000000000000000e+03,7.570000000000000000e+02,1.550000000000000000e+03,4.540000000000000000e+02,3.000000000000000000e+00,1.470000000000000000e+02,7.830000000000000000e+02,6.680000000000000000e+02,6.800000000000000000e+01,7.400000000000000000e+02,1.940000000000000000e+02,1.810000000000000000e+02,1.143000000000000000e+03,1.110000000000000000e+02,1.050000000000000000e+02,2.658000000000000000e+03,9.400000000000000000e+01,2.600000000000000000e+02,1.694000000000000000e+03,7.210000000000000000e+02,1.000000000000000000e+00,3.300000000000000000e+01,1.099000000000000000e+03,3.510000000000000000e+02,7.550000000000000000e+02,1.108000000000000000e+03,1.746000000000000000e+03,1.257000000000000000e+03,1.147000000000000000e+03,7.180000000000000000e+02,1.500000000000000000e+01,1.584000000000000000e+03,1.550000000000000000e+03,7.530000000000000000e+02,1.421000000000000000e+03,4.000000000000000000e+00,3.000000000000000000e+00,9.570000000000000000e+02,6.000000000000000000e+00,1.277000000000000000e+03,7.200000000000000000e+01,4.400000000000000000e+01,1.800000000000000000e+01,2.000000000000000000e+00,9.400000000000000000e+01,4.300000000000000000e+01,1.408000000000000000e+03,1.717000000000000000e+03,1.908000000000000000e+03,1.000000000000000000e+01,7.560000000000000000e+02
1.579000000000000000e+03,0.000000000000000000e+00,8.290000000000000000e+02,4.050000000000000000e+02,5.770000000000000000e+02,2.960000000000000000e+02,1.000000000000000000e+01,1.490000000000000000e+02,8.790000000000000000e+02,4.000000000000000000e+00,5.140000000000000000e+02,4.370000000000000000e+02,3.290000000000000000e+02,1.609000000000000000e+03,2.240000000000000000e+02,5.100000000000000000e+01,8.700000000000000000e+01,7.250000000000000000e+02,5.670000000000000000e+02,0.000000000000000000e+00,3.520000000000000000e+02,2.780000000000000000e+02,5.920000000000000000e+02,2.184000000000000000e+03,7.000000000000000000e+00,7.960000000000000000e+02,3.740000000000000000e+02,9.940000000000000000e+02,1.954000000000000000e+03,2.221000000000000000e+03,6.140000000000000000e+02,7.200000000000000000e+02,1.770000000000000000e+02,1.278000000000000000e+03,1.700000000000000000e+01,9.640000000000000000e+02,1.500000000000000000e+01,9.760000000000000000e+02,5.010000000000000000e+02,2.215000000000000000e+03,1.550000000000000000e+02,1.616000000000000000e+03,1.800000000000000000e+01,1.287000000000000000e+03,1.200000000000000000e+01,1.760000000000000000e+02,2.000000000000000000e+00,9.000000000000000000e+00,1.210000000000000000e+02,3.950000000000000000e+02,4.590000000000000000e+02,1.190000000000000000e+02,5.800000000000000000e+02,3.000000000000000000e+00,1.073000000000000000e+03,1.058000000000000000e+03,1.500000000000000000e+01,1.158000000000000000e+03,8.660000000000000000e+02,3.650000000000000000e+02,1.640000000000000000e+02,2.140000000000000000e+02,5.320000000000000000e+02,4.200000000000000000e+02,1.130000000000000000e+02,2.385000000000000000e+03,7.200000000000000000e+02,4.930000000000000000e+02,6.800000000000000000e+01,1.090000000000000000e+02,1.208000000000000000e+03,5.170000000000000000e+02,9.280000000000000000e+02,7.750000000000000000e+02,7.100000000000000000e+01,6.630000000000000000e+02,1.080000000000000000e+02,1.793000000000000000e+03,1.990000000000000000e+02,1.907000000000000000e+03,3.735000000000000000e+03,9.390000000000000000e+02,9.690000000000000000e+02,3.180000000000000000e+02,4.520000000000000000e+02,1.701000000000000000e+03,4.670000000000000000e+02,1.080000000000000000e+02,1.114000000000000000e+03,2.252000000000000000e+03,2.150000000000000000e+02,3.420000000000000000e+02,2.316000000000000000e+03,1.080000000000000000e+03,3.430000000000000000e+02,3.080000000000000000e+02,4.700000000000000000e+02,1.960000000000000000e+03,1.400000000000000000e+01,1.300000000000000000e+01,7.400000000000000000e+01,1.100000000000000000e+01,2.153000000000000000e+03,1.350000000000000000e+02,8.590000000000000000e+02,8.500000000000000000e+01,2.980000000000000000e+02,4.800000000000000000e+01,2.282000000000000000e+03,9.700000000000000000e+02,2.122000000000000000e+03,1.590000000000000000e+02,1.233000000000000000e+03,6.000000000000000000e+00,2.485000000000000000e+03,3.790000000000000000e+02,2.071000000000000000e+03,8.320000000000000000e+02,1.472000000000000000e+03,2.040000000000000000e+03,6.000000000000000000e+00,3.821000000000000000e+03,4.450000000000000000e+02,2.211000000000000000e+03,2.142000000000000000e+03,8.900000000000000000e+01,2.000000000000000000e+00,2.000000000000000000e+03,1.200000000000000000e+01,6.970000000000000000e+02,9.000000000000000000e+00,1.340000000000000000e+02,9.600000000000000000e+01,7.000000000000000000e+00,5.200000000000000000e+01,3.200000000000000000e+01,1.677000000000000000e+03,1.570000000000000000e+02,1.259000000000000000e+03,4.110000000000000000e+02,4.530000000000000000e+02,1.590000000000000000e+03,6.550000000000000000e+02,9.310000000000000000e+02,1.600000000000000000e+01,6.000000000000000000e+01,4.800000000000000000e+01,1.610000000000000000e+03,8.900000000000000000e+01,8.100000000000000000e+02,1.890000000000000000e+03,1.720000000000000000e+02,4.700000000000000000e+02,3.875000000000000000e+03,2.700000000000000000e+01,3.100000000000000000e+01,2.469000000000000000e+03,5.000000000000000000e+00,2.320000000000000000e+02,5.970000000000000000e+02,2.041000000000000000e+03,1.077000000000000000e+03,2.070000000000000000e+02,1.743000000000000000e+03,1.840000000000000000e+02,1.700000000000000000e+01,1.567000000000000000e+03,1.100000000000000000e+01,1.500000000000000000e+01,4.380000000000000000e+02,1.700000000000000000e+01,8.100000000000000000e+01,7.800000000000000000e+01,3.745000000000000000e+03,2.204000000000000000e+03,3.990000000000000000e+02,1.800000000000000000e+01,5.750000000000000000e+02,4.140000000000000000e+02,2.320000000000000000e+02,1.720000000000000000e+02,1.240000000000000000e+02,5.930000000000000000e+02,7.280000000000000000e+02,3.230000000000000000e+02,1.057000000000000000e+03,4.100000000000000000e+01,3.000000000000000000e+00,2.456000000000000000e+03,1.658000000000000000e+03,1.910000000000000000e+02,3.600000000000000000e+02,2.618000000000000000e+03,3.000000000000000000e+01,5.520000000000000000e+02,1.967000000000000000e+03,2.400000000000000000e+01,8.300000000000000000e+02,1.100000000000000000e+01,2.000000000000000000e+00,5.890000000000000000e+02,1.760000000000000000e+02,1.542000000000000000e+03,9.600000000000000000e+01,8.100000000000000000e+01,8.500000000000000000e+01,1.360000000000000000e+02,0.000000000000000000e+00,8.850000000000000000e+02,1.730000000000000000e+02,5.260000000000000000e+02,4.210000000000000000e+02,3.320000000000000000e+02,1.750000000000000000e+02,2.354000000000000000e+03,1.075000000000000000e+03,2.400000000000000000e+03,3.630000000000000000e+02,2.000000000000000000e+00,2.540000000000000000e+02,8.100000000000000000e+02,9.790000000000000000e+02,3.130000000000000000e+02,9.560000000000000000e+02,2.750000000000000000e+02,2.080000000000000000e+02,1.212000000000000000e+03,1.680000000000000000e+02,1.480000000000000000e+02,3.910000000000000000e+03,1.460000000000000000e+02,4.540000000000000000e+02,2.135000000000000000e+03,1.074000000000000000e+03,4.000000000000000000e+00,4.700000000000000000e+01,1.407000000000000000e+03,4.570000000000000000e+02,9.610000000000000000e+02,1.394000000000000000e+03,2.353000000000000000e+03,1.864000000000000000e+03,1.509000000000000000e+03,1.020000000000000000e+03,4.200000000000000000e+01,1.975000000000000000e+03,2.069000000000000000e+03,1.233000000000000000e+03,1.960000000000000000e+03,1.000000000000000000e+01,1.600000000000000000e+01,1.657000000000000000e+03,4.500000000000000000e+01,1.253000000000000000e+03,9.300000000000000000e+01,6.200000000000000000e+01,2.000000000000000000e+01,4.000000000000000000e+00,5.400000000000000000e+01,3.600000000000000000e+01,2.344000000000000000e+03,2.241000000000000000e+03,2.593000000000000000e+03,2.000000000000000000e+01,1.038000000000000000e+03
1.910000000000000000e+02,2.450000000000000000e+02,0.000000000000000000e+00,3.800000000000000000e+01,4.800000000000000000e+01,1.300000000000000000e+01,1.000000000000000000e+00,2.000000000000000000e+00,1.000000000000000000e+02,0.000000000000000000e+00,9.300000000000000000e+01,6.500000000000000000e+01,2.200000000000000000e+01,2.460000000000000000e+02,3.400000000000000000e+01,1.200000000000000000e+01,2.000000000000000000e+00,1.040000000000000000e+02,5.900000000000000000e+01,0.000000000000000000e+00,2.700000000000000000e+01,1.800000000000000000e+01,1.140000000000000000e+02,3.860000000000000000e+02,3.000000000000000000e+00,8.400000000000000000e+01,5.000000000000000000e+01,1.390000000000000000e+02,3.090000000000000000e+02,3.720000000000000000e+02,5.000000000000000000e+01,9.300000000000000000e+01,2.900000000000000000e+01,1.310000000000000000e+02,1.000000000000000000e+00,1.660000000000000000e+02,0.000000000000000000e+00,1.300000000000000000e+02,5.000000000000000000e+01,4.530000000000000000e+02,1.700000000000000000e+01,2.370000000000000000e+02,3.000000000000000000e+00,1.260000000000000000e+02,0.000000000000000000e+00,9.000000000000000000e+00,3.000000000000000000e+00,2.000000000000000000e+00,8.000000000000000000e+00,6.200000000000000000e+01,6.500000000000000000e+01,7.000000000000000000e+00,5.400000000000000000e+01,2.000000000000000000e+00,1.330000000000000000e+02,1.310000000000000000e+02,1.000000000000000000e+00,1.420000000000000000e+02,5.100000000000000000e+01,3.000000000000000000e+01,1.700000000000000000e+01,3.100000000000000000e+01,4.500000000000000000e+01,5.600000000000000000e+01,5.000000000000000000e+00,4.380000000000000000e+02,5.900000000000000000e+01,5.300000000000000000e+01,3.400000000000000000e+01,1.300000000000000000e+01,1.730000000000000000e+02,5.400000000000000000e+01,1.130000000000000000e+02,9.500000000000000000e+01,2.000000000000000000e+00,6.400000000000000000e+01,9.000000000000000000e+00,2.520000000000000000e+02,1.500000000000000000e+01,3.010000000000000000e+02,6.990000000000000000e+02,1.270000000000000000e+02,1.580000000000000000e+02,1.200000000000000000e+01,6.900000000000000000e+01,2.580000000000000000e+02,2.800000000000000000e+01,7.000000000000000000e+00,1.460000000000000000e+02,3.760000000000000000e+02,1.900000000000000000e+01,2.400000000000000000e+01,4.210000000000000000e+02,1.250000000000000000e+02,2.000000000000000000e+01,5.100000000000000000e+01,1.090000000000000000e+02,4.020000000000000000e+02,2.000000000000000000e+00,2.000000000000000000e+00,8.000000000000000000e+00,1.000000000000000000e+00,3.670000000000000000e+02,1.800000000000000000e+01,1.370000000000000000e+02,2.000000000000000000e+00,3.700000000000000000e+01,0.000000000000000000e+00,3.780000000000000000e+02,1.470000000000000000e+02,3.460000000000000000e+02,8.000000000000000000e+00,2.110000000000000000e+02,1.000000000000000000e+00,4.550000000000000000e+02,5.800000000000000000e+01,3.620000000000000000e+02,1.190000000000000000e+02,2.610000000000000000e+02,3.360000000000000000e+02,0.000000000000000000e+00,7.740000000000000000e+02,1.010000000000000000e+02,4.360000000000000000e+02,4.020000000000000000e+02,2.000000000000000000e+00,2.000000000000000000e+00,3.770000000000000000e+02,0.000000000000000000e+00,6.100000000000000000e+01,0.000000000000000000e+00,2.400000000000000000e+01,8.000000000000000000e+00,7.000000000000000000e+00,4.000000000000000000e+00,4.000000000000000000e+00,2.600000000000000000e+02,6.000000000000000000e+00,1.570000000000000000e+02,6.800000000000000000e+01,1.400000000000000000e+01,2.440000000000000000e+02,7.800000000000000000e+01,1.480000000000000000e+02,0.000000000000000000e+00,4.000000000000000000e+00,7.000000000000000000e+00,2.210000000000000000e+02,8.000000000000000000e+00,8.200000000000000000e+01,3.020000000000000000e+02,1.100000000000000000e+01,6.700000000000000000e+01,6.710000000000000000e+02,3.000000000000000000e+00,6.000000000000000000e+00,4.280000000000000000e+02,0.000000000000000000e+00,1.700000000000000000e+01,4.100000000000000000e+01,2.850000000000000000e+02,1.610000000000000000e+02,4.000000000000000000e+01,2.820000000000000000e+02,2.300000000000000000e+01,3.000000000000000000e+00,2.350000000000000000e+02,1.000000000000000000e+00,0.000000000000000000e+00,3.000000000000000000e+01,1.000000000000000000e+00,1.200000000000000000e+01,6.000000000000000000e+00,7.570000000000000000e+02,3.700000000000000000e+02,6.400000000000000000e+01,0.000000000000000000e+00,4.700000000000000000e+01,4.700000000000000000e+01,3.200000000000000000e+01,1.300000000000000000e+01,1.600000000000000000e+01,6.500000000000000000e+01,7.600000000000000000e+01,3.200000000000000000e+01,1.030000000000000000e+02,0.000000000000000000e+00,0.000000000000000000e+00,5.170000000000000000e+02,2.300000000000000000e+02,1.400000000000000000e+01,2.700000000000000000e+01,4.490000000000000000e+02,3.000000000000000000e+00,4.300000000000000000e+01,3.460000000000000000e+02,1.000000000000000000e+00,1.220000000000000000e+02,0.000000000000000000e+00,0.000000000000000000e+00,6.800000000000000000e+01,3.400000000000000000e+01,2.200000000000000000e+02,4.000000000000000000e+00,3.700000000000000000e+01,1.300000000000000000e+01,6.000000000000000000e+00,1.000000000000000000e+00,1.090000000000000000e+02,7.000000000000000000e+00,6.900000000000000000e+01,2.900000000000000000e+01,3.100000000000000000e+01,1.100000000000000000e+01,4.240000000000000000e+02,1.330000000000000000e+02,4.120000000000000000e+02,7.000000000000000000e+01,2.000000000000000000e+00,1.100000000000000000e+01,8.000000000000000000e+01,1.480000000000000000e+02,4.300000000000000000e+01,1.750000000000000000e+02,2.400000000000000000e+01,2.100000000000000000e+01,2.000000000000000000e+02,1.100000000000000000e+01,8.000000000000000000e+00,7.920000000000000000e+02,5.000000000000000000e+00,2.600000000000000000e+01,3.320000000000000000e+02,1.140000000000000000e+02,1.000000000000000000e+00,9.000000000000000000e+00,2.050000000000000000e+02,4.600000000000000000e+01,1.610000000000000000e+02,2.070000000000000000e+02,4.070000000000000000e+02,2.770000000000000000e+02,2.060000000000000000e+02,1.350000000000000000e+02,2.000000000000000000e+00,3.780000000000000000e+02,3.620000000000000000e+02,1.730000000000000000e+02,2.790000000000000000e+02,4.000000000000000000e+00,0.000000000000000000e+00,1.980000000000000000e+02,2.000000000000000000e+00,2.550000000000000000e+02,4.000000000000000000e+00,6.000000000000000000e+00,2.000000000000000000e+00,2.000000000000000000e+00,1.300000000000000000e+01,5.000000000000000000e+00,3.800000000000000000e+02,3.470000000000000000e+02,4.830000000000000000e+02,2.000000000000000000e+00,1.770000000000000000e+02
8.420000000000000000e+02,8.630000000000000000e+02,2.460000000000000000e+02,0.000000000000000000e+00,2.280000000000000000e+02,1.630000000000000000e+02,1.700000000000000000e+01,1.030000000000000000e+02,2.770000000000000000e+02,0.000000000000000000e+00,2.100000000000000000e+02,1.960000000000000000e+02,3.530000000000000000e+02,9.890000000000000000e+02,8.500000000000000000e+01,1.800000000000000000e+01,7.000000000000000000e+01,6.580000000000000000e+02,5.060000000000000000e+02,2.000000000000000000e+01,1.830000000000000000e+02,1.440000000000000000e+02,6.400000000000000000e+02,1.004000000000000000e+03,3.000000000000000000e+00,2.580000000000000000e+02,2.140000000000000000e+02,6.180000000000000000e+02,1.057000000000000000e+03,9.980000000000000000e+02,5.940000000000000000e+02,5.280000000000000000e+02,1.180000000000000000e+02,7.130000000000000000e+02,6.000000000000000000e+00,4.770000000000000000e+02,8.000000000000000000e+00,6.540000000000000000e+02,1.740000000000000000e+02,1.066000000000000000e+03,7.200000000000000000e+01,8.770000000000000000e+02,6.300000000000000000e+01,8.350000000000000000e+02,1.800000000000000000e+01,1.030000000000000000e+02,1.200000000000000000e+01,1.600000000000000000e+01,8.900000000000000000e+01,1.800000000000000000e+02,1.650000000000000000e+02,1.060000000000000000e+02,2.230000000000000000e+02,2.200000000000000000e+01,7.530000000000000000e+02,7.240000000000000000e+02,5.000000000000000000e+00,7.170000000000000000e+02,2.040000000000000000e+02,1.610000000000000000e+02,1.040000000000000000e+02,1.430000000000000000e+02,1.840000000000000000e+02,4.210000000000000000e+02,8.400000000000000000e+01,1.122000000000000000e+03,6.210000000000000000e+02,5.000000000000000000e+02,2.270000000000000000e+02,9.000000000000000000e+01,7.810000000000000000e+02,1.760000000000000000e+02,6.190000000000000000e+02,5.940000000000000000e+02,3.400000000000000000e+01,6.110000000000000000e+02,7.600000000000000000e+01,9.530000000000000000e+02,1.010000000000000000e+02,8.840000000000000000e+02,1.467000000000000000e+03,4.060000000000000000e+02,4.350000000000000000e+02,1.470000000000000000e+02,1.840000000000000000e+02,9.970000000000000000e+02,4.610000000000000000e+02,9.100000000000000000e+01,7.750000000000000000e+02,1.111000000000000000e+03,1.180000000000000000e+02,1.420000000000000000e+02,1.123000000000000000e+03,6.600000000000000000e+02,1.790000000000000000e+02,1.440000000000000000e+02,6.340000000000000000e+02,1.046000000000000000e+03,1.500000000000000000e+01,2.100000000000000000e+01,5.400000000000000000e+01,2.100000000000000000e+01,1.045000000000000000e+03,1.250000000000000000e+02,7.600000000000000000e+02,4.800000000000000000e+01,1.330000000000000000e+02,1.700000000000000000e+01,1.064000000000000000e+03,4.630000000000000000e+02,9.610000000000000000e+02,7.500000000000000000e+01,7.970000000000000000e+02,1.700000000000000000e+01,1.154000000000000000e+03,1.540000000000000000e+02,1.029000000000000000e+03,2.730000000000000000e+02,9.570000000000000000e+02,1.049000000000000000e+03,1.500000000000000000e+01,1.505000000000000000e+03,2.060000000000000000e+02,1.130000000000000000e+03,1.045000000000000000e+03,6.700000000000000000e+01,1.800000000000000000e+01,1.046000000000000000e+03,7.000000000000000000e+00,2.360000000000000000e+02,6.000000000000000000e+00,1.720000000000000000e+02,1.010000000000000000e+02,4.200000000000000000e+01,5.500000000000000000e+01,2.900000000000000000e+01,9.350000000000000000e+02,1.630000000000000000e+02,8.010000000000000000e+02,1.710000000000000000e+02,2.300000000000000000e+02,8.870000000000000000e+02,6.110000000000000000e+02,5.110000000000000000e+02,1.200000000000000000e+01,6.300000000000000000e+01,5.900000000000000000e+01,8.530000000000000000e+02,6.500000000000000000e+01,2.860000000000000000e+02,8.360000000000000000e+02,1.140000000000000000e+02,2.120000000000000000e+02,1.382000000000000000e+03,2.400000000000000000e+01,3.200000000000000000e+01,1.111000000000000000e+03,6.000000000000000000e+00,1.240000000000000000e+02,2.410000000000000000e+02,9.010000000000000000e+02,7.580000000000000000e+02,9.300000000000000000e+01,8.730000000000000000e+02,1.240000000000000000e+02,3.000000000000000000e+01,9.130000000000000000e+02,1.600000000000000000e+01,2.300000000000000000e+01,4.890000000000000000e+02,1.700000000000000000e+01,7.500000000000000000e+01,6.100000000000000000e+01,1.519000000000000000e+03,1.079000000000000000e+03,1.720000000000000000e+02,2.000000000000000000e+01,2.110000000000000000e+02,1.710000000000000000e+02,2.840000000000000000e+02,1.290000000000000000e+02,9.500000000000000000e+01,1.940000000000000000e+02,2.520000000000000000e+02,1.180000000000000000e+02,3.000000000000000000e+02,4.200000000000000000e+01,0.000000000000000000e+00,1.171000000000000000e+03,8.530000000000000000e+02,1.250000000000000000e+02,1.680000000000000000e+02,1.240000000000000000e+03,4.000000000000000000e+01,2.190000000000000000e+02,1.024000000000000000e+03,1.100000000000000000e+01,6.760000000000000000e+02,2.700000000000000000e+01,1.200000000000000000e+01,2.130000000000000000e+02,7.700000000000000000e+01,8.760000000000000000e+02,7.100000000000000000e+01,3.020000000000000000e+02,1.020000000000000000e+02,7.500000000000000000e+01,2.000000000000000000e+00,6.370000000000000000e+02,1.200000000000000000e+02,5.150000000000000000e+02,1.570000000000000000e+02,4.350000000000000000e+02,7.300000000000000000e+01,1.062000000000000000e+03,7.530000000000000000e+02,1.139000000000000000e+03,5.060000000000000000e+02,1.200000000000000000e+01,3.120000000000000000e+02,2.400000000000000000e+02,4.440000000000000000e+02,3.840000000000000000e+02,4.240000000000000000e+02,1.300000000000000000e+02,1.170000000000000000e+02,8.440000000000000000e+02,8.700000000000000000e+01,1.040000000000000000e+02,1.519000000000000000e+03,9.000000000000000000e+01,4.550000000000000000e+02,1.065000000000000000e+03,2.520000000000000000e+02,0.000000000000000000e+00,4.600000000000000000e+01,7.880000000000000000e+02,1.880000000000000000e+02,4.280000000000000000e+02,7.780000000000000000e+02,1.117000000000000000e+03,9.150000000000000000e+02,9.000000000000000000e+02,4.500000000000000000e+02,5.300000000000000000e+01,9.670000000000000000e+02,1.083000000000000000e+03,7.130000000000000000e+02,1.028000000000000000e+03,1.000000000000000000e+01,1.400000000000000000e+01,8.580000000000000000e+02,4.400000000000000000e+01,9.130000000000000000e+02,5.900000000000000000e+01,4.800000000000000000e+01,1.800000000000000000e+01,5.000000000000000000e+00,1.060000000000000000e+02,4.600000000000000000e+01,1.025000000000000000e+03,1.129000000000000000e+03,1.163000000000000000e+03,7.000000000000000000e+00,4.890000000000000000e+02
5.440000000000000000e+02,5.910000000000000000e+02,1.830000000000000000e+02,1.010000000000000000e+02,0.000000000000000000e+00,5.900000000000000000e+01,7.000000000000000000e+00,3.100000000000000000e+01,1.800000000000000000e+02,1.000000000000000000e+00,1.480000000000000000e+02,1.580000000000000000e+02,1.490000000000000000e+02,7.760000000000000000e+02,4.600000000000000000e+01,1.800000000000000000e+01,2.700000000000000000e+01,2.750000000000000000e+02,1.920000000000000000e+02,4.000000000000000000e+00,9.000000000000000000e+01,7.900000000000000000e+01,3.260000000000000000e+02,7.280000000000000000e+02,5.000000000000000000e+00,1.770000000000000000e+02,1.280000000000000000e+02,3.810000000000000000e+02,7.590000000000000000e+02,7.740000000000000000e+02,2.660000000000000000e+02,2.970000000000000000e+02,6.100000000000000000e+01,4.730000000000000000e+02,2.000000000000000000e+00,2.820000000000000000e+02,3.000000000000000000e+00,3.880000000000000000e+02,1.350000000000000000e+02,8.140000000000000000e+02,4.700000000000000000e+01,6.040000000000000000e+02,2.600000000000000000e+01,4.950000000000000000e+02,7.000000000000000000e+00,5.800000000000000000e+01,8.000000000000000000e+00,2.000000000000000000e+00,1.400000000000000000e+01,1.070000000000000000e+02,1.220000000000000000e+02,3.100000000000000000e+01,1.440000000000000000e+02,3.000000000000000000e+00,3.930000000000000000e+02,4.080000000000000000e+02,2.000000000000000000e+00,4.360000000000000000e+02,1.520000000000000000e+02,9.700000000000000000e+01,6.400000000000000000e+01,7.800000000000000000e+01,1.070000000000000000e+02,1.760000000000000000e+02,3.400000000000000000e+01,7.880000000000000000e+02,2.710000000000000000e+02,1.970000000000000000e+02,7.300000000000000000e+01,3.700000000000000000e+01,4.680000000000000000e+02,1.100000000000000000e+02,3.590000000000000000e+02,2.740000000000000000e+02,1.800000000000000000e+01,3.160000000000000000e+02,2.300000000000000000e+01,6.250000000000000000e+02,5.700000000000000000e+01,6.410000000000000000e+02,1.117000000000000000e+03,3.070000000000000000e+02,3.240000000000000000e+02,7.400000000000000000e+01,1.410000000000000000e+02,8.280000000000000000e+02,1.890000000000000000e+02,2.900000000000000000e+01,4.660000000000000000e+02,8.270000000000000000e+02,3.800000000000000000e+01,9.800000000000000000e+01,8.890000000000000000e+02,3.930000000000000000e+02,7.000000000000000000e+01,9.600000000000000000e+01,3.520000000000000000e+02,7.000000000000000000e+02,9.000000000000000000e+00,6.000000000000000000e+00,3.100000000000000000e+01,3.000000000000000000e+00,7.240000000000000000e+02,5.000000000000000000e+01,4.020000000000000000e+02,2.000000000000000000e+01,9.400000000000000000e+01,1.600000000000000000e+01,7.410000000000000000e+02,3.350000000000000000e+02,7.210000000000000000e+02,2.000000000000000000e+01,5.330000000000000000e+02,4.000000000000000000e+00,8.050000000000000000e+02,1.080000000000000000e+02,7.620000000000000000e+02,2.090000000000000000e+02,5.700000000000000000e+02,6.940000000000000000e+02,8.000000000000000000e+00,1.068000000000000000e+03,1.530000000000000000e+02,8.040000000000000000e+02,7.370000000000000000e+02,2.700000000000000000e+01,1.000000000000000000e+00,7.490000000000000000e+02,3.000000000000000000e+00,1.460000000000000000e+02,3.000000000000000000e+00,7.500000000000000000e+01,5.300000000000000000e+01,1.200000000000000000e+01,2.700000000000000000e+01,2.000000000000000000e+01,6.000000000000000000e+02,6.900000000000000000e+01,4.970000000000000000e+02,1.280000000000000000e+02,1.390000000000000000e+02,5.560000000000000000e+02,3.170000000000000000e+02,3.130000000000000000e+02,4.000000000000000000e+00,1.900000000000000000e+01,8.000000000000000000e+00,6.630000000000000000e+02,2.200000000000000000e+01,1.610000000000000000e+02,6.120000000000000000e+02,2.500000000000000000e+01,1.510000000000000000e+02,1.020000000000000000e+03,9.000000000000000000e+00,7.000000000000000000e+00,8.320000000000000000e+02,5.000000000000000000e+00,6.500000000000000000e+01,1.290000000000000000e+02,7.010000000000000000e+02,3.520000000000000000e+02,6.300000000000000000e+01,6.430000000000000000e+02,8.200000000000000000e+01,8.000000000000000000e+00,6.120000000000000000e+02,5.000000000000000000e+00,4.000000000000000000e+00,1.830000000000000000e+02,9.000000000000000000e+00,3.600000000000000000e+01,2.500000000000000000e+01,1.130000000000000000e+03,7.200000000000000000e+02,1.030000000000000000e+02,7.000000000000000000e+00,1.500000000000000000e+02,1.030000000000000000e+02,1.190000000000000000e+02,4.600000000000000000e+01,3.200000000000000000e+01,1.480000000000000000e+02,1.560000000000000000e+02,7.700000000000000000e+01,2.030000000000000000e+02,2.200000000000000000e+01,2.000000000000000000e+00,7.620000000000000000e+02,6.020000000000000000e+02,5.200000000000000000e+01,9.300000000000000000e+01,9.130000000000000000e+02,8.000000000000000000e+00,1.460000000000000000e+02,7.030000000000000000e+02,1.200000000000000000e+01,3.410000000000000000e+02,8.000000000000000000e+00,5.000000000000000000e+00,1.160000000000000000e+02,6.700000000000000000e+01,6.730000000000000000e+02,2.300000000000000000e+01,1.430000000000000000e+02,4.500000000000000000e+01,3.200000000000000000e+01,0.000000000000000000e+00,3.310000000000000000e+02,4.400000000000000000e+01,2.250000000000000000e+02,8.400000000000000000e+01,1.400000000000000000e+02,3.000000000000000000e+01,8.390000000000000000e+02,4.230000000000000000e+02,8.520000000000000000e+02,2.830000000000000000e+02,5.000000000000000000e+00,1.010000000000000000e+02,1.710000000000000000e+02,2.790000000000000000e+02,1.490000000000000000e+02,3.450000000000000000e+02,9.600000000000000000e+01,7.600000000000000000e+01,5.590000000000000000e+02,3.600000000000000000e+01,4.800000000000000000e+01,1.136000000000000000e+03,3.200000000000000000e+01,1.740000000000000000e+02,6.990000000000000000e+02,2.050000000000000000e+02,0.000000000000000000e+00,2.000000000000000000e+01,5.330000000000000000e+02,1.420000000000000000e+02,3.190000000000000000e+02,4.680000000000000000e+02,8.770000000000000000e+02,6.190000000000000000e+02,6.860000000000000000e+02,3.190000000000000000e+02,1.600000000000000000e+01,7.310000000000000000e+02,6.880000000000000000e+02,4.820000000000000000e+02,8.410000000000000000e+02,9.000000000000000000e+00,8.000000000000000000e+00,5.380000000000000000e+02,2.000000000000000000e+01,5.790000000000000000e+02,3.100000000000000000e+01,2.000000000000000000e+01,7.000000000000000000e+00,1.000000000000000000e+00,3.600000000000000000e+01,1.900000000000000000e+01,7.830000000000000000e+02,7.940000000000000000e+02,8.380000000000000000e+02,5.000000000000000000e+00,3.520000000000000000e+02
5.230000000000000000e+02,5.410000000000000000e+02,1.550000000000000000e+02,6.700000000000000000e+01,1.260000000000000000e+02,0.000000000000000000e+00,8.000000000000000000e+00,4.700000000000000000e+01,1.410000000000000000e+02,1.000000000000000000e+00,9.500000000000000000e+01,9.200000000000000000e+01,1.930000000000000000e+02,4.950000000000000000e+02,4.800000000000000000e+01,2.200000000000000000e+01,4.400000000000000000e+01,3.780000000000000000e+02,3.270000000000000000e+02,8.000000000000000000e+00,1.210000000000000000e+02,1.040000000000000000e+02,3.920000000000000000e+02,5.660000000000000000e+02,5.000000000000000000e+00,1.380000000000000000e+02,1.150000000000000000e+02,4.000000000000000000e+02,5.350000000000000000e+02,5.700000000000000000e+02,4.450000000000000000e+02,3.700000000000000000e+02,7.000000000000000000e+01,4.750000000000000000e+02,4.000000000000000000e+00,2.240000000000000000e+02,5.000000000000000000e+00,4.300000000000000000e+02,1.280000000000000000e+02,5.610000000000000000e+02,3.200000000000000000e+01,4.980000000000000000e+02,2.300000000000000000e+01,5.420000000000000000e+02,1.300000000000000000e+01,8.600000000000000000e+01,9.000000000000000000e+00,8.000000000000000000e+00,4.500000000000000000e+01,8.700000000000000000e+01,1.100000000000000000e+02,5.300000000000000000e+01,1.220000000000000000e+02,1.200000000000000000e+01,4.680000000000000000e+02,4.290000000000000000e+02,7.000000000000000000e+00,4.280000000000000000e+02,1.270000000000000000e+02,7.700000000000000000e+01,7.400000000000000000e+01,9.400000000000000000e+01,1.110000000000000000e+02,2.470000000000000000e+02,6.500000000000000000e+01,5.880000000000000000e+02,5.020000000000000000e+02,2.640000000000000000e+02,1.320000000000000000e+02,5.600000000000000000e+01,4.880000000000000000e+02,1.020000000000000000e+02,3.660000000000000000e+02,4.030000000000000000e+02,2.300000000000000000e+01,4.350000000000000000e+02,4.100000000000000000e+01,5.950000000000000000e+02,1.040000000000000000e+02,5.480000000000000000e+02,6.470000000000000000e+02,2.580000000000000000e+02,2.240000000000000000e+02,1.010000000000000000e+02,1.060000000000000000e+02,5.330000000000000000e+02,2.810000000000000000e+02,6.800000000000000000e+01,4.690000000000000000e+02,6.090000000000000000e+02,8.000000000000000000e+01,7.900000000000000000e+01,5.880000000000000000e+02,4.650000000000000000e+02,9.800000000000000000e+01,9.000000000000000000e+01,4.080000000000000000e+02,5.470000000000000000e+02,1.400000000000000000e+01,8.000000000000000000e+00,3.700000000000000000e+01,1.000000000000000000e+01,5.750000000000000000e+02,9.200000000000000000e+01,4.430000000000000000e+02,1.800000000000000000e+01,7.600000000000000000e+01,7.000000000000000000e+00,5.520000000000000000e+02,2.570000000000000000e+02,5.490000000000000000e+02,5.000000000000000000e+01,5.060000000000000000e+02,1.400000000000000000e+01,6.340000000000000000e+02,8.300000000000000000e+01,5.590000000000000000e+02,1.400000000000000000e+02,5.620000000000000000e+02,5.600000000000000000e+02,8.000000000000000000e+00,7.570000000000000000e+02,8.900000000000000000e+01,5.850000000000000000e+02,5.700000000000000000e+02,3.500000000000000000e+01,1.400000000000000000e+01,5.450000000000000000e+02,3.000000000000000000e+00,1.410000000000000000e+02,2.000000000000000000e+00,1.230000000000000000e+02,5.500000000000000000e+01,2.100000000000000000e+01,3.500000000000000000e+01,2.000000000000000000e+01,5.530000000000000000e+02,7.800000000000000000e+01,4.780000000000000000e+02,8.300000000000000000e+01,1.450000000000000000e+02,5.440000000000000000e+02,3.780000000000000000e+02,2.190000000000000000e+02,5.000000000000000000e+00,3.100000000000000000e+01,3.000000000000000000e+01,5.380000000000000000e+02,3.500000000000000000e+01,1.390000000000000000e+02,5.390000000000000000e+02,5.200000000000000000e+01,1.030000000000000000e+02,6.670000000000000000e+02,1.500000000000000000e+01,2.000000000000000000e+01,5.820000000000000000e+02,2.000000000000000000e+00,8.200000000000000000e+01,1.310000000000000000e+02,5.640000000000000000e+02,4.450000000000000000e+02,4.700000000000000000e+01,5.340000000000000000e+02,5.600000000000000000e+01,2.000000000000000000e+01,5.340000000000000000e+02,1.000000000000000000e+01,8.000000000000000000e+00,2.630000000000000000e+02,1.100000000000000000e+01,4.700000000000000000e+01,3.900000000000000000e+01,7.190000000000000000e+02,5.740000000000000000e+02,1.040000000000000000e+02,1.900000000000000000e+01,1.270000000000000000e+02,9.500000000000000000e+01,1.550000000000000000e+02,7.800000000000000000e+01,5.500000000000000000e+01,1.210000000000000000e+02,1.460000000000000000e+02,6.500000000000000000e+01,1.290000000000000000e+02,2.600000000000000000e+01,0.000000000000000000e+00,6.030000000000000000e+02,5.290000000000000000e+02,7.000000000000000000e+01,7.900000000000000000e+01,5.650000000000000000e+02,2.000000000000000000e+01,1.310000000000000000e+02,5.850000000000000000e+02,1.100000000000000000e+01,3.500000000000000000e+02,1.100000000000000000e+01,8.000000000000000000e+00,1.250000000000000000e+02,4.300000000000000000e+01,4.490000000000000000e+02,3.500000000000000000e+01,1.810000000000000000e+02,5.500000000000000000e+01,4.500000000000000000e+01,0.000000000000000000e+00,3.840000000000000000e+02,4.100000000000000000e+01,3.360000000000000000e+02,7.900000000000000000e+01,3.060000000000000000e+02,5.500000000000000000e+01,6.500000000000000000e+02,4.130000000000000000e+02,5.680000000000000000e+02,3.440000000000000000e+02,1.300000000000000000e+01,1.450000000000000000e+02,1.600000000000000000e+02,2.170000000000000000e+02,2.460000000000000000e+02,2.340000000000000000e+02,8.900000000000000000e+01,6.600000000000000000e+01,4.920000000000000000e+02,5.400000000000000000e+01,8.300000000000000000e+01,7.030000000000000000e+02,4.800000000000000000e+01,2.830000000000000000e+02,5.660000000000000000e+02,1.670000000000000000e+02,1.000000000000000000e+00,2.900000000000000000e+01,4.540000000000000000e+02,1.210000000000000000e+02,2.310000000000000000e+02,5.090000000000000000e+02,5.560000000000000000e+02,5.250000000000000000e+02,5.000000000000000000e+02,2.340000000000000000e+02,3.500000000000000000e+01,5.210000000000000000e+02,5.640000000000000000e+02,5.090000000000000000e+02,5.150000000000000000e+02,7.000000000000000000e+00,8.000000000000000000e+00,5.020000000000000000e+02,2.400000000000000000e+01,5.460000000000000000e+02,4.900000000000000000e+01,3.900000000000000000e+01,1.200000000000000000e+01,3.000000000000000000e+00,4.000000000000000000e+01,3.000000000000000000e+01,5.660000000000000000e+02,5.980000000000000000e+02,6.040000000000000000e+02,9.000000000000000000e+00,2.360000000000000000e+02
2.480000000000000000e+02,1.910000000000000000e+02,9.400000000000000000e+01,7.900000000000000000e+01,9.300000000000000000e+01,7.900000000000000000e+01,0.000000000000000000e+00,7.200000000000000000e+01,9.500000000000000000e+01,0.000000000000000000e+00,0.000000000000000000e+00,0.000000000000000000e+00,2.200000000000000000e+02,2.180000000000000000e+02,0.000000000000000000e+00,0.000000000000000000e+00,7.400000000000000000e+01,2.390000000000000000e+02,2.220000000000000000e+02,0.000000000000000000e+00,9.600000000000000000e+01,8.200000000000000000e+01,2.310000000000000000e+02,2.210000000000000000e+02,0.000000000000000000e+00,1.060000000000000000e+02,7.900000000000000000e+01,2.150000000000000000e+02,2.280000000000000000e+02,2.490000000000000000e+02,2.370000000000000000e+02,2.150000000000000000e+02,0.000000000000000000e+00,2.200000000000000000e+02,0.000000000000000000e+00,8.000000000000000000e+01,0.000000000000000000e+00,2.180000000000000000e+02,8.400000000000000000e+01,2.570000000000000000e+02,0.000000000000000000e+00,2.550000000000000000e+02,0.000000000000000000e+00,2.550000000000000000e+02,0.000000000000000000e+00,9.700000000000000000e+01,0.000000000000000000e+00,0.000000000000000000e+00,7.800000000000000000e+01,0.000000000000000000e+00,0.000000000000000000e+00,8.000000000000000000e+01,8.300000000000000000e+01,0.000000000000000000e+00,2.390000000000000000e+02,2.500000000000000000e+02,0.000000000000000000e+00,2.340000000000000000e+02,9.300000000000000000e+01,9.200000000000000000e+01,0.000000000000000000e+00,7.500000000000000000e+01,8.700000000000000000e+01,1.960000000000000000e+02,6.800000000000000000e+01,2.190000000000000000e+02,2.420000000000000000e+02,2.050000000000000000e+02,2.000000000000000000e+02,0.000000000000000000e+00,2.500000000000000000e+02,9.000000000000000000e+01,2.190000000000000000e+02,2.110000000000000000e+02,8.000000000000000000e+01,2.840000000000000000e+02,8.900000000000000000e+01,2.570000000000000000e+02,9.000000000000000000e+01,2.380000000000000000e+02,2.400000000000000000e+02,1.050000000000000000e+02,9.100000000000000000e+01,8.500000000000000000e+01,0.000000000000000000e+00,2.400000000000000000e+02,2.240000000000000000e+02,7.100000000000000000e+01,2.220000000000000000e+02,2.280000000000000000e+02,8.100000000000000000e+01,7.900000000000000000e+01,2.570000000000000000e+02,2.240000000000000000e+02,9.400000000000000000e+01,0.000000000000000000e+00,2.540000000000000000e+02,2.130000000000000000e+02,0.000000000000000000e+00,0.000000000000000000e+00,8.500000000000000000e+01,0.000000000000000000e+00,2.550000000000000000e+02,8.800000000000000000e+01,2.760000000000000000e+02,7.600000000000000000e+01,8.000000000000000000e+01,3.000000000000000000e+01,2.360000000000000000e+02,1.020000000000000000e+02,2.210000000000000000e+02,6.500000000000000000e+01,2.210000000000000000e+02,0.000000000000000000e+00,2.460000000000000000e+02,0.000000000000000000e+00,2.090000000000000000e+02,8.200000000000000000e+01,2.460000000000000000e+02,2.320000000000000000e+02,0.000000000000000000e+00,2.730000000000000000e+02,0.000000000000000000e+00,2.420000000000000000e+02,2.400000000000000000e+02,9.100000000000000000e+01,0.000000000000000000e+00,2.460000000000000000e+02,0.000000000000000000e+00,1.110000000000000000e+02,0.000000000000000000e+00,1.690000000000000000e+02,6.900000000000000000e+01,3.800000000000000000e+01,0.000000000000000000e+00,0.000000000000000000e+00,2.390000000000000000e+02,2.030000000000000000e+02,2.510000000000000000e+02,0.000000000000000000e+00,7.900000000000000000e+01,2.360000000000000000e+02,2.510000000000000000e+02,1.060000000000000000e+02,0.000000000000000000e+00,0.000000000000000000e+00,7.000000000000000000e+01,2.260000000000000000e+02,7.100000000000000000e+01,9.400000000000000000e+01,2.230000000000000000e+02,7.200000000000000000e+01,0.000000000000000000e+00,2.940000000000000000e+02,3.700000000000000000e+01,0.000000000000000000e+00,2.330000000000000000e+02,0.000000000000000000e+00,6.400000000000000000e+01,9.500000000000000000e+01,2.430000000000000000e+02,1.880000000000000000e+02,0.000000000000000000e+00,2.360000000000000000e+02,0.000000000000000000e+00,0.000000000000000000e+00,2.530000000000000000e+02,0.000000000000000000e+00,0.000000000000000000e+00,2.450000000000000000e+02,0.000000000000000000e+00,0.000000000000000000e+00,8.400000000000000000e+01,2.870000000000000000e+02,2.160000000000000000e+02,6.100000000000000000e+01,0.000000000000000000e+00,8.000000000000000000e+01,8.200000000000000000e+01,1.920000000000000000e+02,8.500000000000000000e+01,7.500000000000000000e+01,1.000000000000000000e+02,8.900000000000000000e+01,5.900000000000000000e+01,9.100000000000000000e+01,0.000000000000000000e+00,0.000000000000000000e+00,2.320000000000000000e+02,2.420000000000000000e+02,9.200000000000000000e+01,7.500000000000000000e+01,2.270000000000000000e+02,0.000000000000000000e+00,8.400000000000000000e+01,2.660000000000000000e+02,0.000000000000000000e+00,2.280000000000000000e+02,0.000000000000000000e+00,0.000000000000000000e+00,1.070000000000000000e+02,0.000000000000000000e+00,2.280000000000000000e+02,9.600000000000000000e+01,1.680000000000000000e+02,8.100000000000000000e+01,9.200000000000000000e+01,0.000000000000000000e+00,2.210000000000000000e+02,7.400000000000000000e+01,2.210000000000000000e+02,7.500000000000000000e+01,2.130000000000000000e+02,5.300000000000000000e+01,2.530000000000000000e+02,2.000000000000000000e+02,2.100000000000000000e+02,2.030000000000000000e+02,0.000000000000000000e+00,2.210000000000000000e+02,9.800000000000000000e+01,1.060000000000000000e+02,1.680000000000000000e+02,1.050000000000000000e+02,0.000000000000000000e+00,0.000000000000000000e+00,2.290000000000000000e+02,7.300000000000000000e+01,7.700000000000000000e+01,2.670000000000000000e+02,6.400000000000000000e+01,2.180000000000000000e+02,2.160000000000000000e+02,9.800000000000000000e+01,0.000000000000000000e+00,0.000000000000000000e+00,2.300000000000000000e+02,1.000000000000000000e+02,9.900000000000000000e+01,2.260000000000000000e+02,2.380000000000000000e+02,2.220000000000000000e+02,2.270000000000000000e+02,1.160000000000000000e+02,0.000000000000000000e+00,2.460000000000000000e+02,2.360000000000000000e+02,2.310000000000000000e+02,2.200000000000000000e+02,0.000000000000000000e+00,0.000000000000000000e+00,2.500000000000000000e+02,5.900000000000000000e+01,2.510000000000000000e+02,6.300000000000000000e+01,7.500000000000000000e+01,0.000000000000000000e+00,0.000000000000000000e+00,6.200000000000000000e+01,7.000000000000000000e+01,2.370000000000000000e+02,2.320000000000000000e+02,2.620000000000000000e+02,0.000000000000000000e+00,1.100000000000000000e+02
8.380000000000000000e+02,8.530000000000000000e+02,2.250000000000000000e+02,2.280000000000000000e+02,1.970000000000000000e+02,2.230000000000000000e+02,3.500000000000000000e+01,0.000000000000000000e+00,2.240000000000000000e+02,0.000000000000000000e+00,1.430000000000000000e+02,1.580000000000000000e+02,7.370000000000000000e+02,8.840000000000000000e+02,6.700000000000000000e+01,2.600000000000000000e+01,1.280000000000000000e+02,7.360000000000000000e+02,6.650000000000000000e+02,1.300000000000000000e+01,1.840000000000000000e+02,1.970000000000000000e+02,7.550000000000000000e+02,8.810000000000000000e+02,5.000000000000000000e+00,1.870000000000000000e+02,1.850000000000000000e+02,7.830000000000000000e+02,8.530000000000000000e+02,8.790000000000000000e+02,8.490000000000000000e+02,7.590000000000000000e+02,1.170000000000000000e+02,8.260000000000000000e+02,1.600000000000000000e+01,3.930000000000000000e+02,1.600000000000000000e+01,7.590000000000000000e+02,2.150000000000000000e+02,9.150000000000000000e+02,5.300000000000000000e+01,8.620000000000000000e+02,8.500000000000000000e+01,9.150000000000000000e+02,2.700000000000000000e+01,1.650000000000000000e+02,2.000000000000000000e+01,1.500000000000000000e+01,1.080000000000000000e+02,1.460000000000000000e+02,1.420000000000000000e+02,1.590000000000000000e+02,2.100000000000000000e+02,5.000000000000000000e+01,8.380000000000000000e+02,7.730000000000000000e+02,2.700000000000000000e+01,8.440000000000000000e+02,1.870000000000000000e+02,2.000000000000000000e+02,1.170000000000000000e+02,1.700000000000000000e+02,1.830000000000000000e+02,5.680000000000000000e+02,9.600000000000000000e+01,9.070000000000000000e+02,9.390000000000000000e+02,6.350000000000000000e+02,3.870000000000000000e+02,9.500000000000000000e+01,8.170000000000000000e+02,1.820000000000000000e+02,7.860000000000000000e+02,7.170000000000000000e+02,6.500000000000000000e+01,8.480000000000000000e+02,1.360000000000000000e+02,9.690000000000000000e+02,1.670000000000000000e+02,8.630000000000000000e+02,1.042000000000000000e+03,3.910000000000000000e+02,3.640000000000000000e+02,1.850000000000000000e+02,1.470000000000000000e+02,9.090000000000000000e+02,7.960000000000000000e+02,1.310000000000000000e+02,7.730000000000000000e+02,8.760000000000000000e+02,1.570000000000000000e+02,2.110000000000000000e+02,8.850000000000000000e+02,7.870000000000000000e+02,1.630000000000000000e+02,1.230000000000000000e+02,7.390000000000000000e+02,8.810000000000000000e+02,2.900000000000000000e+01,2.500000000000000000e+01,9.200000000000000000e+01,2.800000000000000000e+01,9.320000000000000000e+02,1.520000000000000000e+02,8.090000000000000000e+02,1.030000000000000000e+02,1.940000000000000000e+02,3.800000000000000000e+01,9.210000000000000000e+02,3.870000000000000000e+02,8.240000000000000000e+02,1.290000000000000000e+02,8.030000000000000000e+02,2.700000000000000000e+01,8.540000000000000000e+02,1.470000000000000000e+02,9.460000000000000000e+02,2.390000000000000000e+02,9.470000000000000000e+02,8.960000000000000000e+02,1.400000000000000000e+01,1.118000000000000000e+03,1.450000000000000000e+02,9.100000000000000000e+02,9.380000000000000000e+02,1.100000000000000000e+02,1.600000000000000000e+01,8.950000000000000000e+02,1.100000000000000000e+01,2.510000000000000000e+02,3.000000000000000000e+00,2.770000000000000000e+02,1.600000000000000000e+02,6.000000000000000000e+01,8.000000000000000000e+01,3.500000000000000000e+01,9.090000000000000000e+02,3.380000000000000000e+02,8.250000000000000000e+02,1.470000000000000000e+02,2.240000000000000000e+02,9.760000000000000000e+02,7.700000000000000000e+02,3.520000000000000000e+02,1.600000000000000000e+01,8.100000000000000000e+01,1.140000000000000000e+02,9.150000000000000000e+02,1.210000000000000000e+02,2.300000000000000000e+02,8.990000000000000000e+02,1.280000000000000000e+02,1.570000000000000000e+02,1.097000000000000000e+03,3.000000000000000000e+01,6.400000000000000000e+01,9.430000000000000000e+02,1.400000000000000000e+01,1.510000000000000000e+02,2.320000000000000000e+02,8.800000000000000000e+02,7.970000000000000000e+02,6.400000000000000000e+01,8.490000000000000000e+02,1.120000000000000000e+02,3.800000000000000000e+01,9.430000000000000000e+02,2.500000000000000000e+01,4.600000000000000000e+01,8.320000000000000000e+02,2.800000000000000000e+01,1.080000000000000000e+02,8.800000000000000000e+01,1.096000000000000000e+03,9.000000000000000000e+02,1.930000000000000000e+02,3.500000000000000000e+01,2.090000000000000000e+02,1.870000000000000000e+02,4.400000000000000000e+02,1.830000000000000000e+02,1.320000000000000000e+02,2.170000000000000000e+02,2.150000000000000000e+02,1.260000000000000000e+02,2.690000000000000000e+02,9.800000000000000000e+01,0.000000000000000000e+00,8.700000000000000000e+02,8.710000000000000000e+02,1.700000000000000000e+02,2.030000000000000000e+02,9.140000000000000000e+02,5.100000000000000000e+01,2.420000000000000000e+02,9.000000000000000000e+02,3.100000000000000000e+01,7.010000000000000000e+02,4.300000000000000000e+01,1.200000000000000000e+01,2.180000000000000000e+02,6.400000000000000000e+01,8.810000000000000000e+02,1.610000000000000000e+02,4.560000000000000000e+02,1.340000000000000000e+02,1.540000000000000000e+02,3.000000000000000000e+00,8.010000000000000000e+02,1.610000000000000000e+02,6.920000000000000000e+02,1.610000000000000000e+02,6.750000000000000000e+02,1.360000000000000000e+02,8.700000000000000000e+02,8.030000000000000000e+02,9.160000000000000000e+02,7.100000000000000000e+02,2.400000000000000000e+01,5.960000000000000000e+02,2.150000000000000000e+02,3.770000000000000000e+02,5.980000000000000000e+02,3.810000000000000000e+02,1.180000000000000000e+02,1.330000000000000000e+02,8.310000000000000000e+02,1.730000000000000000e+02,1.590000000000000000e+02,1.011000000000000000e+03,1.780000000000000000e+02,7.640000000000000000e+02,8.570000000000000000e+02,2.520000000000000000e+02,4.000000000000000000e+00,6.300000000000000000e+01,7.780000000000000000e+02,2.120000000000000000e+02,3.600000000000000000e+02,8.990000000000000000e+02,9.120000000000000000e+02,9.150000000000000000e+02,8.700000000000000000e+02,3.660000000000000000e+02,7.800000000000000000e+01,9.100000000000000000e+02,8.670000000000000000e+02,8.710000000000000000e+02,8.850000000000000000e+02,2.100000000000000000e+01,2.800000000000000000e+01,9.020000000000000000e+02,5.200000000000000000e+01,8.760000000000000000e+02,9.600000000000000000e+01,6.800000000000000000e+01,4.300000000000000000e+01,9.000000000000000000e+00,1.260000000000000000e+02,6.100000000000000000e+01,8.930000000000000000e+02,8.840000000000000000e+02,8.570000000000000000e+02,3.400000000000000000e+01,3.790000000000000000e+02
5.730000000000000000e+02,7.100000000000000000e+02,2.070000000000000000e+02,9.000000000000000000e+01,1.540000000000000000e+02,6.700000000000000000e+01,3.000000000000000000e+00,1.200000000000000000e+01,0.000000000000000000e+00,0.000000000000000000e+00,1.890000000000000000e+02,1.500000000000000000e+02,9.800000000000000000e+01,5.860000000000000000e+02,8.100000000000000000e+01,1.200000000000000000e+01,1.800000000000000000e+01,2.760000000000000000e+02,2.320000000000000000e+02,3.000000000000000000e+00,7.000000000000000000e+01,8.900000000000000000e+01,3.410000000000000000e+02,8.950000000000000000e+02,1.000000000000000000e+00,2.190000000000000000e+02,1.230000000000000000e+02,3.960000000000000000e+02,7.360000000000000000e+02,9.450000000000000000e+02,2.030000000000000000e+02,2.380000000000000000e+02,4.700000000000000000e+01,4.690000000000000000e+02,3.000000000000000000e+00,3.620000000000000000e+02,0.000000000000000000e+00,3.750000000000000000e+02,1.320000000000000000e+02,1.089000000000000000e+03,5.800000000000000000e+01,6.370000000000000000e+02,1.500000000000000000e+01,3.720000000000000000e+02,0.000000000000000000e+00,4.700000000000000000e+01,1.000000000000000000e+00,5.000000000000000000e+00,2.500000000000000000e+01,1.390000000000000000e+02,1.930000000000000000e+02,1.300000000000000000e+01,1.230000000000000000e+02,1.100000000000000000e+01,3.960000000000000000e+02,4.070000000000000000e+02,4.000000000000000000e+00,4.060000000000000000e+02,1.700000000000000000e+02,1.110000000000000000e+02,7.200000000000000000e+01,7.600000000000000000e+01,1.250000000000000000e+02,1.610000000000000000e+02,3.100000000000000000e+01,1.064000000000000000e+03,1.780000000000000000e+02,2.090000000000000000e+02,8.100000000000000000e+01,4.800000000000000000e+01,4.850000000000000000e+02,1.290000000000000000e+02,2.730000000000000000e+02,3.080000000000000000e+02,1.200000000000000000e+01,2.350000000000000000e+02,2.700000000000000000e+01,6.240000000000000000e+02,5.400000000000000000e+01,7.320000000000000000e+02,1.854000000000000000e+03,3.540000000000000000e+02,3.920000000000000000e+02,4.900000000000000000e+01,2.170000000000000000e+02,7.030000000000000000e+02,1.200000000000000000e+02,2.800000000000000000e+01,3.940000000000000000e+02,9.680000000000000000e+02,4.400000000000000000e+01,1.020000000000000000e+02,9.330000000000000000e+02,3.860000000000000000e+02,7.100000000000000000e+01,1.230000000000000000e+02,3.080000000000000000e+02,8.960000000000000000e+02,7.000000000000000000e+00,3.000000000000000000e+00,2.900000000000000000e+01,5.000000000000000000e+00,9.000000000000000000e+02,4.600000000000000000e+01,4.370000000000000000e+02,7.000000000000000000e+00,7.600000000000000000e+01,8.000000000000000000e+00,9.250000000000000000e+02,4.300000000000000000e+02,7.830000000000000000e+02,3.800000000000000000e+01,5.800000000000000000e+02,7.000000000000000000e+00,1.114000000000000000e+03,1.850000000000000000e+02,8.750000000000000000e+02,2.550000000000000000e+02,6.350000000000000000e+02,8.520000000000000000e+02,2.000000000000000000e+00,1.832000000000000000e+03,2.280000000000000000e+02,1.170000000000000000e+03,9.650000000000000000e+02,2.100000000000000000e+01,4.000000000000000000e+00,9.320000000000000000e+02,2.000000000000000000e+00,1.280000000000000000e+02,0.000000000000000000e+00,4.800000000000000000e+01,3.000000000000000000e+01,1.200000000000000000e+01,1.200000000000000000e+01,1.400000000000000000e+01,5.710000000000000000e+02,5.400000000000000000e+01,4.330000000000000000e+02,1.440000000000000000e+02,9.300000000000000000e+01,6.080000000000000000e+02,2.570000000000000000e+02,3.600000000000000000e+02,3.000000000000000000e+00,1.600000000000000000e+01,2.000000000000000000e+01,6.600000000000000000e+02,1.900000000000000000e+01,1.970000000000000000e+02,7.180000000000000000e+02,3.900000000000000000e+01,2.100000000000000000e+02,1.814000000000000000e+03,4.000000000000000000e+00,1.800000000000000000e+01,1.059000000000000000e+03,4.000000000000000000e+00,4.900000000000000000e+01,1.180000000000000000e+02,7.750000000000000000e+02,3.760000000000000000e+02,8.400000000000000000e+01,6.770000000000000000e+02,4.900000000000000000e+01,7.000000000000000000e+00,5.790000000000000000e+02,4.000000000000000000e+00,1.200000000000000000e+01,1.270000000000000000e+02,5.000000000000000000e+00,2.600000000000000000e+01,1.400000000000000000e+01,1.902000000000000000e+03,9.590000000000000000e+02,1.020000000000000000e+02,7.000000000000000000e+00,1.310000000000000000e+02,1.030000000000000000e+02,1.230000000000000000e+02,5.600000000000000000e+01,2.200000000000000000e+01,1.200000000000000000e+02,2.170000000000000000e+02,4.100000000000000000e+01,3.040000000000000000e+02,1.700000000000000000e+01,0.000000000000000000e+00,1.245000000000000000e+03,6.390000000000000000e+02,3.500000000000000000e+01,7.600000000000000000e+01,1.241000000000000000e+03,1.300000000000000000e+01,1.080000000000000000e+02,9.110000000000000000e+02,5.000000000000000000e+00,3.130000000000000000e+02,4.000000000000000000e+00,1.000000000000000000e+00,1.750000000000000000e+02,7.700000000000000000e+01,5.560000000000000000e+02,1.500000000000000000e+01,9.000000000000000000e+01,4.000000000000000000e+01,3.000000000000000000e+01,2.000000000000000000e+00,2.900000000000000000e+02,3.000000000000000000e+01,1.870000000000000000e+02,8.400000000000000000e+01,1.460000000000000000e+02,3.700000000000000000e+01,1.091000000000000000e+03,3.880000000000000000e+02,1.002000000000000000e+03,2.230000000000000000e+02,5.000000000000000000e+00,7.600000000000000000e+01,2.040000000000000000e+02,3.480000000000000000e+02,1.230000000000000000e+02,4.140000000000000000e+02,9.400000000000000000e+01,6.300000000000000000e+01,5.300000000000000000e+02,3.300000000000000000e+01,3.300000000000000000e+01,1.833000000000000000e+03,5.100000000000000000e+01,1.260000000000000000e+02,8.620000000000000000e+02,2.390000000000000000e+02,1.000000000000000000e+00,1.900000000000000000e+01,5.400000000000000000e+02,1.340000000000000000e+02,3.880000000000000000e+02,5.280000000000000000e+02,9.520000000000000000e+02,7.320000000000000000e+02,5.690000000000000000e+02,4.360000000000000000e+02,1.500000000000000000e+01,9.310000000000000000e+02,9.500000000000000000e+02,4.840000000000000000e+02,7.310000000000000000e+02,9.000000000000000000e+00,4.000000000000000000e+00,5.330000000000000000e+02,2.000000000000000000e+01,6.480000000000000000e+02,2.700000000000000000e+01,1.700000000000000000e+01,7.000000000000000000e+00,3.000000000000000000e+00,2.800000000000000000e+01,1.200000000000000000e+01,1.034000000000000000e+03,9.110000000000000000e+02,1.169000000000000000e+03,1.100000000000000000e+01,4.600000000000000000e+02
2.640000000000000000e+02,2.760000000000000000e+02,1.140000000000000000e+02,8.600000000000000000e+01,1.110000000000000000e+02,9.100000000000000000e+01,0.000000000000000000e+00,1.050000000000000000e+02,9.200000000000000000e+01,0.000000000000000000e+00,0.000000000000000000e+00,0.000000000000000000e+00,2.420000000000000000e+02,2.380000000000000000e+02,0.000000000000000000e+00,0.000000000000000000e+00,1.040000000000000000e+02,2.340000000000000000e+02,2.560000000000000000e+02,0.000000000000000000e+00,1.040000000000000000e+02,7.500000000000000000e+01,2.610000000000000000e+02,2.360000000000000000e+02,0.000000000000000000e+00,1.010000000000000000e+02,9.400000000000000000e+01,2.330000000000000000e+02,2.330000000000000000e+02,2.540000000000000000e+02,2.460000000000000000e+02,2.350000000000000000e+02,0.000000000000000000e+00,2.480000000000000000e+02,0.000000000000000000e+00,1.240000000000000000e+02,0.000000000000000000e+00,2.340000000000000000e+02,1.000000000000000000e+02,2.690000000000000000e+02,0.000000000000000000e+00,2.700000000000000000e+02,0.000000000000000000e+00,2.540000000000000000e+02,0.000000000000000000e+00,8.600000000000000000e+01,0.000000000000000000e+00,0.000000000000000000e+00,9.500000000000000000e+01,0.000000000000000000e+00,0.000000000000000000e+00,8.800000000000000000e+01,1.090000000000000000e+02,0.000000000000000000e+00,2.750000000000000000e+02,2.470000000000000000e+02,0.000000000000000000e+00,2.610000000000000000e+02,1.240000000000000000e+02,1.190000000000000000e+02,0.000000000000000000e+00,6.500000000000000000e+01,9.900000000000000000e+01,2.540000000000000000e+02,7.900000000000000000e+01,2.800000000000000000e+02,2.880000000000000000e+02,2.250000000000000000e+02,2.480000000000000000e+02,0.000000000000000000e+00,2.690000000000000000e+02,9.600000000000000000e+01,2.270000000000000000e+02,2.770000000000000000e+02,8.600000000000000000e+01,2.970000000000000000e+02,8.200000000000000000e+01,3.050000000000000000e+02,9.600000000000000000e+01,2.820000000000000000e+02,2.800000000000000000e+02,8.900000000000000000e+01,1.130000000000000000e+02,1.030000000000000000e+02,0.000000000000000000e+00,2.710000000000000000e+02,2.790000000000000000e+02,1.020000000000000000e+02,2.360000000000000000e+02,2.350000000000000000e+02,9.600000000000000000e+01,7.800000000000000000e+01,2.360000000000000000e+02,2.430000000000000000e+02,8.600000000000000000e+01,0.000000000000000000e+00,2.490000000000000000e+02,2.670000000000000000e+02,0.000000000000000000e+00,0.000000000000000000e+00,8.300000000000000000e+01,0.000000000000000000e+00,2.740000000000000000e+02,9.700000000000000000e+01,2.730000000000000000e+02,1.070000000000000000e+02,1.020000000000000000e+02,8.700000000000000000e+01,2.660000000000000000e+02,1.060000000000000000e+02,2.960000000000000000e+02,8.100000000000000000e+01,2.370000000000000000e+02,0.000000000000000000e+00,2.770000000000000000e+02,0.000000000000000000e+00,2.690000000000000000e+02,1.030000000000000000e+02,2.460000000000000000e+02,2.730000000000000000e+02,0.000000000000000000e+00,3.430000000000000000e+02,0.000000000000000000e+00,2.770000000000000000e+02,2.440000000000000000e+02,9.500000000000000000e+01,0.000000000000000000e+00,2.480000000000000000e+02,0.000000000000000000e+00,1.200000000000000000e+02,0.000000000000000000e+00,2.440000000000000000e+02,8.300000000000000000e+01,7.800000000000000000e+01,0.000000000000000000e+00,0.000000000000000000e+00,2.670000000000000000e+02,2.690000000000000000e+02,2.450000000000000000e+02,0.000000000000000000e+00,1.010000000000000000e+02,2.930000000000000000e+02,2.620000000000000000e+02,1.040000000000000000e+02,0.000000000000000000e+00,0.000000000000000000e+00,9.300000000000000000e+01,2.510000000000000000e+02,9.900000000000000000e+01,9.400000000000000000e+01,2.560000000000000000e+02,8.500000000000000000e+01,0.000000000000000000e+00,3.070000000000000000e+02,7.900000000000000000e+01,0.000000000000000000e+00,2.790000000000000000e+02,0.000000000000000000e+00,6.800000000000000000e+01,8.600000000000000000e+01,2.550000000000000000e+02,2.290000000000000000e+02,0.000000000000000000e+00,2.580000000000000000e+02,0.000000000000000000e+00,0.000000000000000000e+00,2.760000000000000000e+02,0.000000000000000000e+00,0.000000000000000000e+00,2.410000000000000000e+02,0.000000000000000000e+00,0.000000000000000000e+00,9.600000000000000000e+01,3.470000000000000000e+02,2.420000000000000000e+02,6.500000000000000000e+01,0.000000000000000000e+00,9.600000000000000000e+01,9.900000000000000000e+01,2.420000000000000000e+02,1.210000000000000000e+02,7.500000000000000000e+01,1.100000000000000000e+02,8.900000000000000000e+01,9.700000000000000000e+01,1.190000000000000000e+02,0.000000000000000000e+00,0.000000000000000000e+00,2.700000000000000000e+02,2.640000000000000000e+02,8.500000000000000000e+01,9.600000000000000000e+01,2.750000000000000000e+02,0.000000000000000000e+00,9.500000000000000000e+01,2.590000000000000000e+02,0.000000000000000000e+00,2.290000000000000000e+02,0.000000000000000000e+00,0.000000000000000000e+00,9.700000000000000000e+01,0.000000000000000000e+00,2.470000000000000000e+02,1.010000000000000000e+02,2.250000000000000000e+02,7.800000000000000000e+01,8.100000000000000000e+01,0.000000000000000000e+00,2.490000000000000000e+02,1.050000000000000000e+02,2.400000000000000000e+02,1.050000000000000000e+02,2.520000000000000000e+02,1.070000000000000000e+02,2.610000000000000000e+02,2.540000000000000000e+02,2.720000000000000000e+02,2.390000000000000000e+02,0.000000000000000000e+00,2.550000000000000000e+02,8.900000000000000000e+01,1.000000000000000000e+02,2.630000000000000000e+02,1.170000000000000000e+02,0.000000000000000000e+00,0.000000000000000000e+00,2.600000000000000000e+02,9.200000000000000000e+01,1.090000000000000000e+02,3.020000000000000000e+02,8.700000000000000000e+01,2.500000000000000000e+02,2.700000000000000000e+02,1.260000000000000000e+02,0.000000000000000000e+00,0.000000000000000000e+00,2.490000000000000000e+02,9.200000000000000000e+01,9.800000000000000000e+01,2.610000000000000000e+02,2.480000000000000000e+02,2.600000000000000000e+02,2.600000000000000000e+02,1.150000000000000000e+02,0.000000000000000000e+00,2.700000000000000000e+02,2.730000000000000000e+02,2.530000000000000000e+02,2.710000000000000000e+02,0.000000000000000000e+00,0.000000000000000000e+00,2.510000000000000000e+02,6.700000000000000000e+01,2.320000000000000000e+02,8.900000000000000000e+01,8.500000000000000000e+01,0.000000000000000000e+00,0.000000000000000000e+00,6.900000000000000000e+01,1.000000000000000000e+02,2.950000000000000000e+02,2.570000000000000000e+02,2.450000000000000000e+02,0.000000000000000000e+00,9.700000000000000000e+01
8.800000000000000000e+01,1.090000000000000000e+02,5.500000000000000000e+01,3.200000000000000000e+01,4.000000000000000000e+01,1.300000000000000000e+01,0.000000000000000000e+00,7.000000000000000000e+00,8.400000000000000000e+01,0.000000000000000000e+00,0.000000000000000000e+00,0.000000000000000000e+00,2.300000000000000000e+01,1.240000000000000000e+02,0.000000000000000000e+00,0.000000000000000000e+00,1.000000000000000000e+01,4.700000000000000000e+01,4.200000000000000000e+01,0.000000000000000000e+00,2.000000000000000000e+01,2.000000000000000000e+01,4.900000000000000000e+01,1.910000000000000000e+02,0.000000000000000000e+00,7.100000000000000000e+01,3.400000000000000000e+01,6.700000000000000000e+01,1.610000000000000000e+02,2.140000000000000000e+02,4.000000000000000000e+01,5.100000000000000000e+01,0.000000000000000000e+00,6.600000000000000000e+01,0.000000000000000000e+00,8.300000000000000000e+01,0.000000000000000000e+00,7.000000000000000000e+01,2.700000000000000000e+01,2.900000000000000000e+02,0.000000000000000000e+00,1.170000000000000000e+02,0.000000000000000000e+00,7.600000000000000000e+01,0.000000000000000000e+00,1.500000000000000000e+01,0.000000000000000000e+00,0.000000000000000000e+00,8.000000000000000000e+00,0.000000000000000000e+00,0.000000000000000000e+00,9.000000000000000000e+00,3.100000000000000000e+01,0.000000000000000000e+00,7.000000000000000000e+01,6.100000000000000000e+01,0.000000000000000000e+00,6.900000000000000000e+01,3.600000000000000000e+01,2.100000000000000000e+01,0.000000000000000000e+00,5.000000000000000000e+00,2.800000000000000000e+01,1.900000000000000000e+01,4.000000000000000000e+00,2.570000000000000000e+02,4.100000000000000000e+01,2.800000000000000000e+01,1.700000000000000000e+01,0.000000000000000000e+00,1.060000000000000000e+02,4.200000000000000000e+01,4.300000000000000000e+01,4.600000000000000000e+01,3.000000000000000000e+00,2.900000000000000000e+01,4.000000000000000000e+00,1.070000000000000000e+02,1.300000000000000000e+01,1.530000000000000000e+02,8.020000000000000000e+02,7.100000000000000000e+01,9.600000000000000000e+01,1.100000000000000000e+01,0.000000000000000000e+00,1.330000000000000000e+02,3.100000000000000000e+01,5.000000000000000000e+00,8.300000000000000000e+01,2.500000000000000000e+02,1.200000000000000000e+01,1.700000000000000000e+01,2.130000000000000000e+02,6.300000000000000000e+01,2.200000000000000000e+01,0.000000000000000000e+00,4.200000000000000000e+01,1.880000000000000000e+02,0.000000000000000000e+00,0.000000000000000000e+00,7.000000000000000000e+00,0.000000000000000000e+00,1.910000000000000000e+02,7.000000000000000000e+00,5.900000000000000000e+01,5.000000000000000000e+00,2.600000000000000000e+01,0.000000000000000000e+00,2.020000000000000000e+02,1.090000000000000000e+02,1.800000000000000000e+02,1.100000000000000000e+01,7.500000000000000000e+01,0.000000000000000000e+00,3.140000000000000000e+02,0.000000000000000000e+00,1.810000000000000000e+02,9.600000000000000000e+01,1.310000000000000000e+02,1.830000000000000000e+02,0.000000000000000000e+00,8.060000000000000000e+02,0.000000000000000000e+00,2.460000000000000000e+02,1.980000000000000000e+02,6.000000000000000000e+00,0.000000000000000000e+00,1.640000000000000000e+02,0.000000000000000000e+00,4.800000000000000000e+01,0.000000000000000000e+00,8.000000000000000000e+00,1.000000000000000000e+01,4.000000000000000000e+00,0.000000000000000000e+00,0.000000000000000000e+00,1.040000000000000000e+02,8.000000000000000000e+00,6.800000000000000000e+01,0.000000000000000000e+00,2.200000000000000000e+01,7.100000000000000000e+01,2.800000000000000000e+01,7.900000000000000000e+01,0.000000000000000000e+00,0.000000000000000000e+00,4.000000000000000000e+00,1.150000000000000000e+02,9.000000000000000000e+00,6.000000000000000000e+01,1.520000000000000000e+02,8.000000000000000000e+00,0.000000000000000000e+00,8.110000000000000000e+02,1.000000000000000000e+00,0.000000000000000000e+00,2.910000000000000000e+02,0.000000000000000000e+00,1.500000000000000000e+01,3.200000000000000000e+01,1.310000000000000000e+02,6.300000000000000000e+01,0.000000000000000000e+00,1.080000000000000000e+02,0.000000000000000000e+00,0.000000000000000000e+00,1.130000000000000000e+02,0.000000000000000000e+00,0.000000000000000000e+00,2.400000000000000000e+01,0.000000000000000000e+00,0.000000000000000000e+00,2.000000000000000000e+00,8.220000000000000000e+02,2.130000000000000000e+02,3.600000000000000000e+01,0.000000000000000000e+00,3.400000000000000000e+01,3.500000000000000000e+01,1.500000000000000000e+01,1.000000000000000000e+01,1.100000000000000000e+01,3.800000000000000000e+01,5.900000000000000000e+01,2.000000000000000000e+01,1.210000000000000000e+02,0.000000000000000000e+00,0.000000000000000000e+00,2.030000000000000000e+02,1.260000000000000000e+02,1.800000000000000000e+01,2.000000000000000000e+01,3.810000000000000000e+02,0.000000000000000000e+00,2.400000000000000000e+01,1.730000000000000000e+02,0.000000000000000000e+00,5.100000000000000000e+01,0.000000000000000000e+00,0.000000000000000000e+00,6.300000000000000000e+01,0.000000000000000000e+00,9.200000000000000000e+01,6.000000000000000000e+00,1.200000000000000000e+01,8.000000000000000000e+00,1.000000000000000000e+01,0.000000000000000000e+00,5.700000000000000000e+01,8.000000000000000000e+00,4.100000000000000000e+01,3.300000000000000000e+01,2.400000000000000000e+01,1.000000000000000000e+01,3.010000000000000000e+02,6.800000000000000000e+01,2.920000000000000000e+02,2.800000000000000000e+01,0.000000000000000000e+00,1.900000000000000000e+01,7.700000000000000000e+01,1.090000000000000000e+02,2.700000000000000000e+01,9.700000000000000000e+01,0.000000000000000000e+00,0.000000000000000000e+00,8.200000000000000000e+01,5.000000000000000000e+00,9.000000000000000000e+00,8.680000000000000000e+02,6.000000000000000000e+00,2.000000000000000000e+01,2.000000000000000000e+02,5.700000000000000000e+01,0.000000000000000000e+00,0.000000000000000000e+00,9.100000000000000000e+01,1.900000000000000000e+01,9.600000000000000000e+01,1.030000000000000000e+02,2.090000000000000000e+02,1.180000000000000000e+02,1.000000000000000000e+02,8.600000000000000000e+01,0.000000000000000000e+00,2.280000000000000000e+02,1.690000000000000000e+02,6.600000000000000000e+01,1.700000000000000000e+02,0.000000000000000000e+00,0.000000000000000000e+00,1.090000000000000000e+02,3.000000000000000000e+00,1.070000000000000000e+02,2.000000000000000000e+00,5.000000000000000000e+00,0.000000000000000000e+00,0.000000000000000000e+00,1.000000000000000000e+01,6.000000000000000000e+00,2.530000000000000000e+02,2.160000000000000000e+02,3.340000000000000000e+02,0.000000000000000000e+00,1.250000000000000000e+02
1.890000000000000000e+02,2.320000000000000000e+02,1.020000000000000000e+02,5.500000000000000000e+01,5.100000000000000000e+01,2.400000000000000000e+01,0.000000000000000000e+00,1.200000000000000000e+01,1.160000000000000000e+02,0.000000000000000000e+00,0.000000000000000000e+00,0.000000000000000000e+00,4.200000000000000000e+01,1.810000000000000000e+02,0.000000000000000000e+00,0.000000000000000000e+00,9.000000000000000000e+00,8.600000000000000000e+01,5.500000000000000000e+01,0.000000000000000000e+00,5.000000000000000000e+01,4.500000000000000000e+01,1.120000000000000000e+02,2.940000000000000000e+02,0.000000000000000000e+00,9.900000000000000000e+01,6.700000000000000000e+01,1.310000000000000000e+02,2.420000000000000000e+02,3.600000000000000000e+02,5.800000000000000000e+01,6.400000000000000000e+01,0.000000000000000000e+00,1.320000000000000000e+02,0.000000000000000000e+00,1.500000000000000000e+02,0.000000000000000000e+00,1.350000000000000000e+02,4.700000000000000000e+01,4.070000000000000000e+02,0.000000000000000000e+00,1.940000000000000000e+02,0.000000000000000000e+00,1.180000000000000000e+02,0.000000000000000000e+00,1.500000000000000000e+01,0.000000000000000000e+00,0.000000000000000000e+00,8.000000000000000000e+00,0.000000000000000000e+00,0.000000000000000000e+00,1.500000000000000000e+01,7.300000000000000000e+01,0.000000000000000000e+00,1.240000000000000000e+02,1.060000000000000000e+02,0.000000000000000000e+00,1.330000000000000000e+02,6.600000000000000000e+01,5.500000000000000000e+01,0.000000000000000000e+00,3.500000000000000000e+01,5.200000000000000000e+01,5.700000000000000000e+01,1.200000000000000000e+01,3.680000000000000000e+02,7.000000000000000000e+01,5.300000000000000000e+01,1.600000000000000000e+01,0.000000000000000000e+00,1.750000000000000000e+02,7.500000000000000000e+01,1.040000000000000000e+02,9.400000000000000000e+01,4.000000000000000000e+00,7.200000000000000000e+01,9.000000000000000000e+00,2.260000000000000000e+02,1.500000000000000000e+01,2.440000000000000000e+02,6.970000000000000000e+02,1.300000000000000000e+02,1.650000000000000000e+02,2.200000000000000000e+01,0.000000000000000000e+00,2.350000000000000000e+02,4.900000000000000000e+01,1.400000000000000000e+01,1.100000000000000000e+02,3.370000000000000000e+02,1.900000000000000000e+01,4.400000000000000000e+01,3.470000000000000000e+02,1.120000000000000000e+02,3.400000000000000000e+01,0.000000000000000000e+00,8.800000000000000000e+01,3.100000000000000000e+02,0.000000000000000000e+00,0.000000000000000000e+00,1.000000000000000000e+01,0.000000000000000000e+00,3.010000000000000000e+02,2.600000000000000000e+01,1.230000000000000000e+02,5.000000000000000000e+00,4.900000000000000000e+01,9.000000000000000000e+00,3.470000000000000000e+02,1.660000000000000000e+02,2.990000000000000000e+02,9.000000000000000000e+00,1.580000000000000000e+02,0.000000000000000000e+00,4.180000000000000000e+02,0.000000000000000000e+00,3.190000000000000000e+02,1.340000000000000000e+02,1.770000000000000000e+02,2.720000000000000000e+02,0.000000000000000000e+00,7.220000000000000000e+02,0.000000000000000000e+00,3.130000000000000000e+02,2.810000000000000000e+02,5.000000000000000000e+00,0.000000000000000000e+00,3.420000000000000000e+02,0.000000000000000000e+00,9.400000000000000000e+01,0.000000000000000000e+00,2.100000000000000000e+01,2.200000000000000000e+01,5.000000000000000000e+00,0.000000000000000000e+00,0.000000000000000000e+00,1.990000000000000000e+02,3.100000000000000000e+01,1.670000000000000000e+02,0.000000000000000000e+00,4.000000000000000000e+01,1.470000000000000000e+02,6.900000000000000000e+01,1.540000000000000000e+02,0.000000000000000000e+00,0.000000000000000000e+00,3.000000000000000000e+00,2.110000000000000000e+02,1.400000000000000000e+01,1.130000000000000000e+02,2.080000000000000000e+02,1.800000000000000000e+01,0.000000000000000000e+00,6.970000000000000000e+02,5.000000000000000000e+00,0.000000000000000000e+00,3.810000000000000000e+02,0.000000000000000000e+00,2.100000000000000000e+01,7.100000000000000000e+01,2.570000000000000000e+02,9.900000000000000000e+01,0.000000000000000000e+00,2.480000000000000000e+02,0.000000000000000000e+00,0.000000000000000000e+00,1.880000000000000000e+02,0.000000000000000000e+00,0.000000000000000000e+00,4.000000000000000000e+01,0.000000000000000000e+00,0.000000000000000000e+00,8.000000000000000000e+00,7.140000000000000000e+02,3.180000000000000000e+02,5.000000000000000000e+01,0.000000000000000000e+00,4.900000000000000000e+01,6.300000000000000000e+01,2.400000000000000000e+01,2.300000000000000000e+01,1.300000000000000000e+01,6.500000000000000000e+01,8.800000000000000000e+01,2.200000000000000000e+01,2.220000000000000000e+02,0.000000000000000000e+00,0.000000000000000000e+00,3.480000000000000000e+02,1.960000000000000000e+02,1.600000000000000000e+01,3.300000000000000000e+01,5.030000000000000000e+02,0.000000000000000000e+00,5.500000000000000000e+01,2.680000000000000000e+02,0.000000000000000000e+00,7.500000000000000000e+01,0.000000000000000000e+00,0.000000000000000000e+00,8.900000000000000000e+01,0.000000000000000000e+00,1.760000000000000000e+02,7.000000000000000000e+00,2.600000000000000000e+01,2.000000000000000000e+01,1.100000000000000000e+01,0.000000000000000000e+00,1.160000000000000000e+02,1.500000000000000000e+01,5.700000000000000000e+01,5.300000000000000000e+01,3.700000000000000000e+01,1.100000000000000000e+01,4.190000000000000000e+02,1.130000000000000000e+02,3.970000000000000000e+02,7.400000000000000000e+01,0.000000000000000000e+00,3.400000000000000000e+01,1.090000000000000000e+02,1.480000000000000000e+02,3.700000000000000000e+01,1.380000000000000000e+02,0.000000000000000000e+00,0.000000000000000000e+00,1.640000000000000000e+02,1.000000000000000000e+01,1.400000000000000000e+01,7.170000000000000000e+02,1.800000000000000000e+01,4.300000000000000000e+01,3.120000000000000000e+02,1.170000000000000000e+02,0.000000000000000000e+00,0.000000000000000000e+00,1.600000000000000000e+02,5.500000000000000000e+01,1.520000000000000000e+02,1.740000000000000000e+02,3.350000000000000000e+02,2.240000000000000000e+02,1.880000000000000000e+02,1.350000000000000000e+02,0.000000000000000000e+00,3.470000000000000000e+02,2.660000000000000000e+02,1.380000000000000000e+02,2.440000000000000000e+02,0.000000000000000000e+00,0.000000000000000000e+00,1.770000000000000000e+02,4.000000000000000000e+00,2.040000000000000000e+02,4.000000000000000000e+00,7.000000000000000000e+00,0.000000000000000000e+00,0.000000000000000000e+00,9.000000000000000000e+00,4.000000000000000000e+00,3.550000000000000000e+02,3.230000000000000000e+02,4.010000000000000000e+02,0.000000000000000000e+00,1.600000000000000000e+02
2.082000000000000000e+03,2.122000000000000000e+03,8.020000000000000000e+02,6.070000000000000000e+02,7.650000000000000000e+02,8.070000000000000000e+02,6.400000000000000000e+01,5.020000000000000000e+02,8.630000000000000000e+02,2.000000000000000000e+00,3.830000000000000000e+02,3.880000000000000000e+02,0.000000000000000000e+00,2.090000000000000000e+03,1.850000000000000000e+02,6.700000000000000000e+01,5.260000000000000000e+02,1.719000000000000000e+03,1.476000000000000000e+03,3.200000000000000000e+01,7.030000000000000000e+02,6.940000000000000000e+02,1.902000000000000000e+03,2.140000000000000000e+03,3.100000000000000000e+01,8.220000000000000000e+02,6.830000000000000000e+02,1.865000000000000000e+03,2.125000000000000000e+03,2.124000000000000000e+03,1.696000000000000000e+03,1.697000000000000000e+03,3.210000000000000000e+02,1.922000000000000000e+03,2.600000000000000000e+01,9.250000000000000000e+02,2.800000000000000000e+01,1.766000000000000000e+03,8.040000000000000000e+02,2.147000000000000000e+03,1.810000000000000000e+02,2.085000000000000000e+03,1.650000000000000000e+02,1.727000000000000000e+03,7.000000000000000000e+01,5.770000000000000000e+02,4.400000000000000000e+01,4.200000000000000000e+01,3.890000000000000000e+02,3.620000000000000000e+02,3.790000000000000000e+02,5.240000000000000000e+02,7.990000000000000000e+02,6.100000000000000000e+01,1.895000000000000000e+03,1.909000000000000000e+03,4.700000000000000000e+01,2.017000000000000000e+03,8.700000000000000000e+02,5.510000000000000000e+02,3.160000000000000000e+02,6.660000000000000000e+02,7.670000000000000000e+02,1.350000000000000000e+03,3.880000000000000000e+02,2.233000000000000000e+03,1.801000000000000000e+03,1.538000000000000000e+03,6.110000000000000000e+02,2.980000000000000000e+02,1.960000000000000000e+03,7.310000000000000000e+02,1.875000000000000000e+03,1.752000000000000000e+03,2.460000000000000000e+02,1.926000000000000000e+03,3.600000000000000000e+02,2.252000000000000000e+03,6.190000000000000000e+02,2.096000000000000000e+03,2.914000000000000000e+03,1.001000000000000000e+03,9.220000000000000000e+02,7.340000000000000000e+02,3.670000000000000000e+02,2.107000000000000000e+03,1.504000000000000000e+03,4.950000000000000000e+02,1.945000000000000000e+03,2.161000000000000000e+03,5.360000000000000000e+02,7.250000000000000000e+02,2.268000000000000000e+03,1.908000000000000000e+03,6.960000000000000000e+02,3.480000000000000000e+02,1.808000000000000000e+03,2.177000000000000000e+03,8.100000000000000000e+01,6.300000000000000000e+01,3.100000000000000000e+02,5.400000000000000000e+01,2.167000000000000000e+03,5.890000000000000000e+02,1.974000000000000000e+03,1.380000000000000000e+02,6.020000000000000000e+02,4.100000000000000000e+01,2.144000000000000000e+03,9.510000000000000000e+02,2.199000000000000000e+03,4.100000000000000000e+02,2.080000000000000000e+03,7.200000000000000000e+01,2.255000000000000000e+03,3.840000000000000000e+02,2.199000000000000000e+03,8.340000000000000000e+02,1.808000000000000000e+03,1.869000000000000000e+03,4.400000000000000000e+01,2.819000000000000000e+03,3.790000000000000000e+02,1.833000000000000000e+03,1.789000000000000000e+03,3.070000000000000000e+02,3.100000000000000000e+01,2.154000000000000000e+03,1.800000000000000000e+01,7.810000000000000000e+02,2.000000000000000000e+00,5.440000000000000000e+02,4.940000000000000000e+02,1.580000000000000000e+02,2.010000000000000000e+02,1.130000000000000000e+02,1.783000000000000000e+03,3.130000000000000000e+02,2.020000000000000000e+03,3.710000000000000000e+02,8.190000000000000000e+02,2.260000000000000000e+03,1.918000000000000000e+03,9.560000000000000000e+02,1.800000000000000000e+01,1.770000000000000000e+02,3.390000000000000000e+02,1.802000000000000000e+03,3.060000000000000000e+02,8.370000000000000000e+02,2.063000000000000000e+03,5.550000000000000000e+02,3.720000000000000000e+02,2.787000000000000000e+03,1.120000000000000000e+02,1.240000000000000000e+02,2.218000000000000000e+03,2.000000000000000000e+01,5.980000000000000000e+02,8.770000000000000000e+02,2.196000000000000000e+03,1.890000000000000000e+03,1.620000000000000000e+02,2.137000000000000000e+03,3.350000000000000000e+02,8.200000000000000000e+01,1.756000000000000000e+03,3.500000000000000000e+01,8.100000000000000000e+01,1.526000000000000000e+03,7.100000000000000000e+01,2.420000000000000000e+02,2.660000000000000000e+02,2.637000000000000000e+03,2.153000000000000000e+03,6.610000000000000000e+02,8.100000000000000000e+01,7.540000000000000000e+02,6.140000000000000000e+02,8.480000000000000000e+02,6.110000000000000000e+02,4.610000000000000000e+02,8.170000000000000000e+02,8.690000000000000000e+02,5.460000000000000000e+02,9.080000000000000000e+02,1.760000000000000000e+02,1.000000000000000000e+00,1.845000000000000000e+03,2.079000000000000000e+03,6.010000000000000000e+02,7.630000000000000000e+02,2.293000000000000000e+03,1.090000000000000000e+02,8.110000000000000000e+02,1.791000000000000000e+03,9.200000000000000000e+01,1.771000000000000000e+03,6.100000000000000000e+01,3.100000000000000000e+01,8.130000000000000000e+02,1.760000000000000000e+02,2.022000000000000000e+03,4.300000000000000000e+02,8.430000000000000000e+02,4.590000000000000000e+02,4.550000000000000000e+02,5.000000000000000000e+00,1.825000000000000000e+03,5.240000000000000000e+02,1.554000000000000000e+03,5.790000000000000000e+02,1.488000000000000000e+03,4.980000000000000000e+02,2.208000000000000000e+03,1.867000000000000000e+03,2.157000000000000000e+03,1.609000000000000000e+03,5.500000000000000000e+01,8.590000000000000000e+02,8.410000000000000000e+02,9.700000000000000000e+02,1.182000000000000000e+03,9.570000000000000000e+02,3.540000000000000000e+02,3.040000000000000000e+02,2.047000000000000000e+03,5.150000000000000000e+02,5.720000000000000000e+02,2.886000000000000000e+03,5.130000000000000000e+02,1.333000000000000000e+03,2.104000000000000000e+03,8.580000000000000000e+02,1.900000000000000000e+01,1.570000000000000000e+02,2.041000000000000000e+03,8.140000000000000000e+02,9.590000000000000000e+02,2.089000000000000000e+03,2.192000000000000000e+03,2.052000000000000000e+03,1.994000000000000000e+03,9.830000000000000000e+02,1.750000000000000000e+02,2.268000000000000000e+03,1.790000000000000000e+03,1.948000000000000000e+03,2.185000000000000000e+03,5.300000000000000000e+01,2.800000000000000000e+01,2.108000000000000000e+03,1.840000000000000000e+02,2.064000000000000000e+03,3.350000000000000000e+02,2.070000000000000000e+02,7.600000000000000000e+01,1.400000000000000000e+01,4.050000000000000000e+02,2.560000000000000000e+02,2.294000000000000000e+03,2.139000000000000000e+03,2.263000000000000000e+03,6.300000000000000000e+01,9.160000000000000000e+02
1.691000000000000000e+03,1.834000000000000000e+03,7.760000000000000000e+02,3.500000000000000000e+02,6.880000000000000000e+02,2.300000000000000000e+02,1.800000000000000000e+01,1.300000000000000000e+02,9.990000000000000000e+02,4.000000000000000000e+00,5.160000000000000000e+02,4.270000000000000000e+02,3.000000000000000000e+02,0.000000000000000000e+00,2.380000000000000000e+02,5.800000000000000000e+01,7.600000000000000000e+01,3.130000000000000000e+02,2.020000000000000000e+02,8.000000000000000000e+00,3.460000000000000000e+02,2.700000000000000000e+02,8.510000000000000000e+02,2.214000000000000000e+03,4.000000000000000000e+00,7.200000000000000000e+02,5.230000000000000000e+02,1.063000000000000000e+03,1.811000000000000000e+03,2.364000000000000000e+03,6.200000000000000000e+02,6.750000000000000000e+02,1.690000000000000000e+02,1.190000000000000000e+03,2.000000000000000000e+00,1.011000000000000000e+03,1.800000000000000000e+01,1.011000000000000000e+03,5.230000000000000000e+02,2.516000000000000000e+03,1.910000000000000000e+02,1.688000000000000000e+03,4.400000000000000000e+01,1.296000000000000000e+03,1.400000000000000000e+01,2.040000000000000000e+02,8.000000000000000000e+00,1.100000000000000000e+01,4.500000000000000000e+01,3.540000000000000000e+02,4.940000000000000000e+02,8.000000000000000000e+01,6.430000000000000000e+02,9.000000000000000000e+00,5.790000000000000000e+02,5.140000000000000000e+02,3.000000000000000000e+00,1.161000000000000000e+03,6.210000000000000000e+02,3.630000000000000000e+02,1.840000000000000000e+02,2.650000000000000000e+02,5.210000000000000000e+02,3.720000000000000000e+02,8.000000000000000000e+01,2.450000000000000000e+03,6.590000000000000000e+02,2.370000000000000000e+02,1.460000000000000000e+02,1.180000000000000000e+02,1.280000000000000000e+03,5.110000000000000000e+02,9.010000000000000000e+02,3.120000000000000000e+02,4.000000000000000000e+00,5.430000000000000000e+02,7.300000000000000000e+01,1.744000000000000000e+03,2.370000000000000000e+02,1.855000000000000000e+03,3.834000000000000000e+03,9.680000000000000000e+02,1.022000000000000000e+03,2.870000000000000000e+02,5.100000000000000000e+02,1.944000000000000000e+03,3.790000000000000000e+02,5.200000000000000000e+01,7.860000000000000000e+02,2.161000000000000000e+03,2.040000000000000000e+02,3.120000000000000000e+02,2.300000000000000000e+03,9.860000000000000000e+02,3.170000000000000000e+02,3.070000000000000000e+02,9.420000000000000000e+02,2.242000000000000000e+03,2.000000000000000000e+01,1.200000000000000000e+01,7.200000000000000000e+01,1.100000000000000000e+01,2.315000000000000000e+03,1.740000000000000000e+02,1.190000000000000000e+03,5.000000000000000000e+01,3.790000000000000000e+02,3.700000000000000000e+01,2.280000000000000000e+03,1.077000000000000000e+03,2.037000000000000000e+03,3.100000000000000000e+01,1.564000000000000000e+03,1.200000000000000000e+01,2.669000000000000000e+03,4.280000000000000000e+02,2.288000000000000000e+03,9.410000000000000000e+02,1.705000000000000000e+03,2.122000000000000000e+03,1.000000000000000000e+01,3.960000000000000000e+03,4.840000000000000000e+02,2.456000000000000000e+03,2.134000000000000000e+03,6.300000000000000000e+01,1.100000000000000000e+01,2.266000000000000000e+03,3.000000000000000000e+00,7.770000000000000000e+02,9.000000000000000000e+00,8.900000000000000000e+01,1.340000000000000000e+02,2.800000000000000000e+01,4.700000000000000000e+01,4.300000000000000000e+01,1.791000000000000000e+03,1.100000000000000000e+02,1.229000000000000000e+03,3.940000000000000000e+02,5.400000000000000000e+02,1.511000000000000000e+03,6.010000000000000000e+02,9.810000000000000000e+02,5.000000000000000000e+00,2.600000000000000000e+01,1.900000000000000000e+01,1.785000000000000000e+03,6.300000000000000000e+01,8.160000000000000000e+02,1.954000000000000000e+03,6.500000000000000000e+01,4.900000000000000000e+02,3.912000000000000000e+03,3.500000000000000000e+01,6.000000000000000000e+00,2.444000000000000000e+03,1.000000000000000000e+00,2.430000000000000000e+02,5.870000000000000000e+02,2.072000000000000000e+03,3.270000000000000000e+02,2.330000000000000000e+02,1.882000000000000000e+03,1.350000000000000000e+02,1.300000000000000000e+01,1.696000000000000000e+03,3.000000000000000000e+00,1.000000000000000000e+01,3.810000000000000000e+02,1.800000000000000000e+01,8.600000000000000000e+01,7.800000000000000000e+01,3.892000000000000000e+03,2.387000000000000000e+03,4.400000000000000000e+02,1.000000000000000000e+01,5.610000000000000000e+02,3.110000000000000000e+02,2.240000000000000000e+02,2.120000000000000000e+02,1.280000000000000000e+02,6.350000000000000000e+02,8.130000000000000000e+02,2.910000000000000000e+02,1.097000000000000000e+03,4.500000000000000000e+01,3.000000000000000000e+00,2.453000000000000000e+03,1.699000000000000000e+03,1.900000000000000000e+02,3.160000000000000000e+02,2.897000000000000000e+03,2.300000000000000000e+01,5.230000000000000000e+02,2.110000000000000000e+03,8.000000000000000000e+00,4.960000000000000000e+02,1.400000000000000000e+01,5.000000000000000000e+00,6.560000000000000000e+02,1.930000000000000000e+02,1.333000000000000000e+03,8.400000000000000000e+01,1.770000000000000000e+02,1.300000000000000000e+02,4.400000000000000000e+01,0.000000000000000000e+00,7.730000000000000000e+02,1.010000000000000000e+02,5.150000000000000000e+02,3.590000000000000000e+02,1.970000000000000000e+02,6.900000000000000000e+01,2.676000000000000000e+03,5.390000000000000000e+02,2.551000000000000000e+03,5.400000000000000000e+02,9.000000000000000000e+00,2.190000000000000000e+02,8.550000000000000000e+02,8.720000000000000000e+02,2.840000000000000000e+02,9.870000000000000000e+02,3.200000000000000000e+02,1.560000000000000000e+02,1.468000000000000000e+03,9.600000000000000000e+01,9.500000000000000000e+01,3.993000000000000000e+03,6.900000000000000000e+01,3.510000000000000000e+02,2.381000000000000000e+03,8.730000000000000000e+02,0.000000000000000000e+00,4.300000000000000000e+01,1.426000000000000000e+03,5.540000000000000000e+02,1.060000000000000000e+03,1.501000000000000000e+03,2.157000000000000000e+03,1.924000000000000000e+03,1.346000000000000000e+03,1.046000000000000000e+03,4.000000000000000000e+01,2.298000000000000000e+03,2.096000000000000000e+03,1.226000000000000000e+03,2.053000000000000000e+03,1.800000000000000000e+01,8.000000000000000000e+00,1.647000000000000000e+03,3.300000000000000000e+01,1.764000000000000000e+03,7.300000000000000000e+01,4.600000000000000000e+01,2.100000000000000000e+01,5.000000000000000000e+00,1.140000000000000000e+02,6.200000000000000000e+01,2.515000000000000000e+03,2.001000000000000000e+03,2.715000000000000000e+03,4.000000000000000000e+00,1.103000000000000000e+03
7.400000000000000000e+01,1.010000000000000000e+02,3.300000000000000000e+01,1.900000000000000000e+01,2.700000000000000000e+01,1.100000000000000000e+01,0.000000000000000000e+00,1.000000000000000000e+01,4.300000000000000000e+01,0.000000000000000000e+00,0.000000000000000000e+00,0.000000000000000000e+00,1.800000000000000000e+01,8.900000000000000000e+01,0.000000000000000000e+00,0.000000000000000000e+00,3.000000000000000000e+00,3.800000000000000000e+01,2.200000000000000000e+01,0.000000000000000000e+00,1.300000000000000000e+01,1.300000000000000000e+01,3.100000000000000000e+01,1.340000000000000000e+02,0.000000000000000000e+00,4.000000000000000000e+01,1.900000000000000000e+01,5.100000000000000000e+01,1.070000000000000000e+02,1.400000000000000000e+02,3.000000000000000000e+01,5.500000000000000000e+01,0.000000000000000000e+00,4.800000000000000000e+01,0.000000000000000000e+00,5.800000000000000000e+01,0.000000000000000000e+00,4.700000000000000000e+01,2.600000000000000000e+01,2.050000000000000000e+02,0.000000000000000000e+00,9.700000000000000000e+01,0.000000000000000000e+00,6.900000000000000000e+01,0.000000000000000000e+00,1.000000000000000000e+01,0.000000000000000000e+00,0.000000000000000000e+00,6.000000000000000000e+00,0.000000000000000000e+00,0.000000000000000000e+00,7.000000000000000000e+00,4.000000000000000000e+01,0.000000000000000000e+00,4.800000000000000000e+01,5.700000000000000000e+01,0.000000000000000000e+00,6.500000000000000000e+01,3.500000000000000000e+01,1.700000000000000000e+01,0.000000000000000000e+00,5.000000000000000000e+00,3.000000000000000000e+01,2.500000000000000000e+01,8.000000000000000000e+00,1.720000000000000000e+02,3.100000000000000000e+01,1.700000000000000000e+01,1.300000000000000000e+01,0.000000000000000000e+00,6.200000000000000000e+01,2.300000000000000000e+01,3.200000000000000000e+01,4.100000000000000000e+01,4.000000000000000000e+00,3.000000000000000000e+01,2.000000000000000000e+00,9.400000000000000000e+01,1.700000000000000000e+01,1.120000000000000000e+02,4.790000000000000000e+02,6.900000000000000000e+01,7.000000000000000000e+01,1.500000000000000000e+01,0.000000000000000000e+00,1.040000000000000000e+02,2.800000000000000000e+01,5.000000000000000000e+00,5.400000000000000000e+01,1.470000000000000000e+02,1.400000000000000000e+01,2.200000000000000000e+01,1.470000000000000000e+02,6.100000000000000000e+01,1.400000000000000000e+01,0.000000000000000000e+00,2.500000000000000000e+01,1.230000000000000000e+02,0.000000000000000000e+00,0.000000000000000000e+00,4.000000000000000000e+00,0.000000000000000000e+00,1.460000000000000000e+02,3.000000000000000000e+00,5.000000000000000000e+01,4.000000000000000000e+00,2.500000000000000000e+01,2.000000000000000000e+00,1.580000000000000000e+02,6.100000000000000000e+01,1.370000000000000000e+02,5.000000000000000000e+00,7.400000000000000000e+01,0.000000000000000000e+00,2.300000000000000000e+02,0.000000000000000000e+00,1.270000000000000000e+02,4.900000000000000000e+01,8.600000000000000000e+01,1.200000000000000000e+02,0.000000000000000000e+00,4.750000000000000000e+02,0.000000000000000000e+00,1.590000000000000000e+02,1.250000000000000000e+02,1.000000000000000000e+01,0.000000000000000000e+00,1.370000000000000000e+02,0.000000000000000000e+00,3.400000000000000000e+01,0.000000000000000000e+00,1.500000000000000000e+01,5.000000000000000000e+00,4.000000000000000000e+00,0.000000000000000000e+00,0.000000000000000000e+00,9.600000000000000000e+01,1.200000000000000000e+01,6.100000000000000000e+01,0.000000000000000000e+00,2.100000000000000000e+01,7.100000000000000000e+01,3.400000000000000000e+01,7.100000000000000000e+01,0.000000000000000000e+00,0.000000000000000000e+00,2.000000000000000000e+00,8.100000000000000000e+01,7.000000000000000000e+00,5.300000000000000000e+01,1.020000000000000000e+02,1.200000000000000000e+01,0.000000000000000000e+00,4.650000000000000000e+02,7.000000000000000000e+00,0.000000000000000000e+00,2.200000000000000000e+02,0.000000000000000000e+00,9.000000000000000000e+00,1.900000000000000000e+01,1.050000000000000000e+02,6.900000000000000000e+01,0.000000000000000000e+00,9.000000000000000000e+01,0.000000000000000000e+00,0.000000000000000000e+00,9.300000000000000000e+01,0.000000000000000000e+00,0.000000000000000000e+00,1.800000000000000000e+01,0.000000000000000000e+00,0.000000000000000000e+00,3.000000000000000000e+00,4.700000000000000000e+02,1.450000000000000000e+02,2.500000000000000000e+01,0.000000000000000000e+00,2.800000000000000000e+01,2.000000000000000000e+01,1.400000000000000000e+01,1.200000000000000000e+01,8.000000000000000000e+00,2.000000000000000000e+01,4.000000000000000000e+01,2.200000000000000000e+01,8.300000000000000000e+01,0.000000000000000000e+00,0.000000000000000000e+00,1.550000000000000000e+02,7.100000000000000000e+01,1.000000000000000000e+01,8.000000000000000000e+00,2.410000000000000000e+02,0.000000000000000000e+00,1.700000000000000000e+01,1.190000000000000000e+02,0.000000000000000000e+00,4.500000000000000000e+01,0.000000000000000000e+00,0.000000000000000000e+00,5.200000000000000000e+01,0.000000000000000000e+00,7.200000000000000000e+01,5.000000000000000000e+00,1.500000000000000000e+01,9.000000000000000000e+00,1.100000000000000000e+01,0.000000000000000000e+00,4.400000000000000000e+01,3.000000000000000000e+00,3.700000000000000000e+01,1.600000000000000000e+01,1.800000000000000000e+01,6.000000000000000000e+00,2.310000000000000000e+02,4.700000000000000000e+01,1.710000000000000000e+02,2.300000000000000000e+01,0.000000000000000000e+00,8.000000000000000000e+00,4.800000000000000000e+01,6.700000000000000000e+01,1.800000000000000000e+01,4.400000000000000000e+01,0.000000000000000000e+00,0.000000000000000000e+00,5.600000000000000000e+01,1.400000000000000000e+01,7.000000000000000000e+00,4.390000000000000000e+02,8.000000000000000000e+00,1.800000000000000000e+01,1.520000000000000000e+02,4.600000000000000000e+01,0.000000000000000000e+00,0.000000000000000000e+00,7.200000000000000000e+01,1.700000000000000000e+01,7.200000000000000000e+01,6.600000000000000000e+01,1.450000000000000000e+02,9.700000000000000000e+01,6.400000000000000000e+01,5.900000000000000000e+01,0.000000000000000000e+00,1.600000000000000000e+02,1.210000000000000000e+02,5.000000000000000000e+01,9.900000000000000000e+01,0.000000000000000000e+00,0.000000000000000000e+00,6.800000000000000000e+01,5.000000000000000000e+00,9.100000000000000000e+01,8.000000000000000000e+00,3.000000000000000000e+00,0.000000000000000000e+00,0.000000000000000000e+00,8.000000000000000000e+00,4.000000000000000000e+00,1.810000000000000000e+02,1.610000000000000000e+02,2.330000000000000000e+02,0.000000000000000000e+00,6.200000000000000000e+01
2.670000000000000000e+02,3.270000000000000000e+02,1.230000000000000000e+02,1.120000000000000000e+02,1.140000000000000000e+02,8.100000000000000000e+01,0.000000000000000000e+00,5.700000000000000000e+01,1.610000000000000000e+02,0.000000000000000000e+00,0.000000000000000000e+00,0.000000000000000000e+00,2.000000000000000000e+02,3.380000000000000000e+02,0.000000000000000000e+00,0.000000000000000000e+00,5.900000000000000000e+01,2.490000000000000000e+02,1.890000000000000000e+02,0.000000000000000000e+00,1.080000000000000000e+02,8.200000000000000000e+01,2.420000000000000000e+02,3.360000000000000000e+02,0.000000000000000000e+00,1.480000000000000000e+02,1.030000000000000000e+02,2.500000000000000000e+02,3.710000000000000000e+02,3.640000000000000000e+02,2.310000000000000000e+02,2.360000000000000000e+02,0.000000000000000000e+00,2.500000000000000000e+02,0.000000000000000000e+00,1.390000000000000000e+02,0.000000000000000000e+00,2.620000000000000000e+02,1.130000000000000000e+02,3.690000000000000000e+02,0.000000000000000000e+00,3.270000000000000000e+02,0.000000000000000000e+00,2.640000000000000000e+02,0.000000000000000000e+00,7.800000000000000000e+01,0.000000000000000000e+00,0.000000000000000000e+00,4.400000000000000000e+01,0.000000000000000000e+00,0.000000000000000000e+00,7.300000000000000000e+01,1.140000000000000000e+02,0.000000000000000000e+00,2.610000000000000000e+02,2.750000000000000000e+02,0.000000000000000000e+00,2.700000000000000000e+02,9.000000000000000000e+01,1.010000000000000000e+02,0.000000000000000000e+00,9.800000000000000000e+01,1.100000000000000000e+02,1.890000000000000000e+02,7.400000000000000000e+01,3.700000000000000000e+02,2.080000000000000000e+02,1.690000000000000000e+02,1.460000000000000000e+02,0.000000000000000000e+00,2.840000000000000000e+02,9.900000000000000000e+01,2.520000000000000000e+02,2.340000000000000000e+02,5.000000000000000000e+01,2.370000000000000000e+02,5.900000000000000000e+01,3.820000000000000000e+02,9.500000000000000000e+01,3.460000000000000000e+02,4.890000000000000000e+02,1.240000000000000000e+02,1.570000000000000000e+02,9.000000000000000000e+01,0.000000000000000000e+00,3.590000000000000000e+02,1.890000000000000000e+02,5.100000000000000000e+01,2.430000000000000000e+02,3.580000000000000000e+02,6.200000000000000000e+01,9.600000000000000000e+01,3.570000000000000000e+02,2.450000000000000000e+02,8.900000000000000000e+01,0.000000000000000000e+00,2.340000000000000000e+02,3.830000000000000000e+02,0.000000000000000000e+00,0.000000000000000000e+00,5.700000000000000000e+01,0.000000000000000000e+00,3.490000000000000000e+02,6.800000000000000000e+01,2.610000000000000000e+02,5.400000000000000000e+01,1.150000000000000000e+02,3.500000000000000000e+01,4.120000000000000000e+02,1.350000000000000000e+02,3.350000000000000000e+02,7.100000000000000000e+01,2.840000000000000000e+02,0.000000000000000000e+00,3.670000000000000000e+02,0.000000000000000000e+00,3.310000000000000000e+02,1.310000000000000000e+02,3.070000000000000000e+02,3.670000000000000000e+02,0.000000000000000000e+00,5.190000000000000000e+02,0.000000000000000000e+00,4.110000000000000000e+02,3.300000000000000000e+02,6.600000000000000000e+01,0.000000000000000000e+00,3.510000000000000000e+02,0.000000000000000000e+00,1.110000000000000000e+02,0.000000000000000000e+00,1.300000000000000000e+02,6.600000000000000000e+01,3.300000000000000000e+01,0.000000000000000000e+00,0.000000000000000000e+00,3.090000000000000000e+02,1.250000000000000000e+02,2.480000000000000000e+02,0.000000000000000000e+00,8.100000000000000000e+01,3.200000000000000000e+02,2.330000000000000000e+02,1.480000000000000000e+02,0.000000000000000000e+00,0.000000000000000000e+00,4.300000000000000000e+01,3.020000000000000000e+02,4.400000000000000000e+01,1.380000000000000000e+02,3.720000000000000000e+02,7.700000000000000000e+01,0.000000000000000000e+00,5.240000000000000000e+02,3.600000000000000000e+01,0.000000000000000000e+00,4.030000000000000000e+02,0.000000000000000000e+00,6.500000000000000000e+01,1.170000000000000000e+02,3.460000000000000000e+02,2.310000000000000000e+02,0.000000000000000000e+00,2.850000000000000000e+02,0.000000000000000000e+00,0.000000000000000000e+00,3.330000000000000000e+02,0.000000000000000000e+00,0.000000000000000000e+00,1.560000000000000000e+02,0.000000000000000000e+00,0.000000000000000000e+00,3.500000000000000000e+01,5.190000000000000000e+02,3.930000000000000000e+02,9.400000000000000000e+01,0.000000000000000000e+00,1.270000000000000000e+02,1.080000000000000000e+02,1.640000000000000000e+02,6.300000000000000000e+01,7.300000000000000000e+01,1.190000000000000000e+02,1.110000000000000000e+02,7.600000000000000000e+01,1.340000000000000000e+02,0.000000000000000000e+00,0.000000000000000000e+00,3.950000000000000000e+02,3.220000000000000000e+02,5.900000000000000000e+01,8.700000000000000000e+01,4.220000000000000000e+02,0.000000000000000000e+00,1.170000000000000000e+02,3.390000000000000000e+02,0.000000000000000000e+00,2.310000000000000000e+02,0.000000000000000000e+00,0.000000000000000000e+00,1.040000000000000000e+02,0.000000000000000000e+00,2.830000000000000000e+02,6.300000000000000000e+01,1.590000000000000000e+02,7.300000000000000000e+01,7.500000000000000000e+01,0.000000000000000000e+00,2.010000000000000000e+02,5.700000000000000000e+01,2.220000000000000000e+02,1.120000000000000000e+02,2.110000000000000000e+02,6.900000000000000000e+01,4.100000000000000000e+02,2.770000000000000000e+02,3.630000000000000000e+02,2.170000000000000000e+02,0.000000000000000000e+00,1.860000000000000000e+02,1.180000000000000000e+02,1.570000000000000000e+02,1.910000000000000000e+02,1.490000000000000000e+02,0.000000000000000000e+00,0.000000000000000000e+00,2.610000000000000000e+02,6.800000000000000000e+01,5.200000000000000000e+01,5.220000000000000000e+02,6.400000000000000000e+01,1.960000000000000000e+02,3.580000000000000000e+02,1.210000000000000000e+02,0.000000000000000000e+00,0.000000000000000000e+00,2.830000000000000000e+02,1.140000000000000000e+02,1.350000000000000000e+02,2.890000000000000000e+02,3.580000000000000000e+02,3.050000000000000000e+02,3.020000000000000000e+02,1.430000000000000000e+02,0.000000000000000000e+00,3.730000000000000000e+02,3.510000000000000000e+02,2.740000000000000000e+02,3.310000000000000000e+02,0.000000000000000000e+00,0.000000000000000000e+00,3.120000000000000000e+02,4.400000000000000000e+01,3.280000000000000000e+02,5.600000000000000000e+01,5.200000000000000000e+01,0.000000000000000000e+00,0.000000000000000000e+00,6.200000000000000000e+01,3.800000000000000000e+01,4.100000000000000000e+02,3.590000000000000000e+02,4.110000000000000000e+02,0.000000000000000000e+00,1.480000000000000000e+02
5.660000000000000000e+02,5.310000000000000000e+02,1.480000000000000000e+02,1.020000000000000000e+02,1.270000000000000000e+02,1.530000000000000000e+02,3.300000000000000000e+01,6.700000000000000000e+01,1.750000000000000000e+02,4.000000000000000000e+00,1.080000000000000000e+02,1.050000000000000000e+02,3.560000000000000000e+02,5.360000000000000000e+02,4.700000000000000000e+01,2.100000000000000000e+01,0.000000000000000000e+00,5.190000000000000000e+02,4.410000000000000000e+02,1.000000000000000000e+01,1.320000000000000000e+02,1.290000000000000000e+02,5.710000000000000000e+02,6.090000000000000000e+02,1.000000000000000000e+00,1.430000000000000000e+02,1.070000000000000000e+02,5.330000000000000000e+02,5.790000000000000000e+02,6.050000000000000000e+02,4.820000000000000000e+02,5.110000000000000000e+02,5.200000000000000000e+01,6.060000000000000000e+02,5.000000000000000000e+00,2.510000000000000000e+02,1.600000000000000000e+01,4.960000000000000000e+02,1.170000000000000000e+02,5.670000000000000000e+02,5.600000000000000000e+01,5.700000000000000000e+02,4.100000000000000000e+01,5.720000000000000000e+02,2.700000000000000000e+01,1.090000000000000000e+02,2.100000000000000000e+01,1.100000000000000000e+01,7.100000000000000000e+01,8.700000000000000000e+01,8.300000000000000000e+01,1.110000000000000000e+02,1.330000000000000000e+02,2.300000000000000000e+01,5.430000000000000000e+02,4.760000000000000000e+02,1.900000000000000000e+01,5.670000000000000000e+02,1.350000000000000000e+02,9.600000000000000000e+01,8.300000000000000000e+01,1.270000000000000000e+02,1.290000000000000000e+02,3.870000000000000000e+02,7.200000000000000000e+01,6.090000000000000000e+02,5.390000000000000000e+02,4.300000000000000000e+02,2.060000000000000000e+02,8.600000000000000000e+01,4.810000000000000000e+02,1.070000000000000000e+02,5.660000000000000000e+02,4.720000000000000000e+02,3.300000000000000000e+01,5.900000000000000000e+02,6.700000000000000000e+01,6.410000000000000000e+02,1.280000000000000000e+02,5.790000000000000000e+02,6.630000000000000000e+02,2.470000000000000000e+02,2.300000000000000000e+02,1.480000000000000000e+02,9.600000000000000000e+01,5.420000000000000000e+02,4.310000000000000000e+02,1.180000000000000000e+02,5.470000000000000000e+02,5.570000000000000000e+02,1.110000000000000000e+02,1.520000000000000000e+02,5.830000000000000000e+02,5.360000000000000000e+02,1.460000000000000000e+02,6.300000000000000000e+01,4.820000000000000000e+02,5.990000000000000000e+02,1.700000000000000000e+01,2.200000000000000000e+01,6.700000000000000000e+01,2.500000000000000000e+01,6.040000000000000000e+02,1.190000000000000000e+02,5.630000000000000000e+02,4.500000000000000000e+01,1.090000000000000000e+02,4.200000000000000000e+01,5.880000000000000000e+02,2.390000000000000000e+02,5.870000000000000000e+02,5.300000000000000000e+01,5.340000000000000000e+02,2.000000000000000000e+01,5.630000000000000000e+02,9.300000000000000000e+01,6.120000000000000000e+02,1.350000000000000000e+02,5.660000000000000000e+02,5.470000000000000000e+02,1.700000000000000000e+01,6.990000000000000000e+02,9.000000000000000000e+01,5.780000000000000000e+02,5.740000000000000000e+02,7.900000000000000000e+01,1.800000000000000000e+01,5.680000000000000000e+02,1.200000000000000000e+01,1.210000000000000000e+02,1.700000000000000000e+01,1.570000000000000000e+02,8.900000000000000000e+01,3.500000000000000000e+01,5.900000000000000000e+01,3.200000000000000000e+01,5.610000000000000000e+02,2.260000000000000000e+02,5.350000000000000000e+02,1.230000000000000000e+02,1.540000000000000000e+02,6.550000000000000000e+02,5.510000000000000000e+02,2.270000000000000000e+02,1.100000000000000000e+01,4.600000000000000000e+01,5.100000000000000000e+01,5.490000000000000000e+02,5.900000000000000000e+01,1.190000000000000000e+02,6.050000000000000000e+02,9.700000000000000000e+01,8.700000000000000000e+01,6.030000000000000000e+02,1.600000000000000000e+01,3.600000000000000000e+01,5.990000000000000000e+02,4.000000000000000000e+00,1.280000000000000000e+02,1.480000000000000000e+02,5.750000000000000000e+02,5.790000000000000000e+02,3.800000000000000000e+01,6.100000000000000000e+02,9.200000000000000000e+01,2.500000000000000000e+01,5.540000000000000000e+02,1.000000000000000000e+01,1.800000000000000000e+01,4.230000000000000000e+02,1.700000000000000000e+01,9.500000000000000000e+01,6.700000000000000000e+01,7.320000000000000000e+02,5.710000000000000000e+02,1.010000000000000000e+02,1.500000000000000000e+01,1.440000000000000000e+02,1.050000000000000000e+02,2.530000000000000000e+02,1.210000000000000000e+02,9.100000000000000000e+01,1.490000000000000000e+02,1.530000000000000000e+02,9.200000000000000000e+01,1.500000000000000000e+02,4.500000000000000000e+01,5.000000000000000000e+00,5.850000000000000000e+02,5.570000000000000000e+02,1.050000000000000000e+02,1.430000000000000000e+02,6.120000000000000000e+02,3.600000000000000000e+01,1.290000000000000000e+02,5.380000000000000000e+02,2.200000000000000000e+01,5.350000000000000000e+02,1.900000000000000000e+01,4.000000000000000000e+00,1.470000000000000000e+02,5.100000000000000000e+01,5.440000000000000000e+02,7.200000000000000000e+01,2.510000000000000000e+02,7.800000000000000000e+01,6.700000000000000000e+01,4.000000000000000000e+00,5.690000000000000000e+02,9.400000000000000000e+01,4.560000000000000000e+02,1.170000000000000000e+02,4.960000000000000000e+02,8.900000000000000000e+01,5.660000000000000000e+02,5.630000000000000000e+02,5.650000000000000000e+02,4.570000000000000000e+02,1.500000000000000000e+01,3.300000000000000000e+02,1.600000000000000000e+02,2.240000000000000000e+02,3.560000000000000000e+02,2.400000000000000000e+02,8.000000000000000000e+01,9.000000000000000000e+01,5.640000000000000000e+02,9.000000000000000000e+01,1.380000000000000000e+02,6.470000000000000000e+02,8.400000000000000000e+01,3.670000000000000000e+02,5.660000000000000000e+02,1.660000000000000000e+02,0.000000000000000000e+00,4.400000000000000000e+01,5.520000000000000000e+02,1.400000000000000000e+02,2.490000000000000000e+02,5.720000000000000000e+02,6.190000000000000000e+02,6.030000000000000000e+02,5.340000000000000000e+02,2.420000000000000000e+02,5.600000000000000000e+01,5.780000000000000000e+02,5.680000000000000000e+02,5.880000000000000000e+02,5.560000000000000000e+02,2.200000000000000000e+01,1.400000000000000000e+01,5.900000000000000000e+02,4.800000000000000000e+01,5.830000000000000000e+02,5.300000000000000000e+01,4.000000000000000000e+01,3.000000000000000000e+01,8.000000000000000000e+00,7.900000000000000000e+01,5.500000000000000000e+01,5.520000000000000000e+02,5.430000000000000000e+02,5.970000000000000000e+02,2.000000000000000000e+01,2.480000000000000000e+02
2.032000000000000000e+03,2.026000000000000000e+03,9.280000000000000000e+02,4.850000000000000000e+02,8.940000000000000000e+02,4.450000000000000000e+02,3.500000000000000000e+01,2.780000000000000000e+02,9.860000000000000000e+02,1.000000000000000000e+00,4.060000000000000000e+02,4.220000000000000000e+02,6.540000000000000000e+02,1.969000000000000000e+03,2.060000000000000000e+02,5.500000000000000000e+01,2.860000000000000000e+02,0.000000000000000000e+00,8.400000000000000000e+02,1.500000000000000000e+01,5.810000000000000000e+02,5.320000000000000000e+02,1.471000000000000000e+03,2.356000000000000000e+03,1.300000000000000000e+01,8.050000000000000000e+02,6.270000000000000000e+02,1.545000000000000000e+03,1.939000000000000000e+03,2.268000000000000000e+03,1.277000000000000000e+03,1.363000000000000000e+03,2.430000000000000000e+02,1.895000000000000000e+03,1.500000000000000000e+01,9.970000000000000000e+02,2.100000000000000000e+01,1.501000000000000000e+03,6.930000000000000000e+02,2.352000000000000000e+03,1.920000000000000000e+02,1.981000000000000000e+03,9.100000000000000000e+01,1.766000000000000000e+03,3.800000000000000000e+01,4.050000000000000000e+02,2.600000000000000000e+01,2.200000000000000000e+01,8.300000000000000000e+01,4.440000000000000000e+02,4.070000000000000000e+02,3.080000000000000000e+02,7.490000000000000000e+02,4.700000000000000000e+01,1.656000000000000000e+03,1.638000000000000000e+03,4.000000000000000000e+00,1.705000000000000000e+03,8.520000000000000000e+02,5.130000000000000000e+02,2.760000000000000000e+02,5.630000000000000000e+02,7.600000000000000000e+02,7.760000000000000000e+02,2.320000000000000000e+02,2.401000000000000000e+03,1.292000000000000000e+03,7.620000000000000000e+02,3.140000000000000000e+02,2.310000000000000000e+02,1.816000000000000000e+03,6.130000000000000000e+02,1.508000000000000000e+03,1.281000000000000000e+03,3.000000000000000000e+01,1.426000000000000000e+03,1.910000000000000000e+02,2.130000000000000000e+03,4.770000000000000000e+02,2.180000000000000000e+03,3.190000000000000000e+03,9.290000000000000000e+02,1.024000000000000000e+03,5.390000000000000000e+02,4.010000000000000000e+02,1.961000000000000000e+03,9.760000000000000000e+02,2.960000000000000000e+02,1.780000000000000000e+03,1.939000000000000000e+03,4.240000000000000000e+02,6.020000000000000000e+02,2.063000000000000000e+03,1.586000000000000000e+03,5.500000000000000000e+02,3.080000000000000000e+02,1.444000000000000000e+03,2.413000000000000000e+03,4.100000000000000000e+01,4.100000000000000000e+01,1.550000000000000000e+02,3.500000000000000000e+01,2.255000000000000000e+03,4.100000000000000000e+02,1.689000000000000000e+03,1.460000000000000000e+02,4.880000000000000000e+02,8.500000000000000000e+01,2.331000000000000000e+03,1.038000000000000000e+03,2.371000000000000000e+03,9.900000000000000000e+01,1.909000000000000000e+03,2.900000000000000000e+01,2.378000000000000000e+03,3.960000000000000000e+02,2.354000000000000000e+03,8.910000000000000000e+02,1.996000000000000000e+03,2.262000000000000000e+03,3.000000000000000000e+01,3.183000000000000000e+03,4.330000000000000000e+02,2.403000000000000000e+03,2.343000000000000000e+03,1.890000000000000000e+02,2.300000000000000000e+01,2.247000000000000000e+03,2.600000000000000000e+01,8.420000000000000000e+02,2.000000000000000000e+01,2.920000000000000000e+02,3.200000000000000000e+02,8.300000000000000000e+01,1.140000000000000000e+02,6.100000000000000000e+01,2.044000000000000000e+03,3.090000000000000000e+02,1.790000000000000000e+03,4.160000000000000000e+02,7.260000000000000000e+02,2.120000000000000000e+03,1.408000000000000000e+03,1.106000000000000000e+03,3.100000000000000000e+01,1.190000000000000000e+02,1.140000000000000000e+02,2.101000000000000000e+03,1.960000000000000000e+02,8.330000000000000000e+02,2.212000000000000000e+03,2.500000000000000000e+02,4.160000000000000000e+02,3.143000000000000000e+03,6.300000000000000000e+01,2.200000000000000000e+01,2.466000000000000000e+03,1.500000000000000000e+01,4.860000000000000000e+02,7.700000000000000000e+02,2.310000000000000000e+03,1.480000000000000000e+03,2.180000000000000000e+02,2.190000000000000000e+03,3.920000000000000000e+02,5.300000000000000000e+01,2.001000000000000000e+03,1.700000000000000000e+01,1.300000000000000000e+01,8.730000000000000000e+02,3.700000000000000000e+01,1.920000000000000000e+02,1.570000000000000000e+02,3.277000000000000000e+03,2.272000000000000000e+03,5.910000000000000000e+02,4.200000000000000000e+01,8.000000000000000000e+02,4.840000000000000000e+02,5.190000000000000000e+02,4.710000000000000000e+02,2.750000000000000000e+02,7.350000000000000000e+02,8.370000000000000000e+02,4.550000000000000000e+02,9.670000000000000000e+02,7.400000000000000000e+01,1.000000000000000000e+01,2.377000000000000000e+03,2.066000000000000000e+03,4.100000000000000000e+02,5.570000000000000000e+02,2.481000000000000000e+03,6.100000000000000000e+01,7.330000000000000000e+02,2.146000000000000000e+03,3.100000000000000000e+01,1.470000000000000000e+03,3.100000000000000000e+01,1.500000000000000000e+01,7.860000000000000000e+02,1.830000000000000000e+02,1.812000000000000000e+03,2.260000000000000000e+02,4.590000000000000000e+02,2.930000000000000000e+02,1.860000000000000000e+02,2.000000000000000000e+00,1.389000000000000000e+03,3.080000000000000000e+02,1.074000000000000000e+03,4.400000000000000000e+02,7.750000000000000000e+02,2.120000000000000000e+02,2.494000000000000000e+03,1.712000000000000000e+03,2.392000000000000000e+03,1.182000000000000000e+03,3.500000000000000000e+01,5.450000000000000000e+02,9.270000000000000000e+02,1.008000000000000000e+03,6.500000000000000000e+02,1.004000000000000000e+03,3.250000000000000000e+02,3.130000000000000000e+02,2.008000000000000000e+03,2.810000000000000000e+02,3.640000000000000000e+02,3.090000000000000000e+03,2.480000000000000000e+02,8.350000000000000000e+02,2.373000000000000000e+03,9.070000000000000000e+02,2.000000000000000000e+00,8.100000000000000000e+01,1.883000000000000000e+03,7.220000000000000000e+02,1.036000000000000000e+03,2.057000000000000000e+03,1.995000000000000000e+03,2.200000000000000000e+03,1.889000000000000000e+03,1.009000000000000000e+03,1.230000000000000000e+02,2.251000000000000000e+03,2.254000000000000000e+03,1.819000000000000000e+03,1.971000000000000000e+03,3.800000000000000000e+01,2.900000000000000000e+01,2.034000000000000000e+03,1.160000000000000000e+02,2.060000000000000000e+03,1.690000000000000000e+02,1.400000000000000000e+02,4.600000000000000000e+01,1.200000000000000000e+01,2.340000000000000000e+02,1.320000000000000000e+02,2.386000000000000000e+03,2.000000000000000000e+03,2.393000000000000000e+03,7.000000000000000000e+00,1.090000000000000000e+03
2.022000000000000000e+03,2.061000000000000000e+03,8.460000000000000000e+02,5.690000000000000000e+02,8.640000000000000000e+02,5.120000000000000000e+02,3.100000000000000000e+01,3.690000000000000000e+02,8.690000000000000000e+02,9.000000000000000000e+00,3.660000000000000000e+02,3.910000000000000000e+02,8.570000000000000000e+02,1.882000000000000000e+03,1.960000000000000000e+02,5.900000000000000000e+01,3.330000000000000000e+02,1.547000000000000000e+03,0.000000000000000000e+00,3.100000000000000000e+01,6.720000000000000000e+02,6.060000000000000000e+02,1.580000000000000000e+03,2.269000000000000000e+03,1.400000000000000000e+01,8.390000000000000000e+02,6.530000000000000000e+02,1.747000000000000000e+03,1.900000000000000000e+03,2.315000000000000000e+03,1.428000000000000000e+03,1.555000000000000000e+03,2.950000000000000000e+02,1.829000000000000000e+03,1.800000000000000000e+01,9.380000000000000000e+02,1.700000000000000000e+01,1.647000000000000000e+03,7.390000000000000000e+02,2.340000000000000000e+03,1.750000000000000000e+02,2.016000000000000000e+03,1.450000000000000000e+02,1.879000000000000000e+03,4.200000000000000000e+01,4.780000000000000000e+02,3.100000000000000000e+01,3.200000000000000000e+01,1.650000000000000000e+02,3.560000000000000000e+02,3.740000000000000000e+02,3.910000000000000000e+02,7.370000000000000000e+02,5.300000000000000000e+01,1.719000000000000000e+03,1.734000000000000000e+03,4.000000000000000000e+00,1.832000000000000000e+03,7.800000000000000000e+02,5.800000000000000000e+02,2.630000000000000000e+02,5.860000000000000000e+02,7.340000000000000000e+02,9.350000000000000000e+02,2.580000000000000000e+02,2.218000000000000000e+03,1.433000000000000000e+03,1.099000000000000000e+03,4.770000000000000000e+02,2.870000000000000000e+02,1.823000000000000000e+03,5.940000000000000000e+02,1.617000000000000000e+03,1.443000000000000000e+03,3.900000000000000000e+01,1.468000000000000000e+03,2.540000000000000000e+02,2.230000000000000000e+03,4.730000000000000000e+02,2.151000000000000000e+03,3.013000000000000000e+03,9.070000000000000000e+02,1.016000000000000000e+03,5.920000000000000000e+02,3.920000000000000000e+02,1.900000000000000000e+03,1.070000000000000000e+03,3.310000000000000000e+02,1.716000000000000000e+03,1.878000000000000000e+03,4.430000000000000000e+02,6.160000000000000000e+02,1.930000000000000000e+03,1.763000000000000000e+03,5.790000000000000000e+02,3.570000000000000000e+02,1.575000000000000000e+03,2.286000000000000000e+03,6.000000000000000000e+01,4.800000000000000000e+01,2.300000000000000000e+02,4.000000000000000000e+01,2.245000000000000000e+03,4.480000000000000000e+02,1.819000000000000000e+03,1.650000000000000000e+02,5.230000000000000000e+02,9.500000000000000000e+01,2.211000000000000000e+03,1.026000000000000000e+03,2.235000000000000000e+03,1.460000000000000000e+02,1.896000000000000000e+03,3.900000000000000000e+01,2.330000000000000000e+03,3.890000000000000000e+02,2.258000000000000000e+03,8.980000000000000000e+02,2.074000000000000000e+03,2.225000000000000000e+03,2.900000000000000000e+01,2.959000000000000000e+03,4.080000000000000000e+02,2.225000000000000000e+03,2.174000000000000000e+03,2.120000000000000000e+02,3.800000000000000000e+01,2.227000000000000000e+03,4.100000000000000000e+01,8.370000000000000000e+02,1.400000000000000000e+01,3.350000000000000000e+02,4.210000000000000000e+02,1.050000000000000000e+02,1.490000000000000000e+02,7.700000000000000000e+01,2.097000000000000000e+03,4.130000000000000000e+02,1.832000000000000000e+03,3.790000000000000000e+02,7.100000000000000000e+02,2.123000000000000000e+03,1.571000000000000000e+03,1.058000000000000000e+03,2.600000000000000000e+01,1.390000000000000000e+02,1.540000000000000000e+02,2.084000000000000000e+03,2.170000000000000000e+02,8.320000000000000000e+02,2.208000000000000000e+03,3.230000000000000000e+02,3.940000000000000000e+02,3.055000000000000000e+03,6.400000000000000000e+01,4.600000000000000000e+01,2.347000000000000000e+03,1.300000000000000000e+01,5.600000000000000000e+02,7.670000000000000000e+02,2.172000000000000000e+03,1.535000000000000000e+03,1.880000000000000000e+02,2.114000000000000000e+03,3.830000000000000000e+02,5.900000000000000000e+01,2.040000000000000000e+03,3.200000000000000000e+01,2.700000000000000000e+01,1.083000000000000000e+03,4.800000000000000000e+01,2.140000000000000000e+02,2.140000000000000000e+02,3.065000000000000000e+03,2.252000000000000000e+03,5.650000000000000000e+02,4.300000000000000000e+01,8.130000000000000000e+02,5.470000000000000000e+02,5.590000000000000000e+02,5.270000000000000000e+02,3.570000000000000000e+02,7.590000000000000000e+02,8.170000000000000000e+02,4.520000000000000000e+02,9.440000000000000000e+02,1.030000000000000000e+02,8.000000000000000000e+00,2.383000000000000000e+03,1.982000000000000000e+03,4.520000000000000000e+02,6.090000000000000000e+02,2.311000000000000000e+03,8.400000000000000000e+01,7.700000000000000000e+02,2.181000000000000000e+03,4.400000000000000000e+01,1.619000000000000000e+03,3.700000000000000000e+01,2.200000000000000000e+01,7.260000000000000000e+02,1.690000000000000000e+02,1.892000000000000000e+03,2.490000000000000000e+02,5.970000000000000000e+02,3.500000000000000000e+02,3.180000000000000000e+02,5.000000000000000000e+00,1.610000000000000000e+03,3.280000000000000000e+02,1.173000000000000000e+03,5.060000000000000000e+02,9.050000000000000000e+02,3.480000000000000000e+02,2.316000000000000000e+03,1.746000000000000000e+03,2.304000000000000000e+03,1.290000000000000000e+03,3.000000000000000000e+01,6.170000000000000000e+02,8.270000000000000000e+02,9.340000000000000000e+02,8.130000000000000000e+02,9.780000000000000000e+02,3.470000000000000000e+02,3.220000000000000000e+02,1.983000000000000000e+03,3.770000000000000000e+02,4.470000000000000000e+02,2.925000000000000000e+03,3.560000000000000000e+02,1.033000000000000000e+03,2.203000000000000000e+03,8.280000000000000000e+02,0.000000000000000000e+00,1.170000000000000000e+02,1.913000000000000000e+03,7.240000000000000000e+02,9.890000000000000000e+02,1.940000000000000000e+03,1.950000000000000000e+03,2.126000000000000000e+03,1.799000000000000000e+03,9.490000000000000000e+02,1.400000000000000000e+02,2.136000000000000000e+03,2.155000000000000000e+03,1.862000000000000000e+03,1.896000000000000000e+03,3.600000000000000000e+01,3.200000000000000000e+01,1.932000000000000000e+03,1.050000000000000000e+02,2.061000000000000000e+03,2.160000000000000000e+02,1.730000000000000000e+02,5.500000000000000000e+01,1.300000000000000000e+01,3.340000000000000000e+02,1.580000000000000000e+02,2.326000000000000000e+03,1.887000000000000000e+03,2.284000000000000000e+03,8.000000000000000000e+00,9.720000000000000000e+02
4.510000000000000000e+02,4.700000000000000000e+02,2.020000000000000000e+02,1.470000000000000000e+02,1.580000000000000000e+02,1.240000000000000000e+02,0.000000000000000000e+00,1.700000000000000000e+02,1.630000000000000000e+02,0.000000000000000000e+00,0.000000000000000000e+00,0.000000000000000000e+00,4.320000000000000000e+02,4.580000000000000000e+02,0.000000000000000000e+00,0.000000000000000000e+00,1.380000000000000000e+02,4.270000000000000000e+02,4.090000000000000000e+02,0.000000000000000000e+00,1.480000000000000000e+02,1.760000000000000000e+02,4.650000000000000000e+02,4.430000000000000000e+02,0.000000000000000000e+00,1.650000000000000000e+02,1.840000000000000000e+02,4.500000000000000000e+02,4.220000000000000000e+02,4.520000000000000000e+02,4.050000000000000000e+02,4.420000000000000000e+02,0.000000000000000000e+00,4.670000000000000000e+02,0.000000000000000000e+00,2.070000000000000000e+02,0.000000000000000000e+00,4.680000000000000000e+02,1.810000000000000000e+02,4.890000000000000000e+02,0.000000000000000000e+00,4.650000000000000000e+02,0.000000000000000000e+00,4.260000000000000000e+02,0.000000000000000000e+00,1.630000000000000000e+02,0.000000000000000000e+00,0.000000000000000000e+00,1.920000000000000000e+02,0.000000000000000000e+00,0.000000000000000000e+00,1.530000000000000000e+02,1.710000000000000000e+02,0.000000000000000000e+00,4.490000000000000000e+02,4.000000000000000000e+02,0.000000000000000000e+00,4.620000000000000000e+02,1.670000000000000000e+02,1.670000000000000000e+02,0.000000000000000000e+00,1.900000000000000000e+02,1.820000000000000000e+02,4.620000000000000000e+02,1.540000000000000000e+02,4.240000000000000000e+02,4.350000000000000000e+02,4.280000000000000000e+02,4.810000000000000000e+02,0.000000000000000000e+00,4.610000000000000000e+02,1.690000000000000000e+02,4.460000000000000000e+02,4.460000000000000000e+02,1.520000000000000000e+02,4.760000000000000000e+02,1.830000000000000000e+02,5.030000000000000000e+02,1.540000000000000000e+02,4.640000000000000000e+02,5.840000000000000000e+02,1.960000000000000000e+02,2.050000000000000000e+02,1.490000000000000000e+02,0.000000000000000000e+00,4.620000000000000000e+02,4.290000000000000000e+02,1.500000000000000000e+02,4.660000000000000000e+02,4.370000000000000000e+02,1.820000000000000000e+02,1.670000000000000000e+02,4.450000000000000000e+02,4.410000000000000000e+02,1.780000000000000000e+02,0.000000000000000000e+00,4.560000000000000000e+02,4.450000000000000000e+02,0.000000000000000000e+00,0.000000000000000000e+00,1.530000000000000000e+02,0.000000000000000000e+00,4.470000000000000000e+02,1.720000000000000000e+02,4.420000000000000000e+02,1.370000000000000000e+02,1.700000000000000000e+02,1.300000000000000000e+02,4.860000000000000000e+02,1.610000000000000000e+02,5.030000000000000000e+02,1.410000000000000000e+02,4.460000000000000000e+02,0.000000000000000000e+00,4.320000000000000000e+02,0.000000000000000000e+00,4.270000000000000000e+02,1.870000000000000000e+02,4.430000000000000000e+02,4.730000000000000000e+02,0.000000000000000000e+00,5.260000000000000000e+02,0.000000000000000000e+00,5.130000000000000000e+02,4.750000000000000000e+02,1.590000000000000000e+02,0.000000000000000000e+00,4.590000000000000000e+02,0.000000000000000000e+00,1.760000000000000000e+02,0.000000000000000000e+00,3.610000000000000000e+02,1.930000000000000000e+02,1.740000000000000000e+02,0.000000000000000000e+00,0.000000000000000000e+00,4.470000000000000000e+02,3.950000000000000000e+02,4.640000000000000000e+02,0.000000000000000000e+00,1.850000000000000000e+02,4.620000000000000000e+02,4.870000000000000000e+02,2.100000000000000000e+02,0.000000000000000000e+00,0.000000000000000000e+00,1.500000000000000000e+02,4.930000000000000000e+02,1.740000000000000000e+02,1.750000000000000000e+02,4.550000000000000000e+02,1.510000000000000000e+02,0.000000000000000000e+00,4.760000000000000000e+02,1.390000000000000000e+02,0.000000000000000000e+00,4.550000000000000000e+02,0.000000000000000000e+00,1.670000000000000000e+02,1.800000000000000000e+02,4.220000000000000000e+02,4.610000000000000000e+02,0.000000000000000000e+00,4.760000000000000000e+02,0.000000000000000000e+00,0.000000000000000000e+00,4.770000000000000000e+02,0.000000000000000000e+00,0.000000000000000000e+00,4.110000000000000000e+02,0.000000000000000000e+00,0.000000000000000000e+00,1.540000000000000000e+02,5.200000000000000000e+02,4.640000000000000000e+02,1.820000000000000000e+02,0.000000000000000000e+00,1.780000000000000000e+02,1.580000000000000000e+02,4.160000000000000000e+02,1.600000000000000000e+02,1.350000000000000000e+02,2.010000000000000000e+02,1.830000000000000000e+02,1.670000000000000000e+02,1.770000000000000000e+02,0.000000000000000000e+00,0.000000000000000000e+00,4.600000000000000000e+02,4.590000000000000000e+02,1.430000000000000000e+02,1.760000000000000000e+02,4.420000000000000000e+02,0.000000000000000000e+00,1.860000000000000000e+02,4.320000000000000000e+02,0.000000000000000000e+00,4.180000000000000000e+02,0.000000000000000000e+00,0.000000000000000000e+00,1.590000000000000000e+02,0.000000000000000000e+00,4.650000000000000000e+02,1.680000000000000000e+02,4.290000000000000000e+02,1.810000000000000000e+02,1.300000000000000000e+02,0.000000000000000000e+00,4.460000000000000000e+02,1.440000000000000000e+02,4.080000000000000000e+02,1.740000000000000000e+02,4.900000000000000000e+02,1.280000000000000000e+02,4.850000000000000000e+02,4.330000000000000000e+02,4.730000000000000000e+02,5.190000000000000000e+02,0.000000000000000000e+00,3.840000000000000000e+02,1.830000000000000000e+02,1.780000000000000000e+02,4.310000000000000000e+02,1.700000000000000000e+02,0.000000000000000000e+00,0.000000000000000000e+00,4.700000000000000000e+02,1.350000000000000000e+02,1.790000000000000000e+02,6.010000000000000000e+02,1.490000000000000000e+02,4.270000000000000000e+02,4.650000000000000000e+02,1.680000000000000000e+02,0.000000000000000000e+00,0.000000000000000000e+00,4.310000000000000000e+02,1.640000000000000000e+02,2.200000000000000000e+02,4.770000000000000000e+02,4.410000000000000000e+02,4.300000000000000000e+02,4.320000000000000000e+02,1.780000000000000000e+02,0.000000000000000000e+00,4.680000000000000000e+02,4.510000000000000000e+02,4.220000000000000000e+02,4.480000000000000000e+02,0.000000000000000000e+00,0.000000000000000000e+00,4.540000000000000000e+02,1.400000000000000000e+02,4.350000000000000000e+02,1.440000000000000000e+02,1.320000000000000000e+02,0.000000000000000000e+00,0.000000000000000000e+00,1.640000000000000000e+02,1.820000000000000000e+02,5.060000000000000000e+02,4.250000000000000000e+02,4.140000000000000000e+02,0.000000000000000000e+00,1.960000000000000000e+02
5.130000000000000000e+02,5.820000000000000000e+02,1.510000000000000000e+02,9.300000000000000000e+01,1.430000000000000000e+02,1.010000000000000000e+02,1.300000000000000000e+01,4.200000000000000000e+01,1.520000000000000000e+02,2.000000000000000000e+00,1.080000000000000000e+02,1.100000000000000000e+02,2.070000000000000000e+02,5.610000000000000000e+02,5.500000000000000000e+01,1.400000000000000000e+01,4.800000000000000000e+01,3.730000000000000000e+02,2.870000000000000000e+02,5.000000000000000000e+00,0.000000000000000000e+00,1.130000000000000000e+02,3.890000000000000000e+02,6.340000000000000000e+02,0.000000000000000000e+00,1.370000000000000000e+02,1.040000000000000000e+02,4.580000000000000000e+02,5.790000000000000000e+02,6.350000000000000000e+02,3.620000000000000000e+02,4.340000000000000000e+02,7.400000000000000000e+01,4.750000000000000000e+02,6.000000000000000000e+00,2.810000000000000000e+02,1.100000000000000000e+01,4.690000000000000000e+02,1.230000000000000000e+02,6.510000000000000000e+02,4.700000000000000000e+01,6.150000000000000000e+02,2.800000000000000000e+01,5.050000000000000000e+02,1.200000000000000000e+01,6.900000000000000000e+01,6.000000000000000000e+00,8.000000000000000000e+00,5.000000000000000000e+01,9.700000000000000000e+01,9.900000000000000000e+01,7.500000000000000000e+01,1.140000000000000000e+02,1.800000000000000000e+01,4.280000000000000000e+02,4.420000000000000000e+02,1.500000000000000000e+01,4.760000000000000000e+02,1.220000000000000000e+02,1.020000000000000000e+02,7.300000000000000000e+01,8.900000000000000000e+01,1.420000000000000000e+02,2.010000000000000000e+02,2.800000000000000000e+01,6.690000000000000000e+02,3.760000000000000000e+02,2.650000000000000000e+02,1.360000000000000000e+02,6.000000000000000000e+01,5.800000000000000000e+02,1.040000000000000000e+02,4.490000000000000000e+02,3.660000000000000000e+02,3.300000000000000000e+01,3.980000000000000000e+02,3.600000000000000000e+01,6.420000000000000000e+02,5.300000000000000000e+01,5.610000000000000000e+02,7.870000000000000000e+02,2.540000000000000000e+02,2.620000000000000000e+02,9.900000000000000000e+01,9.500000000000000000e+01,5.650000000000000000e+02,2.560000000000000000e+02,5.600000000000000000e+01,4.880000000000000000e+02,6.200000000000000000e+02,5.100000000000000000e+01,1.470000000000000000e+02,7.040000000000000000e+02,5.330000000000000000e+02,1.020000000000000000e+02,6.700000000000000000e+01,4.150000000000000000e+02,6.060000000000000000e+02,2.100000000000000000e+01,2.000000000000000000e+00,5.200000000000000000e+01,1.600000000000000000e+01,7.000000000000000000e+02,8.000000000000000000e+01,4.890000000000000000e+02,2.900000000000000000e+01,1.050000000000000000e+02,1.700000000000000000e+01,6.810000000000000000e+02,2.290000000000000000e+02,6.490000000000000000e+02,5.700000000000000000e+01,4.810000000000000000e+02,3.000000000000000000e+00,6.090000000000000000e+02,1.070000000000000000e+02,6.300000000000000000e+02,1.460000000000000000e+02,5.740000000000000000e+02,5.900000000000000000e+02,1.200000000000000000e+01,8.290000000000000000e+02,1.180000000000000000e+02,6.560000000000000000e+02,5.460000000000000000e+02,3.500000000000000000e+01,4.000000000000000000e+00,5.990000000000000000e+02,5.000000000000000000e+00,1.720000000000000000e+02,5.000000000000000000e+00,1.310000000000000000e+02,6.200000000000000000e+01,2.100000000000000000e+01,4.500000000000000000e+01,1.900000000000000000e+01,5.550000000000000000e+02,1.130000000000000000e+02,5.200000000000000000e+02,9.300000000000000000e+01,1.150000000000000000e+02,5.970000000000000000e+02,3.730000000000000000e+02,2.420000000000000000e+02,7.000000000000000000e+00,4.200000000000000000e+01,3.200000000000000000e+01,5.500000000000000000e+02,4.100000000000000000e+01,1.840000000000000000e+02,5.840000000000000000e+02,5.900000000000000000e+01,9.000000000000000000e+01,8.270000000000000000e+02,1.900000000000000000e+01,2.400000000000000000e+01,6.870000000000000000e+02,6.000000000000000000e+00,6.600000000000000000e+01,1.420000000000000000e+02,6.330000000000000000e+02,4.310000000000000000e+02,5.400000000000000000e+01,5.980000000000000000e+02,7.000000000000000000e+01,1.200000000000000000e+01,5.620000000000000000e+02,4.000000000000000000e+00,2.400000000000000000e+01,2.690000000000000000e+02,1.000000000000000000e+00,5.600000000000000000e+01,3.400000000000000000e+01,8.660000000000000000e+02,6.490000000000000000e+02,9.800000000000000000e+01,9.000000000000000000e+00,1.160000000000000000e+02,1.030000000000000000e+02,1.270000000000000000e+02,8.100000000000000000e+01,5.100000000000000000e+01,1.450000000000000000e+02,1.580000000000000000e+02,7.600000000000000000e+01,1.740000000000000000e+02,2.700000000000000000e+01,4.000000000000000000e+00,5.910000000000000000e+02,6.260000000000000000e+02,7.400000000000000000e+01,1.010000000000000000e+02,6.630000000000000000e+02,1.200000000000000000e+01,1.440000000000000000e+02,6.330000000000000000e+02,1.700000000000000000e+01,3.760000000000000000e+02,1.200000000000000000e+01,6.000000000000000000e+00,1.260000000000000000e+02,4.400000000000000000e+01,5.220000000000000000e+02,3.800000000000000000e+01,1.880000000000000000e+02,5.600000000000000000e+01,4.600000000000000000e+01,4.000000000000000000e+00,4.090000000000000000e+02,5.000000000000000000e+01,3.240000000000000000e+02,7.900000000000000000e+01,2.640000000000000000e+02,6.000000000000000000e+01,6.700000000000000000e+02,4.640000000000000000e+02,6.700000000000000000e+02,2.940000000000000000e+02,1.400000000000000000e+01,1.730000000000000000e+02,1.380000000000000000e+02,2.700000000000000000e+02,2.190000000000000000e+02,2.540000000000000000e+02,7.500000000000000000e+01,8.700000000000000000e+01,5.160000000000000000e+02,6.400000000000000000e+01,6.000000000000000000e+01,8.510000000000000000e+02,4.900000000000000000e+01,2.620000000000000000e+02,6.520000000000000000e+02,1.430000000000000000e+02,2.000000000000000000e+00,1.700000000000000000e+01,6.630000000000000000e+02,1.280000000000000000e+02,2.530000000000000000e+02,6.280000000000000000e+02,6.330000000000000000e+02,5.840000000000000000e+02,5.550000000000000000e+02,2.740000000000000000e+02,4.100000000000000000e+01,6.140000000000000000e+02,6.150000000000000000e+02,4.890000000000000000e+02,6.030000000000000000e+02,8.000000000000000000e+00,1.400000000000000000e+01,5.230000000000000000e+02,3.200000000000000000e+01,5.560000000000000000e+02,2.000000000000000000e+01,1.200000000000000000e+01,1.200000000000000000e+01,0.000000000000000000e+00,4.500000000000000000e+01,2.700000000000000000e+01,6.590000000000000000e+02,7.000000000000000000e+02,7.300000000000000000e+02,1.200000000000000000e+01,2.700000000000000000e+02
6.350000000000000000e+02,5.720000000000000000e+02,1.440000000000000000e+02,9.800000000000000000e+01,1.380000000000000000e+02,1.090000000000000000e+02,2.100000000000000000e+01,5.800000000000000000e+01,1.700000000000000000e+02,3.000000000000000000e+00,1.150000000000000000e+02,1.100000000000000000e+02,2.360000000000000000e+02,5.670000000000000000e+02,5.400000000000000000e+01,1.500000000000000000e+01,4.700000000000000000e+01,3.880000000000000000e+02,3.300000000000000000e+02,8.000000000000000000e+00,1.000000000000000000e+02,0.000000000000000000e+00,4.190000000000000000e+02,7.060000000000000000e+02,1.000000000000000000e+00,1.430000000000000000e+02,1.150000000000000000e+02,4.800000000000000000e+02,6.070000000000000000e+02,6.760000000000000000e+02,4.000000000000000000e+02,3.820000000000000000e+02,7.100000000000000000e+01,6.060000000000000000e+02,6.000000000000000000e+00,2.710000000000000000e+02,5.000000000000000000e+00,4.210000000000000000e+02,1.250000000000000000e+02,6.760000000000000000e+02,5.200000000000000000e+01,5.590000000000000000e+02,2.800000000000000000e+01,5.220000000000000000e+02,1.300000000000000000e+01,8.900000000000000000e+01,4.000000000000000000e+00,0.000000000000000000e+00,4.500000000000000000e+01,8.900000000000000000e+01,1.270000000000000000e+02,5.600000000000000000e+01,1.330000000000000000e+02,1.000000000000000000e+01,4.460000000000000000e+02,4.440000000000000000e+02,1.200000000000000000e+01,5.890000000000000000e+02,1.460000000000000000e+02,9.700000000000000000e+01,6.500000000000000000e+01,7.800000000000000000e+01,1.470000000000000000e+02,2.630000000000000000e+02,5.900000000000000000e+01,6.850000000000000000e+02,3.510000000000000000e+02,2.340000000000000000e+02,1.100000000000000000e+02,3.800000000000000000e+01,5.100000000000000000e+02,1.160000000000000000e+02,5.720000000000000000e+02,3.470000000000000000e+02,3.100000000000000000e+01,4.740000000000000000e+02,2.600000000000000000e+01,6.900000000000000000e+02,7.200000000000000000e+01,6.220000000000000000e+02,7.910000000000000000e+02,2.660000000000000000e+02,3.100000000000000000e+02,1.190000000000000000e+02,9.500000000000000000e+01,5.770000000000000000e+02,2.550000000000000000e+02,6.100000000000000000e+01,4.910000000000000000e+02,6.540000000000000000e+02,7.500000000000000000e+01,1.310000000000000000e+02,7.160000000000000000e+02,4.690000000000000000e+02,9.500000000000000000e+01,9.200000000000000000e+01,3.780000000000000000e+02,6.780000000000000000e+02,1.200000000000000000e+01,1.500000000000000000e+01,1.800000000000000000e+01,3.000000000000000000e+00,6.600000000000000000e+02,7.100000000000000000e+01,4.890000000000000000e+02,2.800000000000000000e+01,7.500000000000000000e+01,1.800000000000000000e+01,6.500000000000000000e+02,3.060000000000000000e+02,7.210000000000000000e+02,4.900000000000000000e+01,5.040000000000000000e+02,1.600000000000000000e+01,6.730000000000000000e+02,1.220000000000000000e+02,7.050000000000000000e+02,2.090000000000000000e+02,6.170000000000000000e+02,6.510000000000000000e+02,1.000000000000000000e+00,8.170000000000000000e+02,1.170000000000000000e+02,6.690000000000000000e+02,6.960000000000000000e+02,2.900000000000000000e+01,1.100000000000000000e+01,6.250000000000000000e+02,1.000000000000000000e+01,1.660000000000000000e+02,5.000000000000000000e+00,4.300000000000000000e+01,6.800000000000000000e+01,1.500000000000000000e+01,2.400000000000000000e+01,1.600000000000000000e+01,5.970000000000000000e+02,1.190000000000000000e+02,6.760000000000000000e+02,1.170000000000000000e+02,1.580000000000000000e+02,6.200000000000000000e+02,3.920000000000000000e+02,2.660000000000000000e+02,9.000000000000000000e+00,3.600000000000000000e+01,2.800000000000000000e+01,5.900000000000000000e+02,4.000000000000000000e+01,1.610000000000000000e+02,7.370000000000000000e+02,5.100000000000000000e+01,9.600000000000000000e+01,8.340000000000000000e+02,5.000000000000000000e+00,2.400000000000000000e+01,6.570000000000000000e+02,4.000000000000000000e+00,8.700000000000000000e+01,1.180000000000000000e+02,6.030000000000000000e+02,4.710000000000000000e+02,5.500000000000000000e+01,5.760000000000000000e+02,7.900000000000000000e+01,4.000000000000000000e+00,5.760000000000000000e+02,1.300000000000000000e+01,1.000000000000000000e+01,2.320000000000000000e+02,1.300000000000000000e+01,6.800000000000000000e+01,1.600000000000000000e+01,8.280000000000000000e+02,6.450000000000000000e+02,8.700000000000000000e+01,8.000000000000000000e+00,1.210000000000000000e+02,9.300000000000000000e+01,1.700000000000000000e+02,7.900000000000000000e+01,3.400000000000000000e+01,1.220000000000000000e+02,1.440000000000000000e+02,5.600000000000000000e+01,1.780000000000000000e+02,2.800000000000000000e+01,1.000000000000000000e+00,6.310000000000000000e+02,5.480000000000000000e+02,5.700000000000000000e+01,1.040000000000000000e+02,6.750000000000000000e+02,1.300000000000000000e+01,1.390000000000000000e+02,7.010000000000000000e+02,1.000000000000000000e+01,3.710000000000000000e+02,1.600000000000000000e+01,7.000000000000000000e+00,1.220000000000000000e+02,5.100000000000000000e+01,4.990000000000000000e+02,5.000000000000000000e+01,1.630000000000000000e+02,5.100000000000000000e+01,3.600000000000000000e+01,3.000000000000000000e+00,4.870000000000000000e+02,7.200000000000000000e+01,2.970000000000000000e+02,9.200000000000000000e+01,2.660000000000000000e+02,4.500000000000000000e+01,6.710000000000000000e+02,4.440000000000000000e+02,6.570000000000000000e+02,2.960000000000000000e+02,1.400000000000000000e+01,1.720000000000000000e+02,1.920000000000000000e+02,2.580000000000000000e+02,1.610000000000000000e+02,2.670000000000000000e+02,9.300000000000000000e+01,8.500000000000000000e+01,6.130000000000000000e+02,5.000000000000000000e+01,7.000000000000000000e+01,8.010000000000000000e+02,5.400000000000000000e+01,2.570000000000000000e+02,6.770000000000000000e+02,1.830000000000000000e+02,3.000000000000000000e+00,3.200000000000000000e+01,5.590000000000000000e+02,1.130000000000000000e+02,2.870000000000000000e+02,5.760000000000000000e+02,6.390000000000000000e+02,5.860000000000000000e+02,5.670000000000000000e+02,2.940000000000000000e+02,3.300000000000000000e+01,6.690000000000000000e+02,6.390000000000000000e+02,6.170000000000000000e+02,6.130000000000000000e+02,6.000000000000000000e+00,1.300000000000000000e+01,6.420000000000000000e+02,1.300000000000000000e+01,5.750000000000000000e+02,3.100000000000000000e+01,2.400000000000000000e+01,1.900000000000000000e+01,2.000000000000000000e+00,4.100000000000000000e+01,2.700000000000000000e+01,7.520000000000000000e+02,7.020000000000000000e+02,6.550000000000000000e+02,6.000000000000000000e+00,2.730000000000000000e+02
1.914000000000000000e+03,1.741000000000000000e+03,9.130000000000000000e+02,5.510000000000000000e+02,7.280000000000000000e+02,4.310000000000000000e+02,4.600000000000000000e+01,2.730000000000000000e+02,8.940000000000000000e+02,2.000000000000000000e+00,4.280000000000000000e+02,3.900000000000000000e+02,5.570000000000000000e+02,1.982000000000000000e+03,1.930000000000000000e+02,7.200000000000000000e+01,2.070000000000000000e+02,1.161000000000000000e+03,1.024000000000000000e+03,3.000000000000000000e+00,5.720000000000000000e+02,4.770000000000000000e+02,0.000000000000000000e+00,2.175000000000000000e+03,3.000000000000000000e+00,8.290000000000000000e+02,5.250000000000000000e+02,1.467000000000000000e+03,2.101000000000000000e+03,1.985000000000000000e+03,1.124000000000000000e+03,1.098000000000000000e+03,2.720000000000000000e+02,1.674000000000000000e+03,2.700000000000000000e+01,1.029000000000000000e+03,2.800000000000000000e+01,1.425000000000000000e+03,6.050000000000000000e+02,1.885000000000000000e+03,1.810000000000000000e+02,1.948000000000000000e+03,5.200000000000000000e+01,1.820000000000000000e+03,3.100000000000000000e+01,3.120000000000000000e+02,0.000000000000000000e+00,1.600000000000000000e+01,1.970000000000000000e+02,3.820000000000000000e+02,4.020000000000000000e+02,3.290000000000000000e+02,6.870000000000000000e+02,1.400000000000000000e+01,1.534000000000000000e+03,1.567000000000000000e+03,2.100000000000000000e+01,1.632000000000000000e+03,9.360000000000000000e+02,4.130000000000000000e+02,2.860000000000000000e+02,5.480000000000000000e+02,6.700000000000000000e+02,7.120000000000000000e+02,2.060000000000000000e+02,2.293000000000000000e+03,1.170000000000000000e+03,8.610000000000000000e+02,7.900000000000000000e+01,1.940000000000000000e+02,1.668000000000000000e+03,6.010000000000000000e+02,1.416000000000000000e+03,1.253000000000000000e+03,1.040000000000000000e+02,1.395000000000000000e+03,1.930000000000000000e+02,2.107000000000000000e+03,4.090000000000000000e+02,1.934000000000000000e+03,3.052000000000000000e+03,9.800000000000000000e+02,9.310000000000000000e+02,5.750000000000000000e+02,3.880000000000000000e+02,2.028000000000000000e+03,7.990000000000000000e+02,2.380000000000000000e+02,1.648000000000000000e+03,2.244000000000000000e+03,3.620000000000000000e+02,5.170000000000000000e+02,2.227000000000000000e+03,1.442000000000000000e+03,4.790000000000000000e+02,3.430000000000000000e+02,1.058000000000000000e+03,1.863000000000000000e+03,1.600000000000000000e+01,1.900000000000000000e+01,1.770000000000000000e+02,3.300000000000000000e+01,2.144000000000000000e+03,3.510000000000000000e+02,1.688000000000000000e+03,1.370000000000000000e+02,3.840000000000000000e+02,6.800000000000000000e+01,2.196000000000000000e+03,9.960000000000000000e+02,2.178000000000000000e+03,2.620000000000000000e+02,1.869000000000000000e+03,2.400000000000000000e+01,2.374000000000000000e+03,3.580000000000000000e+02,2.172000000000000000e+03,8.220000000000000000e+02,2.012000000000000000e+03,2.116000000000000000e+03,2.500000000000000000e+01,3.029000000000000000e+03,4.600000000000000000e+02,2.253000000000000000e+03,2.173000000000000000e+03,1.660000000000000000e+02,0.000000000000000000e+00,1.912000000000000000e+03,1.800000000000000000e+01,7.680000000000000000e+02,1.600000000000000000e+01,2.610000000000000000e+02,2.500000000000000000e+02,5.000000000000000000e+00,1.080000000000000000e+02,5.800000000000000000e+01,1.927000000000000000e+03,2.770000000000000000e+02,1.698000000000000000e+03,4.030000000000000000e+02,6.980000000000000000e+02,1.919000000000000000e+03,1.434000000000000000e+03,1.000000000000000000e+03,1.900000000000000000e+01,1.030000000000000000e+02,1.120000000000000000e+02,1.940000000000000000e+03,1.520000000000000000e+02,8.350000000000000000e+02,2.054000000000000000e+03,2.600000000000000000e+02,3.830000000000000000e+02,2.998000000000000000e+03,6.500000000000000000e+01,6.600000000000000000e+01,2.179000000000000000e+03,1.200000000000000000e+01,4.300000000000000000e+02,7.690000000000000000e+02,2.084000000000000000e+03,1.522000000000000000e+03,1.840000000000000000e+02,1.891000000000000000e+03,2.680000000000000000e+02,3.800000000000000000e+01,2.014000000000000000e+03,1.200000000000000000e+01,3.300000000000000000e+01,7.550000000000000000e+02,3.100000000000000000e+01,1.720000000000000000e+02,1.270000000000000000e+02,3.102000000000000000e+03,2.196000000000000000e+03,5.270000000000000000e+02,3.500000000000000000e+01,7.280000000000000000e+02,5.210000000000000000e+02,4.510000000000000000e+02,3.730000000000000000e+02,2.650000000000000000e+02,7.200000000000000000e+02,8.240000000000000000e+02,4.250000000000000000e+02,9.450000000000000000e+02,6.400000000000000000e+01,1.000000000000000000e+00,2.211000000000000000e+03,1.878000000000000000e+03,3.660000000000000000e+02,6.020000000000000000e+02,2.364000000000000000e+03,4.600000000000000000e+01,7.390000000000000000e+02,2.095000000000000000e+03,4.700000000000000000e+01,1.259000000000000000e+03,2.700000000000000000e+01,1.100000000000000000e+01,6.920000000000000000e+02,1.800000000000000000e+02,1.873000000000000000e+03,1.860000000000000000e+02,1.330000000000000000e+02,1.350000000000000000e+02,2.360000000000000000e+02,1.000000000000000000e+00,1.358000000000000000e+03,2.880000000000000000e+02,9.480000000000000000e+02,4.700000000000000000e+02,8.700000000000000000e+02,2.810000000000000000e+02,1.946000000000000000e+03,1.513000000000000000e+03,2.241000000000000000e+03,7.910000000000000000e+02,2.000000000000000000e+00,4.700000000000000000e+02,8.490000000000000000e+02,9.960000000000000000e+02,6.310000000000000000e+02,9.630000000000000000e+02,3.510000000000000000e+02,3.270000000000000000e+02,1.966000000000000000e+03,3.060000000000000000e+02,3.370000000000000000e+02,3.077000000000000000e+03,2.660000000000000000e+02,7.700000000000000000e+02,2.218000000000000000e+03,9.700000000000000000e+02,6.000000000000000000e+00,7.500000000000000000e+01,1.755000000000000000e+03,7.380000000000000000e+02,9.830000000000000000e+02,1.790000000000000000e+03,2.296000000000000000e+03,1.824000000000000000e+03,1.872000000000000000e+03,9.030000000000000000e+02,1.110000000000000000e+02,1.871000000000000000e+03,2.181000000000000000e+03,1.761000000000000000e+03,2.095000000000000000e+03,2.200000000000000000e+01,2.600000000000000000e+01,1.860000000000000000e+03,9.500000000000000000e+01,1.630000000000000000e+03,1.380000000000000000e+02,9.800000000000000000e+01,4.400000000000000000e+01,1.200000000000000000e+01,8.500000000000000000e+01,6.100000000000000000e+01,2.206000000000000000e+03,2.179000000000000000e+03,2.316000000000000000e+03,3.000000000000000000e+01,9.780000000000000000e+02
4.580000000000000000e+02,8.690000000000000000e+02,3.950000000000000000e+02,1.670000000000000000e+02,2.630000000000000000e+02,6.400000000000000000e+01,2.000000000000000000e+00,2.800000000000000000e+01,5.560000000000000000e+02,1.000000000000000000e+00,3.920000000000000000e+02,2.290000000000000000e+02,5.900000000000000000e+01,8.070000000000000000e+02,1.290000000000000000e+02,4.400000000000000000e+01,1.300000000000000000e+01,2.280000000000000000e+02,1.860000000000000000e+02,1.000000000000000000e+00,1.190000000000000000e+02,6.800000000000000000e+01,3.220000000000000000e+02,0.000000000000000000e+00,0.000000000000000000e+00,4.480000000000000000e+02,2.410000000000000000e+02,4.130000000000000000e+02,1.032000000000000000e+03,1.352000000000000000e+03,1.880000000000000000e+02,2.310000000000000000e+02,6.000000000000000000e+01,2.100000000000000000e+02,2.000000000000000000e+00,5.490000000000000000e+02,0.000000000000000000e+00,3.810000000000000000e+02,2.050000000000000000e+02,1.660000000000000000e+03,9.600000000000000000e+01,7.920000000000000000e+02,1.500000000000000000e+01,4.810000000000000000e+02,0.000000000000000000e+00,6.300000000000000000e+01,1.000000000000000000e+00,0.000000000000000000e+00,3.200000000000000000e+01,1.680000000000000000e+02,3.060000000000000000e+02,1.300000000000000000e+01,1.470000000000000000e+02,3.000000000000000000e+00,4.400000000000000000e+02,4.230000000000000000e+02,6.000000000000000000e+00,1.960000000000000000e+02,3.490000000000000000e+02,1.900000000000000000e+02,5.000000000000000000e+01,8.800000000000000000e+01,2.040000000000000000e+02,1.080000000000000000e+02,3.100000000000000000e+01,1.383000000000000000e+03,1.940000000000000000e+02,1.480000000000000000e+02,3.600000000000000000e+01,2.500000000000000000e+01,5.430000000000000000e+02,3.080000000000000000e+02,1.240000000000000000e+02,2.610000000000000000e+02,1.800000000000000000e+01,1.380000000000000000e+02,6.000000000000000000e+00,8.750000000000000000e+02,7.400000000000000000e+01,9.370000000000000000e+02,3.269000000000000000e+03,4.590000000000000000e+02,5.860000000000000000e+02,5.800000000000000000e+01,3.100000000000000000e+02,8.850000000000000000e+02,1.050000000000000000e+02,1.200000000000000000e+01,4.100000000000000000e+02,1.397000000000000000e+03,6.200000000000000000e+01,1.090000000000000000e+02,1.406000000000000000e+03,3.870000000000000000e+02,1.210000000000000000e+02,1.330000000000000000e+02,3.010000000000000000e+02,1.362000000000000000e+03,4.000000000000000000e+00,3.000000000000000000e+00,8.000000000000000000e+00,1.000000000000000000e+00,1.213000000000000000e+03,6.500000000000000000e+01,4.330000000000000000e+02,1.700000000000000000e+01,1.490000000000000000e+02,4.000000000000000000e+00,1.287000000000000000e+03,5.970000000000000000e+02,8.150000000000000000e+02,4.200000000000000000e+01,6.510000000000000000e+02,3.000000000000000000e+00,1.444000000000000000e+03,3.350000000000000000e+02,1.304000000000000000e+03,5.820000000000000000e+02,7.440000000000000000e+02,1.063000000000000000e+03,0.000000000000000000e+00,3.248000000000000000e+03,3.220000000000000000e+02,1.454000000000000000e+03,1.257000000000000000e+03,1.400000000000000000e+01,1.000000000000000000e+00,1.360000000000000000e+03,4.000000000000000000e+00,3.790000000000000000e+02,0.000000000000000000e+00,2.000000000000000000e+00,3.900000000000000000e+01,7.000000000000000000e+00,8.000000000000000000e+00,4.000000000000000000e+00,7.350000000000000000e+02,3.000000000000000000e+01,2.730000000000000000e+02,2.070000000000000000e+02,1.680000000000000000e+02,6.650000000000000000e+02,1.580000000000000000e+02,5.770000000000000000e+02,4.000000000000000000e+00,1.600000000000000000e+01,4.000000000000000000e+00,7.160000000000000000e+02,1.700000000000000000e+01,4.430000000000000000e+02,6.820000000000000000e+02,5.200000000000000000e+01,3.400000000000000000e+02,3.240000000000000000e+03,0.000000000000000000e+00,5.000000000000000000e+00,1.626000000000000000e+03,0.000000000000000000e+00,3.200000000000000000e+01,2.640000000000000000e+02,1.033000000000000000e+03,3.930000000000000000e+02,1.510000000000000000e+02,9.640000000000000000e+02,6.900000000000000000e+01,1.000000000000000000e+00,7.270000000000000000e+02,4.000000000000000000e+00,2.000000000000000000e+00,1.190000000000000000e+02,1.000000000000000000e+00,2.000000000000000000e+01,3.000000000000000000e+00,3.245000000000000000e+03,1.337000000000000000e+03,1.870000000000000000e+02,4.000000000000000000e+00,2.290000000000000000e+02,1.710000000000000000e+02,5.200000000000000000e+01,2.000000000000000000e+01,1.700000000000000000e+01,2.810000000000000000e+02,3.580000000000000000e+02,1.160000000000000000e+02,7.290000000000000000e+02,4.000000000000000000e+00,0.000000000000000000e+00,1.385000000000000000e+03,7.440000000000000000e+02,1.600000000000000000e+01,7.300000000000000000e+01,1.846000000000000000e+03,6.000000000000000000e+00,2.220000000000000000e+02,1.103000000000000000e+03,0.000000000000000000e+00,2.650000000000000000e+02,5.000000000000000000e+00,1.000000000000000000e+00,3.480000000000000000e+02,1.470000000000000000e+02,6.770000000000000000e+02,1.800000000000000000e+01,6.300000000000000000e+01,3.600000000000000000e+01,3.200000000000000000e+01,0.000000000000000000e+00,8.300000000000000000e+01,4.500000000000000000e+01,3.900000000000000000e+01,1.990000000000000000e+02,4.300000000000000000e+01,4.900000000000000000e+01,1.592000000000000000e+03,3.820000000000000000e+02,1.468000000000000000e+03,1.650000000000000000e+02,1.000000000000000000e+00,3.800000000000000000e+01,5.720000000000000000e+02,5.380000000000000000e+02,2.100000000000000000e+01,5.080000000000000000e+02,1.190000000000000000e+02,1.010000000000000000e+02,6.280000000000000000e+02,4.900000000000000000e+01,1.600000000000000000e+01,3.329000000000000000e+03,5.500000000000000000e+01,8.000000000000000000e+01,1.378000000000000000e+03,4.720000000000000000e+02,2.000000000000000000e+00,1.500000000000000000e+01,5.810000000000000000e+02,2.200000000000000000e+02,6.080000000000000000e+02,6.170000000000000000e+02,1.418000000000000000e+03,9.960000000000000000e+02,6.710000000000000000e+02,5.760000000000000000e+02,6.000000000000000000e+00,1.289000000000000000e+03,1.174000000000000000e+03,2.280000000000000000e+02,1.067000000000000000e+03,6.000000000000000000e+00,0.000000000000000000e+00,3.690000000000000000e+02,4.000000000000000000e+00,8.600000000000000000e+02,2.300000000000000000e+01,7.000000000000000000e+00,3.000000000000000000e+00,4.000000000000000000e+00,2.800000000000000000e+01,4.000000000000000000e+00,1.198000000000000000e+03,1.383000000000000000e+03,1.669000000000000000e+03,5.000000000000000000e+00,6.770000000000000000e+02
2.120000000000000000e+02,2.150000000000000000e+02,9.300000000000000000e+01,8.200000000000000000e+01,8.000000000000000000e+01,8.800000000000000000e+01,0.000000000000000000e+00,7.000000000000000000e+01,8.500000000000000000e+01,0.000000000000000000e+00,0.000000000000000000e+00,0.000000000000000000e+00,2.060000000000000000e+02,2.000000000000000000e+02,0.000000000000000000e+00,0.000000000000000000e+00,7.100000000000000000e+01,2.180000000000000000e+02,2.100000000000000000e+02,0.000000000000000000e+00,8.300000000000000000e+01,8.900000000000000000e+01,2.180000000000000000e+02,2.280000000000000000e+02,0.000000000000000000e+00,8.300000000000000000e+01,7.600000000000000000e+01,2.250000000000000000e+02,2.330000000000000000e+02,2.260000000000000000e+02,2.010000000000000000e+02,2.160000000000000000e+02,0.000000000000000000e+00,2.160000000000000000e+02,0.000000000000000000e+00,8.600000000000000000e+01,0.000000000000000000e+00,1.740000000000000000e+02,7.500000000000000000e+01,2.470000000000000000e+02,0.000000000000000000e+00,2.120000000000000000e+02,0.000000000000000000e+00,2.220000000000000000e+02,0.000000000000000000e+00,6.100000000000000000e+01,0.000000000000000000e+00,0.000000000000000000e+00,7.100000000000000000e+01,0.000000000000000000e+00,0.000000000000000000e+00,7.900000000000000000e+01,9.800000000000000000e+01,0.000000000000000000e+00,1.990000000000000000e+02,2.180000000000000000e+02,0.000000000000000000e+00,2.290000000000000000e+02,8.900000000000000000e+01,8.000000000000000000e+01,0.000000000000000000e+00,8.100000000000000000e+01,8.900000000000000000e+01,1.880000000000000000e+02,7.900000000000000000e+01,2.000000000000000000e+02,1.840000000000000000e+02,2.380000000000000000e+02,1.860000000000000000e+02,0.000000000000000000e+00,1.970000000000000000e+02,8.200000000000000000e+01,2.250000000000000000e+02,2.170000000000000000e+02,5.300000000000000000e+01,2.200000000000000000e+02,8.800000000000000000e+01,2.430000000000000000e+02,7.700000000000000000e+01,2.510000000000000000e+02,2.580000000000000000e+02,8.200000000000000000e+01,7.900000000000000000e+01,7.700000000000000000e+01,0.000000000000000000e+00,2.310000000000000000e+02,2.140000000000000000e+02,9.500000000000000000e+01,2.080000000000000000e+02,2.530000000000000000e+02,7.100000000000000000e+01,9.300000000000000000e+01,2.300000000000000000e+02,2.060000000000000000e+02,7.700000000000000000e+01,0.000000000000000000e+00,1.960000000000000000e+02,1.980000000000000000e+02,0.000000000000000000e+00,0.000000000000000000e+00,8.500000000000000000e+01,0.000000000000000000e+00,2.260000000000000000e+02,6.900000000000000000e+01,2.060000000000000000e+02,7.800000000000000000e+01,8.900000000000000000e+01,7.600000000000000000e+01,2.150000000000000000e+02,9.300000000000000000e+01,2.220000000000000000e+02,7.800000000000000000e+01,2.020000000000000000e+02,0.000000000000000000e+00,2.340000000000000000e+02,0.000000000000000000e+00,2.350000000000000000e+02,8.200000000000000000e+01,2.380000000000000000e+02,2.370000000000000000e+02,0.000000000000000000e+00,2.630000000000000000e+02,0.000000000000000000e+00,2.220000000000000000e+02,2.490000000000000000e+02,7.800000000000000000e+01,0.000000000000000000e+00,2.120000000000000000e+02,0.000000000000000000e+00,9.700000000000000000e+01,0.000000000000000000e+00,2.010000000000000000e+02,7.000000000000000000e+01,5.900000000000000000e+01,0.000000000000000000e+00,0.000000000000000000e+00,2.130000000000000000e+02,1.830000000000000000e+02,2.110000000000000000e+02,0.000000000000000000e+00,9.000000000000000000e+01,2.250000000000000000e+02,2.200000000000000000e+02,9.200000000000000000e+01,0.000000000000000000e+00,0.000000000000000000e+00,6.600000000000000000e+01,2.060000000000000000e+02,8.000000000000000000e+01,9.900000000000000000e+01,2.450000000000000000e+02,7.700000000000000000e+01,0.000000000000000000e+00,2.870000000000000000e+02,8.600000000000000000e+01,0.000000000000000000e+00,2.370000000000000000e+02,0.000000000000000000e+00,8.500000000000000000e+01,7.800000000000000000e+01,2.280000000000000000e+02,2.030000000000000000e+02,0.000000000000000000e+00,2.310000000000000000e+02,0.000000000000000000e+00,0.000000000000000000e+00,2.170000000000000000e+02,0.000000000000000000e+00,0.000000000000000000e+00,2.150000000000000000e+02,0.000000000000000000e+00,0.000000000000000000e+00,9.000000000000000000e+01,2.510000000000000000e+02,2.480000000000000000e+02,9.000000000000000000e+01,0.000000000000000000e+00,7.200000000000000000e+01,8.300000000000000000e+01,1.700000000000000000e+02,8.300000000000000000e+01,9.100000000000000000e+01,8.800000000000000000e+01,8.100000000000000000e+01,6.900000000000000000e+01,8.300000000000000000e+01,0.000000000000000000e+00,0.000000000000000000e+00,2.340000000000000000e+02,2.340000000000000000e+02,9.700000000000000000e+01,8.500000000000000000e+01,2.370000000000000000e+02,0.000000000000000000e+00,7.500000000000000000e+01,2.390000000000000000e+02,0.000000000000000000e+00,1.840000000000000000e+02,0.000000000000000000e+00,0.000000000000000000e+00,7.700000000000000000e+01,0.000000000000000000e+00,2.070000000000000000e+02,6.700000000000000000e+01,1.850000000000000000e+02,6.200000000000000000e+01,7.600000000000000000e+01,0.000000000000000000e+00,2.010000000000000000e+02,6.700000000000000000e+01,2.390000000000000000e+02,8.400000000000000000e+01,2.260000000000000000e+02,8.300000000000000000e+01,2.090000000000000000e+02,2.010000000000000000e+02,2.090000000000000000e+02,2.070000000000000000e+02,0.000000000000000000e+00,1.950000000000000000e+02,8.400000000000000000e+01,1.050000000000000000e+02,2.590000000000000000e+02,1.000000000000000000e+02,0.000000000000000000e+00,0.000000000000000000e+00,2.260000000000000000e+02,7.000000000000000000e+01,8.100000000000000000e+01,2.610000000000000000e+02,6.900000000000000000e+01,2.020000000000000000e+02,2.480000000000000000e+02,8.300000000000000000e+01,0.000000000000000000e+00,0.000000000000000000e+00,2.030000000000000000e+02,8.200000000000000000e+01,8.800000000000000000e+01,2.170000000000000000e+02,2.720000000000000000e+02,1.960000000000000000e+02,2.260000000000000000e+02,9.900000000000000000e+01,0.000000000000000000e+00,2.200000000000000000e+02,2.370000000000000000e+02,2.140000000000000000e+02,1.890000000000000000e+02,0.000000000000000000e+00,0.000000000000000000e+00,2.350000000000000000e+02,9.000000000000000000e+01,2.260000000000000000e+02,7.100000000000000000e+01,6.400000000000000000e+01,0.000000000000000000e+00,0.000000000000000000e+00,5.800000000000000000e+01,5.200000000000000000e+01,2.290000000000000000e+02,2.050000000000000000e+02,2.050000000000000000e+02,0.000000000000000000e+00,1.080000000000000000e+02
9.730000000000000000e+02,1.097000000000000000e+03,2.950000000000000000e+02,1.520000000000000000e+02,2.530000000000000000e+02,1.030000000000000000e+02,6.000000000000000000e+00,5.200000000000000000e+01,3.770000000000000000e+02,2.000000000000000000e+00,2.730000000000000000e+02,2.830000000000000000e+02,2.430000000000000000e+02,1.144000000000000000e+03,1.410000000000000000e+02,2.300000000000000000e+01,3.100000000000000000e+01,3.670000000000000000e+02,3.010000000000000000e+02,9.000000000000000000e+00,1.270000000000000000e+02,1.300000000000000000e+02,5.580000000000000000e+02,1.372000000000000000e+03,1.000000000000000000e+00,0.000000000000000000e+00,1.910000000000000000e+02,6.640000000000000000e+02,1.444000000000000000e+03,1.411000000000000000e+03,4.550000000000000000e+02,4.900000000000000000e+02,9.700000000000000000e+01,7.140000000000000000e+02,8.000000000000000000e+00,5.570000000000000000e+02,1.000000000000000000e+01,6.710000000000000000e+02,2.040000000000000000e+02,1.568000000000000000e+03,1.190000000000000000e+02,1.058000000000000000e+03,3.500000000000000000e+01,8.270000000000000000e+02,1.200000000000000000e+01,9.000000000000000000e+01,8.000000000000000000e+00,1.200000000000000000e+01,3.200000000000000000e+01,2.090000000000000000e+02,2.840000000000000000e+02,4.900000000000000000e+01,2.580000000000000000e+02,6.000000000000000000e+00,6.750000000000000000e+02,5.700000000000000000e+02,0.000000000000000000e+00,7.250000000000000000e+02,2.900000000000000000e+02,1.690000000000000000e+02,9.000000000000000000e+01,1.160000000000000000e+02,1.850000000000000000e+02,2.610000000000000000e+02,3.200000000000000000e+01,1.593000000000000000e+03,4.530000000000000000e+02,2.440000000000000000e+02,1.140000000000000000e+02,7.200000000000000000e+01,7.980000000000000000e+02,2.110000000000000000e+02,5.780000000000000000e+02,3.300000000000000000e+02,1.100000000000000000e+01,4.340000000000000000e+02,5.600000000000000000e+01,1.059000000000000000e+03,9.900000000000000000e+01,1.188000000000000000e+03,2.506000000000000000e+03,5.700000000000000000e+02,6.230000000000000000e+02,1.150000000000000000e+02,3.220000000000000000e+02,1.368000000000000000e+03,2.860000000000000000e+02,4.000000000000000000e+01,6.570000000000000000e+02,1.841000000000000000e+03,7.700000000000000000e+01,1.300000000000000000e+02,1.800000000000000000e+03,6.370000000000000000e+02,1.400000000000000000e+02,1.760000000000000000e+02,5.400000000000000000e+02,1.409000000000000000e+03,1.100000000000000000e+01,1.100000000000000000e+01,3.600000000000000000e+01,1.200000000000000000e+01,1.361000000000000000e+03,8.700000000000000000e+01,7.360000000000000000e+02,2.100000000000000000e+01,1.400000000000000000e+02,2.700000000000000000e+01,1.478000000000000000e+03,6.390000000000000000e+02,1.360000000000000000e+03,3.300000000000000000e+01,9.130000000000000000e+02,8.000000000000000000e+00,1.661000000000000000e+03,2.610000000000000000e+02,1.326000000000000000e+03,3.970000000000000000e+02,1.029000000000000000e+03,1.319000000000000000e+03,8.000000000000000000e+00,2.597000000000000000e+03,3.060000000000000000e+02,1.552000000000000000e+03,1.331000000000000000e+03,4.000000000000000000e+01,4.000000000000000000e+00,1.436000000000000000e+03,9.000000000000000000e+00,3.190000000000000000e+02,1.300000000000000000e+01,9.300000000000000000e+01,8.000000000000000000e+01,2.200000000000000000e+01,2.200000000000000000e+01,2.900000000000000000e+01,1.037000000000000000e+03,1.210000000000000000e+02,8.000000000000000000e+02,2.170000000000000000e+02,2.100000000000000000e+02,1.076000000000000000e+03,4.310000000000000000e+02,6.170000000000000000e+02,1.500000000000000000e+01,2.900000000000000000e+01,2.100000000000000000e+01,1.053000000000000000e+03,3.900000000000000000e+01,3.410000000000000000e+02,1.131000000000000000e+03,5.500000000000000000e+01,3.400000000000000000e+02,2.492000000000000000e+03,8.000000000000000000e+00,1.100000000000000000e+01,1.622000000000000000e+03,4.000000000000000000e+00,1.040000000000000000e+02,2.420000000000000000e+02,1.290000000000000000e+03,5.980000000000000000e+02,1.150000000000000000e+02,1.204000000000000000e+03,9.500000000000000000e+01,1.000000000000000000e+01,1.018000000000000000e+03,7.000000000000000000e+00,7.000000000000000000e+00,3.090000000000000000e+02,1.900000000000000000e+01,6.700000000000000000e+01,4.100000000000000000e+01,2.519000000000000000e+03,1.431000000000000000e+03,1.880000000000000000e+02,1.400000000000000000e+01,1.900000000000000000e+02,1.260000000000000000e+02,1.600000000000000000e+02,8.800000000000000000e+01,5.200000000000000000e+01,2.450000000000000000e+02,3.150000000000000000e+02,1.120000000000000000e+02,4.500000000000000000e+02,2.300000000000000000e+01,2.000000000000000000e+00,1.561000000000000000e+03,1.026000000000000000e+03,7.400000000000000000e+01,1.360000000000000000e+02,1.744000000000000000e+03,1.800000000000000000e+01,2.180000000000000000e+02,1.303000000000000000e+03,1.200000000000000000e+01,4.580000000000000000e+02,2.000000000000000000e+01,7.000000000000000000e+00,2.730000000000000000e+02,1.230000000000000000e+02,1.005000000000000000e+03,4.000000000000000000e+01,1.630000000000000000e+02,5.600000000000000000e+01,3.800000000000000000e+01,3.000000000000000000e+00,5.530000000000000000e+02,5.200000000000000000e+01,3.700000000000000000e+02,1.600000000000000000e+02,2.130000000000000000e+02,5.000000000000000000e+01,1.607000000000000000e+03,6.100000000000000000e+02,1.671000000000000000e+03,3.870000000000000000e+02,8.000000000000000000e+00,1.790000000000000000e+02,3.280000000000000000e+02,5.620000000000000000e+02,1.830000000000000000e+02,5.850000000000000000e+02,1.470000000000000000e+02,1.260000000000000000e+02,9.310000000000000000e+02,6.100000000000000000e+01,6.500000000000000000e+01,2.528000000000000000e+03,4.300000000000000000e+01,2.950000000000000000e+02,1.357000000000000000e+03,3.560000000000000000e+02,1.000000000000000000e+00,3.200000000000000000e+01,9.180000000000000000e+02,2.610000000000000000e+02,6.640000000000000000e+02,9.190000000000000000e+02,1.883000000000000000e+03,1.106000000000000000e+03,1.030000000000000000e+03,5.830000000000000000e+02,2.500000000000000000e+01,1.375000000000000000e+03,1.258000000000000000e+03,7.660000000000000000e+02,1.490000000000000000e+03,1.300000000000000000e+01,1.100000000000000000e+01,9.000000000000000000e+02,2.500000000000000000e+01,1.156000000000000000e+03,4.300000000000000000e+01,3.000000000000000000e+01,1.900000000000000000e+01,5.000000000000000000e+00,5.600000000000000000e+01,3.100000000000000000e+01,1.618000000000000000e+03,1.751000000000000000e+03,1.711000000000000000e+03,1.000000000000000000e+00,5.900000000000000000e+02
7.980000000000000000e+02,8.880000000000000000e+02,2.310000000000000000e+02,1.470000000000000000e+02,1.910000000000000000e+02,1.000000000000000000e+02,2.000000000000000000e+01,8.300000000000000000e+01,2.460000000000000000e+02,3.000000000000000000e+00,2.090000000000000000e+02,1.510000000000000000e+02,3.140000000000000000e+02,8.020000000000000000e+02,9.700000000000000000e+01,3.300000000000000000e+01,6.600000000000000000e+01,4.670000000000000000e+02,4.140000000000000000e+02,3.000000000000000000e+00,1.480000000000000000e+02,1.150000000000000000e+02,5.410000000000000000e+02,1.043000000000000000e+03,0.000000000000000000e+00,2.610000000000000000e+02,0.000000000000000000e+00,5.700000000000000000e+02,9.070000000000000000e+02,1.016000000000000000e+03,4.490000000000000000e+02,5.210000000000000000e+02,1.150000000000000000e+02,7.500000000000000000e+02,9.000000000000000000e+00,4.540000000000000000e+02,1.200000000000000000e+01,5.990000000000000000e+02,1.890000000000000000e+02,1.045000000000000000e+03,7.900000000000000000e+01,8.410000000000000000e+02,2.500000000000000000e+01,6.800000000000000000e+02,1.500000000000000000e+01,1.090000000000000000e+02,5.000000000000000000e+00,1.000000000000000000e+00,5.400000000000000000e+01,1.510000000000000000e+02,1.750000000000000000e+02,7.600000000000000000e+01,1.680000000000000000e+02,6.000000000000000000e+00,6.310000000000000000e+02,6.260000000000000000e+02,1.200000000000000000e+01,6.900000000000000000e+02,2.310000000000000000e+02,1.370000000000000000e+02,1.380000000000000000e+02,1.480000000000000000e+02,1.620000000000000000e+02,3.670000000000000000e+02,5.400000000000000000e+01,1.112000000000000000e+03,4.650000000000000000e+02,3.670000000000000000e+02,1.240000000000000000e+02,6.100000000000000000e+01,6.820000000000000000e+02,1.620000000000000000e+02,6.050000000000000000e+02,5.120000000000000000e+02,4.000000000000000000e+01,5.050000000000000000e+02,4.300000000000000000e+01,8.660000000000000000e+02,1.260000000000000000e+02,9.170000000000000000e+02,1.543000000000000000e+03,3.790000000000000000e+02,4.170000000000000000e+02,1.370000000000000000e+02,1.720000000000000000e+02,7.680000000000000000e+02,3.890000000000000000e+02,8.200000000000000000e+01,6.630000000000000000e+02,1.031000000000000000e+03,1.130000000000000000e+02,1.360000000000000000e+02,1.029000000000000000e+03,5.870000000000000000e+02,1.590000000000000000e+02,1.070000000000000000e+02,5.950000000000000000e+02,1.047000000000000000e+03,1.700000000000000000e+01,6.000000000000000000e+00,4.600000000000000000e+01,8.000000000000000000e+00,8.970000000000000000e+02,1.010000000000000000e+02,7.210000000000000000e+02,4.800000000000000000e+01,1.100000000000000000e+02,3.300000000000000000e+01,9.440000000000000000e+02,4.400000000000000000e+02,9.640000000000000000e+02,9.200000000000000000e+01,7.840000000000000000e+02,1.900000000000000000e+01,1.114000000000000000e+03,1.790000000000000000e+02,9.920000000000000000e+02,2.360000000000000000e+02,8.120000000000000000e+02,9.550000000000000000e+02,4.000000000000000000e+00,1.372000000000000000e+03,1.750000000000000000e+02,9.580000000000000000e+02,8.990000000000000000e+02,6.500000000000000000e+01,1.000000000000000000e+00,9.770000000000000000e+02,9.000000000000000000e+00,2.030000000000000000e+02,6.000000000000000000e+00,1.080000000000000000e+02,1.070000000000000000e+02,6.000000000000000000e+00,5.000000000000000000e+01,1.500000000000000000e+01,7.690000000000000000e+02,1.680000000000000000e+02,7.150000000000000000e+02,1.670000000000000000e+02,2.010000000000000000e+02,8.970000000000000000e+02,5.270000000000000000e+02,3.940000000000000000e+02,1.300000000000000000e+01,4.300000000000000000e+01,6.300000000000000000e+01,7.680000000000000000e+02,7.100000000000000000e+01,2.420000000000000000e+02,9.050000000000000000e+02,9.600000000000000000e+01,1.970000000000000000e+02,1.495000000000000000e+03,2.000000000000000000e+00,3.100000000000000000e+01,1.043000000000000000e+03,2.000000000000000000e+00,1.230000000000000000e+02,1.800000000000000000e+02,8.540000000000000000e+02,5.990000000000000000e+02,7.700000000000000000e+01,9.260000000000000000e+02,7.800000000000000000e+01,2.200000000000000000e+01,7.260000000000000000e+02,1.200000000000000000e+01,2.200000000000000000e+01,3.850000000000000000e+02,1.100000000000000000e+01,9.100000000000000000e+01,3.800000000000000000e+01,1.526000000000000000e+03,9.080000000000000000e+02,1.300000000000000000e+02,1.500000000000000000e+01,2.030000000000000000e+02,1.400000000000000000e+02,2.180000000000000000e+02,1.110000000000000000e+02,7.000000000000000000e+01,1.730000000000000000e+02,2.280000000000000000e+02,1.260000000000000000e+02,3.220000000000000000e+02,3.900000000000000000e+01,6.000000000000000000e+00,1.003000000000000000e+03,7.120000000000000000e+02,1.080000000000000000e+02,1.520000000000000000e+02,1.062000000000000000e+03,3.400000000000000000e+01,1.800000000000000000e+02,8.910000000000000000e+02,2.100000000000000000e+01,4.750000000000000000e+02,1.400000000000000000e+01,5.000000000000000000e+00,1.960000000000000000e+02,8.300000000000000000e+01,7.090000000000000000e+02,5.900000000000000000e+01,2.180000000000000000e+02,9.300000000000000000e+01,7.800000000000000000e+01,1.100000000000000000e+01,5.680000000000000000e+02,9.000000000000000000e+01,4.290000000000000000e+02,1.390000000000000000e+02,4.130000000000000000e+02,7.900000000000000000e+01,1.096000000000000000e+03,5.880000000000000000e+02,1.099000000000000000e+03,4.860000000000000000e+02,2.000000000000000000e+00,2.370000000000000000e+02,2.080000000000000000e+02,4.000000000000000000e+02,2.910000000000000000e+02,3.600000000000000000e+02,1.080000000000000000e+02,1.140000000000000000e+02,8.120000000000000000e+02,8.000000000000000000e+01,7.500000000000000000e+01,1.515000000000000000e+03,9.300000000000000000e+01,3.730000000000000000e+02,9.290000000000000000e+02,2.460000000000000000e+02,1.000000000000000000e+00,3.500000000000000000e+01,6.970000000000000000e+02,1.660000000000000000e+02,3.760000000000000000e+02,7.350000000000000000e+02,1.056000000000000000e+03,9.100000000000000000e+02,8.010000000000000000e+02,4.130000000000000000e+02,5.700000000000000000e+01,1.106000000000000000e+03,9.110000000000000000e+02,7.250000000000000000e+02,8.160000000000000000e+02,4.000000000000000000e+00,1.900000000000000000e+01,7.810000000000000000e+02,2.500000000000000000e+01,8.740000000000000000e+02,5.900000000000000000e+01,4.300000000000000000e+01,1.900000000000000000e+01,2.000000000000000000e+00,5.800000000000000000e+01,3.900000000000000000e+01,1.048000000000000000e+03,9.320000000000000000e+02,1.093000000000000000e+03,1.500000000000000000e+01,4.340000000000000000e+02
1.717000000000000000e+03,1.897000000000000000e+03,7.590000000000000000e+02,4.810000000000000000e+02,6.240000000000000000e+02,3.930000000000000000e+02,3.400000000000000000e+01,2.160000000000000000e+02,8.620000000000000000e+02,9.000000000000000000e+00,4.380000000000000000e+02,3.870000000000000000e+02,5.130000000000000000e+02,1.845000000000000000e+03,1.800000000000000000e+02,4.800000000000000000e+01,1.600000000000000000e+02,1.012000000000000000e+03,8.640000000000000000e+02,9.000000000000000000e+00,5.980000000000000000e+02,4.430000000000000000e+02,1.207000000000000000e+03,2.108000000000000000e+03,6.000000000000000000e+00,7.560000000000000000e+02,5.470000000000000000e+02,0.000000000000000000e+00,2.043000000000000000e+03,2.048000000000000000e+03,1.012000000000000000e+03,8.260000000000000000e+02,2.430000000000000000e+02,1.490000000000000000e+03,1.300000000000000000e+01,8.880000000000000000e+02,1.900000000000000000e+01,9.890000000000000000e+02,6.400000000000000000e+02,2.263000000000000000e+03,1.430000000000000000e+02,1.446000000000000000e+03,8.300000000000000000e+01,1.526000000000000000e+03,3.400000000000000000e+01,2.230000000000000000e+02,1.300000000000000000e+01,1.400000000000000000e+01,1.760000000000000000e+02,3.580000000000000000e+02,3.700000000000000000e+02,2.780000000000000000e+02,6.710000000000000000e+02,2.500000000000000000e+01,1.407000000000000000e+03,1.398000000000000000e+03,1.700000000000000000e+01,1.480000000000000000e+03,7.570000000000000000e+02,3.780000000000000000e+02,2.030000000000000000e+02,4.310000000000000000e+02,8.070000000000000000e+02,1.660000000000000000e+02,4.700000000000000000e+01,2.262000000000000000e+03,1.034000000000000000e+03,6.760000000000000000e+02,2.210000000000000000e+02,2.110000000000000000e+02,1.067000000000000000e+03,4.870000000000000000e+02,1.301000000000000000e+03,1.066000000000000000e+03,9.700000000000000000e+01,1.156000000000000000e+03,1.550000000000000000e+02,2.053000000000000000e+03,3.430000000000000000e+02,1.929000000000000000e+03,3.194000000000000000e+03,8.990000000000000000e+02,9.830000000000000000e+02,4.300000000000000000e+02,3.910000000000000000e+02,1.936000000000000000e+03,6.420000000000000000e+02,1.650000000000000000e+02,1.412000000000000000e+03,2.112000000000000000e+03,1.690000000000000000e+02,5.770000000000000000e+02,2.178000000000000000e+03,1.308000000000000000e+03,3.790000000000000000e+02,2.580000000000000000e+02,1.122000000000000000e+03,2.077000000000000000e+03,4.200000000000000000e+01,0.000000000000000000e+00,1.350000000000000000e+02,1.900000000000000000e+01,1.791000000000000000e+03,3.390000000000000000e+02,1.454000000000000000e+03,1.090000000000000000e+02,4.310000000000000000e+02,6.200000000000000000e+01,1.936000000000000000e+03,8.820000000000000000e+02,2.088000000000000000e+03,1.780000000000000000e+02,1.726000000000000000e+03,2.000000000000000000e+00,2.217000000000000000e+03,4.240000000000000000e+02,2.042000000000000000e+03,8.340000000000000000e+02,1.866000000000000000e+03,2.048000000000000000e+03,2.900000000000000000e+01,3.002000000000000000e+03,3.940000000000000000e+02,2.191000000000000000e+03,1.994000000000000000e+03,1.210000000000000000e+02,1.200000000000000000e+01,2.116000000000000000e+03,2.100000000000000000e+01,8.220000000000000000e+02,1.500000000000000000e+01,2.030000000000000000e+02,2.310000000000000000e+02,4.700000000000000000e+01,7.200000000000000000e+01,4.600000000000000000e+01,1.820000000000000000e+03,2.030000000000000000e+02,1.557000000000000000e+03,3.440000000000000000e+02,5.590000000000000000e+02,1.770000000000000000e+03,1.143000000000000000e+03,9.820000000000000000e+02,2.600000000000000000e+01,6.800000000000000000e+01,6.800000000000000000e+01,1.849000000000000000e+03,1.330000000000000000e+02,8.100000000000000000e+02,1.925000000000000000e+03,2.220000000000000000e+02,4.080000000000000000e+02,3.002000000000000000e+03,5.200000000000000000e+01,5.300000000000000000e+01,1.955000000000000000e+03,1.500000000000000000e+01,3.570000000000000000e+02,6.250000000000000000e+02,1.955000000000000000e+03,1.397000000000000000e+03,1.810000000000000000e+02,1.794000000000000000e+03,2.650000000000000000e+02,3.000000000000000000e+01,1.777000000000000000e+03,1.300000000000000000e+01,2.400000000000000000e+01,6.750000000000000000e+02,2.000000000000000000e+00,1.380000000000000000e+02,1.130000000000000000e+02,3.021000000000000000e+03,1.911000000000000000e+03,3.560000000000000000e+02,1.000000000000000000e+01,6.660000000000000000e+02,5.050000000000000000e+02,8.200000000000000000e+01,3.250000000000000000e+02,2.190000000000000000e+02,5.420000000000000000e+02,8.860000000000000000e+02,3.660000000000000000e+02,8.890000000000000000e+02,6.200000000000000000e+01,5.000000000000000000e+00,2.146000000000000000e+03,1.586000000000000000e+03,3.080000000000000000e+02,4.850000000000000000e+02,1.924000000000000000e+03,1.200000000000000000e+01,6.890000000000000000e+02,2.047000000000000000e+03,3.300000000000000000e+01,1.170000000000000000e+03,1.500000000000000000e+01,1.200000000000000000e+01,6.560000000000000000e+02,1.720000000000000000e+02,1.689000000000000000e+03,1.650000000000000000e+02,3.250000000000000000e+02,2.290000000000000000e+02,1.860000000000000000e+02,1.000000000000000000e+00,1.180000000000000000e+03,2.510000000000000000e+02,9.020000000000000000e+02,3.230000000000000000e+02,6.200000000000000000e+02,2.440000000000000000e+02,2.263000000000000000e+03,1.343000000000000000e+03,2.239000000000000000e+03,8.380000000000000000e+02,1.400000000000000000e+01,4.070000000000000000e+02,8.420000000000000000e+02,8.970000000000000000e+02,5.130000000000000000e+02,9.510000000000000000e+02,3.260000000000000000e+02,2.980000000000000000e+02,1.634000000000000000e+03,2.380000000000000000e+02,2.660000000000000000e+02,3.112000000000000000e+03,2.440000000000000000e+02,6.880000000000000000e+02,1.744000000000000000e+03,8.600000000000000000e+02,5.000000000000000000e+00,1.400000000000000000e+01,1.736000000000000000e+03,5.680000000000000000e+02,1.002000000000000000e+03,1.808000000000000000e+03,2.223000000000000000e+03,1.921000000000000000e+03,1.712000000000000000e+03,1.017000000000000000e+03,9.000000000000000000e+01,2.135000000000000000e+03,2.002000000000000000e+03,1.517000000000000000e+03,2.048000000000000000e+03,1.800000000000000000e+01,1.800000000000000000e+01,1.748000000000000000e+03,7.800000000000000000e+01,1.844000000000000000e+03,1.700000000000000000e+01,7.000000000000000000e+00,1.600000000000000000e+01,1.000000000000000000e+00,1.750000000000000000e+02,7.900000000000000000e+01,2.252000000000000000e+03,2.157000000000000000e+03,2.017000000000000000e+03,2.100000000000000000e+01,9.820000000000000000e+02
1.436000000000000000e+03,1.717000000000000000e+03,7.520000000000000000e+02,3.160000000000000000e+02,4.610000000000000000e+02,1.780000000000000000e+02,1.300000000000000000e+01,7.100000000000000000e+01,9.520000000000000000e+02,0.000000000000000000e+00,4.850000000000000000e+02,4.020000000000000000e+02,2.430000000000000000e+02,1.038000000000000000e+03,2.420000000000000000e+02,5.000000000000000000e+01,4.700000000000000000e+01,2.880000000000000000e+02,2.790000000000000000e+02,1.000000000000000000e+01,3.040000000000000000e+02,2.240000000000000000e+02,8.080000000000000000e+02,2.181000000000000000e+03,6.000000000000000000e+00,6.560000000000000000e+02,4.520000000000000000e+02,8.900000000000000000e+02,0.000000000000000000e+00,2.241000000000000000e+03,5.090000000000000000e+02,5.910000000000000000e+02,1.410000000000000000e+02,1.055000000000000000e+03,5.000000000000000000e+00,9.690000000000000000e+02,1.000000000000000000e+01,9.130000000000000000e+02,4.390000000000000000e+02,2.475000000000000000e+03,1.740000000000000000e+02,1.527000000000000000e+03,3.600000000000000000e+01,1.063000000000000000e+03,9.000000000000000000e+00,1.850000000000000000e+02,5.000000000000000000e+00,7.000000000000000000e+00,4.100000000000000000e+01,3.410000000000000000e+02,4.350000000000000000e+02,7.000000000000000000e+01,5.330000000000000000e+02,1.200000000000000000e+01,5.000000000000000000e+02,4.380000000000000000e+02,1.000000000000000000e+00,9.520000000000000000e+02,6.370000000000000000e+02,4.000000000000000000e+02,1.180000000000000000e+02,2.470000000000000000e+02,4.740000000000000000e+02,3.050000000000000000e+02,9.900000000000000000e+01,2.328000000000000000e+03,5.380000000000000000e+02,2.250000000000000000e+02,1.170000000000000000e+02,8.900000000000000000e+01,1.158000000000000000e+03,4.320000000000000000e+02,7.500000000000000000e+02,1.990000000000000000e+02,9.000000000000000000e+00,4.760000000000000000e+02,7.600000000000000000e+01,1.615000000000000000e+03,1.740000000000000000e+02,1.765000000000000000e+03,4.259000000000000000e+03,8.790000000000000000e+02,1.007000000000000000e+03,2.070000000000000000e+02,4.700000000000000000e+02,1.540000000000000000e+03,3.240000000000000000e+02,5.200000000000000000e+01,6.100000000000000000e+02,2.112000000000000000e+03,1.680000000000000000e+02,2.910000000000000000e+02,2.097000000000000000e+03,9.280000000000000000e+02,2.840000000000000000e+02,2.800000000000000000e+02,7.120000000000000000e+02,2.143000000000000000e+03,1.000000000000000000e+01,1.500000000000000000e+01,7.500000000000000000e+01,1.100000000000000000e+01,2.133000000000000000e+03,1.380000000000000000e+02,1.003000000000000000e+03,5.400000000000000000e+01,3.230000000000000000e+02,1.400000000000000000e+01,2.190000000000000000e+03,9.110000000000000000e+02,2.013000000000000000e+03,2.700000000000000000e+01,1.300000000000000000e+03,1.000000000000000000e+01,2.600000000000000000e+03,3.980000000000000000e+02,2.100000000000000000e+03,9.450000000000000000e+02,1.544000000000000000e+03,1.960000000000000000e+03,8.000000000000000000e+00,4.272000000000000000e+03,4.510000000000000000e+02,2.392000000000000000e+03,1.995000000000000000e+03,7.400000000000000000e+01,6.000000000000000000e+00,2.133000000000000000e+03,3.000000000000000000e+00,6.410000000000000000e+02,1.200000000000000000e+01,1.140000000000000000e+02,1.390000000000000000e+02,2.500000000000000000e+01,3.800000000000000000e+01,3.000000000000000000e+01,1.487000000000000000e+03,1.310000000000000000e+02,1.034000000000000000e+03,3.730000000000000000e+02,4.540000000000000000e+02,1.388000000000000000e+03,4.420000000000000000e+02,9.570000000000000000e+02,3.000000000000000000e+00,2.200000000000000000e+01,2.700000000000000000e+01,1.558000000000000000e+03,6.300000000000000000e+01,6.960000000000000000e+02,1.623000000000000000e+03,6.900000000000000000e+01,5.520000000000000000e+02,4.241000000000000000e+03,2.100000000000000000e+01,1.500000000000000000e+01,2.483000000000000000e+03,2.000000000000000000e+00,1.700000000000000000e+02,5.480000000000000000e+02,1.812000000000000000e+03,3.370000000000000000e+02,1.730000000000000000e+02,1.644000000000000000e+03,1.370000000000000000e+02,2.000000000000000000e+01,1.387000000000000000e+03,1.200000000000000000e+01,5.000000000000000000e+00,3.030000000000000000e+02,1.200000000000000000e+01,8.100000000000000000e+01,4.200000000000000000e+01,4.150000000000000000e+03,2.115000000000000000e+03,4.120000000000000000e+02,1.300000000000000000e+01,3.560000000000000000e+02,2.730000000000000000e+02,2.020000000000000000e+02,1.900000000000000000e+02,1.000000000000000000e+02,5.140000000000000000e+02,7.390000000000000000e+02,2.640000000000000000e+02,1.100000000000000000e+03,2.500000000000000000e+01,2.000000000000000000e+00,2.323000000000000000e+03,1.523000000000000000e+03,1.520000000000000000e+02,2.020000000000000000e+02,2.749000000000000000e+03,2.000000000000000000e+01,4.570000000000000000e+02,2.005000000000000000e+03,5.000000000000000000e+00,4.340000000000000000e+02,1.100000000000000000e+01,2.000000000000000000e+00,5.840000000000000000e+02,1.930000000000000000e+02,9.630000000000000000e+02,7.800000000000000000e+01,1.660000000000000000e+02,1.060000000000000000e+02,4.100000000000000000e+01,2.000000000000000000e+00,6.940000000000000000e+02,6.800000000000000000e+01,4.720000000000000000e+02,3.220000000000000000e+02,2.170000000000000000e+02,4.700000000000000000e+01,2.578000000000000000e+03,4.470000000000000000e+02,2.356000000000000000e+03,5.180000000000000000e+02,1.200000000000000000e+01,1.730000000000000000e+02,7.960000000000000000e+02,9.260000000000000000e+02,2.790000000000000000e+02,8.790000000000000000e+02,2.320000000000000000e+02,1.290000000000000000e+02,1.324000000000000000e+03,5.900000000000000000e+01,6.800000000000000000e+01,4.192000000000000000e+03,6.300000000000000000e+01,2.920000000000000000e+02,2.258000000000000000e+03,8.270000000000000000e+02,1.000000000000000000e+00,3.000000000000000000e+01,1.245000000000000000e+03,5.040000000000000000e+02,9.170000000000000000e+02,1.316000000000000000e+03,2.090000000000000000e+03,1.705000000000000000e+03,9.930000000000000000e+02,1.004000000000000000e+03,2.900000000000000000e+01,2.165000000000000000e+03,1.833000000000000000e+03,1.085000000000000000e+03,1.801000000000000000e+03,2.000000000000000000e+01,1.200000000000000000e+01,1.300000000000000000e+03,3.800000000000000000e+01,1.540000000000000000e+03,8.200000000000000000e+01,4.300000000000000000e+01,7.000000000000000000e+00,5.000000000000000000e+00,8.600000000000000000e+01,4.100000000000000000e+01,2.370000000000000000e+03,1.865000000000000000e+03,2.563000000000000000e+03,1.000000000000000000e+00,1.049000000000000000e+03
7.770000000000000000e+02,5.200000000000000000e+02,4.400000000000000000e+02,2.150000000000000000e+02,3.030000000000000000e+02,1.030000000000000000e+02,5.000000000000000000e+00,3.700000000000000000e+01,5.970000000000000000e+02,0.000000000000000000e+00,3.560000000000000000e+02,2.710000000000000000e+02,1.390000000000000000e+02,8.670000000000000000e+02,1.650000000000000000e+02,3.800000000000000000e+01,2.500000000000000000e+01,3.270000000000000000e+02,2.140000000000000000e+02,1.000000000000000000e+00,1.230000000000000000e+02,1.210000000000000000e+02,1.340000000000000000e+02,1.346000000000000000e+03,0.000000000000000000e+00,4.750000000000000000e+02,2.000000000000000000e+02,4.600000000000000000e+02,1.046000000000000000e+03,0.000000000000000000e+00,2.550000000000000000e+02,2.810000000000000000e+02,8.900000000000000000e+01,5.560000000000000000e+02,5.000000000000000000e+00,5.680000000000000000e+02,0.000000000000000000e+00,4.050000000000000000e+02,2.260000000000000000e+02,1.426000000000000000e+03,1.210000000000000000e+02,8.220000000000000000e+02,1.000000000000000000e+01,5.440000000000000000e+02,6.000000000000000000e+00,9.300000000000000000e+01,0.000000000000000000e+00,3.000000000000000000e+00,4.300000000000000000e+01,2.240000000000000000e+02,2.840000000000000000e+02,3.500000000000000000e+01,2.760000000000000000e+02,0.000000000000000000e+00,5.410000000000000000e+02,4.890000000000000000e+02,4.000000000000000000e+00,5.660000000000000000e+02,3.760000000000000000e+02,1.560000000000000000e+02,4.800000000000000000e+01,3.800000000000000000e+01,2.410000000000000000e+02,1.350000000000000000e+02,3.900000000000000000e+01,1.479000000000000000e+03,2.260000000000000000e+02,2.370000000000000000e+02,1.500000000000000000e+01,4.600000000000000000e+01,5.720000000000000000e+02,2.740000000000000000e+02,4.330000000000000000e+02,3.520000000000000000e+02,1.900000000000000000e+01,2.050000000000000000e+02,3.200000000000000000e+01,1.008000000000000000e+03,4.600000000000000000e+01,8.240000000000000000e+02,3.058000000000000000e+03,5.860000000000000000e+02,7.100000000000000000e+02,1.040000000000000000e+02,2.840000000000000000e+02,9.140000000000000000e+02,1.530000000000000000e+02,2.600000000000000000e+01,5.160000000000000000e+02,1.486000000000000000e+03,8.300000000000000000e+01,1.490000000000000000e+02,1.408000000000000000e+03,4.540000000000000000e+02,1.390000000000000000e+02,1.590000000000000000e+02,1.200000000000000000e+02,9.800000000000000000e+02,6.000000000000000000e+00,4.000000000000000000e+00,1.900000000000000000e+01,8.000000000000000000e+00,1.296000000000000000e+03,3.800000000000000000e+01,2.370000000000000000e+02,2.500000000000000000e+01,1.300000000000000000e+02,9.000000000000000000e+00,1.359000000000000000e+03,6.270000000000000000e+02,1.128000000000000000e+03,6.100000000000000000e+01,4.250000000000000000e+02,9.000000000000000000e+00,1.650000000000000000e+03,2.770000000000000000e+02,1.332000000000000000e+03,3.810000000000000000e+02,7.780000000000000000e+02,1.202000000000000000e+03,3.000000000000000000e+00,3.201000000000000000e+03,3.460000000000000000e+02,1.452000000000000000e+03,1.201000000000000000e+03,2.100000000000000000e+01,1.000000000000000000e+00,1.078000000000000000e+03,2.000000000000000000e+00,4.130000000000000000e+02,1.000000000000000000e+00,4.700000000000000000e+01,2.800000000000000000e+01,1.000000000000000000e+00,1.500000000000000000e+01,9.000000000000000000e+00,7.400000000000000000e+02,4.300000000000000000e+01,5.380000000000000000e+02,2.560000000000000000e+02,1.940000000000000000e+02,7.350000000000000000e+02,2.150000000000000000e+02,6.170000000000000000e+02,3.000000000000000000e+00,2.000000000000000000e+01,1.300000000000000000e+01,7.950000000000000000e+02,2.800000000000000000e+01,4.980000000000000000e+02,9.380000000000000000e+02,6.100000000000000000e+01,3.180000000000000000e+02,3.278000000000000000e+03,8.000000000000000000e+00,1.100000000000000000e+01,1.598000000000000000e+03,4.000000000000000000e+00,8.300000000000000000e+01,2.630000000000000000e+02,1.157000000000000000e+03,4.660000000000000000e+02,1.180000000000000000e+02,5.760000000000000000e+02,7.500000000000000000e+01,8.000000000000000000e+00,7.510000000000000000e+02,3.000000000000000000e+00,1.000000000000000000e+01,1.630000000000000000e+02,5.000000000000000000e+00,4.400000000000000000e+01,3.400000000000000000e+01,3.097000000000000000e+03,1.355000000000000000e+03,2.380000000000000000e+02,3.000000000000000000e+00,2.660000000000000000e+02,2.720000000000000000e+02,9.100000000000000000e+01,7.800000000000000000e+01,4.600000000000000000e+01,3.160000000000000000e+02,4.060000000000000000e+02,1.390000000000000000e+02,7.420000000000000000e+02,7.000000000000000000e+00,2.000000000000000000e+00,1.470000000000000000e+03,8.480000000000000000e+02,6.400000000000000000e+01,1.100000000000000000e+02,1.842000000000000000e+03,8.000000000000000000e+00,2.480000000000000000e+02,1.198000000000000000e+03,4.000000000000000000e+00,3.410000000000000000e+02,2.000000000000000000e+00,0.000000000000000000e+00,3.560000000000000000e+02,1.060000000000000000e+02,7.460000000000000000e+02,3.600000000000000000e+01,9.000000000000000000e+00,1.200000000000000000e+01,6.300000000000000000e+01,0.000000000000000000e+00,3.710000000000000000e+02,5.700000000000000000e+01,2.510000000000000000e+02,2.500000000000000000e+02,8.000000000000000000e+01,4.800000000000000000e+01,1.660000000000000000e+03,4.400000000000000000e+02,1.546000000000000000e+03,8.400000000000000000e+01,2.000000000000000000e+00,1.040000000000000000e+02,5.160000000000000000e+02,5.330000000000000000e+02,1.330000000000000000e+02,6.260000000000000000e+02,1.170000000000000000e+02,8.700000000000000000e+01,4.320000000000000000e+02,5.600000000000000000e+01,4.200000000000000000e+01,3.155000000000000000e+03,5.000000000000000000e+01,1.590000000000000000e+02,1.276000000000000000e+03,5.580000000000000000e+02,3.000000000000000000e+00,1.000000000000000000e+01,6.320000000000000000e+02,1.490000000000000000e+02,5.430000000000000000e+02,7.220000000000000000e+02,1.427000000000000000e+03,7.280000000000000000e+02,7.410000000000000000e+02,6.370000000000000000e+02,8.000000000000000000e+00,1.175000000000000000e+03,1.196000000000000000e+03,5.740000000000000000e+02,1.010000000000000000e+03,4.000000000000000000e+00,3.000000000000000000e+00,7.230000000000000000e+02,9.000000000000000000e+00,3.600000000000000000e+02,3.000000000000000000e+01,2.100000000000000000e+01,7.000000000000000000e+00,2.000000000000000000e+00,8.000000000000000000e+00,7.000000000000000000e+00,1.471000000000000000e+03,1.355000000000000000e+03,1.709000000000000000e+03,6.000000000000000000e+00,7.090000000000000000e+02
1.457000000000000000e+03,1.449000000000000000e+03,6.440000000000000000e+02,3.900000000000000000e+02,5.390000000000000000e+02,4.860000000000000000e+02,9.000000000000000000e+00,1.170000000000000000e+02,5.670000000000000000e+02,0.000000000000000000e+00,2.810000000000000000e+02,3.290000000000000000e+02,2.260000000000000000e+02,1.441000000000000000e+03,1.390000000000000000e+02,3.800000000000000000e+01,1.610000000000000000e+02,9.210000000000000000e+02,7.670000000000000000e+02,1.300000000000000000e+01,4.120000000000000000e+02,3.600000000000000000e+02,9.560000000000000000e+02,1.538000000000000000e+03,5.000000000000000000e+00,5.590000000000000000e+02,4.210000000000000000e+02,1.128000000000000000e+03,1.526000000000000000e+03,1.617000000000000000e+03,0.000000000000000000e+00,9.030000000000000000e+02,2.070000000000000000e+02,1.254000000000000000e+03,2.000000000000000000e+01,6.690000000000000000e+02,6.000000000000000000e+00,1.077000000000000000e+03,4.920000000000000000e+02,1.580000000000000000e+03,1.080000000000000000e+02,1.359000000000000000e+03,6.000000000000000000e+01,1.025000000000000000e+03,3.100000000000000000e+01,2.800000000000000000e+02,1.400000000000000000e+01,1.500000000000000000e+01,1.390000000000000000e+02,2.970000000000000000e+02,3.140000000000000000e+02,2.280000000000000000e+02,4.890000000000000000e+02,2.700000000000000000e+01,1.130000000000000000e+03,1.190000000000000000e+03,2.200000000000000000e+01,1.206000000000000000e+03,5.890000000000000000e+02,3.620000000000000000e+02,1.980000000000000000e+02,3.570000000000000000e+02,5.380000000000000000e+02,5.670000000000000000e+02,1.530000000000000000e+02,1.641000000000000000e+03,1.019000000000000000e+03,6.550000000000000000e+02,1.950000000000000000e+02,1.420000000000000000e+02,1.261000000000000000e+03,4.040000000000000000e+02,9.790000000000000000e+02,9.710000000000000000e+02,9.100000000000000000e+01,1.063000000000000000e+03,1.370000000000000000e+02,1.532000000000000000e+03,3.220000000000000000e+02,1.544000000000000000e+03,2.084000000000000000e+03,6.530000000000000000e+02,7.140000000000000000e+02,4.210000000000000000e+02,2.740000000000000000e+02,1.502000000000000000e+03,3.360000000000000000e+02,1.940000000000000000e+02,1.195000000000000000e+03,1.594000000000000000e+03,2.780000000000000000e+02,3.940000000000000000e+02,1.571000000000000000e+03,1.150000000000000000e+03,4.030000000000000000e+02,2.680000000000000000e+02,9.030000000000000000e+02,1.550000000000000000e+03,1.600000000000000000e+01,1.400000000000000000e+01,1.020000000000000000e+02,1.900000000000000000e+01,1.572000000000000000e+03,3.030000000000000000e+02,1.198000000000000000e+03,2.300000000000000000e+01,2.770000000000000000e+02,1.000000000000000000e+01,1.549000000000000000e+03,7.020000000000000000e+02,1.450000000000000000e+03,1.950000000000000000e+02,1.376000000000000000e+03,2.400000000000000000e+01,1.591000000000000000e+03,2.510000000000000000e+02,1.623000000000000000e+03,6.590000000000000000e+02,1.274000000000000000e+03,1.309000000000000000e+03,1.300000000000000000e+01,2.094000000000000000e+03,2.790000000000000000e+02,1.281000000000000000e+03,1.345000000000000000e+03,5.900000000000000000e+01,2.300000000000000000e+01,1.583000000000000000e+03,4.000000000000000000e+00,5.380000000000000000e+02,1.000000000000000000e+00,1.970000000000000000e+02,1.780000000000000000e+02,4.300000000000000000e+01,9.800000000000000000e+01,4.100000000000000000e+01,1.268000000000000000e+03,3.800000000000000000e+01,1.307000000000000000e+03,2.530000000000000000e+02,4.900000000000000000e+02,1.528000000000000000e+03,1.065000000000000000e+03,7.330000000000000000e+02,4.000000000000000000e+00,7.200000000000000000e+01,8.700000000000000000e+01,1.263000000000000000e+03,4.300000000000000000e+01,6.490000000000000000e+02,1.577000000000000000e+03,2.140000000000000000e+02,2.980000000000000000e+02,2.132000000000000000e+03,3.900000000000000000e+01,5.100000000000000000e+01,1.593000000000000000e+03,1.500000000000000000e+01,2.840000000000000000e+02,5.730000000000000000e+02,1.533000000000000000e+03,1.144000000000000000e+03,1.550000000000000000e+02,1.414000000000000000e+03,1.720000000000000000e+02,2.700000000000000000e+01,1.253000000000000000e+03,1.300000000000000000e+01,3.400000000000000000e+01,2.550000000000000000e+02,3.100000000000000000e+01,1.410000000000000000e+02,1.060000000000000000e+02,2.079000000000000000e+03,1.488000000000000000e+03,4.240000000000000000e+02,2.500000000000000000e+01,5.210000000000000000e+02,3.960000000000000000e+02,3.520000000000000000e+02,3.260000000000000000e+02,1.740000000000000000e+02,5.310000000000000000e+02,5.600000000000000000e+02,2.700000000000000000e+02,6.490000000000000000e+02,2.500000000000000000e+01,0.000000000000000000e+00,1.360000000000000000e+03,1.425000000000000000e+03,3.180000000000000000e+02,4.420000000000000000e+02,1.608000000000000000e+03,4.400000000000000000e+01,5.590000000000000000e+02,1.205000000000000000e+03,2.600000000000000000e+01,1.051000000000000000e+03,2.200000000000000000e+01,6.000000000000000000e+00,4.950000000000000000e+02,1.120000000000000000e+02,1.346000000000000000e+03,7.600000000000000000e+01,3.120000000000000000e+02,2.100000000000000000e+02,1.630000000000000000e+02,4.000000000000000000e+00,9.720000000000000000e+02,2.160000000000000000e+02,7.710000000000000000e+02,3.220000000000000000e+02,5.950000000000000000e+02,2.200000000000000000e+02,1.675000000000000000e+03,1.133000000000000000e+03,1.589000000000000000e+03,8.420000000000000000e+02,1.900000000000000000e+01,1.650000000000000000e+02,5.800000000000000000e+02,7.190000000000000000e+02,4.740000000000000000e+02,6.830000000000000000e+02,2.750000000000000000e+02,1.910000000000000000e+02,1.349000000000000000e+03,2.320000000000000000e+02,2.530000000000000000e+02,2.055000000000000000e+03,2.280000000000000000e+02,3.210000000000000000e+02,1.660000000000000000e+03,6.410000000000000000e+02,1.000000000000000000e+00,5.800000000000000000e+01,1.345000000000000000e+03,5.310000000000000000e+02,6.670000000000000000e+02,1.307000000000000000e+03,1.617000000000000000e+03,1.534000000000000000e+03,1.426000000000000000e+03,7.190000000000000000e+02,8.900000000000000000e+01,1.526000000000000000e+03,1.331000000000000000e+03,1.291000000000000000e+03,1.558000000000000000e+03,2.200000000000000000e+01,3.000000000000000000e+00,1.274000000000000000e+03,5.700000000000000000e+01,1.414000000000000000e+03,1.000000000000000000e+02,8.800000000000000000e+01,3.000000000000000000e+01,7.000000000000000000e+00,1.590000000000000000e+02,9.400000000000000000e+01,1.595000000000000000e+03,1.576000000000000000e+03,1.631000000000000000e+03,3.000000000000000000e+01,6.440000000000000000e+02
1.247000000000000000e+03,1.379000000000000000e+03,5.440000000000000000e+02,3.870000000000000000e+02,4.400000000000000000e+02,3.170000000000000000e+02,2.500000000000000000e+01,1.750000000000000000e+02,6.130000000000000000e+02,3.000000000000000000e+00,2.790000000000000000e+02,2.740000000000000000e+02,4.570000000000000000e+02,1.308000000000000000e+03,1.300000000000000000e+02,3.100000000000000000e+01,1.650000000000000000e+02,9.080000000000000000e+02,6.960000000000000000e+02,1.600000000000000000e+01,4.720000000000000000e+02,3.670000000000000000e+02,9.160000000000000000e+02,1.464000000000000000e+03,7.000000000000000000e+00,5.440000000000000000e+02,3.570000000000000000e+02,9.410000000000000000e+02,1.420000000000000000e+03,1.450000000000000000e+03,7.830000000000000000e+02,0.000000000000000000e+00,1.760000000000000000e+02,1.230000000000000000e+03,7.000000000000000000e+00,6.040000000000000000e+02,1.300000000000000000e+01,8.310000000000000000e+02,4.870000000000000000e+02,1.490000000000000000e+03,1.150000000000000000e+02,1.021000000000000000e+03,5.700000000000000000e+01,1.183000000000000000e+03,2.600000000000000000e+01,2.020000000000000000e+02,8.000000000000000000e+00,1.900000000000000000e+01,1.360000000000000000e+02,2.560000000000000000e+02,2.430000000000000000e+02,2.170000000000000000e+02,5.170000000000000000e+02,2.000000000000000000e+01,1.131000000000000000e+03,1.088000000000000000e+03,1.900000000000000000e+01,1.179000000000000000e+03,5.220000000000000000e+02,3.010000000000000000e+02,1.880000000000000000e+02,3.490000000000000000e+02,4.910000000000000000e+02,1.340000000000000000e+02,5.500000000000000000e+01,1.586000000000000000e+03,8.440000000000000000e+02,6.170000000000000000e+02,1.860000000000000000e+02,2.160000000000000000e+02,7.710000000000000000e+02,4.660000000000000000e+02,9.810000000000000000e+02,8.330000000000000000e+02,7.400000000000000000e+01,9.270000000000000000e+02,1.380000000000000000e+02,1.501000000000000000e+03,2.670000000000000000e+02,1.312000000000000000e+03,2.042000000000000000e+03,6.340000000000000000e+02,6.510000000000000000e+02,3.720000000000000000e+02,2.520000000000000000e+02,1.299000000000000000e+03,5.450000000000000000e+02,1.750000000000000000e+02,1.123000000000000000e+03,1.493000000000000000e+03,1.780000000000000000e+02,4.970000000000000000e+02,1.404000000000000000e+03,9.990000000000000000e+02,3.130000000000000000e+02,1.940000000000000000e+02,9.170000000000000000e+02,1.489000000000000000e+03,2.400000000000000000e+01,0.000000000000000000e+00,1.150000000000000000e+02,1.800000000000000000e+01,1.238000000000000000e+03,3.060000000000000000e+02,1.052000000000000000e+03,1.010000000000000000e+02,3.440000000000000000e+02,5.400000000000000000e+01,1.328000000000000000e+03,6.550000000000000000e+02,1.440000000000000000e+03,1.310000000000000000e+02,1.215000000000000000e+03,3.000000000000000000e+00,1.615000000000000000e+03,2.910000000000000000e+02,1.378000000000000000e+03,6.170000000000000000e+02,1.301000000000000000e+03,1.397000000000000000e+03,1.800000000000000000e+01,2.071000000000000000e+03,2.780000000000000000e+02,1.513000000000000000e+03,1.482000000000000000e+03,1.050000000000000000e+02,1.300000000000000000e+01,1.526000000000000000e+03,1.100000000000000000e+01,5.170000000000000000e+02,8.000000000000000000e+00,1.720000000000000000e+02,1.790000000000000000e+02,4.300000000000000000e+01,7.200000000000000000e+01,4.200000000000000000e+01,1.255000000000000000e+03,2.040000000000000000e+02,1.121000000000000000e+03,2.850000000000000000e+02,4.350000000000000000e+02,1.364000000000000000e+03,9.240000000000000000e+02,6.460000000000000000e+02,1.900000000000000000e+01,6.300000000000000000e+01,8.300000000000000000e+01,1.325000000000000000e+03,9.900000000000000000e+01,6.410000000000000000e+02,1.343000000000000000e+03,1.990000000000000000e+02,2.510000000000000000e+02,2.035000000000000000e+03,3.600000000000000000e+01,3.800000000000000000e+01,1.424000000000000000e+03,9.000000000000000000e+00,3.150000000000000000e+02,4.690000000000000000e+02,1.208000000000000000e+03,1.054000000000000000e+03,1.180000000000000000e+02,1.375000000000000000e+03,1.750000000000000000e+02,2.900000000000000000e+01,1.356000000000000000e+03,6.000000000000000000e+00,2.100000000000000000e+01,4.820000000000000000e+02,1.000000000000000000e+00,1.210000000000000000e+02,1.000000000000000000e+02,2.140000000000000000e+03,1.324000000000000000e+03,2.990000000000000000e+02,6.000000000000000000e+00,5.170000000000000000e+02,3.750000000000000000e+02,6.400000000000000000e+01,3.020000000000000000e+02,1.960000000000000000e+02,4.050000000000000000e+02,5.890000000000000000e+02,2.870000000000000000e+02,5.940000000000000000e+02,4.600000000000000000e+01,1.000000000000000000e+00,1.543000000000000000e+03,1.147000000000000000e+03,2.650000000000000000e+02,3.480000000000000000e+02,1.403000000000000000e+03,1.100000000000000000e+01,4.850000000000000000e+02,1.397000000000000000e+03,3.100000000000000000e+01,8.660000000000000000e+02,2.000000000000000000e+01,9.000000000000000000e+00,5.210000000000000000e+02,1.190000000000000000e+02,1.289000000000000000e+03,1.250000000000000000e+02,2.640000000000000000e+02,1.800000000000000000e+02,1.390000000000000000e+02,0.000000000000000000e+00,9.240000000000000000e+02,2.000000000000000000e+02,6.870000000000000000e+02,2.540000000000000000e+02,6.260000000000000000e+02,1.740000000000000000e+02,1.631000000000000000e+03,1.112000000000000000e+03,1.511000000000000000e+03,7.020000000000000000e+02,1.600000000000000000e+01,3.310000000000000000e+02,5.930000000000000000e+02,6.030000000000000000e+02,4.290000000000000000e+02,6.280000000000000000e+02,2.140000000000000000e+02,2.250000000000000000e+02,1.252000000000000000e+03,2.000000000000000000e+02,2.400000000000000000e+02,1.995000000000000000e+03,2.060000000000000000e+02,5.080000000000000000e+02,1.282000000000000000e+03,5.970000000000000000e+02,4.000000000000000000e+00,5.000000000000000000e+00,1.173000000000000000e+03,4.550000000000000000e+02,6.570000000000000000e+02,1.231000000000000000e+03,1.415000000000000000e+03,1.378000000000000000e+03,1.255000000000000000e+03,6.580000000000000000e+02,9.700000000000000000e+01,1.533000000000000000e+03,1.485000000000000000e+03,1.185000000000000000e+03,1.433000000000000000e+03,2.500000000000000000e+01,1.600000000000000000e+01,1.314000000000000000e+03,6.800000000000000000e+01,1.376000000000000000e+03,1.800000000000000000e+01,1.300000000000000000e+01,2.100000000000000000e+01,0.000000000000000000e+00,1.580000000000000000e+02,7.700000000000000000e+01,1.559000000000000000e+03,1.479000000000000000e+03,1.382000000000000000e+03,1.400000000000000000e+01,6.510000000000000000e+02
8.570000000000000000e+02,8.910000000000000000e+02,3.730000000000000000e+02,2.020000000000000000e+02,3.140000000000000000e+02,1.820000000000000000e+02,0.000000000000000000e+00,8.800000000000000000e+01,3.510000000000000000e+02,0.000000000000000000e+00,0.000000000000000000e+00,0.000000000000000000e+00,2.950000000000000000e+02,8.680000000000000000e+02,0.000000000000000000e+00,0.000000000000000000e+00,1.080000000000000000e+02,5.180000000000000000e+02,3.820000000000000000e+02,0.000000000000000000e+00,2.200000000000000000e+02,2.020000000000000000e+02,5.810000000000000000e+02,1.017000000000000000e+03,0.000000000000000000e+00,3.120000000000000000e+02,2.490000000000000000e+02,5.900000000000000000e+02,9.150000000000000000e+02,9.410000000000000000e+02,5.190000000000000000e+02,4.830000000000000000e+02,0.000000000000000000e+00,7.470000000000000000e+02,0.000000000000000000e+00,3.750000000000000000e+02,0.000000000000000000e+00,6.040000000000000000e+02,3.020000000000000000e+02,9.900000000000000000e+02,0.000000000000000000e+00,8.630000000000000000e+02,0.000000000000000000e+00,7.700000000000000000e+02,0.000000000000000000e+00,1.290000000000000000e+02,0.000000000000000000e+00,0.000000000000000000e+00,7.900000000000000000e+01,0.000000000000000000e+00,0.000000000000000000e+00,1.190000000000000000e+02,3.220000000000000000e+02,0.000000000000000000e+00,6.810000000000000000e+02,6.850000000000000000e+02,0.000000000000000000e+00,7.300000000000000000e+02,3.540000000000000000e+02,2.060000000000000000e+02,0.000000000000000000e+00,2.110000000000000000e+02,2.910000000000000000e+02,3.100000000000000000e+02,8.100000000000000000e+01,1.017000000000000000e+03,4.970000000000000000e+02,3.370000000000000000e+02,1.740000000000000000e+02,0.000000000000000000e+00,7.720000000000000000e+02,2.260000000000000000e+02,6.220000000000000000e+02,5.140000000000000000e+02,5.100000000000000000e+01,5.660000000000000000e+02,7.600000000000000000e+01,1.043000000000000000e+03,1.640000000000000000e+02,9.820000000000000000e+02,1.258000000000000000e+03,3.730000000000000000e+02,4.180000000000000000e+02,2.620000000000000000e+02,0.000000000000000000e+00,8.770000000000000000e+02,3.750000000000000000e+02,1.200000000000000000e+02,6.490000000000000000e+02,1.046000000000000000e+03,1.340000000000000000e+02,2.380000000000000000e+02,1.038000000000000000e+03,6.180000000000000000e+02,2.040000000000000000e+02,0.000000000000000000e+00,6.040000000000000000e+02,1.026000000000000000e+03,0.000000000000000000e+00,0.000000000000000000e+00,6.900000000000000000e+01,0.000000000000000000e+00,9.660000000000000000e+02,1.480000000000000000e+02,7.200000000000000000e+02,6.100000000000000000e+01,2.160000000000000000e+02,3.800000000000000000e+01,9.640000000000000000e+02,4.080000000000000000e+02,1.012000000000000000e+03,9.100000000000000000e+01,8.260000000000000000e+02,0.000000000000000000e+00,9.940000000000000000e+02,0.000000000000000000e+00,1.042000000000000000e+03,3.620000000000000000e+02,8.540000000000000000e+02,9.790000000000000000e+02,0.000000000000000000e+00,1.216000000000000000e+03,0.000000000000000000e+00,9.580000000000000000e+02,9.660000000000000000e+02,7.000000000000000000e+01,0.000000000000000000e+00,9.970000000000000000e+02,0.000000000000000000e+00,3.500000000000000000e+02,0.000000000000000000e+00,1.280000000000000000e+02,1.090000000000000000e+02,4.200000000000000000e+01,0.000000000000000000e+00,0.000000000000000000e+00,8.840000000000000000e+02,1.540000000000000000e+02,7.310000000000000000e+02,0.000000000000000000e+00,2.680000000000000000e+02,9.410000000000000000e+02,5.510000000000000000e+02,4.210000000000000000e+02,0.000000000000000000e+00,0.000000000000000000e+00,7.400000000000000000e+01,9.010000000000000000e+02,5.800000000000000000e+01,3.920000000000000000e+02,9.150000000000000000e+02,1.410000000000000000e+02,0.000000000000000000e+00,1.231000000000000000e+03,3.800000000000000000e+01,0.000000000000000000e+00,9.790000000000000000e+02,0.000000000000000000e+00,1.320000000000000000e+02,3.660000000000000000e+02,9.670000000000000000e+02,6.750000000000000000e+02,0.000000000000000000e+00,9.470000000000000000e+02,0.000000000000000000e+00,0.000000000000000000e+00,8.770000000000000000e+02,0.000000000000000000e+00,0.000000000000000000e+00,3.620000000000000000e+02,0.000000000000000000e+00,0.000000000000000000e+00,7.600000000000000000e+01,1.192000000000000000e+03,9.710000000000000000e+02,1.840000000000000000e+02,0.000000000000000000e+00,2.850000000000000000e+02,2.130000000000000000e+02,2.280000000000000000e+02,1.380000000000000000e+02,1.110000000000000000e+02,3.120000000000000000e+02,3.810000000000000000e+02,1.760000000000000000e+02,4.040000000000000000e+02,0.000000000000000000e+00,0.000000000000000000e+00,9.850000000000000000e+02,8.350000000000000000e+02,1.470000000000000000e+02,2.550000000000000000e+02,1.023000000000000000e+03,0.000000000000000000e+00,3.650000000000000000e+02,1.008000000000000000e+03,0.000000000000000000e+00,4.910000000000000000e+02,0.000000000000000000e+00,0.000000000000000000e+00,2.890000000000000000e+02,0.000000000000000000e+00,7.710000000000000000e+02,9.100000000000000000e+01,2.380000000000000000e+02,1.280000000000000000e+02,8.500000000000000000e+01,0.000000000000000000e+00,6.030000000000000000e+02,1.010000000000000000e+02,4.780000000000000000e+02,2.140000000000000000e+02,3.620000000000000000e+02,1.220000000000000000e+02,1.010000000000000000e+03,6.720000000000000000e+02,9.640000000000000000e+02,4.560000000000000000e+02,0.000000000000000000e+00,2.710000000000000000e+02,3.490000000000000000e+02,4.320000000000000000e+02,3.120000000000000000e+02,3.980000000000000000e+02,0.000000000000000000e+00,0.000000000000000000e+00,8.180000000000000000e+02,1.170000000000000000e+02,1.180000000000000000e+02,1.197000000000000000e+03,1.100000000000000000e+02,3.490000000000000000e+02,1.019000000000000000e+03,4.100000000000000000e+02,0.000000000000000000e+00,0.000000000000000000e+00,8.100000000000000000e+02,3.300000000000000000e+02,4.340000000000000000e+02,8.810000000000000000e+02,9.710000000000000000e+02,9.660000000000000000e+02,8.160000000000000000e+02,3.830000000000000000e+02,0.000000000000000000e+00,9.490000000000000000e+02,9.490000000000000000e+02,7.230000000000000000e+02,9.190000000000000000e+02,0.000000000000000000e+00,0.000000000000000000e+00,8.230000000000000000e+02,5.000000000000000000e+01,8.700000000000000000e+02,7.900000000000000000e+01,6.700000000000000000e+01,0.000000000000000000e+00,0.000000000000000000e+00,1.060000000000000000e+02,5.300000000000000000e+01,1.042000000000000000e+03,1.004000000000000000e+03,1.080000000000000000e+03,0.000000000000000000e+00,3.970000000000000000e+02
1.649000000000000000e+03,1.687000000000000000e+03,8.080000000000000000e+02,3.910000000000000000e+02,6.530000000000000000e+02,2.950000000000000000e+02,1.600000000000000000e+01,8.700000000000000000e+01,7.840000000000000000e+02,1.000000000000000000e+00,4.210000000000000000e+02,3.950000000000000000e+02,3.260000000000000000e+02,1.757000000000000000e+03,1.930000000000000000e+02,7.100000000000000000e+01,8.200000000000000000e+01,8.290000000000000000e+02,6.300000000000000000e+02,7.000000000000000000e+00,4.150000000000000000e+02,3.800000000000000000e+02,9.270000000000000000e+02,1.846000000000000000e+03,0.000000000000000000e+00,8.150000000000000000e+02,4.580000000000000000e+02,1.147000000000000000e+03,1.908000000000000000e+03,2.053000000000000000e+03,7.380000000000000000e+02,8.100000000000000000e+02,2.210000000000000000e+02,0.000000000000000000e+00,1.600000000000000000e+01,9.310000000000000000e+02,7.000000000000000000e+00,1.142000000000000000e+03,5.520000000000000000e+02,2.254000000000000000e+03,1.260000000000000000e+02,1.727000000000000000e+03,5.800000000000000000e+01,1.254000000000000000e+03,1.500000000000000000e+01,2.520000000000000000e+02,8.000000000000000000e+00,0.000000000000000000e+00,1.350000000000000000e+02,3.860000000000000000e+02,3.760000000000000000e+02,1.130000000000000000e+02,7.100000000000000000e+02,2.200000000000000000e+01,1.232000000000000000e+03,1.216000000000000000e+03,1.800000000000000000e+01,1.037000000000000000e+03,6.660000000000000000e+02,4.150000000000000000e+02,2.250000000000000000e+02,3.070000000000000000e+02,5.920000000000000000e+02,4.600000000000000000e+02,1.490000000000000000e+02,1.830000000000000000e+03,7.740000000000000000e+02,5.360000000000000000e+02,1.870000000000000000e+02,1.330000000000000000e+02,1.331000000000000000e+03,5.440000000000000000e+02,9.330000000000000000e+02,8.340000000000000000e+02,5.600000000000000000e+01,8.510000000000000000e+02,5.000000000000000000e+01,1.919000000000000000e+03,2.370000000000000000e+02,1.818000000000000000e+03,2.986000000000000000e+03,9.200000000000000000e+02,9.240000000000000000e+02,3.230000000000000000e+02,4.170000000000000000e+02,1.783000000000000000e+03,5.270000000000000000e+02,8.400000000000000000e+01,1.230000000000000000e+03,2.234000000000000000e+03,2.390000000000000000e+02,4.000000000000000000e+02,2.123000000000000000e+03,1.166000000000000000e+03,3.660000000000000000e+02,2.490000000000000000e+02,9.110000000000000000e+02,2.019000000000000000e+03,2.600000000000000000e+01,1.600000000000000000e+01,3.800000000000000000e+01,4.000000000000000000e+00,1.971000000000000000e+03,2.620000000000000000e+02,1.246000000000000000e+03,6.900000000000000000e+01,3.590000000000000000e+02,2.700000000000000000e+01,2.118000000000000000e+03,9.440000000000000000e+02,1.688000000000000000e+03,1.620000000000000000e+02,1.606000000000000000e+03,1.000000000000000000e+01,1.877000000000000000e+03,4.500000000000000000e+02,1.867000000000000000e+03,8.750000000000000000e+02,1.748000000000000000e+03,1.944000000000000000e+03,0.000000000000000000e+00,3.045000000000000000e+03,4.370000000000000000e+02,2.145000000000000000e+03,2.044000000000000000e+03,6.500000000000000000e+01,1.200000000000000000e+01,2.112000000000000000e+03,5.000000000000000000e+00,6.570000000000000000e+02,5.000000000000000000e+00,3.800000000000000000e+01,1.690000000000000000e+02,5.500000000000000000e+01,5.400000000000000000e+01,2.900000000000000000e+01,1.735000000000000000e+03,1.200000000000000000e+02,1.460000000000000000e+03,3.340000000000000000e+02,5.210000000000000000e+02,1.699000000000000000e+03,8.360000000000000000e+02,8.960000000000000000e+02,1.100000000000000000e+01,6.700000000000000000e+01,5.800000000000000000e+01,1.702000000000000000e+03,8.100000000000000000e+01,8.250000000000000000e+02,1.786000000000000000e+03,1.630000000000000000e+02,4.210000000000000000e+02,3.055000000000000000e+03,2.000000000000000000e+00,2.700000000000000000e+01,2.203000000000000000e+03,8.000000000000000000e+00,2.010000000000000000e+02,6.690000000000000000e+02,1.960000000000000000e+03,1.098000000000000000e+03,1.890000000000000000e+02,1.763000000000000000e+03,2.070000000000000000e+02,4.000000000000000000e+00,1.678000000000000000e+03,1.400000000000000000e+01,2.700000000000000000e+01,4.150000000000000000e+02,1.700000000000000000e+01,1.040000000000000000e+02,1.100000000000000000e+01,3.051000000000000000e+03,2.053000000000000000e+03,4.040000000000000000e+02,1.900000000000000000e+01,6.020000000000000000e+02,3.650000000000000000e+02,2.710000000000000000e+02,1.820000000000000000e+02,8.500000000000000000e+01,6.040000000000000000e+02,7.050000000000000000e+02,2.260000000000000000e+02,9.500000000000000000e+02,4.100000000000000000e+01,7.000000000000000000e+00,2.077000000000000000e+03,1.699000000000000000e+03,1.670000000000000000e+02,4.460000000000000000e+02,2.380000000000000000e+03,2.600000000000000000e+01,6.070000000000000000e+02,2.032000000000000000e+03,1.800000000000000000e+01,8.780000000000000000e+02,1.800000000000000000e+01,6.000000000000000000e+00,6.240000000000000000e+02,1.720000000000000000e+02,1.586000000000000000e+03,1.040000000000000000e+02,2.730000000000000000e+02,1.670000000000000000e+02,1.520000000000000000e+02,2.000000000000000000e+00,6.340000000000000000e+02,1.770000000000000000e+02,1.670000000000000000e+02,4.240000000000000000e+02,3.460000000000000000e+02,2.040000000000000000e+02,2.230000000000000000e+03,1.127000000000000000e+03,1.983000000000000000e+03,7.240000000000000000e+02,9.000000000000000000e+00,2.630000000000000000e+02,8.870000000000000000e+02,7.850000000000000000e+02,1.120000000000000000e+02,8.840000000000000000e+02,2.740000000000000000e+02,2.520000000000000000e+02,1.568000000000000000e+03,1.900000000000000000e+02,1.550000000000000000e+02,3.067000000000000000e+03,1.690000000000000000e+02,3.940000000000000000e+02,2.075000000000000000e+03,7.890000000000000000e+02,4.000000000000000000e+00,5.200000000000000000e+01,1.495000000000000000e+03,5.240000000000000000e+02,9.620000000000000000e+02,1.496000000000000000e+03,2.111000000000000000e+03,1.814000000000000000e+03,1.596000000000000000e+03,8.670000000000000000e+02,4.800000000000000000e+01,1.995000000000000000e+03,1.913000000000000000e+03,1.512000000000000000e+03,1.939000000000000000e+03,2.100000000000000000e+01,1.600000000000000000e+01,1.430000000000000000e+03,1.100000000000000000e+01,1.653000000000000000e+03,1.000000000000000000e+02,7.500000000000000000e+01,2.400000000000000000e+01,4.000000000000000000e+00,1.490000000000000000e+02,6.600000000000000000e+01,1.934000000000000000e+03,2.027000000000000000e+03,2.278000000000000000e+03,1.600000000000000000e+01,9.640000000000000000e+02
2.660000000000000000e+02,2.570000000000000000e+02,9.600000000000000000e+01,1.030000000000000000e+02,9.100000000000000000e+01,8.000000000000000000e+01,0.000000000000000000e+00,9.700000000000000000e+01,1.090000000000000000e+02,0.000000000000000000e+00,0.000000000000000000e+00,0.000000000000000000e+00,2.210000000000000000e+02,2.770000000000000000e+02,0.000000000000000000e+00,0.000000000000000000e+00,7.600000000000000000e+01,2.460000000000000000e+02,2.330000000000000000e+02,0.000000000000000000e+00,8.400000000000000000e+01,9.700000000000000000e+01,2.530000000000000000e+02,2.620000000000000000e+02,0.000000000000000000e+00,9.500000000000000000e+01,9.000000000000000000e+01,2.360000000000000000e+02,2.690000000000000000e+02,2.720000000000000000e+02,2.660000000000000000e+02,2.430000000000000000e+02,0.000000000000000000e+00,2.580000000000000000e+02,0.000000000000000000e+00,9.400000000000000000e+01,0.000000000000000000e+00,2.380000000000000000e+02,1.000000000000000000e+02,2.630000000000000000e+02,0.000000000000000000e+00,2.580000000000000000e+02,0.000000000000000000e+00,2.640000000000000000e+02,0.000000000000000000e+00,8.500000000000000000e+01,0.000000000000000000e+00,0.000000000000000000e+00,6.000000000000000000e+01,0.000000000000000000e+00,0.000000000000000000e+00,9.300000000000000000e+01,1.060000000000000000e+02,0.000000000000000000e+00,2.410000000000000000e+02,2.550000000000000000e+02,0.000000000000000000e+00,2.490000000000000000e+02,8.700000000000000000e+01,1.040000000000000000e+02,0.000000000000000000e+00,7.200000000000000000e+01,1.130000000000000000e+02,1.890000000000000000e+02,7.700000000000000000e+01,2.730000000000000000e+02,2.200000000000000000e+02,2.310000000000000000e+02,1.920000000000000000e+02,0.000000000000000000e+00,2.520000000000000000e+02,1.120000000000000000e+02,2.460000000000000000e+02,2.450000000000000000e+02,8.700000000000000000e+01,2.890000000000000000e+02,8.900000000000000000e+01,2.760000000000000000e+02,9.900000000000000000e+01,2.350000000000000000e+02,3.220000000000000000e+02,1.170000000000000000e+02,1.070000000000000000e+02,8.100000000000000000e+01,0.000000000000000000e+00,2.440000000000000000e+02,2.140000000000000000e+02,6.900000000000000000e+01,2.830000000000000000e+02,2.670000000000000000e+02,1.000000000000000000e+02,8.500000000000000000e+01,2.610000000000000000e+02,2.130000000000000000e+02,7.400000000000000000e+01,0.000000000000000000e+00,2.260000000000000000e+02,2.530000000000000000e+02,0.000000000000000000e+00,0.000000000000000000e+00,6.600000000000000000e+01,0.000000000000000000e+00,2.830000000000000000e+02,8.900000000000000000e+01,2.330000000000000000e+02,6.300000000000000000e+01,8.600000000000000000e+01,7.500000000000000000e+01,2.520000000000000000e+02,1.090000000000000000e+02,2.470000000000000000e+02,8.700000000000000000e+01,2.440000000000000000e+02,0.000000000000000000e+00,2.660000000000000000e+02,0.000000000000000000e+00,2.620000000000000000e+02,7.900000000000000000e+01,2.750000000000000000e+02,2.800000000000000000e+02,0.000000000000000000e+00,3.330000000000000000e+02,0.000000000000000000e+00,2.590000000000000000e+02,2.660000000000000000e+02,6.700000000000000000e+01,0.000000000000000000e+00,2.760000000000000000e+02,0.000000000000000000e+00,1.030000000000000000e+02,0.000000000000000000e+00,2.060000000000000000e+02,7.200000000000000000e+01,6.200000000000000000e+01,0.000000000000000000e+00,0.000000000000000000e+00,2.730000000000000000e+02,2.040000000000000000e+02,2.520000000000000000e+02,0.000000000000000000e+00,8.500000000000000000e+01,2.920000000000000000e+02,2.620000000000000000e+02,1.170000000000000000e+02,0.000000000000000000e+00,0.000000000000000000e+00,6.700000000000000000e+01,2.490000000000000000e+02,7.900000000000000000e+01,9.100000000000000000e+01,2.590000000000000000e+02,9.900000000000000000e+01,0.000000000000000000e+00,3.340000000000000000e+02,7.800000000000000000e+01,0.000000000000000000e+00,2.880000000000000000e+02,0.000000000000000000e+00,6.500000000000000000e+01,1.040000000000000000e+02,3.100000000000000000e+02,2.660000000000000000e+02,0.000000000000000000e+00,2.370000000000000000e+02,0.000000000000000000e+00,0.000000000000000000e+00,3.070000000000000000e+02,0.000000000000000000e+00,0.000000000000000000e+00,2.350000000000000000e+02,0.000000000000000000e+00,0.000000000000000000e+00,9.700000000000000000e+01,3.280000000000000000e+02,2.340000000000000000e+02,9.000000000000000000e+01,0.000000000000000000e+00,8.700000000000000000e+01,1.120000000000000000e+02,1.980000000000000000e+02,9.500000000000000000e+01,6.500000000000000000e+01,1.230000000000000000e+02,1.040000000000000000e+02,9.000000000000000000e+01,9.800000000000000000e+01,0.000000000000000000e+00,0.000000000000000000e+00,2.780000000000000000e+02,2.450000000000000000e+02,8.300000000000000000e+01,9.500000000000000000e+01,2.660000000000000000e+02,0.000000000000000000e+00,1.040000000000000000e+02,2.600000000000000000e+02,0.000000000000000000e+00,2.410000000000000000e+02,0.000000000000000000e+00,0.000000000000000000e+00,8.800000000000000000e+01,0.000000000000000000e+00,3.060000000000000000e+02,6.900000000000000000e+01,1.870000000000000000e+02,8.700000000000000000e+01,9.400000000000000000e+01,0.000000000000000000e+00,2.620000000000000000e+02,8.500000000000000000e+01,2.000000000000000000e+02,8.900000000000000000e+01,2.330000000000000000e+02,7.600000000000000000e+01,2.490000000000000000e+02,2.490000000000000000e+02,2.550000000000000000e+02,2.170000000000000000e+02,0.000000000000000000e+00,2.330000000000000000e+02,9.700000000000000000e+01,1.020000000000000000e+02,2.470000000000000000e+02,9.900000000000000000e+01,0.000000000000000000e+00,0.000000000000000000e+00,2.620000000000000000e+02,9.300000000000000000e+01,8.700000000000000000e+01,3.180000000000000000e+02,7.900000000000000000e+01,2.470000000000000000e+02,2.700000000000000000e+02,1.000000000000000000e+02,0.000000000000000000e+00,0.000000000000000000e+00,2.560000000000000000e+02,8.900000000000000000e+01,1.200000000000000000e+02,2.750000000000000000e+02,2.810000000000000000e+02,2.580000000000000000e+02,2.590000000000000000e+02,1.170000000000000000e+02,0.000000000000000000e+00,2.740000000000000000e+02,2.690000000000000000e+02,2.430000000000000000e+02,2.320000000000000000e+02,0.000000000000000000e+00,0.000000000000000000e+00,2.750000000000000000e+02,5.800000000000000000e+01,2.490000000000000000e+02,8.600000000000000000e+01,5.800000000000000000e+01,0.000000000000000000e+00,0.000000000000000000e+00,7.900000000000000000e+01,5.700000000000000000e+01,2.750000000000000000e+02,2.670000000000000000e+02,3.140000000000000000e+02,0.000000000000000000e+00,9.800000000000000000e+01
6.200000000000000000e+02,5.590000000000000000e+02,2.900000000000000000e+02,1.430000000000000000e+02,2.120000000000000000e+02,8.500000000000000000e+01,5.000000000000000000e+00,3.800000000000000000e+01,4.280000000000000000e+02,1.000000000000000000e+00,2.160000000000000000e+02,1.970000000000000000e+02,9.100000000000000000e+01,6.600000000000000000e+02,8.400000000000000000e+01,1.800000000000000000e+01,1.500000000000000000e+01,2.160000000000000000e+02,1.860000000000000000e+02,1.000000000000000000e+00,1.530000000000000000e+02,8.800000000000000000e+01,2.900000000000000000e+02,9.430000000000000000e+02,0.000000000000000000e+00,3.610000000000000000e+02,1.530000000000000000e+02,3.900000000000000000e+02,8.070000000000000000e+02,9.950000000000000000e+02,2.240000000000000000e+02,2.390000000000000000e+02,5.500000000000000000e+01,4.450000000000000000e+02,1.000000000000000000e+00,0.000000000000000000e+00,3.000000000000000000e+00,3.310000000000000000e+02,1.810000000000000000e+02,1.157000000000000000e+03,7.700000000000000000e+01,6.770000000000000000e+02,7.000000000000000000e+00,4.380000000000000000e+02,0.000000000000000000e+00,6.400000000000000000e+01,0.000000000000000000e+00,1.000000000000000000e+00,3.800000000000000000e+01,1.450000000000000000e+02,2.150000000000000000e+02,2.600000000000000000e+01,1.720000000000000000e+02,0.000000000000000000e+00,3.840000000000000000e+02,3.630000000000000000e+02,1.000000000000000000e+00,3.630000000000000000e+02,2.650000000000000000e+02,1.160000000000000000e+02,3.300000000000000000e+01,6.500000000000000000e+01,1.880000000000000000e+02,1.020000000000000000e+02,3.300000000000000000e+01,1.043000000000000000e+03,2.060000000000000000e+02,1.530000000000000000e+02,1.700000000000000000e+01,3.400000000000000000e+01,4.600000000000000000e+02,1.670000000000000000e+02,2.970000000000000000e+02,2.660000000000000000e+02,1.100000000000000000e+01,2.220000000000000000e+02,1.300000000000000000e+01,7.220000000000000000e+02,5.400000000000000000e+01,7.720000000000000000e+02,0.000000000000000000e+00,0.000000000000000000e+00,0.000000000000000000e+00,9.000000000000000000e+01,1.820000000000000000e+02,7.260000000000000000e+02,1.390000000000000000e+02,1.700000000000000000e+01,3.830000000000000000e+02,1.023000000000000000e+03,6.600000000000000000e+01,1.090000000000000000e+02,1.001000000000000000e+03,3.690000000000000000e+02,9.200000000000000000e+01,1.310000000000000000e+02,2.480000000000000000e+02,9.910000000000000000e+02,8.000000000000000000e+00,1.000000000000000000e+00,8.000000000000000000e+00,4.000000000000000000e+00,9.380000000000000000e+02,4.700000000000000000e+01,4.070000000000000000e+02,1.200000000000000000e+01,9.100000000000000000e+01,9.000000000000000000e+00,8.950000000000000000e+02,0.000000000000000000e+00,8.250000000000000000e+02,4.800000000000000000e+01,5.590000000000000000e+02,6.000000000000000000e+00,1.210000000000000000e+03,1.860000000000000000e+02,9.840000000000000000e+02,4.110000000000000000e+02,5.960000000000000000e+02,8.470000000000000000e+02,1.000000000000000000e+00,0.000000000000000000e+00,2.240000000000000000e+02,1.080000000000000000e+03,9.010000000000000000e+02,1.800000000000000000e+01,1.000000000000000000e+00,9.380000000000000000e+02,0.000000000000000000e+00,2.770000000000000000e+02,0.000000000000000000e+00,1.200000000000000000e+01,4.600000000000000000e+01,4.000000000000000000e+00,1.300000000000000000e+01,1.500000000000000000e+01,6.340000000000000000e+02,3.800000000000000000e+01,4.290000000000000000e+02,1.770000000000000000e+02,1.490000000000000000e+02,5.350000000000000000e+02,2.020000000000000000e+02,0.000000000000000000e+00,3.000000000000000000e+00,2.200000000000000000e+01,8.000000000000000000e+00,5.840000000000000000e+02,1.500000000000000000e+01,3.880000000000000000e+02,7.230000000000000000e+02,4.800000000000000000e+01,2.070000000000000000e+02,0.000000000000000000e+00,4.000000000000000000e+00,4.000000000000000000e+00,1.106000000000000000e+03,2.000000000000000000e+00,5.400000000000000000e+01,1.960000000000000000e+02,7.750000000000000000e+02,3.460000000000000000e+02,9.700000000000000000e+01,7.200000000000000000e+02,5.700000000000000000e+01,4.000000000000000000e+00,5.480000000000000000e+02,5.000000000000000000e+00,5.000000000000000000e+00,1.320000000000000000e+02,6.000000000000000000e+00,3.400000000000000000e+01,1.600000000000000000e+01,0.000000000000000000e+00,9.290000000000000000e+02,1.530000000000000000e+02,2.000000000000000000e+00,1.970000000000000000e+02,1.200000000000000000e+02,7.200000000000000000e+01,4.400000000000000000e+01,2.000000000000000000e+01,2.080000000000000000e+02,3.160000000000000000e+02,9.200000000000000000e+01,5.090000000000000000e+02,7.000000000000000000e+00,1.000000000000000000e+00,1.052000000000000000e+03,6.300000000000000000e+02,4.000000000000000000e+01,8.900000000000000000e+01,1.234000000000000000e+03,6.000000000000000000e+00,1.550000000000000000e+02,8.750000000000000000e+02,8.000000000000000000e+00,2.540000000000000000e+02,5.000000000000000000e+00,0.000000000000000000e+00,2.390000000000000000e+02,8.900000000000000000e+01,5.630000000000000000e+02,2.300000000000000000e+01,2.800000000000000000e+01,3.100000000000000000e+01,3.300000000000000000e+01,0.000000000000000000e+00,2.190000000000000000e+02,4.100000000000000000e+01,1.150000000000000000e+02,1.270000000000000000e+02,8.300000000000000000e+01,3.800000000000000000e+01,1.173000000000000000e+03,3.630000000000000000e+02,1.068000000000000000e+03,1.480000000000000000e+02,2.000000000000000000e+00,6.700000000000000000e+01,3.420000000000000000e+02,0.000000000000000000e+00,5.600000000000000000e+01,0.000000000000000000e+00,8.700000000000000000e+01,5.700000000000000000e+01,5.420000000000000000e+02,4.100000000000000000e+01,3.700000000000000000e+01,0.000000000000000000e+00,3.400000000000000000e+01,1.420000000000000000e+02,9.550000000000000000e+02,3.570000000000000000e+02,1.000000000000000000e+00,9.000000000000000000e+00,5.030000000000000000e+02,1.700000000000000000e+02,0.000000000000000000e+00,5.300000000000000000e+02,1.005000000000000000e+03,7.610000000000000000e+02,5.570000000000000000e+02,0.000000000000000000e+00,1.300000000000000000e+01,9.810000000000000000e+02,8.390000000000000000e+02,4.470000000000000000e+02,7.770000000000000000e+02,6.000000000000000000e+00,5.000000000000000000e+00,5.680000000000000000e+02,7.000000000000000000e+00,6.460000000000000000e+02,2.200000000000000000e+01,1.500000000000000000e+01,2.000000000000000000e+00,0.000000000000000000e+00,1.400000000000000000e+01,9.000000000000000000e+00,9.770000000000000000e+02,8.830000000000000000e+02,1.244000000000000000e+03,7.000000000000000000e+00,0.000000000000000000e+00
3.590000000000000000e+02,3.790000000000000000e+02,1.290000000000000000e+02,1.580000000000000000e+02,1.490000000000000000e+02,1.230000000000000000e+02,0.000000000000000000e+00,1.400000000000000000e+02,1.210000000000000000e+02,0.000000000000000000e+00,0.000000000000000000e+00,0.000000000000000000e+00,3.580000000000000000e+02,3.600000000000000000e+02,0.000000000000000000e+00,0.000000000000000000e+00,1.460000000000000000e+02,3.340000000000000000e+02,3.340000000000000000e+02,0.000000000000000000e+00,1.360000000000000000e+02,1.440000000000000000e+02,3.900000000000000000e+02,3.230000000000000000e+02,0.000000000000000000e+00,1.470000000000000000e+02,1.390000000000000000e+02,3.530000000000000000e+02,3.700000000000000000e+02,3.840000000000000000e+02,3.390000000000000000e+02,3.660000000000000000e+02,0.000000000000000000e+00,3.570000000000000000e+02,0.000000000000000000e+00,1.560000000000000000e+02,0.000000000000000000e+00,3.580000000000000000e+02,1.440000000000000000e+02,3.780000000000000000e+02,0.000000000000000000e+00,3.300000000000000000e+02,0.000000000000000000e+00,3.540000000000000000e+02,0.000000000000000000e+00,1.150000000000000000e+02,0.000000000000000000e+00,0.000000000000000000e+00,1.180000000000000000e+02,0.000000000000000000e+00,0.000000000000000000e+00,1.350000000000000000e+02,1.420000000000000000e+02,0.000000000000000000e+00,3.590000000000000000e+02,3.610000000000000000e+02,0.000000000000000000e+00,3.320000000000000000e+02,1.440000000000000000e+02,1.290000000000000000e+02,0.000000000000000000e+00,1.430000000000000000e+02,1.370000000000000000e+02,3.140000000000000000e+02,1.130000000000000000e+02,3.580000000000000000e+02,3.940000000000000000e+02,3.130000000000000000e+02,3.230000000000000000e+02,0.000000000000000000e+00,3.390000000000000000e+02,1.450000000000000000e+02,3.310000000000000000e+02,3.210000000000000000e+02,1.060000000000000000e+02,3.660000000000000000e+02,1.240000000000000000e+02,4.500000000000000000e+02,1.210000000000000000e+02,3.680000000000000000e+02,4.030000000000000000e+02,1.600000000000000000e+02,1.550000000000000000e+02,1.490000000000000000e+02,0.000000000000000000e+00,3.630000000000000000e+02,3.600000000000000000e+02,1.400000000000000000e+02,3.260000000000000000e+02,3.290000000000000000e+02,1.130000000000000000e+02,1.380000000000000000e+02,3.820000000000000000e+02,3.330000000000000000e+02,1.430000000000000000e+02,0.000000000000000000e+00,3.170000000000000000e+02,3.700000000000000000e+02,0.000000000000000000e+00,0.000000000000000000e+00,1.090000000000000000e+02,0.000000000000000000e+00,3.590000000000000000e+02,1.440000000000000000e+02,3.720000000000000000e+02,1.250000000000000000e+02,1.300000000000000000e+02,1.340000000000000000e+02,3.840000000000000000e+02,1.710000000000000000e+02,3.620000000000000000e+02,1.180000000000000000e+02,3.560000000000000000e+02,0.000000000000000000e+00,3.270000000000000000e+02,0.000000000000000000e+00,3.590000000000000000e+02,1.390000000000000000e+02,3.850000000000000000e+02,3.690000000000000000e+02,0.000000000000000000e+00,4.460000000000000000e+02,0.000000000000000000e+00,3.880000000000000000e+02,3.860000000000000000e+02,1.120000000000000000e+02,0.000000000000000000e+00,3.890000000000000000e+02,0.000000000000000000e+00,1.430000000000000000e+02,0.000000000000000000e+00,2.750000000000000000e+02,1.040000000000000000e+02,1.250000000000000000e+02,0.000000000000000000e+00,0.000000000000000000e+00,3.490000000000000000e+02,3.540000000000000000e+02,3.570000000000000000e+02,0.000000000000000000e+00,1.410000000000000000e+02,4.370000000000000000e+02,3.930000000000000000e+02,1.410000000000000000e+02,0.000000000000000000e+00,0.000000000000000000e+00,1.250000000000000000e+02,3.880000000000000000e+02,1.480000000000000000e+02,1.250000000000000000e+02,3.770000000000000000e+02,1.260000000000000000e+02,0.000000000000000000e+00,4.240000000000000000e+02,9.000000000000000000e+01,0.000000000000000000e+00,4.240000000000000000e+02,0.000000000000000000e+00,1.140000000000000000e+02,1.490000000000000000e+02,3.360000000000000000e+02,3.510000000000000000e+02,0.000000000000000000e+00,3.580000000000000000e+02,0.000000000000000000e+00,0.000000000000000000e+00,3.860000000000000000e+02,0.000000000000000000e+00,0.000000000000000000e+00,4.220000000000000000e+02,0.000000000000000000e+00,0.000000000000000000e+00,1.170000000000000000e+02,4.320000000000000000e+02,3.970000000000000000e+02,1.300000000000000000e+02,0.000000000000000000e+00,1.150000000000000000e+02,1.450000000000000000e+02,3.000000000000000000e+02,1.480000000000000000e+02,1.430000000000000000e+02,1.400000000000000000e+02,1.240000000000000000e+02,1.490000000000000000e+02,1.370000000000000000e+02,0.000000000000000000e+00,0.000000000000000000e+00,3.700000000000000000e+02,3.610000000000000000e+02,1.290000000000000000e+02,1.420000000000000000e+02,3.760000000000000000e+02,0.000000000000000000e+00,1.380000000000000000e+02,3.290000000000000000e+02,0.000000000000000000e+00,3.510000000000000000e+02,0.000000000000000000e+00,0.000000000000000000e+00,1.220000000000000000e+02,0.000000000000000000e+00,3.980000000000000000e+02,1.320000000000000000e+02,3.200000000000000000e+02,1.110000000000000000e+02,1.290000000000000000e+02,0.000000000000000000e+00,3.690000000000000000e+02,1.240000000000000000e+02,3.390000000000000000e+02,1.390000000000000000e+02,3.820000000000000000e+02,1.140000000000000000e+02,3.720000000000000000e+02,3.450000000000000000e+02,3.670000000000000000e+02,3.610000000000000000e+02,0.000000000000000000e+00,3.850000000000000000e+02,1.410000000000000000e+02,1.630000000000000000e+02,3.590000000000000000e+02,1.580000000000000000e+02,0.000000000000000000e+00,0.000000000000000000e+00,3.180000000000000000e+02,1.280000000000000000e+02,1.270000000000000000e+02,4.540000000000000000e+02,1.020000000000000000e+02,3.440000000000000000e+02,3.880000000000000000e+02,1.420000000000000000e+02,0.000000000000000000e+00,0.000000000000000000e+00,3.480000000000000000e+02,1.350000000000000000e+02,1.490000000000000000e+02,3.660000000000000000e+02,3.570000000000000000e+02,3.990000000000000000e+02,3.760000000000000000e+02,1.490000000000000000e+02,0.000000000000000000e+00,3.750000000000000000e+02,3.630000000000000000e+02,3.590000000000000000e+02,3.620000000000000000e+02,0.000000000000000000e+00,0.000000000000000000e+00,3.800000000000000000e+02,1.100000000000000000e+02,3.870000000000000000e+02,1.240000000000000000e+02,9.500000000000000000e+01,0.000000000000000000e+00,0.000000000000000000e+00,1.140000000000000000e+02,1.030000000000000000e+02,3.630000000000000000e+02,3.830000000000000000e+02,3.450000000000000000e+02,0.000000000000000000e+00,1.560000000000000000e+02
2.241000000000000000e+03,2.456000000000000000e+03,1.002000000000000000e+03,6.270000000000000000e+02,8.610000000000000000e+02,5.150000000000000000e+02,3.500000000000000000e+01,3.030000000000000000e+02,1.120000000000000000e+03,1.000000000000000000e+01,5.010000000000000000e+02,4.730000000000000000e+02,7.690000000000000000e+02,2.450000000000000000e+03,2.400000000000000000e+02,7.500000000000000000e+01,2.340000000000000000e+02,1.375000000000000000e+03,1.160000000000000000e+03,3.200000000000000000e+01,7.820000000000000000e+02,6.180000000000000000e+02,1.595000000000000000e+03,2.750000000000000000e+03,1.000000000000000000e+01,1.008000000000000000e+03,6.420000000000000000e+02,1.784000000000000000e+03,2.514000000000000000e+03,2.759000000000000000e+03,1.315000000000000000e+03,1.279000000000000000e+03,3.130000000000000000e+02,1.944000000000000000e+03,2.300000000000000000e+01,1.177000000000000000e+03,1.800000000000000000e+01,0.000000000000000000e+00,9.180000000000000000e+02,2.862000000000000000e+03,2.200000000000000000e+02,2.070000000000000000e+03,1.270000000000000000e+02,2.006000000000000000e+03,4.600000000000000000e+01,3.690000000000000000e+02,1.800000000000000000e+01,2.500000000000000000e+01,2.240000000000000000e+02,4.690000000000000000e+02,4.790000000000000000e+02,3.670000000000000000e+02,9.190000000000000000e+02,4.400000000000000000e+01,1.849000000000000000e+03,1.735000000000000000e+03,2.500000000000000000e+01,1.967000000000000000e+03,8.790000000000000000e+02,4.810000000000000000e+02,2.850000000000000000e+02,5.130000000000000000e+02,1.007000000000000000e+03,4.130000000000000000e+02,1.040000000000000000e+02,2.744000000000000000e+03,1.330000000000000000e+03,9.820000000000000000e+02,3.580000000000000000e+02,2.850000000000000000e+02,1.584000000000000000e+03,7.340000000000000000e+02,1.654000000000000000e+03,1.389000000000000000e+03,1.130000000000000000e+02,1.511000000000000000e+03,1.900000000000000000e+02,2.583000000000000000e+03,4.250000000000000000e+02,2.457000000000000000e+03,3.882000000000000000e+03,1.134000000000000000e+03,1.246000000000000000e+03,6.750000000000000000e+02,5.350000000000000000e+02,2.418000000000000000e+03,9.640000000000000000e+02,2.530000000000000000e+02,1.891000000000000000e+03,2.720000000000000000e+03,2.470000000000000000e+02,8.340000000000000000e+02,2.779000000000000000e+03,1.855000000000000000e+03,6.160000000000000000e+02,3.720000000000000000e+02,1.609000000000000000e+03,2.619000000000000000e+03,4.000000000000000000e+01,5.000000000000000000e+00,1.940000000000000000e+02,3.300000000000000000e+01,2.298000000000000000e+03,4.690000000000000000e+02,1.891000000000000000e+03,1.750000000000000000e+02,5.780000000000000000e+02,9.400000000000000000e+01,2.301000000000000000e+03,1.201000000000000000e+03,2.551000000000000000e+03,2.560000000000000000e+02,2.184000000000000000e+03,3.000000000000000000e+00,2.805000000000000000e+03,4.850000000000000000e+02,2.657000000000000000e+03,1.069000000000000000e+03,2.322000000000000000e+03,2.524000000000000000e+03,3.800000000000000000e+01,3.966000000000000000e+03,4.780000000000000000e+02,2.699000000000000000e+03,2.613000000000000000e+03,1.720000000000000000e+02,1.400000000000000000e+01,2.669000000000000000e+03,2.400000000000000000e+01,9.880000000000000000e+02,1.600000000000000000e+01,3.050000000000000000e+02,3.490000000000000000e+02,9.300000000000000000e+01,1.260000000000000000e+02,5.500000000000000000e+01,2.292000000000000000e+03,3.140000000000000000e+02,1.988000000000000000e+03,4.580000000000000000e+02,7.510000000000000000e+02,2.259000000000000000e+03,1.546000000000000000e+03,1.150000000000000000e+03,2.800000000000000000e+01,1.030000000000000000e+02,1.250000000000000000e+02,2.267000000000000000e+03,2.140000000000000000e+02,1.024000000000000000e+03,2.515000000000000000e+03,3.040000000000000000e+02,4.830000000000000000e+02,4.093000000000000000e+03,6.500000000000000000e+01,6.900000000000000000e+01,2.417000000000000000e+03,1.200000000000000000e+01,4.890000000000000000e+02,8.760000000000000000e+02,2.381000000000000000e+03,1.787000000000000000e+03,2.270000000000000000e+02,2.399000000000000000e+03,2.770000000000000000e+02,5.500000000000000000e+01,2.205000000000000000e+03,1.800000000000000000e+01,4.200000000000000000e+01,9.310000000000000000e+02,2.000000000000000000e+00,1.740000000000000000e+02,1.550000000000000000e+02,4.002000000000000000e+03,2.409000000000000000e+03,5.330000000000000000e+02,1.100000000000000000e+01,8.640000000000000000e+02,5.680000000000000000e+02,2.050000000000000000e+02,4.750000000000000000e+02,2.700000000000000000e+02,8.400000000000000000e+02,1.063000000000000000e+03,5.240000000000000000e+02,1.116000000000000000e+03,8.400000000000000000e+01,7.000000000000000000e+00,2.818000000000000000e+03,2.058000000000000000e+03,4.510000000000000000e+02,6.490000000000000000e+02,2.518000000000000000e+03,3.400000000000000000e+01,8.720000000000000000e+02,2.532000000000000000e+03,4.400000000000000000e+01,1.441000000000000000e+03,3.500000000000000000e+01,1.100000000000000000e+01,9.100000000000000000e+02,2.310000000000000000e+02,2.217000000000000000e+03,2.450000000000000000e+02,5.010000000000000000e+02,3.020000000000000000e+02,2.630000000000000000e+02,7.000000000000000000e+00,1.609000000000000000e+03,3.390000000000000000e+02,1.205000000000000000e+03,4.270000000000000000e+02,1.038000000000000000e+03,2.870000000000000000e+02,2.767000000000000000e+03,1.809000000000000000e+03,2.852000000000000000e+03,1.150000000000000000e+03,2.200000000000000000e+01,6.040000000000000000e+02,1.026000000000000000e+03,1.136000000000000000e+03,6.910000000000000000e+02,1.116000000000000000e+03,4.010000000000000000e+02,3.480000000000000000e+02,2.290000000000000000e+03,2.920000000000000000e+02,4.130000000000000000e+02,4.041000000000000000e+03,2.940000000000000000e+02,9.540000000000000000e+02,2.388000000000000000e+03,9.880000000000000000e+02,1.200000000000000000e+01,3.400000000000000000e+01,2.389000000000000000e+03,8.620000000000000000e+02,1.236000000000000000e+03,2.223000000000000000e+03,2.734000000000000000e+03,2.503000000000000000e+03,2.265000000000000000e+03,1.262000000000000000e+03,1.290000000000000000e+02,2.701000000000000000e+03,2.540000000000000000e+03,2.031000000000000000e+03,2.569000000000000000e+03,1.400000000000000000e+01,2.700000000000000000e+01,2.242000000000000000e+03,1.120000000000000000e+02,2.303000000000000000e+03,4.900000000000000000e+01,2.200000000000000000e+01,1.700000000000000000e+01,0.000000000000000000e+00,2.420000000000000000e+02,1.320000000000000000e+02,2.778000000000000000e+03,2.734000000000000000e+03,2.419000000000000000e+03,3.900000000000000000e+01,1.247000000000000000e+03
7.690000000000000000e+02,8.460000000000000000e+02,2.180000000000000000e+02,1.180000000000000000e+02,1.800000000000000000e+02,1.130000000000000000e+02,2.400000000000000000e+01,5.900000000000000000e+01,2.550000000000000000e+02,1.000000000000000000e+00,1.690000000000000000e+02,1.720000000000000000e+02,2.210000000000000000e+02,8.630000000000000000e+02,1.150000000000000000e+02,3.100000000000000000e+01,5.100000000000000000e+01,4.510000000000000000e+02,3.830000000000000000e+02,5.000000000000000000e+00,1.450000000000000000e+02,1.220000000000000000e+02,5.120000000000000000e+02,9.520000000000000000e+02,2.000000000000000000e+00,2.560000000000000000e+02,1.610000000000000000e+02,6.900000000000000000e+02,8.770000000000000000e+02,9.210000000000000000e+02,4.770000000000000000e+02,5.580000000000000000e+02,8.900000000000000000e+01,7.060000000000000000e+02,9.000000000000000000e+00,3.650000000000000000e+02,6.000000000000000000e+00,6.100000000000000000e+02,0.000000000000000000e+00,1.101000000000000000e+03,8.600000000000000000e+01,9.420000000000000000e+02,4.000000000000000000e+01,6.610000000000000000e+02,1.100000000000000000e+01,7.300000000000000000e+01,4.000000000000000000e+00,1.300000000000000000e+01,4.500000000000000000e+01,1.510000000000000000e+02,1.800000000000000000e+02,6.600000000000000000e+01,1.860000000000000000e+02,1.500000000000000000e+01,6.150000000000000000e+02,6.140000000000000000e+02,1.000000000000000000e+01,7.150000000000000000e+02,2.130000000000000000e+02,1.130000000000000000e+02,8.400000000000000000e+01,1.160000000000000000e+02,2.150000000000000000e+02,1.760000000000000000e+02,2.100000000000000000e+01,9.540000000000000000e+02,4.490000000000000000e+02,3.580000000000000000e+02,1.340000000000000000e+02,7.500000000000000000e+01,7.640000000000000000e+02,1.490000000000000000e+02,5.210000000000000000e+02,4.820000000000000000e+02,3.300000000000000000e+01,5.600000000000000000e+02,5.700000000000000000e+01,8.950000000000000000e+02,9.700000000000000000e+01,8.530000000000000000e+02,1.303000000000000000e+03,3.830000000000000000e+02,3.720000000000000000e+02,1.570000000000000000e+02,1.620000000000000000e+02,8.340000000000000000e+02,3.350000000000000000e+02,6.100000000000000000e+01,6.130000000000000000e+02,9.300000000000000000e+02,6.500000000000000000e+01,1.450000000000000000e+02,1.008000000000000000e+03,6.730000000000000000e+02,9.300000000000000000e+01,1.010000000000000000e+02,5.370000000000000000e+02,9.690000000000000000e+02,2.400000000000000000e+01,0.000000000000000000e+00,5.500000000000000000e+01,1.100000000000000000e+01,1.002000000000000000e+03,9.200000000000000000e+01,6.530000000000000000e+02,5.200000000000000000e+01,1.290000000000000000e+02,3.200000000000000000e+01,1.074000000000000000e+03,3.750000000000000000e+02,8.920000000000000000e+02,3.700000000000000000e+01,7.430000000000000000e+02,2.000000000000000000e+00,1.013000000000000000e+03,1.930000000000000000e+02,9.230000000000000000e+02,2.440000000000000000e+02,7.770000000000000000e+02,9.240000000000000000e+02,1.000000000000000000e+01,1.282000000000000000e+03,1.780000000000000000e+02,9.310000000000000000e+02,9.300000000000000000e+02,4.900000000000000000e+01,5.000000000000000000e+00,9.430000000000000000e+02,9.000000000000000000e+00,2.340000000000000000e+02,1.500000000000000000e+01,1.500000000000000000e+02,6.300000000000000000e+01,3.200000000000000000e+01,3.600000000000000000e+01,2.600000000000000000e+01,8.300000000000000000e+02,1.570000000000000000e+02,6.800000000000000000e+02,1.950000000000000000e+02,1.660000000000000000e+02,8.860000000000000000e+02,5.450000000000000000e+02,4.090000000000000000e+02,8.000000000000000000e+00,3.000000000000000000e+01,3.000000000000000000e+01,8.770000000000000000e+02,3.200000000000000000e+01,2.310000000000000000e+02,8.370000000000000000e+02,7.400000000000000000e+01,1.470000000000000000e+02,1.343000000000000000e+03,1.400000000000000000e+01,2.300000000000000000e+01,1.115000000000000000e+03,3.000000000000000000e+00,1.140000000000000000e+02,1.910000000000000000e+02,1.056000000000000000e+03,5.770000000000000000e+02,8.900000000000000000e+01,9.040000000000000000e+02,1.020000000000000000e+02,1.600000000000000000e+01,8.060000000000000000e+02,3.000000000000000000e+00,1.300000000000000000e+01,2.860000000000000000e+02,1.000000000000000000e+00,6.700000000000000000e+01,4.900000000000000000e+01,1.339000000000000000e+03,1.019000000000000000e+03,1.280000000000000000e+02,8.000000000000000000e+00,1.960000000000000000e+02,1.410000000000000000e+02,1.260000000000000000e+02,9.100000000000000000e+01,5.500000000000000000e+01,2.110000000000000000e+02,2.430000000000000000e+02,1.170000000000000000e+02,2.610000000000000000e+02,3.000000000000000000e+01,4.000000000000000000e+00,1.015000000000000000e+03,8.970000000000000000e+02,1.070000000000000000e+02,1.100000000000000000e+02,1.130000000000000000e+03,1.300000000000000000e+01,2.180000000000000000e+02,9.140000000000000000e+02,1.500000000000000000e+01,4.760000000000000000e+02,1.500000000000000000e+01,5.000000000000000000e+00,2.070000000000000000e+02,6.700000000000000000e+01,7.470000000000000000e+02,6.900000000000000000e+01,1.860000000000000000e+02,6.000000000000000000e+01,7.000000000000000000e+01,1.000000000000000000e+00,5.380000000000000000e+02,6.700000000000000000e+01,4.320000000000000000e+02,1.140000000000000000e+02,3.600000000000000000e+02,6.600000000000000000e+01,1.012000000000000000e+03,5.880000000000000000e+02,1.025000000000000000e+03,3.860000000000000000e+02,1.300000000000000000e+01,2.080000000000000000e+02,2.260000000000000000e+02,4.060000000000000000e+02,2.570000000000000000e+02,4.270000000000000000e+02,1.230000000000000000e+02,1.280000000000000000e+02,7.510000000000000000e+02,8.400000000000000000e+01,8.100000000000000000e+01,1.224000000000000000e+03,8.300000000000000000e+01,3.120000000000000000e+02,9.620000000000000000e+02,2.390000000000000000e+02,3.000000000000000000e+00,1.400000000000000000e+01,9.280000000000000000e+02,1.780000000000000000e+02,3.980000000000000000e+02,9.870000000000000000e+02,9.750000000000000000e+02,8.260000000000000000e+02,7.850000000000000000e+02,4.350000000000000000e+02,4.000000000000000000e+01,9.860000000000000000e+02,9.420000000000000000e+02,6.910000000000000000e+02,8.880000000000000000e+02,5.000000000000000000e+00,8.000000000000000000e+00,7.230000000000000000e+02,3.800000000000000000e+01,7.810000000000000000e+02,1.800000000000000000e+01,1.300000000000000000e+01,7.000000000000000000e+00,2.000000000000000000e+00,6.500000000000000000e+01,3.000000000000000000e+01,9.840000000000000000e+02,9.570000000000000000e+02,1.071000000000000000e+03,1.200000000000000000e+01,4.680000000000000000e+02
5.890000000000000000e+02,3.850000000000000000e+02,3.650000000000000000e+02,2.140000000000000000e+02,2.440000000000000000e+02,5.900000000000000000e+01,2.000000000000000000e+00,2.200000000000000000e+01,6.180000000000000000e+02,1.000000000000000000e+00,3.780000000000000000e+02,3.020000000000000000e+02,9.200000000000000000e+01,7.630000000000000000e+02,1.620000000000000000e+02,3.900000000000000000e+01,1.800000000000000000e+01,2.150000000000000000e+02,1.670000000000000000e+02,0.000000000000000000e+00,9.500000000000000000e+01,8.200000000000000000e+01,6.600000000000000000e+01,1.207000000000000000e+03,0.000000000000000000e+00,4.260000000000000000e+02,2.020000000000000000e+02,3.450000000000000000e+02,9.640000000000000000e+02,9.530000000000000000e+02,1.760000000000000000e+02,2.090000000000000000e+02,3.800000000000000000e+01,4.490000000000000000e+02,1.000000000000000000e+00,5.540000000000000000e+02,1.000000000000000000e+00,3.760000000000000000e+02,1.800000000000000000e+02,0.000000000000000000e+00,8.800000000000000000e+01,7.940000000000000000e+02,3.000000000000000000e+00,4.450000000000000000e+02,2.000000000000000000e+00,5.700000000000000000e+01,0.000000000000000000e+00,2.000000000000000000e+00,2.600000000000000000e+01,1.930000000000000000e+02,3.010000000000000000e+02,1.500000000000000000e+01,2.390000000000000000e+02,2.000000000000000000e+00,3.710000000000000000e+02,4.120000000000000000e+02,0.000000000000000000e+00,4.380000000000000000e+02,2.600000000000000000e+02,1.680000000000000000e+02,3.800000000000000000e+01,3.000000000000000000e+01,1.860000000000000000e+02,1.290000000000000000e+02,3.700000000000000000e+01,1.463000000000000000e+03,2.220000000000000000e+02,1.450000000000000000e+02,7.000000000000000000e+00,4.000000000000000000e+01,5.970000000000000000e+02,2.510000000000000000e+02,3.320000000000000000e+02,2.660000000000000000e+02,1.400000000000000000e+01,1.590000000000000000e+02,1.700000000000000000e+01,7.120000000000000000e+02,3.600000000000000000e+01,6.800000000000000000e+02,3.915000000000000000e+03,5.350000000000000000e+02,6.920000000000000000e+02,7.400000000000000000e+01,3.420000000000000000e+02,8.930000000000000000e+02,1.060000000000000000e+02,1.800000000000000000e+01,4.160000000000000000e+02,1.378000000000000000e+03,7.300000000000000000e+01,1.310000000000000000e+02,1.360000000000000000e+03,3.800000000000000000e+02,1.000000000000000000e+02,1.670000000000000000e+02,5.900000000000000000e+01,7.780000000000000000e+02,4.000000000000000000e+00,5.000000000000000000e+00,1.500000000000000000e+01,4.000000000000000000e+00,1.203000000000000000e+03,2.100000000000000000e+01,1.540000000000000000e+02,1.500000000000000000e+01,1.130000000000000000e+02,6.000000000000000000e+00,1.205000000000000000e+03,6.290000000000000000e+02,1.090000000000000000e+03,3.300000000000000000e+01,2.550000000000000000e+02,3.000000000000000000e+00,1.637000000000000000e+03,2.370000000000000000e+02,1.249000000000000000e+03,3.830000000000000000e+02,6.740000000000000000e+02,1.094000000000000000e+03,1.000000000000000000e+00,3.866000000000000000e+03,3.680000000000000000e+02,1.427000000000000000e+03,1.081000000000000000e+03,1.200000000000000000e+01,0.000000000000000000e+00,8.810000000000000000e+02,2.000000000000000000e+00,3.220000000000000000e+02,3.000000000000000000e+00,3.400000000000000000e+01,1.000000000000000000e+01,1.000000000000000000e+00,1.200000000000000000e+01,6.000000000000000000e+00,6.650000000000000000e+02,2.700000000000000000e+01,4.970000000000000000e+02,1.970000000000000000e+02,1.520000000000000000e+02,5.700000000000000000e+02,1.270000000000000000e+02,6.310000000000000000e+02,1.000000000000000000e+00,8.000000000000000000e+00,7.000000000000000000e+00,6.800000000000000000e+02,1.600000000000000000e+01,5.010000000000000000e+02,8.590000000000000000e+02,3.800000000000000000e+01,3.760000000000000000e+02,3.815000000000000000e+03,6.000000000000000000e+00,8.000000000000000000e+00,1.615000000000000000e+03,1.000000000000000000e+00,8.000000000000000000e+01,2.010000000000000000e+02,8.950000000000000000e+02,3.750000000000000000e+02,1.580000000000000000e+02,4.120000000000000000e+02,6.500000000000000000e+01,4.000000000000000000e+00,6.230000000000000000e+02,2.000000000000000000e+00,2.000000000000000000e+00,1.070000000000000000e+02,3.000000000000000000e+00,2.000000000000000000e+01,1.600000000000000000e+01,3.668000000000000000e+03,1.301000000000000000e+03,2.310000000000000000e+02,2.000000000000000000e+00,2.710000000000000000e+02,2.010000000000000000e+02,6.000000000000000000e+01,4.800000000000000000e+01,4.600000000000000000e+01,2.510000000000000000e+02,3.760000000000000000e+02,1.390000000000000000e+02,7.740000000000000000e+02,1.500000000000000000e+01,2.000000000000000000e+00,1.491000000000000000e+03,7.080000000000000000e+02,5.800000000000000000e+01,6.200000000000000000e+01,2.046000000000000000e+03,9.000000000000000000e+00,1.670000000000000000e+02,1.002000000000000000e+03,5.000000000000000000e+00,2.610000000000000000e+02,1.000000000000000000e+00,2.000000000000000000e+00,3.630000000000000000e+02,1.230000000000000000e+02,6.760000000000000000e+02,2.600000000000000000e+01,5.000000000000000000e+00,1.300000000000000000e+01,1.600000000000000000e+01,0.000000000000000000e+00,2.840000000000000000e+02,5.000000000000000000e+01,1.660000000000000000e+02,2.210000000000000000e+02,4.700000000000000000e+01,3.900000000000000000e+01,1.692000000000000000e+03,4.040000000000000000e+02,1.545000000000000000e+03,5.600000000000000000e+01,0.000000000000000000e+00,5.900000000000000000e+01,4.340000000000000000e+02,4.720000000000000000e+02,9.300000000000000000e+01,6.040000000000000000e+02,8.200000000000000000e+01,9.000000000000000000e+01,2.510000000000000000e+02,3.500000000000000000e+01,2.000000000000000000e+01,3.976000000000000000e+03,4.300000000000000000e+01,8.700000000000000000e+01,1.257000000000000000e+03,4.320000000000000000e+02,1.000000000000000000e+00,9.000000000000000000e+00,5.760000000000000000e+02,1.080000000000000000e+02,5.680000000000000000e+02,5.990000000000000000e+02,1.436000000000000000e+03,4.730000000000000000e+02,6.300000000000000000e+02,6.040000000000000000e+02,7.000000000000000000e+00,8.370000000000000000e+02,1.112000000000000000e+03,4.660000000000000000e+02,9.490000000000000000e+02,7.000000000000000000e+00,1.000000000000000000e+00,6.710000000000000000e+02,1.300000000000000000e+01,2.490000000000000000e+02,3.200000000000000000e+01,1.300000000000000000e+01,4.000000000000000000e+00,0.000000000000000000e+00,6.000000000000000000e+00,2.000000000000000000e+00,1.500000000000000000e+03,1.317000000000000000e+03,1.821000000000000000e+03,2.000000000000000000e+00,7.110000000000000000e+02
1.970000000000000000e+02,2.190000000000000000e+02,7.700000000000000000e+01,6.900000000000000000e+01,6.800000000000000000e+01,3.300000000000000000e+01,0.000000000000000000e+00,1.500000000000000000e+01,1.160000000000000000e+02,0.000000000000000000e+00,0.000000000000000000e+00,0.000000000000000000e+00,6.000000000000000000e+01,2.200000000000000000e+02,0.000000000000000000e+00,0.000000000000000000e+00,2.200000000000000000e+01,1.240000000000000000e+02,8.100000000000000000e+01,0.000000000000000000e+00,4.600000000000000000e+01,3.600000000000000000e+01,1.260000000000000000e+02,2.720000000000000000e+02,0.000000000000000000e+00,9.800000000000000000e+01,7.800000000000000000e+01,1.640000000000000000e+02,2.810000000000000000e+02,2.860000000000000000e+02,1.180000000000000000e+02,1.200000000000000000e+02,0.000000000000000000e+00,1.870000000000000000e+02,0.000000000000000000e+00,1.370000000000000000e+02,0.000000000000000000e+00,1.210000000000000000e+02,7.400000000000000000e+01,3.440000000000000000e+02,0.000000000000000000e+00,2.010000000000000000e+02,0.000000000000000000e+00,1.960000000000000000e+02,0.000000000000000000e+00,3.800000000000000000e+01,0.000000000000000000e+00,0.000000000000000000e+00,2.300000000000000000e+01,0.000000000000000000e+00,0.000000000000000000e+00,2.100000000000000000e+01,9.700000000000000000e+01,0.000000000000000000e+00,1.390000000000000000e+02,1.370000000000000000e+02,0.000000000000000000e+00,1.790000000000000000e+02,8.200000000000000000e+01,6.700000000000000000e+01,0.000000000000000000e+00,4.000000000000000000e+01,7.200000000000000000e+01,7.500000000000000000e+01,2.500000000000000000e+01,3.350000000000000000e+02,1.100000000000000000e+02,8.300000000000000000e+01,3.500000000000000000e+01,0.000000000000000000e+00,1.970000000000000000e+02,7.700000000000000000e+01,1.390000000000000000e+02,1.040000000000000000e+02,1.200000000000000000e+01,1.050000000000000000e+02,1.400000000000000000e+01,2.410000000000000000e+02,2.500000000000000000e+01,2.550000000000000000e+02,4.690000000000000000e+02,1.270000000000000000e+02,1.230000000000000000e+02,4.100000000000000000e+01,0.000000000000000000e+00,2.220000000000000000e+02,7.100000000000000000e+01,2.000000000000000000e+01,1.850000000000000000e+02,3.260000000000000000e+02,3.100000000000000000e+01,6.500000000000000000e+01,2.990000000000000000e+02,1.450000000000000000e+02,4.600000000000000000e+01,0.000000000000000000e+00,1.220000000000000000e+02,3.030000000000000000e+02,0.000000000000000000e+00,0.000000000000000000e+00,2.100000000000000000e+01,0.000000000000000000e+00,2.640000000000000000e+02,3.500000000000000000e+01,1.290000000000000000e+02,1.400000000000000000e+01,5.800000000000000000e+01,1.200000000000000000e+01,2.640000000000000000e+02,1.320000000000000000e+02,2.600000000000000000e+02,2.400000000000000000e+01,1.940000000000000000e+02,0.000000000000000000e+00,3.300000000000000000e+02,0.000000000000000000e+00,3.060000000000000000e+02,1.070000000000000000e+02,2.090000000000000000e+02,2.610000000000000000e+02,0.000000000000000000e+00,4.950000000000000000e+02,0.000000000000000000e+00,3.280000000000000000e+02,2.400000000000000000e+02,1.600000000000000000e+01,0.000000000000000000e+00,2.920000000000000000e+02,0.000000000000000000e+00,9.100000000000000000e+01,0.000000000000000000e+00,4.300000000000000000e+01,2.100000000000000000e+01,7.000000000000000000e+00,0.000000000000000000e+00,0.000000000000000000e+00,2.350000000000000000e+02,3.900000000000000000e+01,1.810000000000000000e+02,0.000000000000000000e+00,5.500000000000000000e+01,2.290000000000000000e+02,1.110000000000000000e+02,1.400000000000000000e+02,0.000000000000000000e+00,0.000000000000000000e+00,1.100000000000000000e+01,2.190000000000000000e+02,2.200000000000000000e+01,9.000000000000000000e+01,2.310000000000000000e+02,3.500000000000000000e+01,0.000000000000000000e+00,5.280000000000000000e+02,9.000000000000000000e+00,0.000000000000000000e+00,3.490000000000000000e+02,0.000000000000000000e+00,3.100000000000000000e+01,8.000000000000000000e+01,2.570000000000000000e+02,1.690000000000000000e+02,0.000000000000000000e+00,2.380000000000000000e+02,0.000000000000000000e+00,0.000000000000000000e+00,2.210000000000000000e+02,0.000000000000000000e+00,0.000000000000000000e+00,7.200000000000000000e+01,0.000000000000000000e+00,0.000000000000000000e+00,1.200000000000000000e+01,4.890000000000000000e+02,2.880000000000000000e+02,6.700000000000000000e+01,0.000000000000000000e+00,7.100000000000000000e+01,5.400000000000000000e+01,4.700000000000000000e+01,2.900000000000000000e+01,1.900000000000000000e+01,8.100000000000000000e+01,1.000000000000000000e+02,4.100000000000000000e+01,1.350000000000000000e+02,0.000000000000000000e+00,0.000000000000000000e+00,3.250000000000000000e+02,2.250000000000000000e+02,3.200000000000000000e+01,5.000000000000000000e+01,3.460000000000000000e+02,0.000000000000000000e+00,7.800000000000000000e+01,2.650000000000000000e+02,0.000000000000000000e+00,1.230000000000000000e+02,0.000000000000000000e+00,0.000000000000000000e+00,8.400000000000000000e+01,0.000000000000000000e+00,2.090000000000000000e+02,1.800000000000000000e+01,5.500000000000000000e+01,1.300000000000000000e+01,1.900000000000000000e+01,0.000000000000000000e+00,1.110000000000000000e+02,2.400000000000000000e+01,1.170000000000000000e+02,6.000000000000000000e+01,6.700000000000000000e+01,2.600000000000000000e+01,3.390000000000000000e+02,1.370000000000000000e+02,3.330000000000000000e+02,9.800000000000000000e+01,0.000000000000000000e+00,4.700000000000000000e+01,1.050000000000000000e+02,1.130000000000000000e+02,6.700000000000000000e+01,1.210000000000000000e+02,0.000000000000000000e+00,0.000000000000000000e+00,1.710000000000000000e+02,2.300000000000000000e+01,2.700000000000000000e+01,4.890000000000000000e+02,3.200000000000000000e+01,7.600000000000000000e+01,3.070000000000000000e+02,1.170000000000000000e+02,0.000000000000000000e+00,0.000000000000000000e+00,1.760000000000000000e+02,5.500000000000000000e+01,1.270000000000000000e+02,1.680000000000000000e+02,3.260000000000000000e+02,2.580000000000000000e+02,1.960000000000000000e+02,1.330000000000000000e+02,0.000000000000000000e+00,3.030000000000000000e+02,2.760000000000000000e+02,1.610000000000000000e+02,2.730000000000000000e+02,0.000000000000000000e+00,0.000000000000000000e+00,1.920000000000000000e+02,1.200000000000000000e+01,2.400000000000000000e+02,2.400000000000000000e+01,1.700000000000000000e+01,0.000000000000000000e+00,0.000000000000000000e+00,2.000000000000000000e+01,9.000000000000000000e+00,2.830000000000000000e+02,3.010000000000000000e+02,3.700000000000000000e+02,0.000000000000000000e+00,1.330000000000000000e+02
2.041000000000000000e+03,2.392000000000000000e+03,1.051000000000000000e+03,5.410000000000000000e+02,8.130000000000000000e+02,3.500000000000000000e+02,2.400000000000000000e+01,1.570000000000000000e+02,1.208000000000000000e+03,4.000000000000000000e+00,5.610000000000000000e+02,5.540000000000000000e+02,4.810000000000000000e+02,2.156000000000000000e+03,2.480000000000000000e+02,6.600000000000000000e+01,1.200000000000000000e+02,1.070000000000000000e+03,7.950000000000000000e+02,1.400000000000000000e+01,3.930000000000000000e+02,4.410000000000000000e+02,1.180000000000000000e+03,2.818000000000000000e+03,8.000000000000000000e+00,1.067000000000000000e+03,6.330000000000000000e+02,9.910000000000000000e+02,2.526000000000000000e+03,2.909000000000000000e+03,9.440000000000000000e+02,8.090000000000000000e+02,2.640000000000000000e+02,1.712000000000000000e+03,1.300000000000000000e+01,1.293000000000000000e+03,1.700000000000000000e+01,8.280000000000000000e+02,6.570000000000000000e+02,3.024000000000000000e+03,2.410000000000000000e+02,0.000000000000000000e+00,6.900000000000000000e+01,1.680000000000000000e+03,2.800000000000000000e+01,1.870000000000000000e+02,1.200000000000000000e+01,2.600000000000000000e+01,1.490000000000000000e+02,4.520000000000000000e+02,5.480000000000000000e+02,1.970000000000000000e+02,8.080000000000000000e+02,1.800000000000000000e+01,1.492000000000000000e+03,1.516000000000000000e+03,1.800000000000000000e+01,1.530000000000000000e+03,8.960000000000000000e+02,4.010000000000000000e+02,2.190000000000000000e+02,3.710000000000000000e+02,7.140000000000000000e+02,1.960000000000000000e+02,5.500000000000000000e+01,2.950000000000000000e+03,8.880000000000000000e+02,6.860000000000000000e+02,1.910000000000000000e+02,1.720000000000000000e+02,1.069000000000000000e+03,6.570000000000000000e+02,1.357000000000000000e+03,9.960000000000000000e+02,7.400000000000000000e+01,9.880000000000000000e+02,1.330000000000000000e+02,2.442000000000000000e+03,3.000000000000000000e+02,2.406000000000000000e+03,4.726000000000000000e+03,1.156000000000000000e+03,1.235000000000000000e+03,4.480000000000000000e+02,5.890000000000000000e+02,2.242000000000000000e+03,6.400000000000000000e+02,1.390000000000000000e+02,1.579000000000000000e+03,2.983000000000000000e+03,1.530000000000000000e+02,4.360000000000000000e+02,2.895000000000000000e+03,9.770000000000000000e+02,2.640000000000000000e+02,3.570000000000000000e+02,1.184000000000000000e+03,2.757000000000000000e+03,1.500000000000000000e+01,2.000000000000000000e+00,1.410000000000000000e+02,1.400000000000000000e+01,2.557000000000000000e+03,3.230000000000000000e+02,1.582000000000000000e+03,9.300000000000000000e+01,4.580000000000000000e+02,4.100000000000000000e+01,2.666000000000000000e+03,1.331000000000000000e+03,2.626000000000000000e+03,1.770000000000000000e+02,1.930000000000000000e+03,0.000000000000000000e+00,3.243000000000000000e+03,5.840000000000000000e+02,2.748000000000000000e+03,1.197000000000000000e+03,2.152000000000000000e+03,2.578000000000000000e+03,2.100000000000000000e+01,4.656000000000000000e+03,6.230000000000000000e+02,2.925000000000000000e+03,2.675000000000000000e+03,1.180000000000000000e+02,1.200000000000000000e+01,2.731000000000000000e+03,1.800000000000000000e+01,9.750000000000000000e+02,1.000000000000000000e+01,1.750000000000000000e+02,2.050000000000000000e+02,2.800000000000000000e+01,7.800000000000000000e+01,6.500000000000000000e+01,2.227000000000000000e+03,2.000000000000000000e+02,1.673000000000000000e+03,4.900000000000000000e+02,6.270000000000000000e+02,2.062000000000000000e+03,1.036000000000000000e+03,1.254000000000000000e+03,1.500000000000000000e+01,8.500000000000000000e+01,7.300000000000000000e+01,2.170000000000000000e+03,1.110000000000000000e+02,1.116000000000000000e+03,2.422000000000000000e+03,1.900000000000000000e+02,5.810000000000000000e+02,4.583000000000000000e+03,3.900000000000000000e+01,4.500000000000000000e+01,2.693000000000000000e+03,1.100000000000000000e+01,3.460000000000000000e+02,7.380000000000000000e+02,2.549000000000000000e+03,1.375000000000000000e+03,2.830000000000000000e+02,2.379000000000000000e+03,2.500000000000000000e+02,2.000000000000000000e+01,2.186000000000000000e+03,1.200000000000000000e+01,2.200000000000000000e+01,6.630000000000000000e+02,2.000000000000000000e+00,1.320000000000000000e+02,1.000000000000000000e+02,4.626000000000000000e+03,2.558000000000000000e+03,4.680000000000000000e+02,9.000000000000000000e+00,7.530000000000000000e+02,5.880000000000000000e+02,9.300000000000000000e+01,3.220000000000000000e+02,1.850000000000000000e+02,6.370000000000000000e+02,1.227000000000000000e+03,4.360000000000000000e+02,1.292000000000000000e+03,5.800000000000000000e+01,5.000000000000000000e+00,3.004000000000000000e+03,1.826000000000000000e+03,2.670000000000000000e+02,5.110000000000000000e+02,2.837000000000000000e+03,8.000000000000000000e+00,7.120000000000000000e+02,2.652000000000000000e+03,3.100000000000000000e+01,1.148000000000000000e+03,1.900000000000000000e+01,8.000000000000000000e+00,8.460000000000000000e+02,2.600000000000000000e+02,2.019000000000000000e+03,1.470000000000000000e+02,2.920000000000000000e+02,1.970000000000000000e+02,1.850000000000000000e+02,2.000000000000000000e+00,1.151000000000000000e+03,2.540000000000000000e+02,8.070000000000000000e+02,3.480000000000000000e+02,4.620000000000000000e+02,1.980000000000000000e+02,3.096000000000000000e+03,1.438000000000000000e+03,2.984000000000000000e+03,8.180000000000000000e+02,1.000000000000000000e+01,3.510000000000000000e+02,1.029000000000000000e+03,1.211000000000000000e+03,5.100000000000000000e+02,1.241000000000000000e+03,3.520000000000000000e+02,3.170000000000000000e+02,1.981000000000000000e+03,2.500000000000000000e+02,2.030000000000000000e+02,4.591000000000000000e+03,2.240000000000000000e+02,5.860000000000000000e+02,2.514000000000000000e+03,1.094000000000000000e+03,3.000000000000000000e+00,1.800000000000000000e+01,1.733000000000000000e+03,7.030000000000000000e+02,1.297000000000000000e+03,1.768000000000000000e+03,2.907000000000000000e+03,2.442000000000000000e+03,1.918000000000000000e+03,1.149000000000000000e+03,4.400000000000000000e+01,2.899000000000000000e+03,2.608000000000000000e+03,1.669000000000000000e+03,2.580000000000000000e+03,1.300000000000000000e+01,1.500000000000000000e+01,2.083000000000000000e+03,5.600000000000000000e+01,2.254000000000000000e+03,4.400000000000000000e+01,1.500000000000000000e+01,9.000000000000000000e+00,0.000000000000000000e+00,1.430000000000000000e+02,6.900000000000000000e+01,2.955000000000000000e+03,2.859000000000000000e+03,2.811000000000000000e+03,1.400000000000000000e+01,1.268000000000000000e+03
3.320000000000000000e+02,3.450000000000000000e+02,1.030000000000000000e+02,9.800000000000000000e+01,1.110000000000000000e+02,9.400000000000000000e+01,0.000000000000000000e+00,7.700000000000000000e+01,1.450000000000000000e+02,0.000000000000000000e+00,0.000000000000000000e+00,0.000000000000000000e+00,2.520000000000000000e+02,3.280000000000000000e+02,0.000000000000000000e+00,0.000000000000000000e+00,9.600000000000000000e+01,2.730000000000000000e+02,2.630000000000000000e+02,0.000000000000000000e+00,1.120000000000000000e+02,1.030000000000000000e+02,2.850000000000000000e+02,3.220000000000000000e+02,0.000000000000000000e+00,1.250000000000000000e+02,1.100000000000000000e+02,3.000000000000000000e+02,3.220000000000000000e+02,3.200000000000000000e+02,2.900000000000000000e+02,2.700000000000000000e+02,0.000000000000000000e+00,3.100000000000000000e+02,0.000000000000000000e+00,1.380000000000000000e+02,0.000000000000000000e+00,2.550000000000000000e+02,9.500000000000000000e+01,2.970000000000000000e+02,0.000000000000000000e+00,3.130000000000000000e+02,0.000000000000000000e+00,3.470000000000000000e+02,0.000000000000000000e+00,9.100000000000000000e+01,0.000000000000000000e+00,0.000000000000000000e+00,7.200000000000000000e+01,0.000000000000000000e+00,0.000000000000000000e+00,8.300000000000000000e+01,9.300000000000000000e+01,0.000000000000000000e+00,2.780000000000000000e+02,2.740000000000000000e+02,0.000000000000000000e+00,3.100000000000000000e+02,1.340000000000000000e+02,1.230000000000000000e+02,0.000000000000000000e+00,1.450000000000000000e+02,1.180000000000000000e+02,2.150000000000000000e+02,7.600000000000000000e+01,3.460000000000000000e+02,2.640000000000000000e+02,2.490000000000000000e+02,1.280000000000000000e+02,0.000000000000000000e+00,3.000000000000000000e+02,9.400000000000000000e+01,3.070000000000000000e+02,2.840000000000000000e+02,4.200000000000000000e+01,3.130000000000000000e+02,6.500000000000000000e+01,3.610000000000000000e+02,1.190000000000000000e+02,3.220000000000000000e+02,4.110000000000000000e+02,1.200000000000000000e+02,1.470000000000000000e+02,1.190000000000000000e+02,0.000000000000000000e+00,3.090000000000000000e+02,2.200000000000000000e+02,8.700000000000000000e+01,2.650000000000000000e+02,3.360000000000000000e+02,9.300000000000000000e+01,1.220000000000000000e+02,3.120000000000000000e+02,3.130000000000000000e+02,9.800000000000000000e+01,0.000000000000000000e+00,2.990000000000000000e+02,3.320000000000000000e+02,0.000000000000000000e+00,0.000000000000000000e+00,7.600000000000000000e+01,0.000000000000000000e+00,3.010000000000000000e+02,1.160000000000000000e+02,3.470000000000000000e+02,5.800000000000000000e+01,1.030000000000000000e+02,3.300000000000000000e+01,3.240000000000000000e+02,1.520000000000000000e+02,3.030000000000000000e+02,8.800000000000000000e+01,3.090000000000000000e+02,0.000000000000000000e+00,3.400000000000000000e+02,0.000000000000000000e+00,3.510000000000000000e+02,1.160000000000000000e+02,3.200000000000000000e+02,3.320000000000000000e+02,0.000000000000000000e+00,4.120000000000000000e+02,0.000000000000000000e+00,3.640000000000000000e+02,2.990000000000000000e+02,5.900000000000000000e+01,0.000000000000000000e+00,3.350000000000000000e+02,0.000000000000000000e+00,1.360000000000000000e+02,0.000000000000000000e+00,1.330000000000000000e+02,1.190000000000000000e+02,3.400000000000000000e+01,0.000000000000000000e+00,0.000000000000000000e+00,3.010000000000000000e+02,1.110000000000000000e+02,3.070000000000000000e+02,0.000000000000000000e+00,9.000000000000000000e+01,3.260000000000000000e+02,2.760000000000000000e+02,1.410000000000000000e+02,0.000000000000000000e+00,0.000000000000000000e+00,6.800000000000000000e+01,3.250000000000000000e+02,6.500000000000000000e+01,1.340000000000000000e+02,3.200000000000000000e+02,9.100000000000000000e+01,0.000000000000000000e+00,3.680000000000000000e+02,3.000000000000000000e+01,0.000000000000000000e+00,3.160000000000000000e+02,0.000000000000000000e+00,9.400000000000000000e+01,1.140000000000000000e+02,3.260000000000000000e+02,2.930000000000000000e+02,0.000000000000000000e+00,3.480000000000000000e+02,0.000000000000000000e+00,0.000000000000000000e+00,3.240000000000000000e+02,0.000000000000000000e+00,0.000000000000000000e+00,2.670000000000000000e+02,0.000000000000000000e+00,0.000000000000000000e+00,6.100000000000000000e+01,3.850000000000000000e+02,3.130000000000000000e+02,1.140000000000000000e+02,0.000000000000000000e+00,9.500000000000000000e+01,9.300000000000000000e+01,1.860000000000000000e+02,1.000000000000000000e+02,8.900000000000000000e+01,1.020000000000000000e+02,1.390000000000000000e+02,1.150000000000000000e+02,1.340000000000000000e+02,0.000000000000000000e+00,0.000000000000000000e+00,3.250000000000000000e+02,3.020000000000000000e+02,9.900000000000000000e+01,1.060000000000000000e+02,3.940000000000000000e+02,0.000000000000000000e+00,1.230000000000000000e+02,2.930000000000000000e+02,0.000000000000000000e+00,2.880000000000000000e+02,0.000000000000000000e+00,0.000000000000000000e+00,1.080000000000000000e+02,0.000000000000000000e+00,3.100000000000000000e+02,7.500000000000000000e+01,1.970000000000000000e+02,1.240000000000000000e+02,9.400000000000000000e+01,0.000000000000000000e+00,2.690000000000000000e+02,9.300000000000000000e+01,2.710000000000000000e+02,9.800000000000000000e+01,2.630000000000000000e+02,8.600000000000000000e+01,3.620000000000000000e+02,2.920000000000000000e+02,3.090000000000000000e+02,3.170000000000000000e+02,0.000000000000000000e+00,1.840000000000000000e+02,1.090000000000000000e+02,1.330000000000000000e+02,2.430000000000000000e+02,1.280000000000000000e+02,0.000000000000000000e+00,0.000000000000000000e+00,3.350000000000000000e+02,7.200000000000000000e+01,1.080000000000000000e+02,4.240000000000000000e+02,9.600000000000000000e+01,2.190000000000000000e+02,3.480000000000000000e+02,1.280000000000000000e+02,0.000000000000000000e+00,0.000000000000000000e+00,3.100000000000000000e+02,1.170000000000000000e+02,1.410000000000000000e+02,3.080000000000000000e+02,3.190000000000000000e+02,3.490000000000000000e+02,3.140000000000000000e+02,1.250000000000000000e+02,0.000000000000000000e+00,2.960000000000000000e+02,3.410000000000000000e+02,3.310000000000000000e+02,3.690000000000000000e+02,0.000000000000000000e+00,0.000000000000000000e+00,3.070000000000000000e+02,3.100000000000000000e+01,3.210000000000000000e+02,5.800000000000000000e+01,5.200000000000000000e+01,0.000000000000000000e+00,0.000000000000000000e+00,8.400000000000000000e+01,4.500000000000000000e+01,3.220000000000000000e+02,3.230000000000000000e+02,3.140000000000000000e+02,0.000000000000000000e+00,1.380000000000000000e+02
1.699000000000000000e+03,1.867000000000000000e+03,9.060000000000000000e+02,3.580000000000000000e+02,6.410000000000000000e+02,2.910000000000000000e+02,8.000000000000000000e+00,4.000000000000000000e+01,7.690000000000000000e+02,0.000000000000000000e+00,4.190000000000000000e+02,3.720000000000000000e+02,1.500000000000000000e+02,1.850000000000000000e+03,1.720000000000000000e+02,3.100000000000000000e+01,1.040000000000000000e+02,8.580000000000000000e+02,6.630000000000000000e+02,6.000000000000000000e+00,4.200000000000000000e+02,3.950000000000000000e+02,1.004000000000000000e+03,2.081000000000000000e+03,3.000000000000000000e+00,7.920000000000000000e+02,4.790000000000000000e+02,1.213000000000000000e+03,1.953000000000000000e+03,2.152000000000000000e+03,5.560000000000000000e+02,8.890000000000000000e+02,2.230000000000000000e+02,1.335000000000000000e+03,3.000000000000000000e+00,9.280000000000000000e+02,3.000000000000000000e+00,1.124000000000000000e+03,5.310000000000000000e+02,2.308000000000000000e+03,1.810000000000000000e+02,1.829000000000000000e+03,5.700000000000000000e+01,0.000000000000000000e+00,2.400000000000000000e+01,2.300000000000000000e+02,7.000000000000000000e+00,1.000000000000000000e+01,1.230000000000000000e+02,3.460000000000000000e+02,4.120000000000000000e+02,9.300000000000000000e+01,6.150000000000000000e+02,3.300000000000000000e+01,1.238000000000000000e+03,1.215000000000000000e+03,1.100000000000000000e+01,1.380000000000000000e+03,7.290000000000000000e+02,4.130000000000000000e+02,2.880000000000000000e+02,3.120000000000000000e+02,5.870000000000000000e+02,5.290000000000000000e+02,1.550000000000000000e+02,2.240000000000000000e+03,5.970000000000000000e+02,5.840000000000000000e+02,2.020000000000000000e+02,1.490000000000000000e+02,1.401000000000000000e+03,5.850000000000000000e+02,9.340000000000000000e+02,8.170000000000000000e+02,6.300000000000000000e+01,9.250000000000000000e+02,8.900000000000000000e+01,1.998000000000000000e+03,2.810000000000000000e+02,1.940000000000000000e+03,3.174000000000000000e+03,8.640000000000000000e+02,9.520000000000000000e+02,3.490000000000000000e+02,4.200000000000000000e+02,1.917000000000000000e+03,2.280000000000000000e+02,1.020000000000000000e+02,1.241000000000000000e+03,2.073000000000000000e+03,2.300000000000000000e+02,4.530000000000000000e+02,2.147000000000000000e+03,1.178000000000000000e+03,3.690000000000000000e+02,3.510000000000000000e+02,9.880000000000000000e+02,2.081000000000000000e+03,1.700000000000000000e+01,1.600000000000000000e+01,7.700000000000000000e+01,1.200000000000000000e+01,1.942000000000000000e+03,2.730000000000000000e+02,1.365000000000000000e+03,1.000000000000000000e+01,3.700000000000000000e+02,1.100000000000000000e+01,2.193000000000000000e+03,8.700000000000000000e+02,2.073000000000000000e+03,1.240000000000000000e+02,1.584000000000000000e+03,1.800000000000000000e+01,2.255000000000000000e+03,4.010000000000000000e+02,2.169000000000000000e+03,8.900000000000000000e+02,1.839000000000000000e+03,1.749000000000000000e+03,1.800000000000000000e+01,3.141000000000000000e+03,4.520000000000000000e+02,1.843000000000000000e+03,1.884000000000000000e+03,4.600000000000000000e+01,1.700000000000000000e+01,2.087000000000000000e+03,2.000000000000000000e+00,7.350000000000000000e+02,0.000000000000000000e+00,1.430000000000000000e+02,1.730000000000000000e+02,4.300000000000000000e+01,6.300000000000000000e+01,4.500000000000000000e+01,1.852000000000000000e+03,3.200000000000000000e+01,1.318000000000000000e+03,4.050000000000000000e+02,6.520000000000000000e+02,1.738000000000000000e+03,8.360000000000000000e+02,8.960000000000000000e+02,2.000000000000000000e+00,5.600000000000000000e+01,5.100000000000000000e+01,1.813000000000000000e+03,3.400000000000000000e+01,8.640000000000000000e+02,1.988000000000000000e+03,1.790000000000000000e+02,4.440000000000000000e+02,3.325000000000000000e+03,2.200000000000000000e+01,4.900000000000000000e+01,2.340000000000000000e+03,4.000000000000000000e+00,2.330000000000000000e+02,7.860000000000000000e+02,1.912000000000000000e+03,1.121000000000000000e+03,2.010000000000000000e+02,1.859000000000000000e+03,1.900000000000000000e+02,1.400000000000000000e+01,1.745000000000000000e+03,8.000000000000000000e+00,2.500000000000000000e+01,1.880000000000000000e+02,1.100000000000000000e+01,1.090000000000000000e+02,6.800000000000000000e+01,2.974000000000000000e+03,2.115000000000000000e+03,4.520000000000000000e+02,1.600000000000000000e+01,5.990000000000000000e+02,4.530000000000000000e+02,2.940000000000000000e+02,2.320000000000000000e+02,1.500000000000000000e+02,6.030000000000000000e+02,7.740000000000000000e+02,2.280000000000000000e+02,9.250000000000000000e+02,2.200000000000000000e+01,0.000000000000000000e+00,1.909000000000000000e+03,1.796000000000000000e+03,2.230000000000000000e+02,4.530000000000000000e+02,2.401000000000000000e+03,2.900000000000000000e+01,6.530000000000000000e+02,1.807000000000000000e+03,1.800000000000000000e+01,9.360000000000000000e+02,1.400000000000000000e+01,6.000000000000000000e+00,6.440000000000000000e+02,1.810000000000000000e+02,1.541000000000000000e+03,3.400000000000000000e+01,2.150000000000000000e+02,1.880000000000000000e+02,1.570000000000000000e+02,0.000000000000000000e+00,9.620000000000000000e+02,1.580000000000000000e+02,5.370000000000000000e+02,3.810000000000000000e+02,3.550000000000000000e+02,1.760000000000000000e+02,2.337000000000000000e+03,1.160000000000000000e+03,2.276000000000000000e+03,7.340000000000000000e+02,1.200000000000000000e+01,1.280000000000000000e+02,8.650000000000000000e+02,9.270000000000000000e+02,3.300000000000000000e+02,8.980000000000000000e+02,4.190000000000000000e+02,2.720000000000000000e+02,1.740000000000000000e+03,1.970000000000000000e+02,1.440000000000000000e+02,3.173000000000000000e+03,1.840000000000000000e+02,1.570000000000000000e+02,2.133000000000000000e+03,8.410000000000000000e+02,2.000000000000000000e+00,4.300000000000000000e+01,1.497000000000000000e+03,5.450000000000000000e+02,9.820000000000000000e+02,1.496000000000000000e+03,2.222000000000000000e+03,1.815000000000000000e+03,1.647000000000000000e+03,9.230000000000000000e+02,4.400000000000000000e+01,2.013000000000000000e+03,1.749000000000000000e+03,1.426000000000000000e+03,2.028000000000000000e+03,2.000000000000000000e+01,4.000000000000000000e+00,1.510000000000000000e+03,4.500000000000000000e+01,1.741000000000000000e+03,8.100000000000000000e+01,6.100000000000000000e+01,2.200000000000000000e+01,7.000000000000000000e+00,1.470000000000000000e+02,5.300000000000000000e+01,2.325000000000000000e+03,2.104000000000000000e+03,2.378000000000000000e+03,1.700000000000000000e+01,1.002000000000000000e+03
2.880000000000000000e+02,2.780000000000000000e+02,1.080000000000000000e+02,9.600000000000000000e+01,1.130000000000000000e+02,1.140000000000000000e+02,0.000000000000000000e+00,1.010000000000000000e+02,1.180000000000000000e+02,0.000000000000000000e+00,0.000000000000000000e+00,0.000000000000000000e+00,2.170000000000000000e+02,2.630000000000000000e+02,0.000000000000000000e+00,0.000000000000000000e+00,8.800000000000000000e+01,2.810000000000000000e+02,2.700000000000000000e+02,0.000000000000000000e+00,1.020000000000000000e+02,1.170000000000000000e+02,2.940000000000000000e+02,2.610000000000000000e+02,0.000000000000000000e+00,8.800000000000000000e+01,1.100000000000000000e+02,2.720000000000000000e+02,2.750000000000000000e+02,3.190000000000000000e+02,2.950000000000000000e+02,2.560000000000000000e+02,0.000000000000000000e+00,2.830000000000000000e+02,0.000000000000000000e+00,1.270000000000000000e+02,0.000000000000000000e+00,2.580000000000000000e+02,9.900000000000000000e+01,2.750000000000000000e+02,0.000000000000000000e+00,2.500000000000000000e+02,0.000000000000000000e+00,2.790000000000000000e+02,0.000000000000000000e+00,1.090000000000000000e+02,0.000000000000000000e+00,0.000000000000000000e+00,8.300000000000000000e+01,0.000000000000000000e+00,0.000000000000000000e+00,1.080000000000000000e+02,1.170000000000000000e+02,0.000000000000000000e+00,2.710000000000000000e+02,2.890000000000000000e+02,0.000000000000000000e+00,2.900000000000000000e+02,1.070000000000000000e+02,8.900000000000000000e+01,0.000000000000000000e+00,1.040000000000000000e+02,1.160000000000000000e+02,2.770000000000000000e+02,6.700000000000000000e+01,3.030000000000000000e+02,2.810000000000000000e+02,2.660000000000000000e+02,2.170000000000000000e+02,0.000000000000000000e+00,2.440000000000000000e+02,9.800000000000000000e+01,2.920000000000000000e+02,2.460000000000000000e+02,8.000000000000000000e+01,2.850000000000000000e+02,9.100000000000000000e+01,3.150000000000000000e+02,1.050000000000000000e+02,2.660000000000000000e+02,3.290000000000000000e+02,1.260000000000000000e+02,1.510000000000000000e+02,1.090000000000000000e+02,0.000000000000000000e+00,2.820000000000000000e+02,2.680000000000000000e+02,1.030000000000000000e+02,2.950000000000000000e+02,2.820000000000000000e+02,1.170000000000000000e+02,8.100000000000000000e+01,2.810000000000000000e+02,2.670000000000000000e+02,8.800000000000000000e+01,0.000000000000000000e+00,2.900000000000000000e+02,2.790000000000000000e+02,0.000000000000000000e+00,0.000000000000000000e+00,1.040000000000000000e+02,0.000000000000000000e+00,2.940000000000000000e+02,9.500000000000000000e+01,2.570000000000000000e+02,7.700000000000000000e+01,9.700000000000000000e+01,6.400000000000000000e+01,3.030000000000000000e+02,1.260000000000000000e+02,2.980000000000000000e+02,9.000000000000000000e+01,2.720000000000000000e+02,0.000000000000000000e+00,2.980000000000000000e+02,0.000000000000000000e+00,2.900000000000000000e+02,1.100000000000000000e+02,2.620000000000000000e+02,3.170000000000000000e+02,0.000000000000000000e+00,3.120000000000000000e+02,0.000000000000000000e+00,2.830000000000000000e+02,2.860000000000000000e+02,8.700000000000000000e+01,0.000000000000000000e+00,3.230000000000000000e+02,0.000000000000000000e+00,1.190000000000000000e+02,0.000000000000000000e+00,2.380000000000000000e+02,9.600000000000000000e+01,6.300000000000000000e+01,0.000000000000000000e+00,0.000000000000000000e+00,2.900000000000000000e+02,2.020000000000000000e+02,2.860000000000000000e+02,0.000000000000000000e+00,9.900000000000000000e+01,3.150000000000000000e+02,2.790000000000000000e+02,1.150000000000000000e+02,0.000000000000000000e+00,0.000000000000000000e+00,8.600000000000000000e+01,3.030000000000000000e+02,7.000000000000000000e+01,1.100000000000000000e+02,2.800000000000000000e+02,9.000000000000000000e+01,0.000000000000000000e+00,3.410000000000000000e+02,5.600000000000000000e+01,0.000000000000000000e+00,2.870000000000000000e+02,0.000000000000000000e+00,1.280000000000000000e+02,1.310000000000000000e+02,3.280000000000000000e+02,3.050000000000000000e+02,0.000000000000000000e+00,3.040000000000000000e+02,0.000000000000000000e+00,0.000000000000000000e+00,2.970000000000000000e+02,0.000000000000000000e+00,0.000000000000000000e+00,2.650000000000000000e+02,0.000000000000000000e+00,0.000000000000000000e+00,1.110000000000000000e+02,3.450000000000000000e+02,2.950000000000000000e+02,1.190000000000000000e+02,0.000000000000000000e+00,1.270000000000000000e+02,1.050000000000000000e+02,2.190000000000000000e+02,1.130000000000000000e+02,1.000000000000000000e+02,1.080000000000000000e+02,1.210000000000000000e+02,9.700000000000000000e+01,1.130000000000000000e+02,0.000000000000000000e+00,0.000000000000000000e+00,3.000000000000000000e+02,2.710000000000000000e+02,1.020000000000000000e+02,1.180000000000000000e+02,2.830000000000000000e+02,0.000000000000000000e+00,1.110000000000000000e+02,2.480000000000000000e+02,0.000000000000000000e+00,2.630000000000000000e+02,0.000000000000000000e+00,0.000000000000000000e+00,9.000000000000000000e+01,0.000000000000000000e+00,3.040000000000000000e+02,1.240000000000000000e+02,2.270000000000000000e+02,9.800000000000000000e+01,8.300000000000000000e+01,0.000000000000000000e+00,3.050000000000000000e+02,9.300000000000000000e+01,2.980000000000000000e+02,8.200000000000000000e+01,2.900000000000000000e+02,8.100000000000000000e+01,2.950000000000000000e+02,2.650000000000000000e+02,2.800000000000000000e+02,2.830000000000000000e+02,0.000000000000000000e+00,2.500000000000000000e+02,1.200000000000000000e+02,1.200000000000000000e+02,2.730000000000000000e+02,1.320000000000000000e+02,0.000000000000000000e+00,0.000000000000000000e+00,2.700000000000000000e+02,1.010000000000000000e+02,1.040000000000000000e+02,3.400000000000000000e+02,1.050000000000000000e+02,3.070000000000000000e+02,2.940000000000000000e+02,1.020000000000000000e+02,0.000000000000000000e+00,0.000000000000000000e+00,2.930000000000000000e+02,9.700000000000000000e+01,1.280000000000000000e+02,3.000000000000000000e+02,2.750000000000000000e+02,3.060000000000000000e+02,2.950000000000000000e+02,1.220000000000000000e+02,0.000000000000000000e+00,2.830000000000000000e+02,2.740000000000000000e+02,3.090000000000000000e+02,2.600000000000000000e+02,0.000000000000000000e+00,0.000000000000000000e+00,2.890000000000000000e+02,9.500000000000000000e+01,2.760000000000000000e+02,1.030000000000000000e+02,8.200000000000000000e+01,0.000000000000000000e+00,0.000000000000000000e+00,8.500000000000000000e+01,1.050000000000000000e+02,3.110000000000000000e+02,2.940000000000000000e+02,2.990000000000000000e+02,0.000000000000000000e+00,1.090000000000000000e+02
7.230000000000000000e+02,7.470000000000000000e+02,1.860000000000000000e+02,1.360000000000000000e+02,1.930000000000000000e+02,1.140000000000000000e+02,2.100000000000000000e+01,9.000000000000000000e+01,1.920000000000000000e+02,8.000000000000000000e+00,1.020000000000000000e+02,1.120000000000000000e+02,3.570000000000000000e+02,7.710000000000000000e+02,4.400000000000000000e+01,2.200000000000000000e+01,8.200000000000000000e+01,4.940000000000000000e+02,4.620000000000000000e+02,9.000000000000000000e+00,1.970000000000000000e+02,1.430000000000000000e+02,6.280000000000000000e+02,7.580000000000000000e+02,5.000000000000000000e+00,1.730000000000000000e+02,1.670000000000000000e+02,7.450000000000000000e+02,7.960000000000000000e+02,7.570000000000000000e+02,5.100000000000000000e+02,7.510000000000000000e+02,1.020000000000000000e+02,6.570000000000000000e+02,7.000000000000000000e+00,3.130000000000000000e+02,1.500000000000000000e+01,7.410000000000000000e+02,1.640000000000000000e+02,8.170000000000000000e+02,4.300000000000000000e+01,7.820000000000000000e+02,5.500000000000000000e+01,6.740000000000000000e+02,2.000000000000000000e+01,0.000000000000000000e+00,9.000000000000000000e+00,1.800000000000000000e+01,7.300000000000000000e+01,1.220000000000000000e+02,1.580000000000000000e+02,1.050000000000000000e+02,1.760000000000000000e+02,1.700000000000000000e+01,6.650000000000000000e+02,6.330000000000000000e+02,1.700000000000000000e+01,6.380000000000000000e+02,1.890000000000000000e+02,1.390000000000000000e+02,7.800000000000000000e+01,1.410000000000000000e+02,1.940000000000000000e+02,3.360000000000000000e+02,5.200000000000000000e+01,7.950000000000000000e+02,5.390000000000000000e+02,4.540000000000000000e+02,1.920000000000000000e+02,1.310000000000000000e+02,7.160000000000000000e+02,1.540000000000000000e+02,6.430000000000000000e+02,5.980000000000000000e+02,3.400000000000000000e+01,6.190000000000000000e+02,6.000000000000000000e+01,7.850000000000000000e+02,1.190000000000000000e+02,6.960000000000000000e+02,1.017000000000000000e+03,3.100000000000000000e+02,3.180000000000000000e+02,1.600000000000000000e+02,1.490000000000000000e+02,7.590000000000000000e+02,4.280000000000000000e+02,8.100000000000000000e+01,6.240000000000000000e+02,7.720000000000000000e+02,1.310000000000000000e+02,1.870000000000000000e+02,7.670000000000000000e+02,7.550000000000000000e+02,1.570000000000000000e+02,9.700000000000000000e+01,5.790000000000000000e+02,7.760000000000000000e+02,2.300000000000000000e+01,1.000000000000000000e+00,7.600000000000000000e+01,1.700000000000000000e+01,7.940000000000000000e+02,1.240000000000000000e+02,6.220000000000000000e+02,5.200000000000000000e+01,1.210000000000000000e+02,3.200000000000000000e+01,8.300000000000000000e+02,3.320000000000000000e+02,7.490000000000000000e+02,7.600000000000000000e+01,6.960000000000000000e+02,5.000000000000000000e+00,7.990000000000000000e+02,1.290000000000000000e+02,7.700000000000000000e+02,2.000000000000000000e+02,6.500000000000000000e+02,7.980000000000000000e+02,1.400000000000000000e+01,9.840000000000000000e+02,1.170000000000000000e+02,7.980000000000000000e+02,7.770000000000000000e+02,6.400000000000000000e+01,1.000000000000000000e+01,8.180000000000000000e+02,1.500000000000000000e+01,1.770000000000000000e+02,8.000000000000000000e+00,1.870000000000000000e+02,1.120000000000000000e+02,2.800000000000000000e+01,5.700000000000000000e+01,2.800000000000000000e+01,7.230000000000000000e+02,1.820000000000000000e+02,6.310000000000000000e+02,1.440000000000000000e+02,1.600000000000000000e+02,6.990000000000000000e+02,5.980000000000000000e+02,2.900000000000000000e+02,2.100000000000000000e+01,5.000000000000000000e+01,6.300000000000000000e+01,7.140000000000000000e+02,7.400000000000000000e+01,1.930000000000000000e+02,7.330000000000000000e+02,9.400000000000000000e+01,1.540000000000000000e+02,1.044000000000000000e+03,2.500000000000000000e+01,3.700000000000000000e+01,8.640000000000000000e+02,6.000000000000000000e+00,1.340000000000000000e+02,1.970000000000000000e+02,7.510000000000000000e+02,5.820000000000000000e+02,6.400000000000000000e+01,7.440000000000000000e+02,8.500000000000000000e+01,3.000000000000000000e+01,7.520000000000000000e+02,1.100000000000000000e+01,2.800000000000000000e+01,4.270000000000000000e+02,2.000000000000000000e+00,8.700000000000000000e+01,6.500000000000000000e+01,1.020000000000000000e+03,8.390000000000000000e+02,1.270000000000000000e+02,6.000000000000000000e+00,1.800000000000000000e+02,1.340000000000000000e+02,1.810000000000000000e+02,1.210000000000000000e+02,8.800000000000000000e+01,1.900000000000000000e+02,1.950000000000000000e+02,1.350000000000000000e+02,2.150000000000000000e+02,4.700000000000000000e+01,6.000000000000000000e+00,7.510000000000000000e+02,7.620000000000000000e+02,1.070000000000000000e+02,1.450000000000000000e+02,8.360000000000000000e+02,1.700000000000000000e+01,1.760000000000000000e+02,7.820000000000000000e+02,3.600000000000000000e+01,5.410000000000000000e+02,2.700000000000000000e+01,1.300000000000000000e+01,1.890000000000000000e+02,6.900000000000000000e+01,7.330000000000000000e+02,8.000000000000000000e+01,2.890000000000000000e+02,8.400000000000000000e+01,8.500000000000000000e+01,1.000000000000000000e+00,6.020000000000000000e+02,8.000000000000000000e+01,5.270000000000000000e+02,1.110000000000000000e+02,4.390000000000000000e+02,8.800000000000000000e+01,8.070000000000000000e+02,6.440000000000000000e+02,8.250000000000000000e+02,4.560000000000000000e+02,1.700000000000000000e+01,2.830000000000000000e+02,2.080000000000000000e+02,2.990000000000000000e+02,3.510000000000000000e+02,3.100000000000000000e+02,9.300000000000000000e+01,9.400000000000000000e+01,6.850000000000000000e+02,1.070000000000000000e+02,1.080000000000000000e+02,1.034000000000000000e+03,7.600000000000000000e+01,4.490000000000000000e+02,8.470000000000000000e+02,1.780000000000000000e+02,7.000000000000000000e+00,2.600000000000000000e+01,8.230000000000000000e+02,1.610000000000000000e+02,3.260000000000000000e+02,7.950000000000000000e+02,7.720000000000000000e+02,7.600000000000000000e+02,6.600000000000000000e+02,3.300000000000000000e+02,4.700000000000000000e+01,7.490000000000000000e+02,7.200000000000000000e+02,6.880000000000000000e+02,7.370000000000000000e+02,1.100000000000000000e+01,2.100000000000000000e+01,7.160000000000000000e+02,4.500000000000000000e+01,7.220000000000000000e+02,3.800000000000000000e+01,1.700000000000000000e+01,1.900000000000000000e+01,0.000000000000000000e+00,6.600000000000000000e+01,5.100000000000000000e+01,8.140000000000000000e+02,7.740000000000000000e+02,8.480000000000000000e+02,2.800000000000000000e+01,3.120000000000000000e+02
5.090000000000000000e+02,4.810000000000000000e+02,1.760000000000000000e+02,1.910000000000000000e+02,1.920000000000000000e+02,1.720000000000000000e+02,0.000000000000000000e+00,1.440000000000000000e+02,1.970000000000000000e+02,0.000000000000000000e+00,0.000000000000000000e+00,0.000000000000000000e+00,4.440000000000000000e+02,4.500000000000000000e+02,0.000000000000000000e+00,0.000000000000000000e+00,1.620000000000000000e+02,4.290000000000000000e+02,3.930000000000000000e+02,0.000000000000000000e+00,1.620000000000000000e+02,1.820000000000000000e+02,4.510000000000000000e+02,4.730000000000000000e+02,0.000000000000000000e+00,1.730000000000000000e+02,1.710000000000000000e+02,4.550000000000000000e+02,4.640000000000000000e+02,4.900000000000000000e+02,4.600000000000000000e+02,4.360000000000000000e+02,0.000000000000000000e+00,4.700000000000000000e+02,0.000000000000000000e+00,1.870000000000000000e+02,0.000000000000000000e+00,4.630000000000000000e+02,1.930000000000000000e+02,4.740000000000000000e+02,0.000000000000000000e+00,4.910000000000000000e+02,0.000000000000000000e+00,4.650000000000000000e+02,0.000000000000000000e+00,1.400000000000000000e+02,0.000000000000000000e+00,0.000000000000000000e+00,1.490000000000000000e+02,0.000000000000000000e+00,0.000000000000000000e+00,1.390000000000000000e+02,1.860000000000000000e+02,0.000000000000000000e+00,4.650000000000000000e+02,4.160000000000000000e+02,0.000000000000000000e+00,4.700000000000000000e+02,1.740000000000000000e+02,1.890000000000000000e+02,0.000000000000000000e+00,1.910000000000000000e+02,1.780000000000000000e+02,4.110000000000000000e+02,1.380000000000000000e+02,4.490000000000000000e+02,4.590000000000000000e+02,4.440000000000000000e+02,4.490000000000000000e+02,0.000000000000000000e+00,4.420000000000000000e+02,1.930000000000000000e+02,4.630000000000000000e+02,4.370000000000000000e+02,1.440000000000000000e+02,4.700000000000000000e+02,1.530000000000000000e+02,5.410000000000000000e+02,1.780000000000000000e+02,4.980000000000000000e+02,5.710000000000000000e+02,2.080000000000000000e+02,2.060000000000000000e+02,1.350000000000000000e+02,0.000000000000000000e+00,4.510000000000000000e+02,4.620000000000000000e+02,1.300000000000000000e+02,4.570000000000000000e+02,4.560000000000000000e+02,1.720000000000000000e+02,1.580000000000000000e+02,4.750000000000000000e+02,4.190000000000000000e+02,1.670000000000000000e+02,0.000000000000000000e+00,5.150000000000000000e+02,4.770000000000000000e+02,0.000000000000000000e+00,0.000000000000000000e+00,1.300000000000000000e+02,0.000000000000000000e+00,4.400000000000000000e+02,1.800000000000000000e+02,4.690000000000000000e+02,1.500000000000000000e+02,2.000000000000000000e+02,1.400000000000000000e+02,4.560000000000000000e+02,1.800000000000000000e+02,4.580000000000000000e+02,1.490000000000000000e+02,4.780000000000000000e+02,0.000000000000000000e+00,4.640000000000000000e+02,0.000000000000000000e+00,4.680000000000000000e+02,1.800000000000000000e+02,4.790000000000000000e+02,4.450000000000000000e+02,0.000000000000000000e+00,5.410000000000000000e+02,0.000000000000000000e+00,4.360000000000000000e+02,4.910000000000000000e+02,1.390000000000000000e+02,0.000000000000000000e+00,4.460000000000000000e+02,0.000000000000000000e+00,1.770000000000000000e+02,0.000000000000000000e+00,3.820000000000000000e+02,1.990000000000000000e+02,1.860000000000000000e+02,0.000000000000000000e+00,0.000000000000000000e+00,4.760000000000000000e+02,3.590000000000000000e+02,4.080000000000000000e+02,0.000000000000000000e+00,2.090000000000000000e+02,5.030000000000000000e+02,4.880000000000000000e+02,2.000000000000000000e+02,0.000000000000000000e+00,0.000000000000000000e+00,1.300000000000000000e+02,4.980000000000000000e+02,1.530000000000000000e+02,1.940000000000000000e+02,4.350000000000000000e+02,1.660000000000000000e+02,0.000000000000000000e+00,5.500000000000000000e+02,1.280000000000000000e+02,0.000000000000000000e+00,4.570000000000000000e+02,0.000000000000000000e+00,1.750000000000000000e+02,1.650000000000000000e+02,4.720000000000000000e+02,4.640000000000000000e+02,0.000000000000000000e+00,4.610000000000000000e+02,0.000000000000000000e+00,0.000000000000000000e+00,4.990000000000000000e+02,0.000000000000000000e+00,0.000000000000000000e+00,3.910000000000000000e+02,0.000000000000000000e+00,0.000000000000000000e+00,1.440000000000000000e+02,5.690000000000000000e+02,4.770000000000000000e+02,1.700000000000000000e+02,0.000000000000000000e+00,1.690000000000000000e+02,1.710000000000000000e+02,4.000000000000000000e+02,1.460000000000000000e+02,1.760000000000000000e+02,1.590000000000000000e+02,1.940000000000000000e+02,1.620000000000000000e+02,1.970000000000000000e+02,0.000000000000000000e+00,0.000000000000000000e+00,4.650000000000000000e+02,4.470000000000000000e+02,1.480000000000000000e+02,1.830000000000000000e+02,4.810000000000000000e+02,0.000000000000000000e+00,2.000000000000000000e+02,4.710000000000000000e+02,0.000000000000000000e+00,4.400000000000000000e+02,0.000000000000000000e+00,0.000000000000000000e+00,1.540000000000000000e+02,0.000000000000000000e+00,4.920000000000000000e+02,1.390000000000000000e+02,4.830000000000000000e+02,1.860000000000000000e+02,1.660000000000000000e+02,0.000000000000000000e+00,4.620000000000000000e+02,1.610000000000000000e+02,4.770000000000000000e+02,1.540000000000000000e+02,4.700000000000000000e+02,1.550000000000000000e+02,4.760000000000000000e+02,4.490000000000000000e+02,4.590000000000000000e+02,4.620000000000000000e+02,0.000000000000000000e+00,3.840000000000000000e+02,1.940000000000000000e+02,1.980000000000000000e+02,4.240000000000000000e+02,2.000000000000000000e+02,0.000000000000000000e+00,0.000000000000000000e+00,4.980000000000000000e+02,1.530000000000000000e+02,1.600000000000000000e+02,5.990000000000000000e+02,1.550000000000000000e+02,4.440000000000000000e+02,5.140000000000000000e+02,1.900000000000000000e+02,0.000000000000000000e+00,0.000000000000000000e+00,4.750000000000000000e+02,1.940000000000000000e+02,2.030000000000000000e+02,4.640000000000000000e+02,4.750000000000000000e+02,4.650000000000000000e+02,4.340000000000000000e+02,1.900000000000000000e+02,0.000000000000000000e+00,4.750000000000000000e+02,4.910000000000000000e+02,4.820000000000000000e+02,4.730000000000000000e+02,0.000000000000000000e+00,0.000000000000000000e+00,4.700000000000000000e+02,1.470000000000000000e+02,4.890000000000000000e+02,1.400000000000000000e+02,1.360000000000000000e+02,0.000000000000000000e+00,0.000000000000000000e+00,1.780000000000000000e+02,1.980000000000000000e+02,4.680000000000000000e+02,4.490000000000000000e+02,4.870000000000000000e+02,0.000000000000000000e+00,1.720000000000000000e+02
4.110000000000000000e+02,3.950000000000000000e+02,1.750000000000000000e+02,1.250000000000000000e+02,1.730000000000000000e+02,1.450000000000000000e+02,0.000000000000000000e+00,1.240000000000000000e+02,1.850000000000000000e+02,0.000000000000000000e+00,0.000000000000000000e+00,0.000000000000000000e+00,3.810000000000000000e+02,3.790000000000000000e+02,0.000000000000000000e+00,0.000000000000000000e+00,1.220000000000000000e+02,4.440000000000000000e+02,3.730000000000000000e+02,0.000000000000000000e+00,1.440000000000000000e+02,1.480000000000000000e+02,3.890000000000000000e+02,3.900000000000000000e+02,0.000000000000000000e+00,1.650000000000000000e+02,1.440000000000000000e+02,3.980000000000000000e+02,4.110000000000000000e+02,4.170000000000000000e+02,4.180000000000000000e+02,4.080000000000000000e+02,0.000000000000000000e+00,4.420000000000000000e+02,0.000000000000000000e+00,1.750000000000000000e+02,0.000000000000000000e+00,4.110000000000000000e+02,1.430000000000000000e+02,3.920000000000000000e+02,0.000000000000000000e+00,3.890000000000000000e+02,0.000000000000000000e+00,4.060000000000000000e+02,0.000000000000000000e+00,1.220000000000000000e+02,0.000000000000000000e+00,0.000000000000000000e+00,1.290000000000000000e+02,0.000000000000000000e+00,0.000000000000000000e+00,1.570000000000000000e+02,1.360000000000000000e+02,0.000000000000000000e+00,3.680000000000000000e+02,3.690000000000000000e+02,0.000000000000000000e+00,4.210000000000000000e+02,1.490000000000000000e+02,1.560000000000000000e+02,0.000000000000000000e+00,1.660000000000000000e+02,1.430000000000000000e+02,3.510000000000000000e+02,1.650000000000000000e+02,4.170000000000000000e+02,4.250000000000000000e+02,4.270000000000000000e+02,3.660000000000000000e+02,0.000000000000000000e+00,4.010000000000000000e+02,1.640000000000000000e+02,3.910000000000000000e+02,4.130000000000000000e+02,1.490000000000000000e+02,4.610000000000000000e+02,1.680000000000000000e+02,4.700000000000000000e+02,1.310000000000000000e+02,3.990000000000000000e+02,4.850000000000000000e+02,1.620000000000000000e+02,1.830000000000000000e+02,1.520000000000000000e+02,0.000000000000000000e+00,4.180000000000000000e+02,3.470000000000000000e+02,1.310000000000000000e+02,4.260000000000000000e+02,4.290000000000000000e+02,1.550000000000000000e+02,1.460000000000000000e+02,3.900000000000000000e+02,4.340000000000000000e+02,1.460000000000000000e+02,0.000000000000000000e+00,3.900000000000000000e+02,4.250000000000000000e+02,0.000000000000000000e+00,0.000000000000000000e+00,1.490000000000000000e+02,0.000000000000000000e+00,4.270000000000000000e+02,1.370000000000000000e+02,3.860000000000000000e+02,1.230000000000000000e+02,1.400000000000000000e+02,1.220000000000000000e+02,4.430000000000000000e+02,1.690000000000000000e+02,4.100000000000000000e+02,1.410000000000000000e+02,4.230000000000000000e+02,0.000000000000000000e+00,4.130000000000000000e+02,0.000000000000000000e+00,4.270000000000000000e+02,1.770000000000000000e+02,4.110000000000000000e+02,4.240000000000000000e+02,0.000000000000000000e+00,4.970000000000000000e+02,0.000000000000000000e+00,4.230000000000000000e+02,4.220000000000000000e+02,1.580000000000000000e+02,0.000000000000000000e+00,4.280000000000000000e+02,0.000000000000000000e+00,1.460000000000000000e+02,0.000000000000000000e+00,3.750000000000000000e+02,1.510000000000000000e+02,1.130000000000000000e+02,0.000000000000000000e+00,0.000000000000000000e+00,4.420000000000000000e+02,3.900000000000000000e+02,4.270000000000000000e+02,0.000000000000000000e+00,1.470000000000000000e+02,4.800000000000000000e+02,4.140000000000000000e+02,1.900000000000000000e+02,0.000000000000000000e+00,0.000000000000000000e+00,1.250000000000000000e+02,4.050000000000000000e+02,1.200000000000000000e+02,1.500000000000000000e+02,4.230000000000000000e+02,1.320000000000000000e+02,0.000000000000000000e+00,5.020000000000000000e+02,1.130000000000000000e+02,0.000000000000000000e+00,4.220000000000000000e+02,0.000000000000000000e+00,1.590000000000000000e+02,1.510000000000000000e+02,4.470000000000000000e+02,4.000000000000000000e+02,0.000000000000000000e+00,4.540000000000000000e+02,0.000000000000000000e+00,0.000000000000000000e+00,3.910000000000000000e+02,0.000000000000000000e+00,0.000000000000000000e+00,3.750000000000000000e+02,0.000000000000000000e+00,0.000000000000000000e+00,1.910000000000000000e+02,5.160000000000000000e+02,4.040000000000000000e+02,1.570000000000000000e+02,0.000000000000000000e+00,1.610000000000000000e+02,1.470000000000000000e+02,3.390000000000000000e+02,1.730000000000000000e+02,1.590000000000000000e+02,1.570000000000000000e+02,1.750000000000000000e+02,1.360000000000000000e+02,2.020000000000000000e+02,0.000000000000000000e+00,0.000000000000000000e+00,3.990000000000000000e+02,4.190000000000000000e+02,1.670000000000000000e+02,1.530000000000000000e+02,4.040000000000000000e+02,0.000000000000000000e+00,1.460000000000000000e+02,4.410000000000000000e+02,0.000000000000000000e+00,3.790000000000000000e+02,0.000000000000000000e+00,0.000000000000000000e+00,1.550000000000000000e+02,0.000000000000000000e+00,4.050000000000000000e+02,1.350000000000000000e+02,3.480000000000000000e+02,1.530000000000000000e+02,1.520000000000000000e+02,0.000000000000000000e+00,4.380000000000000000e+02,1.340000000000000000e+02,4.140000000000000000e+02,1.600000000000000000e+02,4.280000000000000000e+02,1.420000000000000000e+02,4.400000000000000000e+02,3.810000000000000000e+02,4.450000000000000000e+02,3.890000000000000000e+02,0.000000000000000000e+00,3.950000000000000000e+02,1.570000000000000000e+02,1.940000000000000000e+02,3.850000000000000000e+02,1.580000000000000000e+02,0.000000000000000000e+00,0.000000000000000000e+00,4.170000000000000000e+02,1.430000000000000000e+02,1.530000000000000000e+02,4.920000000000000000e+02,1.700000000000000000e+02,3.550000000000000000e+02,4.060000000000000000e+02,1.700000000000000000e+02,0.000000000000000000e+00,0.000000000000000000e+00,4.170000000000000000e+02,1.550000000000000000e+02,1.640000000000000000e+02,4.120000000000000000e+02,4.460000000000000000e+02,4.270000000000000000e+02,4.160000000000000000e+02,1.800000000000000000e+02,0.000000000000000000e+00,4.010000000000000000e+02,4.110000000000000000e+02,4.520000000000000000e+02,4.310000000000000000e+02,0.000000000000000000e+00,0.000000000000000000e+00,3.950000000000000000e+02,1.470000000000000000e+02,3.970000000000000000e+02,1.410000000000000000e+02,1.430000000000000000e+02,0.000000000000000000e+00,0.000000000000000000e+00,1.550000000000000000e+02,1.420000000000000000e+02,4.470000000000000000e+02,4.280000000000000000e+02,4.200000000000000000e+02,0.000000000000000000e+00,1.890000000000000000e+02
8.550000000000000000e+02,8.690000000000000000e+02,2.480000000000000000e+02,2.280000000000000000e+02,2.630000000000000000e+02,1.780000000000000000e+02,4.400000000000000000e+01,1.680000000000000000e+02,2.400000000000000000e+02,1.000000000000000000e+00,1.470000000000000000e+02,1.600000000000000000e+02,6.450000000000000000e+02,9.440000000000000000e+02,8.600000000000000000e+01,2.300000000000000000e+01,1.480000000000000000e+02,8.710000000000000000e+02,9.520000000000000000e+02,2.600000000000000000e+01,1.860000000000000000e+02,1.980000000000000000e+02,7.610000000000000000e+02,8.790000000000000000e+02,9.000000000000000000e+00,2.400000000000000000e+02,2.030000000000000000e+02,7.960000000000000000e+02,9.060000000000000000e+02,9.380000000000000000e+02,7.690000000000000000e+02,7.790000000000000000e+02,1.260000000000000000e+02,8.350000000000000000e+02,1.100000000000000000e+01,3.640000000000000000e+02,3.600000000000000000e+01,8.060000000000000000e+02,2.040000000000000000e+02,9.410000000000000000e+02,6.000000000000000000e+01,8.840000000000000000e+02,8.500000000000000000e+01,9.390000000000000000e+02,4.500000000000000000e+01,1.960000000000000000e+02,1.900000000000000000e+01,1.400000000000000000e+01,0.000000000000000000e+00,1.560000000000000000e+02,1.570000000000000000e+02,1.730000000000000000e+02,2.220000000000000000e+02,3.100000000000000000e+01,8.990000000000000000e+02,9.150000000000000000e+02,5.000000000000000000e+00,8.180000000000000000e+02,2.120000000000000000e+02,1.680000000000000000e+02,1.360000000000000000e+02,2.100000000000000000e+02,1.940000000000000000e+02,6.400000000000000000e+02,1.240000000000000000e+02,9.660000000000000000e+02,7.310000000000000000e+02,9.190000000000000000e+02,3.760000000000000000e+02,1.140000000000000000e+02,8.450000000000000000e+02,2.290000000000000000e+02,8.280000000000000000e+02,9.260000000000000000e+02,4.600000000000000000e+01,8.460000000000000000e+02,1.200000000000000000e+02,1.008000000000000000e+03,1.740000000000000000e+02,9.050000000000000000e+02,1.139000000000000000e+03,4.190000000000000000e+02,4.210000000000000000e+02,1.860000000000000000e+02,1.390000000000000000e+02,1.011000000000000000e+03,7.160000000000000000e+02,1.690000000000000000e+02,9.260000000000000000e+02,9.390000000000000000e+02,1.640000000000000000e+02,2.090000000000000000e+02,9.790000000000000000e+02,8.480000000000000000e+02,1.960000000000000000e+02,1.410000000000000000e+02,8.200000000000000000e+02,8.390000000000000000e+02,4.800000000000000000e+01,2.800000000000000000e+01,1.230000000000000000e+02,2.500000000000000000e+01,9.340000000000000000e+02,1.600000000000000000e+02,8.710000000000000000e+02,1.080000000000000000e+02,1.970000000000000000e+02,6.400000000000000000e+01,1.000000000000000000e+03,4.130000000000000000e+02,9.490000000000000000e+02,1.610000000000000000e+02,8.830000000000000000e+02,5.000000000000000000e+01,9.870000000000000000e+02,1.540000000000000000e+02,9.330000000000000000e+02,2.300000000000000000e+02,8.800000000000000000e+02,9.340000000000000000e+02,1.400000000000000000e+01,1.171000000000000000e+03,1.610000000000000000e+02,9.310000000000000000e+02,9.260000000000000000e+02,1.240000000000000000e+02,1.300000000000000000e+01,9.590000000000000000e+02,2.500000000000000000e+01,2.400000000000000000e+02,1.400000000000000000e+01,3.000000000000000000e+02,1.930000000000000000e+02,8.700000000000000000e+01,1.130000000000000000e+02,4.400000000000000000e+01,9.060000000000000000e+02,3.500000000000000000e+02,8.620000000000000000e+02,1.450000000000000000e+02,2.120000000000000000e+02,9.520000000000000000e+02,8.660000000000000000e+02,3.740000000000000000e+02,2.500000000000000000e+01,1.240000000000000000e+02,1.050000000000000000e+02,8.810000000000000000e+02,1.390000000000000000e+02,2.620000000000000000e+02,9.550000000000000000e+02,1.860000000000000000e+02,1.590000000000000000e+02,1.100000000000000000e+03,4.600000000000000000e+01,4.400000000000000000e+01,8.770000000000000000e+02,6.000000000000000000e+00,2.040000000000000000e+02,2.330000000000000000e+02,9.430000000000000000e+02,8.610000000000000000e+02,6.000000000000000000e+01,9.560000000000000000e+02,1.450000000000000000e+02,4.900000000000000000e+01,9.330000000000000000e+02,1.800000000000000000e+01,2.300000000000000000e+01,6.970000000000000000e+02,3.200000000000000000e+01,1.190000000000000000e+02,1.080000000000000000e+02,1.076000000000000000e+03,8.920000000000000000e+02,1.700000000000000000e+02,3.800000000000000000e+01,2.040000000000000000e+02,1.720000000000000000e+02,5.050000000000000000e+02,1.800000000000000000e+02,1.560000000000000000e+02,2.330000000000000000e+02,2.500000000000000000e+02,1.420000000000000000e+02,2.590000000000000000e+02,9.100000000000000000e+01,5.000000000000000000e+00,9.300000000000000000e+02,8.370000000000000000e+02,1.800000000000000000e+02,2.110000000000000000e+02,9.020000000000000000e+02,4.700000000000000000e+01,2.210000000000000000e+02,9.550000000000000000e+02,4.300000000000000000e+01,8.830000000000000000e+02,3.200000000000000000e+01,1.000000000000000000e+01,1.970000000000000000e+02,7.200000000000000000e+01,9.770000000000000000e+02,1.300000000000000000e+02,4.590000000000000000e+02,1.880000000000000000e+02,2.030000000000000000e+02,6.000000000000000000e+00,8.120000000000000000e+02,2.150000000000000000e+02,7.080000000000000000e+02,1.690000000000000000e+02,6.660000000000000000e+02,2.150000000000000000e+02,9.380000000000000000e+02,9.420000000000000000e+02,9.360000000000000000e+02,7.040000000000000000e+02,3.300000000000000000e+01,5.730000000000000000e+02,2.470000000000000000e+02,3.660000000000000000e+02,6.370000000000000000e+02,4.080000000000000000e+02,1.220000000000000000e+02,1.390000000000000000e+02,8.940000000000000000e+02,2.220000000000000000e+02,1.700000000000000000e+02,1.128000000000000000e+03,1.690000000000000000e+02,6.420000000000000000e+02,9.790000000000000000e+02,2.260000000000000000e+02,0.000000000000000000e+00,6.700000000000000000e+01,8.600000000000000000e+02,2.080000000000000000e+02,4.030000000000000000e+02,8.910000000000000000e+02,1.027000000000000000e+03,8.910000000000000000e+02,9.340000000000000000e+02,3.580000000000000000e+02,6.900000000000000000e+01,9.730000000000000000e+02,9.300000000000000000e+02,9.300000000000000000e+02,9.670000000000000000e+02,2.000000000000000000e+01,3.300000000000000000e+01,8.630000000000000000e+02,8.000000000000000000e+01,8.660000000000000000e+02,1.010000000000000000e+02,6.900000000000000000e+01,4.900000000000000000e+01,7.000000000000000000e+00,1.550000000000000000e+02,9.100000000000000000e+01,9.350000000000000000e+02,9.310000000000000000e+02,9.660000000000000000e+02,2.200000000000000000e+01,4.380000000000000000e+02
1.880000000000000000e+02,2.470000000000000000e+02,8.900000000000000000e+01,6.400000000000000000e+01,8.100000000000000000e+01,4.600000000000000000e+01,0.000000000000000000e+00,1.800000000000000000e+01,1.420000000000000000e+02,0.000000000000000000e+00,0.000000000000000000e+00,0.000000000000000000e+00,4.500000000000000000e+01,2.190000000000000000e+02,0.000000000000000000e+00,0.000000000000000000e+00,7.000000000000000000e+00,9.500000000000000000e+01,9.100000000000000000e+01,0.000000000000000000e+00,4.800000000000000000e+01,4.200000000000000000e+01,1.280000000000000000e+02,3.270000000000000000e+02,0.000000000000000000e+00,1.110000000000000000e+02,5.400000000000000000e+01,1.550000000000000000e+02,2.290000000000000000e+02,3.360000000000000000e+02,9.000000000000000000e+01,1.080000000000000000e+02,0.000000000000000000e+00,1.700000000000000000e+02,0.000000000000000000e+00,1.430000000000000000e+02,0.000000000000000000e+00,1.140000000000000000e+02,6.000000000000000000e+01,3.620000000000000000e+02,0.000000000000000000e+00,2.120000000000000000e+02,0.000000000000000000e+00,1.410000000000000000e+02,0.000000000000000000e+00,3.200000000000000000e+01,0.000000000000000000e+00,0.000000000000000000e+00,2.300000000000000000e+01,0.000000000000000000e+00,0.000000000000000000e+00,1.500000000000000000e+01,6.900000000000000000e+01,0.000000000000000000e+00,1.250000000000000000e+02,1.380000000000000000e+02,0.000000000000000000e+00,1.300000000000000000e+02,8.100000000000000000e+01,6.200000000000000000e+01,0.000000000000000000e+00,5.300000000000000000e+01,7.800000000000000000e+01,7.800000000000000000e+01,1.600000000000000000e+01,3.420000000000000000e+02,7.400000000000000000e+01,7.300000000000000000e+01,4.400000000000000000e+01,0.000000000000000000e+00,1.670000000000000000e+02,7.000000000000000000e+01,1.110000000000000000e+02,1.110000000000000000e+02,1.400000000000000000e+01,1.010000000000000000e+02,1.400000000000000000e+01,2.460000000000000000e+02,2.300000000000000000e+01,2.380000000000000000e+02,4.910000000000000000e+02,1.230000000000000000e+02,1.570000000000000000e+02,3.900000000000000000e+01,0.000000000000000000e+00,2.270000000000000000e+02,6.500000000000000000e+01,2.100000000000000000e+01,1.360000000000000000e+02,3.290000000000000000e+02,3.300000000000000000e+01,4.700000000000000000e+01,3.000000000000000000e+02,1.350000000000000000e+02,5.000000000000000000e+01,0.000000000000000000e+00,1.270000000000000000e+02,2.970000000000000000e+02,0.000000000000000000e+00,0.000000000000000000e+00,2.000000000000000000e+01,0.000000000000000000e+00,2.980000000000000000e+02,3.600000000000000000e+01,1.650000000000000000e+02,1.000000000000000000e+01,4.600000000000000000e+01,2.000000000000000000e+00,2.970000000000000000e+02,1.360000000000000000e+02,2.790000000000000000e+02,1.500000000000000000e+01,1.950000000000000000e+02,0.000000000000000000e+00,3.460000000000000000e+02,0.000000000000000000e+00,3.250000000000000000e+02,1.430000000000000000e+02,2.200000000000000000e+02,2.830000000000000000e+02,0.000000000000000000e+00,5.260000000000000000e+02,0.000000000000000000e+00,3.240000000000000000e+02,2.470000000000000000e+02,1.200000000000000000e+01,0.000000000000000000e+00,2.960000000000000000e+02,0.000000000000000000e+00,9.200000000000000000e+01,0.000000000000000000e+00,3.200000000000000000e+01,2.200000000000000000e+01,1.100000000000000000e+01,0.000000000000000000e+00,0.000000000000000000e+00,2.340000000000000000e+02,2.800000000000000000e+01,1.910000000000000000e+02,0.000000000000000000e+00,6.600000000000000000e+01,2.250000000000000000e+02,1.040000000000000000e+02,1.110000000000000000e+02,0.000000000000000000e+00,0.000000000000000000e+00,1.400000000000000000e+01,2.270000000000000000e+02,1.700000000000000000e+01,1.200000000000000000e+02,2.430000000000000000e+02,2.500000000000000000e+01,0.000000000000000000e+00,4.820000000000000000e+02,5.000000000000000000e+00,0.000000000000000000e+00,3.530000000000000000e+02,0.000000000000000000e+00,3.400000000000000000e+01,7.500000000000000000e+01,2.820000000000000000e+02,1.430000000000000000e+02,0.000000000000000000e+00,2.450000000000000000e+02,0.000000000000000000e+00,0.000000000000000000e+00,2.080000000000000000e+02,0.000000000000000000e+00,0.000000000000000000e+00,6.200000000000000000e+01,0.000000000000000000e+00,0.000000000000000000e+00,8.000000000000000000e+00,5.350000000000000000e+02,3.260000000000000000e+02,4.100000000000000000e+01,0.000000000000000000e+00,6.700000000000000000e+01,6.900000000000000000e+01,3.600000000000000000e+01,1.700000000000000000e+01,1.800000000000000000e+01,7.400000000000000000e+01,1.120000000000000000e+02,3.300000000000000000e+01,1.330000000000000000e+02,0.000000000000000000e+00,0.000000000000000000e+00,3.410000000000000000e+02,2.070000000000000000e+02,3.500000000000000000e+01,3.800000000000000000e+01,3.740000000000000000e+02,0.000000000000000000e+00,7.700000000000000000e+01,2.920000000000000000e+02,0.000000000000000000e+00,9.600000000000000000e+01,0.000000000000000000e+00,0.000000000000000000e+00,9.300000000000000000e+01,0.000000000000000000e+00,1.930000000000000000e+02,1.500000000000000000e+01,3.500000000000000000e+01,2.100000000000000000e+01,1.300000000000000000e+01,0.000000000000000000e+00,1.120000000000000000e+02,2.400000000000000000e+01,1.020000000000000000e+02,5.600000000000000000e+01,7.700000000000000000e+01,2.200000000000000000e+01,3.270000000000000000e+02,1.470000000000000000e+02,3.650000000000000000e+02,9.400000000000000000e+01,0.000000000000000000e+00,5.400000000000000000e+01,9.500000000000000000e+01,1.260000000000000000e+02,6.600000000000000000e+01,9.600000000000000000e+01,0.000000000000000000e+00,0.000000000000000000e+00,2.230000000000000000e+02,2.100000000000000000e+01,1.500000000000000000e+01,4.920000000000000000e+02,1.900000000000000000e+01,7.500000000000000000e+01,3.140000000000000000e+02,1.040000000000000000e+02,0.000000000000000000e+00,0.000000000000000000e+00,1.800000000000000000e+02,7.200000000000000000e+01,1.240000000000000000e+02,2.070000000000000000e+02,3.260000000000000000e+02,2.620000000000000000e+02,1.840000000000000000e+02,1.140000000000000000e+02,0.000000000000000000e+00,3.170000000000000000e+02,2.880000000000000000e+02,1.710000000000000000e+02,2.350000000000000000e+02,0.000000000000000000e+00,0.000000000000000000e+00,1.800000000000000000e+02,1.300000000000000000e+01,2.420000000000000000e+02,1.100000000000000000e+01,8.000000000000000000e+00,0.000000000000000000e+00,0.000000000000000000e+00,3.000000000000000000e+01,1.500000000000000000e+01,3.130000000000000000e+02,3.040000000000000000e+02,3.690000000000000000e+02,0.000000000000000000e+00,1.570000000000000000e+02
1.480000000000000000e+02,1.720000000000000000e+02,6.100000000000000000e+01,4.000000000000000000e+01,4.200000000000000000e+01,1.600000000000000000e+01,0.000000000000000000e+00,3.000000000000000000e+00,1.170000000000000000e+02,0.000000000000000000e+00,0.000000000000000000e+00,0.000000000000000000e+00,2.500000000000000000e+01,1.490000000000000000e+02,0.000000000000000000e+00,0.000000000000000000e+00,2.000000000000000000e+00,4.600000000000000000e+01,4.300000000000000000e+01,0.000000000000000000e+00,2.100000000000000000e+01,1.200000000000000000e+01,7.200000000000000000e+01,2.370000000000000000e+02,0.000000000000000000e+00,7.100000000000000000e+01,4.200000000000000000e+01,8.600000000000000000e+01,1.860000000000000000e+02,2.610000000000000000e+02,4.200000000000000000e+01,4.400000000000000000e+01,0.000000000000000000e+00,8.300000000000000000e+01,0.000000000000000000e+00,1.190000000000000000e+02,0.000000000000000000e+00,5.900000000000000000e+01,3.400000000000000000e+01,3.560000000000000000e+02,0.000000000000000000e+00,1.580000000000000000e+02,0.000000000000000000e+00,9.800000000000000000e+01,0.000000000000000000e+00,1.200000000000000000e+01,0.000000000000000000e+00,0.000000000000000000e+00,7.000000000000000000e+00,0.000000000000000000e+00,0.000000000000000000e+00,8.000000000000000000e+00,5.000000000000000000e+01,0.000000000000000000e+00,9.100000000000000000e+01,7.300000000000000000e+01,0.000000000000000000e+00,8.600000000000000000e+01,5.900000000000000000e+01,4.500000000000000000e+01,0.000000000000000000e+00,1.400000000000000000e+01,3.800000000000000000e+01,3.400000000000000000e+01,1.200000000000000000e+01,2.700000000000000000e+02,4.700000000000000000e+01,3.200000000000000000e+01,1.700000000000000000e+01,0.000000000000000000e+00,1.160000000000000000e+02,5.800000000000000000e+01,7.300000000000000000e+01,3.900000000000000000e+01,5.000000000000000000e+00,3.900000000000000000e+01,8.000000000000000000e+00,1.380000000000000000e+02,8.000000000000000000e+00,1.720000000000000000e+02,7.370000000000000000e+02,7.100000000000000000e+01,1.280000000000000000e+02,1.700000000000000000e+01,0.000000000000000000e+00,1.520000000000000000e+02,3.300000000000000000e+01,5.000000000000000000e+00,7.100000000000000000e+01,2.160000000000000000e+02,1.600000000000000000e+01,3.200000000000000000e+01,2.840000000000000000e+02,7.400000000000000000e+01,2.100000000000000000e+01,0.000000000000000000e+00,8.600000000000000000e+01,2.630000000000000000e+02,0.000000000000000000e+00,0.000000000000000000e+00,2.000000000000000000e+00,0.000000000000000000e+00,2.390000000000000000e+02,1.800000000000000000e+01,8.700000000000000000e+01,1.000000000000000000e+00,3.900000000000000000e+01,3.000000000000000000e+00,2.350000000000000000e+02,1.180000000000000000e+02,2.050000000000000000e+02,6.000000000000000000e+00,1.300000000000000000e+02,0.000000000000000000e+00,3.570000000000000000e+02,0.000000000000000000e+00,2.680000000000000000e+02,1.220000000000000000e+02,1.130000000000000000e+02,1.910000000000000000e+02,0.000000000000000000e+00,7.250000000000000000e+02,0.000000000000000000e+00,2.660000000000000000e+02,2.080000000000000000e+02,5.000000000000000000e+00,0.000000000000000000e+00,2.230000000000000000e+02,0.000000000000000000e+00,7.000000000000000000e+01,0.000000000000000000e+00,1.300000000000000000e+01,1.000000000000000000e+01,5.000000000000000000e+00,0.000000000000000000e+00,0.000000000000000000e+00,1.370000000000000000e+02,1.200000000000000000e+01,1.000000000000000000e+02,0.000000000000000000e+00,3.300000000000000000e+01,9.100000000000000000e+01,3.800000000000000000e+01,1.050000000000000000e+02,0.000000000000000000e+00,0.000000000000000000e+00,1.000000000000000000e+00,1.510000000000000000e+02,6.000000000000000000e+00,7.800000000000000000e+01,1.510000000000000000e+02,8.000000000000000000e+00,0.000000000000000000e+00,6.810000000000000000e+02,2.000000000000000000e+00,0.000000000000000000e+00,3.440000000000000000e+02,0.000000000000000000e+00,1.100000000000000000e+01,3.700000000000000000e+01,2.070000000000000000e+02,7.100000000000000000e+01,0.000000000000000000e+00,1.810000000000000000e+02,0.000000000000000000e+00,0.000000000000000000e+00,1.180000000000000000e+02,0.000000000000000000e+00,0.000000000000000000e+00,2.300000000000000000e+01,0.000000000000000000e+00,0.000000000000000000e+00,1.300000000000000000e+01,7.150000000000000000e+02,2.280000000000000000e+02,4.300000000000000000e+01,0.000000000000000000e+00,3.800000000000000000e+01,2.300000000000000000e+01,1.400000000000000000e+01,1.500000000000000000e+01,1.000000000000000000e+01,4.600000000000000000e+01,7.500000000000000000e+01,3.100000000000000000e+01,1.990000000000000000e+02,0.000000000000000000e+00,0.000000000000000000e+00,2.650000000000000000e+02,1.550000000000000000e+02,1.400000000000000000e+01,1.200000000000000000e+01,4.440000000000000000e+02,0.000000000000000000e+00,2.500000000000000000e+01,1.890000000000000000e+02,0.000000000000000000e+00,5.600000000000000000e+01,0.000000000000000000e+00,0.000000000000000000e+00,6.300000000000000000e+01,0.000000000000000000e+00,1.150000000000000000e+02,1.000000000000000000e+01,1.300000000000000000e+01,6.000000000000000000e+00,9.000000000000000000e+00,0.000000000000000000e+00,6.500000000000000000e+01,9.000000000000000000e+00,4.200000000000000000e+01,4.100000000000000000e+01,2.200000000000000000e+01,1.100000000000000000e+01,3.850000000000000000e+02,9.500000000000000000e+01,3.230000000000000000e+02,5.100000000000000000e+01,0.000000000000000000e+00,1.300000000000000000e+01,9.100000000000000000e+01,1.060000000000000000e+02,2.600000000000000000e+01,1.220000000000000000e+02,0.000000000000000000e+00,0.000000000000000000e+00,1.170000000000000000e+02,1.000000000000000000e+01,1.200000000000000000e+01,7.340000000000000000e+02,1.000000000000000000e+01,4.000000000000000000e+01,2.610000000000000000e+02,9.400000000000000000e+01,0.000000000000000000e+00,0.000000000000000000e+00,1.240000000000000000e+02,4.400000000000000000e+01,1.090000000000000000e+02,1.210000000000000000e+02,2.600000000000000000e+02,1.720000000000000000e+02,1.210000000000000000e+02,1.160000000000000000e+02,0.000000000000000000e+00,2.570000000000000000e+02,2.250000000000000000e+02,8.300000000000000000e+01,1.930000000000000000e+02,0.000000000000000000e+00,0.000000000000000000e+00,1.250000000000000000e+02,4.000000000000000000e+00,1.620000000000000000e+02,4.000000000000000000e+00,3.000000000000000000e+00,0.000000000000000000e+00,0.000000000000000000e+00,8.000000000000000000e+00,5.000000000000000000e+00,2.660000000000000000e+02,2.700000000000000000e+02,3.600000000000000000e+02,0.000000000000000000e+00,1.190000000000000000e+02
6.720000000000000000e+02,7.220000000000000000e+02,1.840000000000000000e+02,1.290000000000000000e+02,1.810000000000000000e+02,1.480000000000000000e+02,1.900000000000000000e+01,7.300000000000000000e+01,1.840000000000000000e+02,3.000000000000000000e+00,1.340000000000000000e+02,1.230000000000000000e+02,3.410000000000000000e+02,7.160000000000000000e+02,6.100000000000000000e+01,1.100000000000000000e+01,7.300000000000000000e+01,5.980000000000000000e+02,4.720000000000000000e+02,1.600000000000000000e+01,1.720000000000000000e+02,1.540000000000000000e+02,6.500000000000000000e+02,7.150000000000000000e+02,6.000000000000000000e+00,1.750000000000000000e+02,1.450000000000000000e+02,7.190000000000000000e+02,6.840000000000000000e+02,7.450000000000000000e+02,5.860000000000000000e+02,6.330000000000000000e+02,9.600000000000000000e+01,6.600000000000000000e+02,9.000000000000000000e+00,2.900000000000000000e+02,1.000000000000000000e+01,6.130000000000000000e+02,1.580000000000000000e+02,7.550000000000000000e+02,4.700000000000000000e+01,7.030000000000000000e+02,3.800000000000000000e+01,6.380000000000000000e+02,2.300000000000000000e+01,1.190000000000000000e+02,1.200000000000000000e+01,1.100000000000000000e+01,8.400000000000000000e+01,1.190000000000000000e+02,1.310000000000000000e+02,0.000000000000000000e+00,1.390000000000000000e+02,2.500000000000000000e+01,6.710000000000000000e+02,6.440000000000000000e+02,2.000000000000000000e+01,6.790000000000000000e+02,1.580000000000000000e+02,1.400000000000000000e+02,9.300000000000000000e+01,1.520000000000000000e+02,1.660000000000000000e+02,3.690000000000000000e+02,7.800000000000000000e+01,7.580000000000000000e+02,6.200000000000000000e+02,4.230000000000000000e+02,2.590000000000000000e+02,8.900000000000000000e+01,6.780000000000000000e+02,1.190000000000000000e+02,6.340000000000000000e+02,5.860000000000000000e+02,4.200000000000000000e+01,7.620000000000000000e+02,8.300000000000000000e+01,7.770000000000000000e+02,1.560000000000000000e+02,7.350000000000000000e+02,8.360000000000000000e+02,3.070000000000000000e+02,2.890000000000000000e+02,1.290000000000000000e+02,1.040000000000000000e+02,7.070000000000000000e+02,4.480000000000000000e+02,1.240000000000000000e+02,6.430000000000000000e+02,7.020000000000000000e+02,1.160000000000000000e+02,1.550000000000000000e+02,7.170000000000000000e+02,6.440000000000000000e+02,1.420000000000000000e+02,1.000000000000000000e+02,6.070000000000000000e+02,7.280000000000000000e+02,1.500000000000000000e+01,2.300000000000000000e+01,6.400000000000000000e+01,1.400000000000000000e+01,7.560000000000000000e+02,1.380000000000000000e+02,6.650000000000000000e+02,4.100000000000000000e+01,1.320000000000000000e+02,3.000000000000000000e+01,7.200000000000000000e+02,2.700000000000000000e+02,7.050000000000000000e+02,7.100000000000000000e+01,6.910000000000000000e+02,2.000000000000000000e+01,7.210000000000000000e+02,1.090000000000000000e+02,7.510000000000000000e+02,1.470000000000000000e+02,6.760000000000000000e+02,6.710000000000000000e+02,1.000000000000000000e+01,8.870000000000000000e+02,1.150000000000000000e+02,7.520000000000000000e+02,6.920000000000000000e+02,7.100000000000000000e+01,1.200000000000000000e+01,7.160000000000000000e+02,2.000000000000000000e+01,1.630000000000000000e+02,3.000000000000000000e+00,1.550000000000000000e+02,9.100000000000000000e+01,4.100000000000000000e+01,5.100000000000000000e+01,2.900000000000000000e+01,7.360000000000000000e+02,1.480000000000000000e+02,6.690000000000000000e+02,1.290000000000000000e+02,1.830000000000000000e+02,7.470000000000000000e+02,7.050000000000000000e+02,2.890000000000000000e+02,1.100000000000000000e+01,3.800000000000000000e+01,4.900000000000000000e+01,6.790000000000000000e+02,4.400000000000000000e+01,1.810000000000000000e+02,7.390000000000000000e+02,7.100000000000000000e+01,1.160000000000000000e+02,8.560000000000000000e+02,2.800000000000000000e+01,2.200000000000000000e+01,7.290000000000000000e+02,3.000000000000000000e+00,1.310000000000000000e+02,1.680000000000000000e+02,7.200000000000000000e+02,6.070000000000000000e+02,5.000000000000000000e+01,6.970000000000000000e+02,1.120000000000000000e+02,2.800000000000000000e+01,6.740000000000000000e+02,7.000000000000000000e+00,2.200000000000000000e+01,4.420000000000000000e+02,1.700000000000000000e+01,9.600000000000000000e+01,5.100000000000000000e+01,8.740000000000000000e+02,7.410000000000000000e+02,1.430000000000000000e+02,2.200000000000000000e+01,1.570000000000000000e+02,1.280000000000000000e+02,2.790000000000000000e+02,1.150000000000000000e+02,9.100000000000000000e+01,1.570000000000000000e+02,1.630000000000000000e+02,1.190000000000000000e+02,1.920000000000000000e+02,3.100000000000000000e+01,3.000000000000000000e+00,7.740000000000000000e+02,7.170000000000000000e+02,1.050000000000000000e+02,1.680000000000000000e+02,7.270000000000000000e+02,2.800000000000000000e+01,1.760000000000000000e+02,6.990000000000000000e+02,2.000000000000000000e+01,6.010000000000000000e+02,2.100000000000000000e+01,1.500000000000000000e+01,1.630000000000000000e+02,3.700000000000000000e+01,7.490000000000000000e+02,7.200000000000000000e+01,2.950000000000000000e+02,7.700000000000000000e+01,7.900000000000000000e+01,3.000000000000000000e+00,6.560000000000000000e+02,9.300000000000000000e+01,5.190000000000000000e+02,1.090000000000000000e+02,5.090000000000000000e+02,9.400000000000000000e+01,7.170000000000000000e+02,5.970000000000000000e+02,7.040000000000000000e+02,5.350000000000000000e+02,2.400000000000000000e+01,3.190000000000000000e+02,1.730000000000000000e+02,2.880000000000000000e+02,3.620000000000000000e+02,2.850000000000000000e+02,1.260000000000000000e+02,9.200000000000000000e+01,7.140000000000000000e+02,1.100000000000000000e+02,1.420000000000000000e+02,8.690000000000000000e+02,9.900000000000000000e+01,4.390000000000000000e+02,7.610000000000000000e+02,1.910000000000000000e+02,1.000000000000000000e+00,4.500000000000000000e+01,6.820000000000000000e+02,1.660000000000000000e+02,3.110000000000000000e+02,7.030000000000000000e+02,6.700000000000000000e+02,6.870000000000000000e+02,6.820000000000000000e+02,2.980000000000000000e+02,7.400000000000000000e+01,7.320000000000000000e+02,6.880000000000000000e+02,7.090000000000000000e+02,7.590000000000000000e+02,1.000000000000000000e+01,2.100000000000000000e+01,6.900000000000000000e+02,3.300000000000000000e+01,7.370000000000000000e+02,8.100000000000000000e+01,5.700000000000000000e+01,2.200000000000000000e+01,5.000000000000000000e+00,8.200000000000000000e+01,4.900000000000000000e+01,6.750000000000000000e+02,6.790000000000000000e+02,7.460000000000000000e+02,1.500000000000000000e+01,2.740000000000000000e+02
1.084000000000000000e+03,7.590000000000000000e+02,2.580000000000000000e+02,1.250000000000000000e+02,2.150000000000000000e+02,1.000000000000000000e+02,1.400000000000000000e+01,3.300000000000000000e+01,2.910000000000000000e+02,1.000000000000000000e+00,1.920000000000000000e+02,1.780000000000000000e+02,1.910000000000000000e+02,8.160000000000000000e+02,9.100000000000000000e+01,2.400000000000000000e+01,3.800000000000000000e+01,4.170000000000000000e+02,2.930000000000000000e+02,7.000000000000000000e+00,1.380000000000000000e+02,1.130000000000000000e+02,4.420000000000000000e+02,1.216000000000000000e+03,0.000000000000000000e+00,2.650000000000000000e+02,1.260000000000000000e+02,4.890000000000000000e+02,9.050000000000000000e+02,1.033000000000000000e+03,3.540000000000000000e+02,4.370000000000000000e+02,9.200000000000000000e+01,6.980000000000000000e+02,3.000000000000000000e+00,4.020000000000000000e+02,4.000000000000000000e+00,5.740000000000000000e+02,1.430000000000000000e+02,1.082000000000000000e+03,8.700000000000000000e+01,8.100000000000000000e+02,2.500000000000000000e+01,6.590000000000000000e+02,2.000000000000000000e+00,8.200000000000000000e+01,5.000000000000000000e+00,3.000000000000000000e+00,6.000000000000000000e+01,1.670000000000000000e+02,1.920000000000000000e+02,3.000000000000000000e+01,0.000000000000000000e+00,1.400000000000000000e+01,5.790000000000000000e+02,5.530000000000000000e+02,6.000000000000000000e+00,5.580000000000000000e+02,2.060000000000000000e+02,1.280000000000000000e+02,9.600000000000000000e+01,8.800000000000000000e+01,1.670000000000000000e+02,2.510000000000000000e+02,5.000000000000000000e+01,1.121000000000000000e+03,3.780000000000000000e+02,2.700000000000000000e+02,1.030000000000000000e+02,5.500000000000000000e+01,6.860000000000000000e+02,1.650000000000000000e+02,5.070000000000000000e+02,4.070000000000000000e+02,2.800000000000000000e+01,4.280000000000000000e+02,2.200000000000000000e+01,9.460000000000000000e+02,9.200000000000000000e+01,8.610000000000000000e+02,1.460000000000000000e+03,3.890000000000000000e+02,4.200000000000000000e+02,1.040000000000000000e+02,2.070000000000000000e+02,8.920000000000000000e+02,2.700000000000000000e+02,3.800000000000000000e+01,5.580000000000000000e+02,1.057000000000000000e+03,6.000000000000000000e+01,1.000000000000000000e+02,1.063000000000000000e+03,5.460000000000000000e+02,1.020000000000000000e+02,1.480000000000000000e+02,4.140000000000000000e+02,1.032000000000000000e+03,6.000000000000000000e+00,9.000000000000000000e+00,1.900000000000000000e+01,1.000000000000000000e+00,1.030000000000000000e+03,7.700000000000000000e+01,6.390000000000000000e+02,3.700000000000000000e+01,1.160000000000000000e+02,1.100000000000000000e+01,9.920000000000000000e+02,4.420000000000000000e+02,1.111000000000000000e+03,5.300000000000000000e+01,7.930000000000000000e+02,8.000000000000000000e+00,1.107000000000000000e+03,1.580000000000000000e+02,1.213000000000000000e+03,2.740000000000000000e+02,8.630000000000000000e+02,9.340000000000000000e+02,1.000000000000000000e+00,1.523000000000000000e+03,1.720000000000000000e+02,1.121000000000000000e+03,9.700000000000000000e+02,3.800000000000000000e+01,3.000000000000000000e+00,1.056000000000000000e+03,7.000000000000000000e+00,2.060000000000000000e+02,6.000000000000000000e+00,3.900000000000000000e+01,5.600000000000000000e+01,1.600000000000000000e+01,2.500000000000000000e+01,9.000000000000000000e+00,8.190000000000000000e+02,9.900000000000000000e+01,7.540000000000000000e+02,1.580000000000000000e+02,1.770000000000000000e+02,8.850000000000000000e+02,3.990000000000000000e+02,4.340000000000000000e+02,4.000000000000000000e+00,3.600000000000000000e+01,2.300000000000000000e+01,8.530000000000000000e+02,2.200000000000000000e+01,2.510000000000000000e+02,1.092000000000000000e+03,6.000000000000000000e+01,1.810000000000000000e+02,1.450000000000000000e+03,1.000000000000000000e+00,2.100000000000000000e+01,1.049000000000000000e+03,5.000000000000000000e+00,7.500000000000000000e+01,1.850000000000000000e+02,9.160000000000000000e+02,5.830000000000000000e+02,7.400000000000000000e+01,8.580000000000000000e+02,6.800000000000000000e+01,4.000000000000000000e+00,8.560000000000000000e+02,7.000000000000000000e+00,1.200000000000000000e+01,2.260000000000000000e+02,6.000000000000000000e+00,3.800000000000000000e+01,1.000000000000000000e+01,1.394000000000000000e+03,9.990000000000000000e+02,1.020000000000000000e+02,1.400000000000000000e+01,2.030000000000000000e+02,1.240000000000000000e+02,1.430000000000000000e+02,6.500000000000000000e+01,2.600000000000000000e+01,1.800000000000000000e+02,2.290000000000000000e+02,9.000000000000000000e+01,3.020000000000000000e+02,2.100000000000000000e+01,2.000000000000000000e+00,1.015000000000000000e+03,7.510000000000000000e+02,5.700000000000000000e+01,1.250000000000000000e+02,1.200000000000000000e+03,1.300000000000000000e+01,2.000000000000000000e+02,9.750000000000000000e+02,1.700000000000000000e+01,4.280000000000000000e+02,6.000000000000000000e+00,5.000000000000000000e+00,1.970000000000000000e+02,8.000000000000000000e+01,7.430000000000000000e+02,3.600000000000000000e+01,1.430000000000000000e+02,4.800000000000000000e+01,4.700000000000000000e+01,4.000000000000000000e+00,3.970000000000000000e+02,5.600000000000000000e+01,1.940000000000000000e+02,1.230000000000000000e+02,2.270000000000000000e+02,5.400000000000000000e+01,1.087000000000000000e+03,5.450000000000000000e+02,1.219000000000000000e+03,3.650000000000000000e+02,4.000000000000000000e+00,1.580000000000000000e+02,3.150000000000000000e+02,4.160000000000000000e+02,9.000000000000000000e+01,3.600000000000000000e+02,1.140000000000000000e+02,1.020000000000000000e+02,7.730000000000000000e+02,5.800000000000000000e+01,5.200000000000000000e+01,1.486000000000000000e+03,5.700000000000000000e+01,2.370000000000000000e+02,9.990000000000000000e+02,2.480000000000000000e+02,0.000000000000000000e+00,2.400000000000000000e+01,7.440000000000000000e+02,1.870000000000000000e+02,4.160000000000000000e+02,7.380000000000000000e+02,9.980000000000000000e+02,8.550000000000000000e+02,7.120000000000000000e+02,4.530000000000000000e+02,2.600000000000000000e+01,1.002000000000000000e+03,9.260000000000000000e+02,7.940000000000000000e+02,9.660000000000000000e+02,5.000000000000000000e+00,5.000000000000000000e+00,9.010000000000000000e+02,1.400000000000000000e+01,7.840000000000000000e+02,2.800000000000000000e+01,3.000000000000000000e+01,9.000000000000000000e+00,4.000000000000000000e+00,5.900000000000000000e+01,3.200000000000000000e+01,1.202000000000000000e+03,9.890000000000000000e+02,1.158000000000000000e+03,1.100000000000000000e+01,4.740000000000000000e+02
3.160000000000000000e+02,3.390000000000000000e+02,1.170000000000000000e+02,1.210000000000000000e+02,1.150000000000000000e+02,1.210000000000000000e+02,0.000000000000000000e+00,1.110000000000000000e+02,1.240000000000000000e+02,0.000000000000000000e+00,0.000000000000000000e+00,0.000000000000000000e+00,2.770000000000000000e+02,3.030000000000000000e+02,0.000000000000000000e+00,0.000000000000000000e+00,1.030000000000000000e+02,3.000000000000000000e+02,2.600000000000000000e+02,0.000000000000000000e+00,1.160000000000000000e+02,1.210000000000000000e+02,2.960000000000000000e+02,3.430000000000000000e+02,0.000000000000000000e+00,1.230000000000000000e+02,1.140000000000000000e+02,3.220000000000000000e+02,2.820000000000000000e+02,3.210000000000000000e+02,2.940000000000000000e+02,2.990000000000000000e+02,0.000000000000000000e+00,2.720000000000000000e+02,0.000000000000000000e+00,1.500000000000000000e+02,0.000000000000000000e+00,2.810000000000000000e+02,1.320000000000000000e+02,3.010000000000000000e+02,0.000000000000000000e+00,3.170000000000000000e+02,0.000000000000000000e+00,2.850000000000000000e+02,0.000000000000000000e+00,1.200000000000000000e+02,0.000000000000000000e+00,0.000000000000000000e+00,7.700000000000000000e+01,0.000000000000000000e+00,0.000000000000000000e+00,9.900000000000000000e+01,1.210000000000000000e+02,0.000000000000000000e+00,2.830000000000000000e+02,3.060000000000000000e+02,0.000000000000000000e+00,3.190000000000000000e+02,1.300000000000000000e+02,1.180000000000000000e+02,0.000000000000000000e+00,1.290000000000000000e+02,1.190000000000000000e+02,2.910000000000000000e+02,1.050000000000000000e+02,2.870000000000000000e+02,2.970000000000000000e+02,2.870000000000000000e+02,3.200000000000000000e+02,0.000000000000000000e+00,3.350000000000000000e+02,1.290000000000000000e+02,2.830000000000000000e+02,3.090000000000000000e+02,9.700000000000000000e+01,3.390000000000000000e+02,9.300000000000000000e+01,3.050000000000000000e+02,1.250000000000000000e+02,3.290000000000000000e+02,3.540000000000000000e+02,1.150000000000000000e+02,1.290000000000000000e+02,1.200000000000000000e+02,0.000000000000000000e+00,3.070000000000000000e+02,3.150000000000000000e+02,9.000000000000000000e+01,3.170000000000000000e+02,3.450000000000000000e+02,1.210000000000000000e+02,1.480000000000000000e+02,3.000000000000000000e+02,2.960000000000000000e+02,1.030000000000000000e+02,0.000000000000000000e+00,3.080000000000000000e+02,2.860000000000000000e+02,0.000000000000000000e+00,0.000000000000000000e+00,1.060000000000000000e+02,0.000000000000000000e+00,2.970000000000000000e+02,1.310000000000000000e+02,3.360000000000000000e+02,8.900000000000000000e+01,1.010000000000000000e+02,6.900000000000000000e+01,3.200000000000000000e+02,1.270000000000000000e+02,3.740000000000000000e+02,1.100000000000000000e+02,3.340000000000000000e+02,0.000000000000000000e+00,3.160000000000000000e+02,0.000000000000000000e+00,3.280000000000000000e+02,1.240000000000000000e+02,3.190000000000000000e+02,3.000000000000000000e+02,0.000000000000000000e+00,3.770000000000000000e+02,0.000000000000000000e+00,2.970000000000000000e+02,3.180000000000000000e+02,9.300000000000000000e+01,0.000000000000000000e+00,3.210000000000000000e+02,0.000000000000000000e+00,1.120000000000000000e+02,0.000000000000000000e+00,2.640000000000000000e+02,1.230000000000000000e+02,4.100000000000000000e+01,0.000000000000000000e+00,0.000000000000000000e+00,3.120000000000000000e+02,2.200000000000000000e+02,2.790000000000000000e+02,0.000000000000000000e+00,1.030000000000000000e+02,3.330000000000000000e+02,3.060000000000000000e+02,1.310000000000000000e+02,0.000000000000000000e+00,0.000000000000000000e+00,8.500000000000000000e+01,3.220000000000000000e+02,8.700000000000000000e+01,1.220000000000000000e+02,3.050000000000000000e+02,9.600000000000000000e+01,0.000000000000000000e+00,4.020000000000000000e+02,6.000000000000000000e+01,0.000000000000000000e+00,3.410000000000000000e+02,0.000000000000000000e+00,9.100000000000000000e+01,1.130000000000000000e+02,3.270000000000000000e+02,3.060000000000000000e+02,0.000000000000000000e+00,3.040000000000000000e+02,0.000000000000000000e+00,0.000000000000000000e+00,3.490000000000000000e+02,0.000000000000000000e+00,0.000000000000000000e+00,2.750000000000000000e+02,0.000000000000000000e+00,0.000000000000000000e+00,8.300000000000000000e+01,4.070000000000000000e+02,3.430000000000000000e+02,1.130000000000000000e+02,0.000000000000000000e+00,1.130000000000000000e+02,9.900000000000000000e+01,2.280000000000000000e+02,1.180000000000000000e+02,9.300000000000000000e+01,1.140000000000000000e+02,1.040000000000000000e+02,1.050000000000000000e+02,1.320000000000000000e+02,0.000000000000000000e+00,0.000000000000000000e+00,3.540000000000000000e+02,2.960000000000000000e+02,1.060000000000000000e+02,1.460000000000000000e+02,3.070000000000000000e+02,0.000000000000000000e+00,1.120000000000000000e+02,3.400000000000000000e+02,0.000000000000000000e+00,2.900000000000000000e+02,0.000000000000000000e+00,0.000000000000000000e+00,1.000000000000000000e+02,0.000000000000000000e+00,2.960000000000000000e+02,1.010000000000000000e+02,2.880000000000000000e+02,1.260000000000000000e+02,1.170000000000000000e+02,0.000000000000000000e+00,2.920000000000000000e+02,1.020000000000000000e+02,2.930000000000000000e+02,1.060000000000000000e+02,3.470000000000000000e+02,1.020000000000000000e+02,3.200000000000000000e+02,3.040000000000000000e+02,3.350000000000000000e+02,3.100000000000000000e+02,0.000000000000000000e+00,2.700000000000000000e+02,1.230000000000000000e+02,1.520000000000000000e+02,3.110000000000000000e+02,1.280000000000000000e+02,0.000000000000000000e+00,0.000000000000000000e+00,3.280000000000000000e+02,9.200000000000000000e+01,1.070000000000000000e+02,3.840000000000000000e+02,1.150000000000000000e+02,2.750000000000000000e+02,3.410000000000000000e+02,1.100000000000000000e+02,0.000000000000000000e+00,0.000000000000000000e+00,3.110000000000000000e+02,1.330000000000000000e+02,1.300000000000000000e+02,3.370000000000000000e+02,3.160000000000000000e+02,3.170000000000000000e+02,2.600000000000000000e+02,1.070000000000000000e+02,0.000000000000000000e+00,3.100000000000000000e+02,3.280000000000000000e+02,3.000000000000000000e+02,3.370000000000000000e+02,0.000000000000000000e+00,0.000000000000000000e+00,3.210000000000000000e+02,7.900000000000000000e+01,3.080000000000000000e+02,8.600000000000000000e+01,6.800000000000000000e+01,0.000000000000000000e+00,0.000000000000000000e+00,1.190000000000000000e+02,1.170000000000000000e+02,3.350000000000000000e+02,3.160000000000000000e+02,3.260000000000000000e+02,0.000000000000000000e+00,1.350000000000000000e+02
1.926000000000000000e+03,1.977000000000000000e+03,8.370000000000000000e+02,4.740000000000000000e+02,9.170000000000000000e+02,3.540000000000000000e+02,2.800000000000000000e+01,1.800000000000000000e+02,8.720000000000000000e+02,3.000000000000000000e+00,4.470000000000000000e+02,3.910000000000000000e+02,4.990000000000000000e+02,1.669000000000000000e+03,2.070000000000000000e+02,5.500000000000000000e+01,1.200000000000000000e+02,6.720000000000000000e+02,4.500000000000000000e+02,2.000000000000000000e+01,5.110000000000000000e+02,4.020000000000000000e+02,1.107000000000000000e+03,2.230000000000000000e+03,5.000000000000000000e+00,7.690000000000000000e+02,5.430000000000000000e+02,1.308000000000000000e+03,1.715000000000000000e+03,2.218000000000000000e+03,9.580000000000000000e+02,9.710000000000000000e+02,1.850000000000000000e+02,1.565000000000000000e+03,7.000000000000000000e+00,9.420000000000000000e+02,1.500000000000000000e+01,1.308000000000000000e+03,6.000000000000000000e+02,2.365000000000000000e+03,1.540000000000000000e+02,1.858000000000000000e+03,4.900000000000000000e+01,1.525000000000000000e+03,2.400000000000000000e+01,2.990000000000000000e+02,1.400000000000000000e+01,2.100000000000000000e+01,6.200000000000000000e+01,3.760000000000000000e+02,3.910000000000000000e+02,1.860000000000000000e+02,6.970000000000000000e+02,2.500000000000000000e+01,0.000000000000000000e+00,1.203000000000000000e+03,3.000000000000000000e+00,1.445000000000000000e+03,7.340000000000000000e+02,4.340000000000000000e+02,2.230000000000000000e+02,3.860000000000000000e+02,6.190000000000000000e+02,5.860000000000000000e+02,1.670000000000000000e+02,2.319000000000000000e+03,9.700000000000000000e+02,4.650000000000000000e+02,2.470000000000000000e+02,1.560000000000000000e+02,1.506000000000000000e+03,5.410000000000000000e+02,1.223000000000000000e+03,6.460000000000000000e+02,1.100000000000000000e+01,1.048000000000000000e+03,1.260000000000000000e+02,2.032000000000000000e+03,3.200000000000000000e+02,1.933000000000000000e+03,3.293000000000000000e+03,1.013000000000000000e+03,1.026000000000000000e+03,4.350000000000000000e+02,4.290000000000000000e+02,1.918000000000000000e+03,6.430000000000000000e+02,1.480000000000000000e+02,1.466000000000000000e+03,2.017000000000000000e+03,2.930000000000000000e+02,4.300000000000000000e+02,1.972000000000000000e+03,1.356000000000000000e+03,4.270000000000000000e+02,3.420000000000000000e+02,1.157000000000000000e+03,2.296000000000000000e+03,2.800000000000000000e+01,2.000000000000000000e+01,1.260000000000000000e+02,2.400000000000000000e+01,2.205000000000000000e+03,2.460000000000000000e+02,1.444000000000000000e+03,1.020000000000000000e+02,4.470000000000000000e+02,3.900000000000000000e+01,2.245000000000000000e+03,9.870000000000000000e+02,2.102000000000000000e+03,6.500000000000000000e+01,1.680000000000000000e+03,2.400000000000000000e+01,2.475000000000000000e+03,4.010000000000000000e+02,2.166000000000000000e+03,8.980000000000000000e+02,1.922000000000000000e+03,2.108000000000000000e+03,2.400000000000000000e+01,3.246000000000000000e+03,4.230000000000000000e+02,2.321000000000000000e+03,2.140000000000000000e+03,1.470000000000000000e+02,1.100000000000000000e+01,2.257000000000000000e+03,1.300000000000000000e+01,8.070000000000000000e+02,1.400000000000000000e+01,1.860000000000000000e+02,2.210000000000000000e+02,5.200000000000000000e+01,8.100000000000000000e+01,5.500000000000000000e+01,1.908000000000000000e+03,1.870000000000000000e+02,1.507000000000000000e+03,3.920000000000000000e+02,5.590000000000000000e+02,1.824000000000000000e+03,1.002000000000000000e+03,9.420000000000000000e+02,2.300000000000000000e+01,7.300000000000000000e+01,6.700000000000000000e+01,1.819000000000000000e+03,1.560000000000000000e+02,8.750000000000000000e+02,2.000000000000000000e+03,1.290000000000000000e+02,4.240000000000000000e+02,3.237000000000000000e+03,5.100000000000000000e+01,1.500000000000000000e+01,2.356000000000000000e+03,1.000000000000000000e+01,3.340000000000000000e+02,7.440000000000000000e+02,2.081000000000000000e+03,9.360000000000000000e+02,2.180000000000000000e+02,1.969000000000000000e+03,3.350000000000000000e+02,2.400000000000000000e+01,1.799000000000000000e+03,2.100000000000000000e+01,1.500000000000000000e+01,6.590000000000000000e+02,1.900000000000000000e+01,1.460000000000000000e+02,9.500000000000000000e+01,3.270000000000000000e+03,2.235000000000000000e+03,4.720000000000000000e+02,2.900000000000000000e+01,7.410000000000000000e+02,4.030000000000000000e+02,3.570000000000000000e+02,3.270000000000000000e+02,1.740000000000000000e+02,6.550000000000000000e+02,7.970000000000000000e+02,3.520000000000000000e+02,9.960000000000000000e+02,7.100000000000000000e+01,1.000000000000000000e+00,2.384000000000000000e+03,1.867000000000000000e+03,2.880000000000000000e+02,4.620000000000000000e+02,2.423000000000000000e+03,3.500000000000000000e+01,6.970000000000000000e+02,2.061000000000000000e+03,2.000000000000000000e+01,9.690000000000000000e+02,2.500000000000000000e+01,9.000000000000000000e+00,7.350000000000000000e+02,1.790000000000000000e+02,1.740000000000000000e+03,1.550000000000000000e+02,3.130000000000000000e+02,2.130000000000000000e+02,1.240000000000000000e+02,0.000000000000000000e+00,1.125000000000000000e+03,1.660000000000000000e+02,8.550000000000000000e+02,4.070000000000000000e+02,5.050000000000000000e+02,1.010000000000000000e+02,2.375000000000000000e+03,1.155000000000000000e+03,2.346000000000000000e+03,9.020000000000000000e+02,1.900000000000000000e+01,3.780000000000000000e+02,8.300000000000000000e+02,9.140000000000000000e+02,4.710000000000000000e+02,9.850000000000000000e+02,3.010000000000000000e+02,3.030000000000000000e+02,1.716000000000000000e+03,1.570000000000000000e+02,2.080000000000000000e+02,3.293000000000000000e+03,1.530000000000000000e+02,5.650000000000000000e+02,2.165000000000000000e+03,8.480000000000000000e+02,0.000000000000000000e+00,5.100000000000000000e+01,1.734000000000000000e+03,6.410000000000000000e+02,1.093000000000000000e+03,1.714000000000000000e+03,1.926000000000000000e+03,2.000000000000000000e+03,1.927000000000000000e+03,1.022000000000000000e+03,7.100000000000000000e+01,2.173000000000000000e+03,2.133000000000000000e+03,1.515000000000000000e+03,1.920000000000000000e+03,3.000000000000000000e+01,1.200000000000000000e+01,1.798000000000000000e+03,6.500000000000000000e+01,1.864000000000000000e+03,1.210000000000000000e+02,8.600000000000000000e+01,3.000000000000000000e+01,5.000000000000000000e+00,2.050000000000000000e+02,9.100000000000000000e+01,2.247000000000000000e+03,1.866000000000000000e+03,2.443000000000000000e+03,9.000000000000000000e+00,1.003000000000000000e+03
1.952000000000000000e+03,2.018000000000000000e+03,9.100000000000000000e+02,4.720000000000000000e+02,9.300000000000000000e+02,3.400000000000000000e+02,1.900000000000000000e+01,2.220000000000000000e+02,9.830000000000000000e+02,6.000000000000000000e+00,4.380000000000000000e+02,4.500000000000000000e+02,5.530000000000000000e+02,1.877000000000000000e+03,2.170000000000000000e+02,5.100000000000000000e+01,1.420000000000000000e+02,8.890000000000000000e+02,5.400000000000000000e+02,1.000000000000000000e+01,5.140000000000000000e+02,4.570000000000000000e+02,1.230000000000000000e+03,2.323000000000000000e+03,7.000000000000000000e+00,8.050000000000000000e+02,5.060000000000000000e+02,1.478000000000000000e+03,1.841000000000000000e+03,2.400000000000000000e+03,1.035000000000000000e+03,1.083000000000000000e+03,2.500000000000000000e+02,1.683000000000000000e+03,6.000000000000000000e+00,1.091000000000000000e+03,9.000000000000000000e+00,1.356000000000000000e+03,6.760000000000000000e+02,2.565000000000000000e+03,1.890000000000000000e+02,1.971000000000000000e+03,6.500000000000000000e+01,1.703000000000000000e+03,3.000000000000000000e+01,3.330000000000000000e+02,1.000000000000000000e+01,2.300000000000000000e+01,8.800000000000000000e+01,3.880000000000000000e+02,4.460000000000000000e+02,2.330000000000000000e+02,7.560000000000000000e+02,2.800000000000000000e+01,1.410000000000000000e+03,0.000000000000000000e+00,3.000000000000000000e+00,1.699000000000000000e+03,8.330000000000000000e+02,4.850000000000000000e+02,2.050000000000000000e+02,4.680000000000000000e+02,7.120000000000000000e+02,6.490000000000000000e+02,2.180000000000000000e+02,2.555000000000000000e+03,1.094000000000000000e+03,5.760000000000000000e+02,2.420000000000000000e+02,1.530000000000000000e+02,1.686000000000000000e+03,5.740000000000000000e+02,1.375000000000000000e+03,7.170000000000000000e+02,2.900000000000000000e+01,1.204000000000000000e+03,1.720000000000000000e+02,2.059000000000000000e+03,3.520000000000000000e+02,2.073000000000000000e+03,3.506000000000000000e+03,9.930000000000000000e+02,1.003000000000000000e+03,4.910000000000000000e+02,5.020000000000000000e+02,2.081000000000000000e+03,7.300000000000000000e+02,1.500000000000000000e+02,1.562000000000000000e+03,2.066000000000000000e+03,3.130000000000000000e+02,5.290000000000000000e+02,2.028000000000000000e+03,1.400000000000000000e+03,4.720000000000000000e+02,4.000000000000000000e+02,1.288000000000000000e+03,2.300000000000000000e+03,4.000000000000000000e+01,1.400000000000000000e+01,1.380000000000000000e+02,2.700000000000000000e+01,2.282000000000000000e+03,3.220000000000000000e+02,1.538000000000000000e+03,1.170000000000000000e+02,4.800000000000000000e+02,5.400000000000000000e+01,2.368000000000000000e+03,1.120000000000000000e+03,2.296000000000000000e+03,9.100000000000000000e+01,1.832000000000000000e+03,2.900000000000000000e+01,2.539000000000000000e+03,4.040000000000000000e+02,2.352000000000000000e+03,1.012000000000000000e+03,1.943000000000000000e+03,2.248000000000000000e+03,1.000000000000000000e+01,3.439000000000000000e+03,4.480000000000000000e+02,2.457000000000000000e+03,2.373000000000000000e+03,1.490000000000000000e+02,1.800000000000000000e+01,2.437000000000000000e+03,2.000000000000000000e+01,8.750000000000000000e+02,1.400000000000000000e+01,2.110000000000000000e+02,2.430000000000000000e+02,6.500000000000000000e+01,8.500000000000000000e+01,5.400000000000000000e+01,2.069000000000000000e+03,2.210000000000000000e+02,1.707000000000000000e+03,4.030000000000000000e+02,6.910000000000000000e+02,1.930000000000000000e+03,1.170000000000000000e+03,1.092000000000000000e+03,1.700000000000000000e+01,7.500000000000000000e+01,1.060000000000000000e+02,1.982000000000000000e+03,1.460000000000000000e+02,8.780000000000000000e+02,2.078000000000000000e+03,1.500000000000000000e+02,5.040000000000000000e+02,3.415000000000000000e+03,3.800000000000000000e+01,1.300000000000000000e+01,2.551000000000000000e+03,7.000000000000000000e+00,3.690000000000000000e+02,7.750000000000000000e+02,2.197000000000000000e+03,1.141000000000000000e+03,2.070000000000000000e+02,2.092000000000000000e+03,3.530000000000000000e+02,2.900000000000000000e+01,2.044000000000000000e+03,2.000000000000000000e+01,7.000000000000000000e+00,6.650000000000000000e+02,2.100000000000000000e+01,1.550000000000000000e+02,1.190000000000000000e+02,3.495000000000000000e+03,2.440000000000000000e+03,5.170000000000000000e+02,3.300000000000000000e+01,7.710000000000000000e+02,3.930000000000000000e+02,3.820000000000000000e+02,3.420000000000000000e+02,2.180000000000000000e+02,7.590000000000000000e+02,8.720000000000000000e+02,4.180000000000000000e+02,1.039000000000000000e+03,8.200000000000000000e+01,4.000000000000000000e+00,2.523000000000000000e+03,1.990000000000000000e+03,3.330000000000000000e+02,5.220000000000000000e+02,2.565000000000000000e+03,3.000000000000000000e+01,7.040000000000000000e+02,2.259000000000000000e+03,3.700000000000000000e+01,1.076000000000000000e+03,2.600000000000000000e+01,8.000000000000000000e+00,7.550000000000000000e+02,1.850000000000000000e+02,1.803000000000000000e+03,1.630000000000000000e+02,3.620000000000000000e+02,2.240000000000000000e+02,1.060000000000000000e+02,2.000000000000000000e+00,1.222000000000000000e+03,2.300000000000000000e+02,9.300000000000000000e+02,4.280000000000000000e+02,5.110000000000000000e+02,1.740000000000000000e+02,2.601000000000000000e+03,1.238000000000000000e+03,2.542000000000000000e+03,9.920000000000000000e+02,1.800000000000000000e+01,4.180000000000000000e+02,8.650000000000000000e+02,9.800000000000000000e+02,4.870000000000000000e+02,1.032000000000000000e+03,3.540000000000000000e+02,2.880000000000000000e+02,1.913000000000000000e+03,1.980000000000000000e+02,2.570000000000000000e+02,3.552000000000000000e+03,1.950000000000000000e+02,6.940000000000000000e+02,2.435000000000000000e+03,9.360000000000000000e+02,0.000000000000000000e+00,6.800000000000000000e+01,1.901000000000000000e+03,6.640000000000000000e+02,1.097000000000000000e+03,1.875000000000000000e+03,2.188000000000000000e+03,2.135000000000000000e+03,1.875000000000000000e+03,1.029000000000000000e+03,7.300000000000000000e+01,2.423000000000000000e+03,2.193000000000000000e+03,1.658000000000000000e+03,2.064000000000000000e+03,2.800000000000000000e+01,1.400000000000000000e+01,1.940000000000000000e+03,7.700000000000000000e+01,1.974000000000000000e+03,1.490000000000000000e+02,1.170000000000000000e+02,3.600000000000000000e+01,5.000000000000000000e+00,2.130000000000000000e+02,1.250000000000000000e+02,2.433000000000000000e+03,2.090000000000000000e+03,2.561000000000000000e+03,4.000000000000000000e+00,1.122000000000000000e+03
4.250000000000000000e+02,4.140000000000000000e+02,1.700000000000000000e+02,1.720000000000000000e+02,1.640000000000000000e+02,1.370000000000000000e+02,0.000000000000000000e+00,1.390000000000000000e+02,1.810000000000000000e+02,0.000000000000000000e+00,0.000000000000000000e+00,0.000000000000000000e+00,3.800000000000000000e+02,4.350000000000000000e+02,0.000000000000000000e+00,0.000000000000000000e+00,1.540000000000000000e+02,3.860000000000000000e+02,3.920000000000000000e+02,0.000000000000000000e+00,1.580000000000000000e+02,1.840000000000000000e+02,4.010000000000000000e+02,4.460000000000000000e+02,0.000000000000000000e+00,1.670000000000000000e+02,1.650000000000000000e+02,3.950000000000000000e+02,4.100000000000000000e+02,4.250000000000000000e+02,4.080000000000000000e+02,4.150000000000000000e+02,0.000000000000000000e+00,4.180000000000000000e+02,0.000000000000000000e+00,1.740000000000000000e+02,0.000000000000000000e+00,4.180000000000000000e+02,1.730000000000000000e+02,4.460000000000000000e+02,0.000000000000000000e+00,4.240000000000000000e+02,0.000000000000000000e+00,4.850000000000000000e+02,0.000000000000000000e+00,1.360000000000000000e+02,0.000000000000000000e+00,0.000000000000000000e+00,1.910000000000000000e+02,0.000000000000000000e+00,0.000000000000000000e+00,1.680000000000000000e+02,1.780000000000000000e+02,0.000000000000000000e+00,4.540000000000000000e+02,4.320000000000000000e+02,0.000000000000000000e+00,4.210000000000000000e+02,1.530000000000000000e+02,1.390000000000000000e+02,0.000000000000000000e+00,1.310000000000000000e+02,1.530000000000000000e+02,3.450000000000000000e+02,1.290000000000000000e+02,4.680000000000000000e+02,4.230000000000000000e+02,4.000000000000000000e+02,3.880000000000000000e+02,0.000000000000000000e+00,4.360000000000000000e+02,1.820000000000000000e+02,4.040000000000000000e+02,4.650000000000000000e+02,1.730000000000000000e+02,4.480000000000000000e+02,1.380000000000000000e+02,4.890000000000000000e+02,1.620000000000000000e+02,4.390000000000000000e+02,5.270000000000000000e+02,1.920000000000000000e+02,1.740000000000000000e+02,1.490000000000000000e+02,0.000000000000000000e+00,4.550000000000000000e+02,4.030000000000000000e+02,1.660000000000000000e+02,4.400000000000000000e+02,4.840000000000000000e+02,1.580000000000000000e+02,1.580000000000000000e+02,4.240000000000000000e+02,4.330000000000000000e+02,1.520000000000000000e+02,0.000000000000000000e+00,4.280000000000000000e+02,4.120000000000000000e+02,0.000000000000000000e+00,0.000000000000000000e+00,1.630000000000000000e+02,0.000000000000000000e+00,4.560000000000000000e+02,1.500000000000000000e+02,4.110000000000000000e+02,1.540000000000000000e+02,1.380000000000000000e+02,1.230000000000000000e+02,4.990000000000000000e+02,1.740000000000000000e+02,4.930000000000000000e+02,1.780000000000000000e+02,4.240000000000000000e+02,0.000000000000000000e+00,4.380000000000000000e+02,0.000000000000000000e+00,4.410000000000000000e+02,1.890000000000000000e+02,4.640000000000000000e+02,4.180000000000000000e+02,0.000000000000000000e+00,5.020000000000000000e+02,0.000000000000000000e+00,4.730000000000000000e+02,4.430000000000000000e+02,1.420000000000000000e+02,0.000000000000000000e+00,4.540000000000000000e+02,0.000000000000000000e+00,1.700000000000000000e+02,0.000000000000000000e+00,3.270000000000000000e+02,1.420000000000000000e+02,1.240000000000000000e+02,0.000000000000000000e+00,0.000000000000000000e+00,4.250000000000000000e+02,3.360000000000000000e+02,3.930000000000000000e+02,0.000000000000000000e+00,1.690000000000000000e+02,4.750000000000000000e+02,4.510000000000000000e+02,1.860000000000000000e+02,0.000000000000000000e+00,0.000000000000000000e+00,1.240000000000000000e+02,4.530000000000000000e+02,1.440000000000000000e+02,1.680000000000000000e+02,4.640000000000000000e+02,1.510000000000000000e+02,0.000000000000000000e+00,5.320000000000000000e+02,1.220000000000000000e+02,0.000000000000000000e+00,4.340000000000000000e+02,0.000000000000000000e+00,1.450000000000000000e+02,1.650000000000000000e+02,4.250000000000000000e+02,4.270000000000000000e+02,0.000000000000000000e+00,4.400000000000000000e+02,0.000000000000000000e+00,0.000000000000000000e+00,4.380000000000000000e+02,0.000000000000000000e+00,0.000000000000000000e+00,4.170000000000000000e+02,0.000000000000000000e+00,0.000000000000000000e+00,1.430000000000000000e+02,5.470000000000000000e+02,4.420000000000000000e+02,1.350000000000000000e+02,0.000000000000000000e+00,1.880000000000000000e+02,1.540000000000000000e+02,3.730000000000000000e+02,1.600000000000000000e+02,1.180000000000000000e+02,1.690000000000000000e+02,1.730000000000000000e+02,1.430000000000000000e+02,1.700000000000000000e+02,0.000000000000000000e+00,0.000000000000000000e+00,4.540000000000000000e+02,4.400000000000000000e+02,1.580000000000000000e+02,1.720000000000000000e+02,4.220000000000000000e+02,0.000000000000000000e+00,1.710000000000000000e+02,4.640000000000000000e+02,0.000000000000000000e+00,4.380000000000000000e+02,0.000000000000000000e+00,0.000000000000000000e+00,1.470000000000000000e+02,0.000000000000000000e+00,4.480000000000000000e+02,1.370000000000000000e+02,3.630000000000000000e+02,1.500000000000000000e+02,1.780000000000000000e+02,0.000000000000000000e+00,4.330000000000000000e+02,1.570000000000000000e+02,3.910000000000000000e+02,1.380000000000000000e+02,3.970000000000000000e+02,1.510000000000000000e+02,4.420000000000000000e+02,4.440000000000000000e+02,4.180000000000000000e+02,4.170000000000000000e+02,0.000000000000000000e+00,3.770000000000000000e+02,1.690000000000000000e+02,1.690000000000000000e+02,3.560000000000000000e+02,1.940000000000000000e+02,0.000000000000000000e+00,0.000000000000000000e+00,4.120000000000000000e+02,1.690000000000000000e+02,1.520000000000000000e+02,5.000000000000000000e+02,1.610000000000000000e+02,4.250000000000000000e+02,4.320000000000000000e+02,1.840000000000000000e+02,0.000000000000000000e+00,0.000000000000000000e+00,4.230000000000000000e+02,1.450000000000000000e+02,1.860000000000000000e+02,4.320000000000000000e+02,4.680000000000000000e+02,4.610000000000000000e+02,3.940000000000000000e+02,2.170000000000000000e+02,0.000000000000000000e+00,4.440000000000000000e+02,4.170000000000000000e+02,4.100000000000000000e+02,4.540000000000000000e+02,0.000000000000000000e+00,0.000000000000000000e+00,4.460000000000000000e+02,1.200000000000000000e+02,4.190000000000000000e+02,1.350000000000000000e+02,1.300000000000000000e+02,0.000000000000000000e+00,0.000000000000000000e+00,1.460000000000000000e+02,1.300000000000000000e+02,3.960000000000000000e+02,4.450000000000000000e+02,4.560000000000000000e+02,0.000000000000000000e+00,1.910000000000000000e+02
2.123000000000000000e+03,2.014000000000000000e+03,1.000000000000000000e+03,5.190000000000000000e+02,7.870000000000000000e+02,4.130000000000000000e+02,1.700000000000000000e+01,1.790000000000000000e+02,1.026000000000000000e+03,2.000000000000000000e+00,5.070000000000000000e+02,4.620000000000000000e+02,4.990000000000000000e+02,2.118000000000000000e+03,2.260000000000000000e+02,5.500000000000000000e+01,1.470000000000000000e+02,1.098000000000000000e+03,8.660000000000000000e+02,1.900000000000000000e+01,5.370000000000000000e+02,4.600000000000000000e+02,1.301000000000000000e+03,2.203000000000000000e+03,1.000000000000000000e+00,9.550000000000000000e+02,5.960000000000000000e+02,1.489000000000000000e+03,2.236000000000000000e+03,2.599000000000000000e+03,1.003000000000000000e+03,1.114000000000000000e+03,2.590000000000000000e+02,1.618000000000000000e+03,1.200000000000000000e+01,1.158000000000000000e+03,1.800000000000000000e+01,1.448000000000000000e+03,7.080000000000000000e+02,2.619000000000000000e+03,2.230000000000000000e+02,2.113000000000000000e+03,7.000000000000000000e+01,1.618000000000000000e+03,9.000000000000000000e+00,3.330000000000000000e+02,9.000000000000000000e+00,0.000000000000000000e+00,1.470000000000000000e+02,4.230000000000000000e+02,4.940000000000000000e+02,2.000000000000000000e+02,9.050000000000000000e+02,2.100000000000000000e+01,1.554000000000000000e+03,1.557000000000000000e+03,2.000000000000000000e+01,0.000000000000000000e+00,8.550000000000000000e+02,4.970000000000000000e+02,2.740000000000000000e+02,4.230000000000000000e+02,6.780000000000000000e+02,6.300000000000000000e+02,1.820000000000000000e+02,2.337000000000000000e+03,9.850000000000000000e+02,6.900000000000000000e+02,2.280000000000000000e+02,1.680000000000000000e+02,1.714000000000000000e+03,6.490000000000000000e+02,1.284000000000000000e+03,1.133000000000000000e+03,8.000000000000000000e+01,1.216000000000000000e+03,6.400000000000000000e+01,2.295000000000000000e+03,3.490000000000000000e+02,2.394000000000000000e+03,3.653000000000000000e+03,1.125000000000000000e+03,1.171000000000000000e+03,5.090000000000000000e+02,4.620000000000000000e+02,2.247000000000000000e+03,6.680000000000000000e+02,1.230000000000000000e+02,1.593000000000000000e+03,2.687000000000000000e+03,3.510000000000000000e+02,5.540000000000000000e+02,2.629000000000000000e+03,1.451000000000000000e+03,4.680000000000000000e+02,3.850000000000000000e+02,1.271000000000000000e+03,2.483000000000000000e+03,2.300000000000000000e+01,1.700000000000000000e+01,2.900000000000000000e+01,1.000000000000000000e+00,2.591000000000000000e+03,3.440000000000000000e+02,1.652000000000000000e+03,9.200000000000000000e+01,4.440000000000000000e+02,4.400000000000000000e+01,2.575000000000000000e+03,1.190000000000000000e+03,2.068000000000000000e+03,1.950000000000000000e+02,2.066000000000000000e+03,2.300000000000000000e+01,2.230000000000000000e+03,4.930000000000000000e+02,2.290000000000000000e+03,1.053000000000000000e+03,2.116000000000000000e+03,2.455000000000000000e+03,1.000000000000000000e+00,3.753000000000000000e+03,5.420000000000000000e+02,2.553000000000000000e+03,2.510000000000000000e+03,1.160000000000000000e+02,1.000000000000000000e+01,2.506000000000000000e+03,1.300000000000000000e+01,8.940000000000000000e+02,1.500000000000000000e+01,5.300000000000000000e+01,2.510000000000000000e+02,4.000000000000000000e+01,6.100000000000000000e+01,5.700000000000000000e+01,2.032000000000000000e+03,2.190000000000000000e+02,1.879000000000000000e+03,4.120000000000000000e+02,6.840000000000000000e+02,2.164000000000000000e+03,1.229000000000000000e+03,1.090000000000000000e+03,2.400000000000000000e+01,8.400000000000000000e+01,7.700000000000000000e+01,2.174000000000000000e+03,1.100000000000000000e+02,9.590000000000000000e+02,2.321000000000000000e+03,2.230000000000000000e+02,4.350000000000000000e+02,3.757000000000000000e+03,2.000000000000000000e+00,3.900000000000000000e+01,2.758000000000000000e+03,4.000000000000000000e+00,3.300000000000000000e+02,8.380000000000000000e+02,2.410000000000000000e+03,1.464000000000000000e+03,1.990000000000000000e+02,2.218000000000000000e+03,2.540000000000000000e+02,1.300000000000000000e+01,2.103000000000000000e+03,2.500000000000000000e+01,2.600000000000000000e+01,6.720000000000000000e+02,1.900000000000000000e+01,1.570000000000000000e+02,1.700000000000000000e+01,3.644000000000000000e+03,2.536000000000000000e+03,4.880000000000000000e+02,1.700000000000000000e+01,7.190000000000000000e+02,5.140000000000000000e+02,3.460000000000000000e+02,2.190000000000000000e+02,7.100000000000000000e+01,8.130000000000000000e+02,9.260000000000000000e+02,3.530000000000000000e+02,1.157000000000000000e+03,5.500000000000000000e+01,3.000000000000000000e+00,2.567000000000000000e+03,2.134000000000000000e+03,2.060000000000000000e+02,5.500000000000000000e+02,2.815000000000000000e+03,5.000000000000000000e+01,7.910000000000000000e+02,2.432000000000000000e+03,2.400000000000000000e+01,1.192000000000000000e+03,2.300000000000000000e+01,9.000000000000000000e+00,7.900000000000000000e+02,2.050000000000000000e+02,2.028000000000000000e+03,1.280000000000000000e+02,3.280000000000000000e+02,2.080000000000000000e+02,1.810000000000000000e+02,1.000000000000000000e+00,9.030000000000000000e+02,2.820000000000000000e+02,3.560000000000000000e+02,5.180000000000000000e+02,5.340000000000000000e+02,2.380000000000000000e+02,2.783000000000000000e+03,1.398000000000000000e+03,2.370000000000000000e+03,8.980000000000000000e+02,1.700000000000000000e+01,3.890000000000000000e+02,1.092000000000000000e+03,1.050000000000000000e+03,1.670000000000000000e+02,1.218000000000000000e+03,3.580000000000000000e+02,3.340000000000000000e+02,2.057000000000000000e+03,2.590000000000000000e+02,2.110000000000000000e+02,3.732000000000000000e+03,2.130000000000000000e+02,6.250000000000000000e+02,2.487000000000000000e+03,9.740000000000000000e+02,4.000000000000000000e+00,5.800000000000000000e+01,1.975000000000000000e+03,6.930000000000000000e+02,1.079000000000000000e+03,1.835000000000000000e+03,2.633000000000000000e+03,2.289000000000000000e+03,2.054000000000000000e+03,1.149000000000000000e+03,8.700000000000000000e+01,2.535000000000000000e+03,2.465000000000000000e+03,1.867000000000000000e+03,2.445000000000000000e+03,2.600000000000000000e+01,1.900000000000000000e+01,1.872000000000000000e+03,2.200000000000000000e+01,2.223000000000000000e+03,1.330000000000000000e+02,9.300000000000000000e+01,1.700000000000000000e+01,8.000000000000000000e+00,2.160000000000000000e+02,6.900000000000000000e+01,2.284000000000000000e+03,2.562000000000000000e+03,2.856000000000000000e+03,2.300000000000000000e+01,1.136000000000000000e+03
2.850000000000000000e+02,3.350000000000000000e+02,9.400000000000000000e+01,5.200000000000000000e+01,7.100000000000000000e+01,3.600000000000000000e+01,3.000000000000000000e+00,1.400000000000000000e+01,9.600000000000000000e+01,1.000000000000000000e+00,8.300000000000000000e+01,7.000000000000000000e+01,6.900000000000000000e+01,3.160000000000000000e+02,4.300000000000000000e+01,1.300000000000000000e+01,1.800000000000000000e+01,1.650000000000000000e+02,1.290000000000000000e+02,0.000000000000000000e+00,4.200000000000000000e+01,3.400000000000000000e+01,1.480000000000000000e+02,4.000000000000000000e+02,2.000000000000000000e+00,8.900000000000000000e+01,4.300000000000000000e+01,1.790000000000000000e+02,3.930000000000000000e+02,5.560000000000000000e+02,1.150000000000000000e+02,1.490000000000000000e+02,3.800000000000000000e+01,2.350000000000000000e+02,5.000000000000000000e+00,1.880000000000000000e+02,2.000000000000000000e+00,1.960000000000000000e+02,7.000000000000000000e+01,4.980000000000000000e+02,1.900000000000000000e+01,3.020000000000000000e+02,1.600000000000000000e+01,2.340000000000000000e+02,2.000000000000000000e+00,3.300000000000000000e+01,0.000000000000000000e+00,0.000000000000000000e+00,1.600000000000000000e+01,4.500000000000000000e+01,8.000000000000000000e+01,2.300000000000000000e+01,6.900000000000000000e+01,1.000000000000000000e+00,2.110000000000000000e+02,1.990000000000000000e+02,4.000000000000000000e+00,2.340000000000000000e+02,0.000000000000000000e+00,4.600000000000000000e+01,2.500000000000000000e+01,3.300000000000000000e+01,5.500000000000000000e+01,1.050000000000000000e+02,1.800000000000000000e+01,4.450000000000000000e+02,1.400000000000000000e+02,9.900000000000000000e+01,3.400000000000000000e+01,2.800000000000000000e+01,2.570000000000000000e+02,5.900000000000000000e+01,2.050000000000000000e+02,1.270000000000000000e+02,8.000000000000000000e+00,1.630000000000000000e+02,1.500000000000000000e+01,3.840000000000000000e+02,3.000000000000000000e+01,5.280000000000000000e+02,7.220000000000000000e+02,1.470000000000000000e+02,1.820000000000000000e+02,5.400000000000000000e+01,7.200000000000000000e+01,3.300000000000000000e+02,1.030000000000000000e+02,2.200000000000000000e+01,2.020000000000000000e+02,4.410000000000000000e+02,2.400000000000000000e+01,4.700000000000000000e+01,4.340000000000000000e+02,1.890000000000000000e+02,4.100000000000000000e+01,5.400000000000000000e+01,1.490000000000000000e+02,4.260000000000000000e+02,3.000000000000000000e+00,3.000000000000000000e+00,1.700000000000000000e+01,2.000000000000000000e+00,3.970000000000000000e+02,1.200000000000000000e+01,2.340000000000000000e+02,1.600000000000000000e+01,3.400000000000000000e+01,9.000000000000000000e+00,4.240000000000000000e+02,1.920000000000000000e+02,4.270000000000000000e+02,1.800000000000000000e+01,2.980000000000000000e+02,6.000000000000000000e+00,4.660000000000000000e+02,7.800000000000000000e+01,3.620000000000000000e+02,9.200000000000000000e+01,3.120000000000000000e+02,3.900000000000000000e+02,5.000000000000000000e+00,7.310000000000000000e+02,8.700000000000000000e+01,4.650000000000000000e+02,4.350000000000000000e+02,1.700000000000000000e+01,2.000000000000000000e+00,4.570000000000000000e+02,2.000000000000000000e+00,9.800000000000000000e+01,0.000000000000000000e+00,4.000000000000000000e+01,1.600000000000000000e+01,1.000000000000000000e+00,1.000000000000000000e+01,5.000000000000000000e+00,3.150000000000000000e+02,4.700000000000000000e+01,2.300000000000000000e+02,7.200000000000000000e+01,6.600000000000000000e+01,3.230000000000000000e+02,1.720000000000000000e+02,1.820000000000000000e+02,5.000000000000000000e+00,1.100000000000000000e+01,5.000000000000000000e+00,3.150000000000000000e+02,1.200000000000000000e+01,1.080000000000000000e+02,3.580000000000000000e+02,2.600000000000000000e+01,7.800000000000000000e+01,8.250000000000000000e+02,9.000000000000000000e+00,7.000000000000000000e+00,4.830000000000000000e+02,2.000000000000000000e+00,2.200000000000000000e+01,6.900000000000000000e+01,3.670000000000000000e+02,1.750000000000000000e+02,4.700000000000000000e+01,3.740000000000000000e+02,4.000000000000000000e+01,6.000000000000000000e+00,3.050000000000000000e+02,1.000000000000000000e+00,3.000000000000000000e+00,1.000000000000000000e+02,1.000000000000000000e+00,1.500000000000000000e+01,1.700000000000000000e+01,7.710000000000000000e+02,4.380000000000000000e+02,6.300000000000000000e+01,3.000000000000000000e+00,6.400000000000000000e+01,4.900000000000000000e+01,6.300000000000000000e+01,2.000000000000000000e+01,2.300000000000000000e+01,6.600000000000000000e+01,9.100000000000000000e+01,3.600000000000000000e+01,1.280000000000000000e+02,7.000000000000000000e+00,1.000000000000000000e+00,4.720000000000000000e+02,3.310000000000000000e+02,3.600000000000000000e+01,4.700000000000000000e+01,5.520000000000000000e+02,7.000000000000000000e+00,6.300000000000000000e+01,3.650000000000000000e+02,3.000000000000000000e+00,1.570000000000000000e+02,2.000000000000000000e+00,2.000000000000000000e+00,6.800000000000000000e+01,4.100000000000000000e+01,2.930000000000000000e+02,1.300000000000000000e+01,3.600000000000000000e+01,1.000000000000000000e+01,1.800000000000000000e+01,2.000000000000000000e+00,1.720000000000000000e+02,2.300000000000000000e+01,1.270000000000000000e+02,4.100000000000000000e+01,1.050000000000000000e+02,1.600000000000000000e+01,5.780000000000000000e+02,2.310000000000000000e+02,4.730000000000000000e+02,9.800000000000000000e+01,2.000000000000000000e+00,8.600000000000000000e+01,8.900000000000000000e+01,1.820000000000000000e+02,6.600000000000000000e+01,1.600000000000000000e+02,4.300000000000000000e+01,2.700000000000000000e+01,3.210000000000000000e+02,1.900000000000000000e+01,1.600000000000000000e+01,7.600000000000000000e+02,2.300000000000000000e+01,1.030000000000000000e+02,4.320000000000000000e+02,1.340000000000000000e+02,1.000000000000000000e+00,1.100000000000000000e+01,2.920000000000000000e+02,5.100000000000000000e+01,1.790000000000000000e+02,2.320000000000000000e+02,4.600000000000000000e+02,4.080000000000000000e+02,2.850000000000000000e+02,1.810000000000000000e+02,7.000000000000000000e+00,4.740000000000000000e+02,4.010000000000000000e+02,2.560000000000000000e+02,3.850000000000000000e+02,2.000000000000000000e+00,6.000000000000000000e+00,2.900000000000000000e+02,8.000000000000000000e+00,2.860000000000000000e+02,1.600000000000000000e+01,8.000000000000000000e+00,1.000000000000000000e+00,0.000000000000000000e+00,1.000000000000000000e+01,4.000000000000000000e+00,4.650000000000000000e+02,4.440000000000000000e+02,5.070000000000000000e+02,3.000000000000000000e+00,1.810000000000000000e+02
9.580000000000000000e+02,1.099000000000000000e+03,3.110000000000000000e+02,1.990000000000000000e+02,2.430000000000000000e+02,1.420000000000000000e+02,3.700000000000000000e+01,1.150000000000000000e+02,3.010000000000000000e+02,7.000000000000000000e+00,2.370000000000000000e+02,2.240000000000000000e+02,4.260000000000000000e+02,1.055000000000000000e+03,1.080000000000000000e+02,4.400000000000000000e+01,1.130000000000000000e+02,7.390000000000000000e+02,5.680000000000000000e+02,6.000000000000000000e+00,1.840000000000000000e+02,1.550000000000000000e+02,8.200000000000000000e+02,1.111000000000000000e+03,1.000000000000000000e+01,3.160000000000000000e+02,2.090000000000000000e+02,9.380000000000000000e+02,1.072000000000000000e+03,1.225000000000000000e+03,6.460000000000000000e+02,7.420000000000000000e+02,1.460000000000000000e+02,8.670000000000000000e+02,9.000000000000000000e+00,4.840000000000000000e+02,2.400000000000000000e+01,8.990000000000000000e+02,2.290000000000000000e+02,1.440000000000000000e+03,1.080000000000000000e+02,1.144000000000000000e+03,7.700000000000000000e+01,9.250000000000000000e+02,1.700000000000000000e+01,1.480000000000000000e+02,4.000000000000000000e+00,2.400000000000000000e+01,9.300000000000000000e+01,2.100000000000000000e+02,2.080000000000000000e+02,1.180000000000000000e+02,2.350000000000000000e+02,1.600000000000000000e+01,8.010000000000000000e+02,8.390000000000000000e+02,2.100000000000000000e+01,7.680000000000000000e+02,2.730000000000000000e+02,0.000000000000000000e+00,1.420000000000000000e+02,2.020000000000000000e+02,2.240000000000000000e+02,5.620000000000000000e+02,9.200000000000000000e+01,1.308000000000000000e+03,6.690000000000000000e+02,5.420000000000000000e+02,2.410000000000000000e+02,1.310000000000000000e+02,1.000000000000000000e+03,2.640000000000000000e+02,7.330000000000000000e+02,6.900000000000000000e+02,6.800000000000000000e+01,7.220000000000000000e+02,1.050000000000000000e+02,1.091000000000000000e+03,1.690000000000000000e+02,1.129000000000000000e+03,1.755000000000000000e+03,4.550000000000000000e+02,5.060000000000000000e+02,1.730000000000000000e+02,2.180000000000000000e+02,1.003000000000000000e+03,5.590000000000000000e+02,1.170000000000000000e+02,8.450000000000000000e+02,1.225000000000000000e+03,1.470000000000000000e+02,2.330000000000000000e+02,1.192000000000000000e+03,9.500000000000000000e+02,1.830000000000000000e+02,1.830000000000000000e+02,8.180000000000000000e+02,1.260000000000000000e+03,3.300000000000000000e+01,4.000000000000000000e+00,9.900000000000000000e+01,2.900000000000000000e+01,1.254000000000000000e+03,1.630000000000000000e+02,9.280000000000000000e+02,9.800000000000000000e+01,1.750000000000000000e+02,4.600000000000000000e+01,1.277000000000000000e+03,5.270000000000000000e+02,1.150000000000000000e+03,1.170000000000000000e+02,1.021000000000000000e+03,1.100000000000000000e+01,1.252000000000000000e+03,1.760000000000000000e+02,1.215000000000000000e+03,3.400000000000000000e+02,1.052000000000000000e+03,1.069000000000000000e+03,1.500000000000000000e+01,1.735000000000000000e+03,2.060000000000000000e+02,1.231000000000000000e+03,1.174000000000000000e+03,1.040000000000000000e+02,3.000000000000000000e+00,1.242000000000000000e+03,2.100000000000000000e+01,2.790000000000000000e+02,2.100000000000000000e+01,2.470000000000000000e+02,1.500000000000000000e+02,4.200000000000000000e+01,6.100000000000000000e+01,2.600000000000000000e+01,1.017000000000000000e+03,2.450000000000000000e+02,8.740000000000000000e+02,2.120000000000000000e+02,2.380000000000000000e+02,1.100000000000000000e+03,7.470000000000000000e+02,5.250000000000000000e+02,3.600000000000000000e+01,7.800000000000000000e+01,8.700000000000000000e+01,9.910000000000000000e+02,9.700000000000000000e+01,3.200000000000000000e+02,1.050000000000000000e+03,1.180000000000000000e+02,2.270000000000000000e+02,1.742000000000000000e+03,3.100000000000000000e+01,4.500000000000000000e+01,1.267000000000000000e+03,3.000000000000000000e+00,1.560000000000000000e+02,2.550000000000000000e+02,1.168000000000000000e+03,8.480000000000000000e+02,9.800000000000000000e+01,1.124000000000000000e+03,1.250000000000000000e+02,3.500000000000000000e+01,1.013000000000000000e+03,3.000000000000000000e+00,3.600000000000000000e+01,5.420000000000000000e+02,8.000000000000000000e+00,1.000000000000000000e+02,9.100000000000000000e+01,1.761000000000000000e+03,1.276000000000000000e+03,2.110000000000000000e+02,2.200000000000000000e+01,2.070000000000000000e+02,2.180000000000000000e+02,3.310000000000000000e+02,1.600000000000000000e+02,1.160000000000000000e+02,2.490000000000000000e+02,2.830000000000000000e+02,1.730000000000000000e+02,3.250000000000000000e+02,5.100000000000000000e+01,4.000000000000000000e+00,1.251000000000000000e+03,1.021000000000000000e+03,1.380000000000000000e+02,1.880000000000000000e+02,1.409000000000000000e+03,3.200000000000000000e+01,2.830000000000000000e+02,1.176000000000000000e+03,3.400000000000000000e+01,7.250000000000000000e+02,1.900000000000000000e+01,7.000000000000000000e+00,2.710000000000000000e+02,7.600000000000000000e+01,9.490000000000000000e+02,1.080000000000000000e+02,3.660000000000000000e+02,1.150000000000000000e+02,1.130000000000000000e+02,2.000000000000000000e+00,7.300000000000000000e+02,1.200000000000000000e+02,6.150000000000000000e+02,1.870000000000000000e+02,6.160000000000000000e+02,1.050000000000000000e+02,1.463000000000000000e+03,8.320000000000000000e+02,1.250000000000000000e+03,6.440000000000000000e+02,1.100000000000000000e+01,4.200000000000000000e+02,2.850000000000000000e+02,4.360000000000000000e+02,4.610000000000000000e+02,4.900000000000000000e+02,1.520000000000000000e+02,1.550000000000000000e+02,1.032000000000000000e+03,1.230000000000000000e+02,1.330000000000000000e+02,1.706000000000000000e+03,1.320000000000000000e+02,5.300000000000000000e+02,1.217000000000000000e+03,3.310000000000000000e+02,7.000000000000000000e+00,3.300000000000000000e+01,1.028000000000000000e+03,2.730000000000000000e+02,5.860000000000000000e+02,1.032000000000000000e+03,1.260000000000000000e+03,1.153000000000000000e+03,9.930000000000000000e+02,4.850000000000000000e+02,7.400000000000000000e+01,1.277000000000000000e+03,1.115000000000000000e+03,8.870000000000000000e+02,1.148000000000000000e+03,7.000000000000000000e+00,2.400000000000000000e+01,1.045000000000000000e+03,5.100000000000000000e+01,1.105000000000000000e+03,7.100000000000000000e+01,4.100000000000000000e+01,3.200000000000000000e+01,1.000000000000000000e+00,1.260000000000000000e+02,5.800000000000000000e+01,1.248000000000000000e+03,1.215000000000000000e+03,1.409000000000000000e+03,2.200000000000000000e+01,5.000000000000000000e+02
5.730000000000000000e+02,5.590000000000000000e+02,2.270000000000000000e+02,1.250000000000000000e+02,2.070000000000000000e+02,1.410000000000000000e+02,0.000000000000000000e+00,7.200000000000000000e+01,2.650000000000000000e+02,0.000000000000000000e+00,0.000000000000000000e+00,0.000000000000000000e+00,1.840000000000000000e+02,5.200000000000000000e+02,0.000000000000000000e+00,0.000000000000000000e+00,6.800000000000000000e+01,3.510000000000000000e+02,3.100000000000000000e+02,0.000000000000000000e+00,1.620000000000000000e+02,1.470000000000000000e+02,3.920000000000000000e+02,6.060000000000000000e+02,0.000000000000000000e+00,2.360000000000000000e+02,1.720000000000000000e+02,4.390000000000000000e+02,6.000000000000000000e+02,6.270000000000000000e+02,3.210000000000000000e+02,3.410000000000000000e+02,0.000000000000000000e+00,4.860000000000000000e+02,0.000000000000000000e+00,2.600000000000000000e+02,0.000000000000000000e+00,4.120000000000000000e+02,1.740000000000000000e+02,6.620000000000000000e+02,0.000000000000000000e+00,5.730000000000000000e+02,0.000000000000000000e+00,4.930000000000000000e+02,0.000000000000000000e+00,9.500000000000000000e+01,0.000000000000000000e+00,0.000000000000000000e+00,4.200000000000000000e+01,0.000000000000000000e+00,0.000000000000000000e+00,9.900000000000000000e+01,2.060000000000000000e+02,0.000000000000000000e+00,4.410000000000000000e+02,4.390000000000000000e+02,0.000000000000000000e+00,4.620000000000000000e+02,2.350000000000000000e+02,1.170000000000000000e+02,0.000000000000000000e+00,1.370000000000000000e+02,2.020000000000000000e+02,1.810000000000000000e+02,6.400000000000000000e+01,6.550000000000000000e+02,3.310000000000000000e+02,2.460000000000000000e+02,9.100000000000000000e+01,0.000000000000000000e+00,4.720000000000000000e+02,1.660000000000000000e+02,4.180000000000000000e+02,3.300000000000000000e+02,2.900000000000000000e+01,4.140000000000000000e+02,5.600000000000000000e+01,6.990000000000000000e+02,1.110000000000000000e+02,6.500000000000000000e+02,7.420000000000000000e+02,2.600000000000000000e+02,2.660000000000000000e+02,1.740000000000000000e+02,0.000000000000000000e+00,5.790000000000000000e+02,2.370000000000000000e+02,7.600000000000000000e+01,4.070000000000000000e+02,6.350000000000000000e+02,7.900000000000000000e+01,1.380000000000000000e+02,6.160000000000000000e+02,4.340000000000000000e+02,1.290000000000000000e+02,0.000000000000000000e+00,4.140000000000000000e+02,6.860000000000000000e+02,0.000000000000000000e+00,0.000000000000000000e+00,4.700000000000000000e+01,0.000000000000000000e+00,6.210000000000000000e+02,1.140000000000000000e+02,4.620000000000000000e+02,5.200000000000000000e+01,1.060000000000000000e+02,2.100000000000000000e+01,6.330000000000000000e+02,2.810000000000000000e+02,6.490000000000000000e+02,6.900000000000000000e+01,5.820000000000000000e+02,0.000000000000000000e+00,6.060000000000000000e+02,0.000000000000000000e+00,6.420000000000000000e+02,2.330000000000000000e+02,5.970000000000000000e+02,6.320000000000000000e+02,0.000000000000000000e+00,7.620000000000000000e+02,0.000000000000000000e+00,6.490000000000000000e+02,6.180000000000000000e+02,4.900000000000000000e+01,0.000000000000000000e+00,6.040000000000000000e+02,0.000000000000000000e+00,2.160000000000000000e+02,0.000000000000000000e+00,9.900000000000000000e+01,7.000000000000000000e+01,1.800000000000000000e+01,0.000000000000000000e+00,0.000000000000000000e+00,6.260000000000000000e+02,8.700000000000000000e+01,4.930000000000000000e+02,0.000000000000000000e+00,1.790000000000000000e+02,6.600000000000000000e+02,4.510000000000000000e+02,2.330000000000000000e+02,0.000000000000000000e+00,0.000000000000000000e+00,3.300000000000000000e+01,5.700000000000000000e+02,6.600000000000000000e+01,2.640000000000000000e+02,5.950000000000000000e+02,7.800000000000000000e+01,0.000000000000000000e+00,7.380000000000000000e+02,2.300000000000000000e+01,0.000000000000000000e+00,6.040000000000000000e+02,0.000000000000000000e+00,1.260000000000000000e+02,2.160000000000000000e+02,6.080000000000000000e+02,4.230000000000000000e+02,0.000000000000000000e+00,5.980000000000000000e+02,0.000000000000000000e+00,0.000000000000000000e+00,5.710000000000000000e+02,0.000000000000000000e+00,0.000000000000000000e+00,2.240000000000000000e+02,0.000000000000000000e+00,0.000000000000000000e+00,5.300000000000000000e+01,7.900000000000000000e+02,6.180000000000000000e+02,1.450000000000000000e+02,0.000000000000000000e+00,1.740000000000000000e+02,1.230000000000000000e+02,1.230000000000000000e+02,1.230000000000000000e+02,7.100000000000000000e+01,1.910000000000000000e+02,2.400000000000000000e+02,1.020000000000000000e+02,2.150000000000000000e+02,0.000000000000000000e+00,0.000000000000000000e+00,6.090000000000000000e+02,5.460000000000000000e+02,1.050000000000000000e+02,1.770000000000000000e+02,6.150000000000000000e+02,0.000000000000000000e+00,2.100000000000000000e+02,5.800000000000000000e+02,0.000000000000000000e+00,3.800000000000000000e+02,0.000000000000000000e+00,0.000000000000000000e+00,1.780000000000000000e+02,0.000000000000000000e+00,5.360000000000000000e+02,3.400000000000000000e+01,1.330000000000000000e+02,6.600000000000000000e+01,7.900000000000000000e+01,0.000000000000000000e+00,3.550000000000000000e+02,9.400000000000000000e+01,2.730000000000000000e+02,1.130000000000000000e+02,2.590000000000000000e+02,6.500000000000000000e+01,6.420000000000000000e+02,4.240000000000000000e+02,6.130000000000000000e+02,3.210000000000000000e+02,0.000000000000000000e+00,1.620000000000000000e+02,2.270000000000000000e+02,2.430000000000000000e+02,1.760000000000000000e+02,2.380000000000000000e+02,0.000000000000000000e+00,0.000000000000000000e+00,5.640000000000000000e+02,9.800000000000000000e+01,9.000000000000000000e+01,7.240000000000000000e+02,6.800000000000000000e+01,2.430000000000000000e+02,6.060000000000000000e+02,2.560000000000000000e+02,0.000000000000000000e+00,0.000000000000000000e+00,5.210000000000000000e+02,2.080000000000000000e+02,2.570000000000000000e+02,5.260000000000000000e+02,6.290000000000000000e+02,5.950000000000000000e+02,5.240000000000000000e+02,2.330000000000000000e+02,0.000000000000000000e+00,6.460000000000000000e+02,6.000000000000000000e+02,4.550000000000000000e+02,5.720000000000000000e+02,0.000000000000000000e+00,0.000000000000000000e+00,5.320000000000000000e+02,3.700000000000000000e+01,5.670000000000000000e+02,4.400000000000000000e+01,3.500000000000000000e+01,0.000000000000000000e+00,0.000000000000000000e+00,5.100000000000000000e+01,4.200000000000000000e+01,6.080000000000000000e+02,5.850000000000000000e+02,6.500000000000000000e+02,0.000000000000000000e+00,2.760000000000000000e+02
7.550000000000000000e+02,8.630000000000000000e+02,2.560000000000000000e+02,1.490000000000000000e+02,1.840000000000000000e+02,1.090000000000000000e+02,1.100000000000000000e+01,9.400000000000000000e+01,2.070000000000000000e+02,4.000000000000000000e+00,1.520000000000000000e+02,1.560000000000000000e+02,3.510000000000000000e+02,7.850000000000000000e+02,7.700000000000000000e+01,2.500000000000000000e+01,8.100000000000000000e+01,5.170000000000000000e+02,4.480000000000000000e+02,2.000000000000000000e+00,1.470000000000000000e+02,1.320000000000000000e+02,7.250000000000000000e+02,8.820000000000000000e+02,2.000000000000000000e+00,1.680000000000000000e+02,1.490000000000000000e+02,6.130000000000000000e+02,7.990000000000000000e+02,9.090000000000000000e+02,4.800000000000000000e+02,5.030000000000000000e+02,1.120000000000000000e+02,6.700000000000000000e+02,1.500000000000000000e+01,3.950000000000000000e+02,9.000000000000000000e+00,6.010000000000000000e+02,1.500000000000000000e+02,9.350000000000000000e+02,5.900000000000000000e+01,7.570000000000000000e+02,2.900000000000000000e+01,6.910000000000000000e+02,2.000000000000000000e+01,9.300000000000000000e+01,1.000000000000000000e+00,8.000000000000000000e+00,5.600000000000000000e+01,1.570000000000000000e+02,1.360000000000000000e+02,9.700000000000000000e+01,1.810000000000000000e+02,5.000000000000000000e+00,6.950000000000000000e+02,6.950000000000000000e+02,1.400000000000000000e+01,6.800000000000000000e+02,2.220000000000000000e+02,1.440000000000000000e+02,1.030000000000000000e+02,0.000000000000000000e+00,1.750000000000000000e+02,3.280000000000000000e+02,7.600000000000000000e+01,8.960000000000000000e+02,5.180000000000000000e+02,4.200000000000000000e+02,8.600000000000000000e+01,8.400000000000000000e+01,6.340000000000000000e+02,1.490000000000000000e+02,5.880000000000000000e+02,5.290000000000000000e+02,3.900000000000000000e+01,6.590000000000000000e+02,5.000000000000000000e+01,9.250000000000000000e+02,1.210000000000000000e+02,9.120000000000000000e+02,1.186000000000000000e+03,3.580000000000000000e+02,3.600000000000000000e+02,1.680000000000000000e+02,1.500000000000000000e+02,7.630000000000000000e+02,3.920000000000000000e+02,7.200000000000000000e+01,6.270000000000000000e+02,7.950000000000000000e+02,1.110000000000000000e+02,1.330000000000000000e+02,8.230000000000000000e+02,5.900000000000000000e+02,1.160000000000000000e+02,1.280000000000000000e+02,7.130000000000000000e+02,8.860000000000000000e+02,2.100000000000000000e+01,8.000000000000000000e+00,5.100000000000000000e+01,1.300000000000000000e+01,8.780000000000000000e+02,9.900000000000000000e+01,8.290000000000000000e+02,4.900000000000000000e+01,1.110000000000000000e+02,3.200000000000000000e+01,8.990000000000000000e+02,3.520000000000000000e+02,8.960000000000000000e+02,7.000000000000000000e+01,8.980000000000000000e+02,1.100000000000000000e+01,8.600000000000000000e+02,1.730000000000000000e+02,9.100000000000000000e+02,1.970000000000000000e+02,7.950000000000000000e+02,8.220000000000000000e+02,8.000000000000000000e+00,1.027000000000000000e+03,1.500000000000000000e+02,8.740000000000000000e+02,8.360000000000000000e+02,5.500000000000000000e+01,4.000000000000000000e+00,9.670000000000000000e+02,1.100000000000000000e+01,2.090000000000000000e+02,9.000000000000000000e+00,1.560000000000000000e+02,1.000000000000000000e+02,5.000000000000000000e+00,4.200000000000000000e+01,2.500000000000000000e+01,8.410000000000000000e+02,1.960000000000000000e+02,6.920000000000000000e+02,1.430000000000000000e+02,1.720000000000000000e+02,8.800000000000000000e+02,6.230000000000000000e+02,3.520000000000000000e+02,1.300000000000000000e+01,4.500000000000000000e+01,4.600000000000000000e+01,7.880000000000000000e+02,7.000000000000000000e+01,2.090000000000000000e+02,8.120000000000000000e+02,8.600000000000000000e+01,1.630000000000000000e+02,1.009000000000000000e+03,1.500000000000000000e+01,2.800000000000000000e+01,9.070000000000000000e+02,6.000000000000000000e+00,1.210000000000000000e+02,1.930000000000000000e+02,7.780000000000000000e+02,6.260000000000000000e+02,5.800000000000000000e+01,8.590000000000000000e+02,9.400000000000000000e+01,2.400000000000000000e+01,7.180000000000000000e+02,3.000000000000000000e+00,1.200000000000000000e+01,4.280000000000000000e+02,1.500000000000000000e+01,7.000000000000000000e+01,2.800000000000000000e+01,1.102000000000000000e+03,8.910000000000000000e+02,1.390000000000000000e+02,1.000000000000000000e+01,2.000000000000000000e+02,1.420000000000000000e+02,2.090000000000000000e+02,9.800000000000000000e+01,7.400000000000000000e+01,1.900000000000000000e+02,1.710000000000000000e+02,1.120000000000000000e+02,2.190000000000000000e+02,4.200000000000000000e+01,0.000000000000000000e+00,8.840000000000000000e+02,7.870000000000000000e+02,9.600000000000000000e+01,1.510000000000000000e+02,9.310000000000000000e+02,2.900000000000000000e+01,1.840000000000000000e+02,8.470000000000000000e+02,1.300000000000000000e+01,5.540000000000000000e+02,1.300000000000000000e+01,3.000000000000000000e+00,2.020000000000000000e+02,5.400000000000000000e+01,7.570000000000000000e+02,7.200000000000000000e+01,1.680000000000000000e+02,7.100000000000000000e+01,6.800000000000000000e+01,1.000000000000000000e+00,5.680000000000000000e+02,1.010000000000000000e+02,4.480000000000000000e+02,1.300000000000000000e+02,4.120000000000000000e+02,7.100000000000000000e+01,9.300000000000000000e+02,6.850000000000000000e+02,9.020000000000000000e+02,5.390000000000000000e+02,5.000000000000000000e+00,2.550000000000000000e+02,2.190000000000000000e+02,3.890000000000000000e+02,2.950000000000000000e+02,3.580000000000000000e+02,1.230000000000000000e+02,1.230000000000000000e+02,8.410000000000000000e+02,9.500000000000000000e+01,1.020000000000000000e+02,1.082000000000000000e+03,6.600000000000000000e+01,3.940000000000000000e+02,8.260000000000000000e+02,2.370000000000000000e+02,5.000000000000000000e+00,5.000000000000000000e+01,7.320000000000000000e+02,2.000000000000000000e+02,3.630000000000000000e+02,7.460000000000000000e+02,8.330000000000000000e+02,9.030000000000000000e+02,7.400000000000000000e+02,3.550000000000000000e+02,5.000000000000000000e+01,8.770000000000000000e+02,8.510000000000000000e+02,7.300000000000000000e+02,8.440000000000000000e+02,8.000000000000000000e+00,1.600000000000000000e+01,8.110000000000000000e+02,2.800000000000000000e+01,8.680000000000000000e+02,5.900000000000000000e+01,3.800000000000000000e+01,2.100000000000000000e+01,7.000000000000000000e+00,3.900000000000000000e+01,2.700000000000000000e+01,8.880000000000000000e+02,8.980000000000000000e+02,8.650000000000000000e+02,1.600000000000000000e+01,3.670000000000000000e+02
5.630000000000000000e+02,5.600000000000000000e+02,1.730000000000000000e+02,1.040000000000000000e+02,1.380000000000000000e+02,6.200000000000000000e+01,1.600000000000000000e+01,4.900000000000000000e+01,2.070000000000000000e+02,4.000000000000000000e+00,1.240000000000000000e+02,1.030000000000000000e+02,2.090000000000000000e+02,6.500000000000000000e+02,5.300000000000000000e+01,1.600000000000000000e+01,6.000000000000000000e+01,3.570000000000000000e+02,3.270000000000000000e+02,3.000000000000000000e+00,1.080000000000000000e+02,9.300000000000000000e+01,3.950000000000000000e+02,7.410000000000000000e+02,3.000000000000000000e+00,1.640000000000000000e+02,1.070000000000000000e+02,5.120000000000000000e+02,6.980000000000000000e+02,7.830000000000000000e+02,3.170000000000000000e+02,4.150000000000000000e+02,9.000000000000000000e+01,4.560000000000000000e+02,3.000000000000000000e+00,3.040000000000000000e+02,9.000000000000000000e+00,4.820000000000000000e+02,1.510000000000000000e+02,8.250000000000000000e+02,6.100000000000000000e+01,6.850000000000000000e+02,2.500000000000000000e+01,5.280000000000000000e+02,1.100000000000000000e+01,5.800000000000000000e+01,4.000000000000000000e+00,8.000000000000000000e+00,4.300000000000000000e+01,1.210000000000000000e+02,1.310000000000000000e+02,5.700000000000000000e+01,1.420000000000000000e+02,1.600000000000000000e+01,4.390000000000000000e+02,4.820000000000000000e+02,1.000000000000000000e+01,4.720000000000000000e+02,1.390000000000000000e+02,8.800000000000000000e+01,7.200000000000000000e+01,1.000000000000000000e+02,0.000000000000000000e+00,1.520000000000000000e+02,3.900000000000000000e+01,7.500000000000000000e+02,3.450000000000000000e+02,2.280000000000000000e+02,1.020000000000000000e+02,5.900000000000000000e+01,5.180000000000000000e+02,1.220000000000000000e+02,3.960000000000000000e+02,3.600000000000000000e+02,2.500000000000000000e+01,3.990000000000000000e+02,4.400000000000000000e+01,6.830000000000000000e+02,6.000000000000000000e+01,6.440000000000000000e+02,9.680000000000000000e+02,2.900000000000000000e+02,2.980000000000000000e+02,1.120000000000000000e+02,1.220000000000000000e+02,6.290000000000000000e+02,2.140000000000000000e+02,4.100000000000000000e+01,5.030000000000000000e+02,7.080000000000000000e+02,5.900000000000000000e+01,1.150000000000000000e+02,7.510000000000000000e+02,5.160000000000000000e+02,7.900000000000000000e+01,6.800000000000000000e+01,3.730000000000000000e+02,7.490000000000000000e+02,1.400000000000000000e+01,2.000000000000000000e+00,4.600000000000000000e+01,1.200000000000000000e+01,7.320000000000000000e+02,6.200000000000000000e+01,4.870000000000000000e+02,4.100000000000000000e+01,7.800000000000000000e+01,1.200000000000000000e+01,7.630000000000000000e+02,2.890000000000000000e+02,6.990000000000000000e+02,4.900000000000000000e+01,5.940000000000000000e+02,0.000000000000000000e+00,7.590000000000000000e+02,1.340000000000000000e+02,7.200000000000000000e+02,1.810000000000000000e+02,6.120000000000000000e+02,6.980000000000000000e+02,1.100000000000000000e+01,1.007000000000000000e+03,1.290000000000000000e+02,7.620000000000000000e+02,7.440000000000000000e+02,3.600000000000000000e+01,4.000000000000000000e+00,6.990000000000000000e+02,7.000000000000000000e+00,1.660000000000000000e+02,4.000000000000000000e+00,1.070000000000000000e+02,5.800000000000000000e+01,2.000000000000000000e+01,3.000000000000000000e+01,2.500000000000000000e+01,6.070000000000000000e+02,1.060000000000000000e+02,5.440000000000000000e+02,1.330000000000000000e+02,1.200000000000000000e+02,6.390000000000000000e+02,3.810000000000000000e+02,3.010000000000000000e+02,1.000000000000000000e+01,2.900000000000000000e+01,2.800000000000000000e+01,5.780000000000000000e+02,3.600000000000000000e+01,1.900000000000000000e+02,6.460000000000000000e+02,6.500000000000000000e+01,1.400000000000000000e+02,1.006000000000000000e+03,1.300000000000000000e+01,2.400000000000000000e+01,8.770000000000000000e+02,4.000000000000000000e+00,6.300000000000000000e+01,1.370000000000000000e+02,7.560000000000000000e+02,4.780000000000000000e+02,6.100000000000000000e+01,6.510000000000000000e+02,8.900000000000000000e+01,1.000000000000000000e+01,5.700000000000000000e+02,3.000000000000000000e+00,1.500000000000000000e+01,2.310000000000000000e+02,3.000000000000000000e+00,4.300000000000000000e+01,3.700000000000000000e+01,9.830000000000000000e+02,7.880000000000000000e+02,9.500000000000000000e+01,3.000000000000000000e+00,1.180000000000000000e+02,1.150000000000000000e+02,1.050000000000000000e+02,7.500000000000000000e+01,4.200000000000000000e+01,1.540000000000000000e+02,1.940000000000000000e+02,7.700000000000000000e+01,1.980000000000000000e+02,1.900000000000000000e+01,4.000000000000000000e+00,7.320000000000000000e+02,6.790000000000000000e+02,7.000000000000000000e+01,1.440000000000000000e+02,8.400000000000000000e+02,7.000000000000000000e+00,1.350000000000000000e+02,6.960000000000000000e+02,1.700000000000000000e+01,3.550000000000000000e+02,1.000000000000000000e+01,5.000000000000000000e+00,1.170000000000000000e+02,4.900000000000000000e+01,5.350000000000000000e+02,4.100000000000000000e+01,1.170000000000000000e+02,5.900000000000000000e+01,4.900000000000000000e+01,2.000000000000000000e+00,4.130000000000000000e+02,5.600000000000000000e+01,2.890000000000000000e+02,7.200000000000000000e+01,2.680000000000000000e+02,5.400000000000000000e+01,8.190000000000000000e+02,4.760000000000000000e+02,7.910000000000000000e+02,3.110000000000000000e+02,9.000000000000000000e+00,1.630000000000000000e+02,1.870000000000000000e+02,2.760000000000000000e+02,2.050000000000000000e+02,2.960000000000000000e+02,1.060000000000000000e+02,1.110000000000000000e+02,5.520000000000000000e+02,5.300000000000000000e+01,7.500000000000000000e+01,9.780000000000000000e+02,4.600000000000000000e+01,2.470000000000000000e+02,7.780000000000000000e+02,1.500000000000000000e+02,1.000000000000000000e+00,1.300000000000000000e+01,7.060000000000000000e+02,1.440000000000000000e+02,3.240000000000000000e+02,6.900000000000000000e+02,6.910000000000000000e+02,6.440000000000000000e+02,5.700000000000000000e+02,3.200000000000000000e+02,2.600000000000000000e+01,7.130000000000000000e+02,6.880000000000000000e+02,4.970000000000000000e+02,5.950000000000000000e+02,4.000000000000000000e+00,8.000000000000000000e+00,5.910000000000000000e+02,2.400000000000000000e+01,6.430000000000000000e+02,2.400000000000000000e+01,8.000000000000000000e+00,9.000000000000000000e+00,0.000000000000000000e+00,5.000000000000000000e+01,3.100000000000000000e+01,7.800000000000000000e+02,6.740000000000000000e+02,7.860000000000000000e+02,8.000000000000000000e+00,3.290000000000000000e+02
2.204000000000000000e+03,2.276000000000000000e+03,9.580000000000000000e+02,6.660000000000000000e+02,8.340000000000000000e+02,7.080000000000000000e+02,7.000000000000000000e+01,4.850000000000000000e+02,9.680000000000000000e+02,9.000000000000000000e+00,4.080000000000000000e+02,4.210000000000000000e+02,1.267000000000000000e+03,2.370000000000000000e+03,1.860000000000000000e+02,1.090000000000000000e+02,5.270000000000000000e+02,1.818000000000000000e+03,1.607000000000000000e+03,3.000000000000000000e+01,8.580000000000000000e+02,7.270000000000000000e+02,1.940000000000000000e+03,2.374000000000000000e+03,1.100000000000000000e+01,9.090000000000000000e+02,7.300000000000000000e+02,1.933000000000000000e+03,2.402000000000000000e+03,2.442000000000000000e+03,1.897000000000000000e+03,1.928000000000000000e+03,3.460000000000000000e+02,2.135000000000000000e+03,4.100000000000000000e+01,1.010000000000000000e+03,7.100000000000000000e+01,1.840000000000000000e+03,9.060000000000000000e+02,2.481000000000000000e+03,2.030000000000000000e+02,1.994000000000000000e+03,1.970000000000000000e+02,2.140000000000000000e+03,7.700000000000000000e+01,8.080000000000000000e+02,4.900000000000000000e+01,5.000000000000000000e+01,3.990000000000000000e+02,4.020000000000000000e+02,3.940000000000000000e+02,6.370000000000000000e+02,8.800000000000000000e+02,7.600000000000000000e+01,2.022000000000000000e+03,1.980000000000000000e+03,4.500000000000000000e+01,2.153000000000000000e+03,8.920000000000000000e+02,6.770000000000000000e+02,3.200000000000000000e+02,6.800000000000000000e+02,9.050000000000000000e+02,0.000000000000000000e+00,2.360000000000000000e+02,2.509000000000000000e+03,1.814000000000000000e+03,1.573000000000000000e+03,6.550000000000000000e+02,3.720000000000000000e+02,1.861000000000000000e+03,7.580000000000000000e+02,1.979000000000000000e+03,1.886000000000000000e+03,2.590000000000000000e+02,1.979000000000000000e+03,4.280000000000000000e+02,2.420000000000000000e+03,6.690000000000000000e+02,2.295000000000000000e+03,3.104000000000000000e+03,9.870000000000000000e+02,1.117000000000000000e+03,8.440000000000000000e+02,4.250000000000000000e+02,2.323000000000000000e+03,1.431000000000000000e+03,5.560000000000000000e+02,2.039000000000000000e+03,2.392000000000000000e+03,7.620000000000000000e+02,9.650000000000000000e+02,2.450000000000000000e+03,1.905000000000000000e+03,7.590000000000000000e+02,3.360000000000000000e+02,1.854000000000000000e+03,2.356000000000000000e+03,7.100000000000000000e+01,8.000000000000000000e+00,3.820000000000000000e+02,6.700000000000000000e+01,2.095000000000000000e+03,6.790000000000000000e+02,2.101000000000000000e+03,3.330000000000000000e+02,6.350000000000000000e+02,1.430000000000000000e+02,2.009000000000000000e+03,1.059000000000000000e+03,2.410000000000000000e+03,4.420000000000000000e+02,2.194000000000000000e+03,1.400000000000000000e+01,2.390000000000000000e+03,4.540000000000000000e+02,2.420000000000000000e+03,1.020000000000000000e+03,2.340000000000000000e+03,2.410000000000000000e+03,4.400000000000000000e+01,3.209000000000000000e+03,5.030000000000000000e+02,2.431000000000000000e+03,2.386000000000000000e+03,4.160000000000000000e+02,3.600000000000000000e+01,2.333000000000000000e+03,5.800000000000000000e+01,9.080000000000000000e+02,4.400000000000000000e+01,5.660000000000000000e+02,5.740000000000000000e+02,1.490000000000000000e+02,1.980000000000000000e+02,1.250000000000000000e+02,2.249000000000000000e+03,6.670000000000000000e+02,2.058000000000000000e+03,3.540000000000000000e+02,8.480000000000000000e+02,2.415000000000000000e+03,1.966000000000000000e+03,1.009000000000000000e+03,4.800000000000000000e+01,2.110000000000000000e+02,3.350000000000000000e+02,2.315000000000000000e+03,3.400000000000000000e+02,9.590000000000000000e+02,2.359000000000000000e+03,5.280000000000000000e+02,4.180000000000000000e+02,3.185000000000000000e+03,1.410000000000000000e+02,1.230000000000000000e+02,2.050000000000000000e+03,2.300000000000000000e+01,6.630000000000000000e+02,8.820000000000000000e+02,2.076000000000000000e+03,2.042000000000000000e+03,1.830000000000000000e+02,2.262000000000000000e+03,3.350000000000000000e+02,8.800000000000000000e+01,2.270000000000000000e+03,2.500000000000000000e+01,7.900000000000000000e+01,1.455000000000000000e+03,1.800000000000000000e+01,2.720000000000000000e+02,3.060000000000000000e+02,3.178000000000000000e+03,2.133000000000000000e+03,6.940000000000000000e+02,3.500000000000000000e+01,8.520000000000000000e+02,6.840000000000000000e+02,5.230000000000000000e+02,6.380000000000000000e+02,4.810000000000000000e+02,8.610000000000000000e+02,8.980000000000000000e+02,5.850000000000000000e+02,1.017000000000000000e+03,1.520000000000000000e+02,2.100000000000000000e+01,2.434000000000000000e+03,1.988000000000000000e+03,5.850000000000000000e+02,7.980000000000000000e+02,2.024000000000000000e+03,8.100000000000000000e+01,9.160000000000000000e+02,2.280000000000000000e+03,1.000000000000000000e+02,1.862000000000000000e+03,4.700000000000000000e+01,3.300000000000000000e+01,8.530000000000000000e+02,1.800000000000000000e+02,2.229000000000000000e+03,4.440000000000000000e+02,8.770000000000000000e+02,5.050000000000000000e+02,4.610000000000000000e+02,1.200000000000000000e+01,1.908000000000000000e+03,5.370000000000000000e+02,1.692000000000000000e+03,5.270000000000000000e+02,1.559000000000000000e+03,5.130000000000000000e+02,2.469000000000000000e+03,2.053000000000000000e+03,2.408000000000000000e+03,1.690000000000000000e+03,5.100000000000000000e+01,1.077000000000000000e+03,9.250000000000000000e+02,1.012000000000000000e+03,1.252000000000000000e+03,1.030000000000000000e+03,3.900000000000000000e+02,3.620000000000000000e+02,2.254000000000000000e+03,5.510000000000000000e+02,6.420000000000000000e+02,3.098000000000000000e+03,5.350000000000000000e+02,1.462000000000000000e+03,2.015000000000000000e+03,9.660000000000000000e+02,1.500000000000000000e+01,8.600000000000000000e+01,2.015000000000000000e+03,8.530000000000000000e+02,1.130000000000000000e+03,2.031000000000000000e+03,2.481000000000000000e+03,2.291000000000000000e+03,2.181000000000000000e+03,1.160000000000000000e+03,2.020000000000000000e+02,2.458000000000000000e+03,2.387000000000000000e+03,2.083000000000000000e+03,2.380000000000000000e+03,3.300000000000000000e+01,5.300000000000000000e+01,2.306000000000000000e+03,1.930000000000000000e+02,2.260000000000000000e+03,2.360000000000000000e+02,8.000000000000000000e+01,6.000000000000000000e+01,2.000000000000000000e+00,4.130000000000000000e+02,2.400000000000000000e+02,2.481000000000000000e+03,2.331000000000000000e+03,1.964000000000000000e+03,7.400000000000000000e+01,1.117000000000000000e+03
1.100000000000000000e+03,1.050000000000000000e+03,2.940000000000000000e+02,2.150000000000000000e+02,2.490000000000000000e+02,2.270000000000000000e+02,5.400000000000000000e+01,1.520000000000000000e+02,3.150000000000000000e+02,2.000000000000000000e+00,2.060000000000000000e+02,1.980000000000000000e+02,7.400000000000000000e+02,1.068000000000000000e+03,1.030000000000000000e+02,4.000000000000000000e+01,1.920000000000000000e+02,9.410000000000000000e+02,8.660000000000000000e+02,2.100000000000000000e+01,3.200000000000000000e+02,2.540000000000000000e+02,9.540000000000000000e+02,1.100000000000000000e+03,1.200000000000000000e+01,2.540000000000000000e+02,2.320000000000000000e+02,1.114000000000000000e+03,1.057000000000000000e+03,1.125000000000000000e+03,8.420000000000000000e+02,1.120000000000000000e+03,1.600000000000000000e+02,1.009000000000000000e+03,2.800000000000000000e+01,4.610000000000000000e+02,3.500000000000000000e+01,1.148000000000000000e+03,2.880000000000000000e+02,1.096000000000000000e+03,7.400000000000000000e+01,1.103000000000000000e+03,1.030000000000000000e+02,1.044000000000000000e+03,5.400000000000000000e+01,2.270000000000000000e+02,2.900000000000000000e+01,3.100000000000000000e+01,1.720000000000000000e+02,1.890000000000000000e+02,1.760000000000000000e+02,2.190000000000000000e+02,2.580000000000000000e+02,3.600000000000000000e+01,1.032000000000000000e+03,9.770000000000000000e+02,3.200000000000000000e+01,1.008000000000000000e+03,2.700000000000000000e+02,2.200000000000000000e+02,1.420000000000000000e+02,2.630000000000000000e+02,2.960000000000000000e+02,9.780000000000000000e+02,0.000000000000000000e+00,1.162000000000000000e+03,9.050000000000000000e+02,7.170000000000000000e+02,4.680000000000000000e+02,1.940000000000000000e+02,1.171000000000000000e+03,2.630000000000000000e+02,9.810000000000000000e+02,9.020000000000000000e+02,1.130000000000000000e+02,1.085000000000000000e+03,1.350000000000000000e+02,1.163000000000000000e+03,2.370000000000000000e+02,1.037000000000000000e+03,1.392000000000000000e+03,4.420000000000000000e+02,5.050000000000000000e+02,2.170000000000000000e+02,1.560000000000000000e+02,1.081000000000000000e+03,8.610000000000000000e+02,1.730000000000000000e+02,9.960000000000000000e+02,1.138000000000000000e+03,2.480000000000000000e+02,2.690000000000000000e+02,1.064000000000000000e+03,1.133000000000000000e+03,2.820000000000000000e+02,1.630000000000000000e+02,9.860000000000000000e+02,1.122000000000000000e+03,5.500000000000000000e+01,8.000000000000000000e+00,1.360000000000000000e+02,3.800000000000000000e+01,1.088000000000000000e+03,2.060000000000000000e+02,9.490000000000000000e+02,1.290000000000000000e+02,1.940000000000000000e+02,8.200000000000000000e+01,1.158000000000000000e+03,4.590000000000000000e+02,1.093000000000000000e+03,1.900000000000000000e+02,1.083000000000000000e+03,2.500000000000000000e+01,1.084000000000000000e+03,1.820000000000000000e+02,1.123000000000000000e+03,2.950000000000000000e+02,1.099000000000000000e+03,1.068000000000000000e+03,3.600000000000000000e+01,1.340000000000000000e+03,1.790000000000000000e+02,1.116000000000000000e+03,1.158000000000000000e+03,1.310000000000000000e+02,1.300000000000000000e+01,1.142000000000000000e+03,3.100000000000000000e+01,2.660000000000000000e+02,2.400000000000000000e+01,4.100000000000000000e+02,1.880000000000000000e+02,6.600000000000000000e+01,1.060000000000000000e+02,5.700000000000000000e+01,1.109000000000000000e+03,4.870000000000000000e+02,1.015000000000000000e+03,1.820000000000000000e+02,2.560000000000000000e+02,1.154000000000000000e+03,9.760000000000000000e+02,4.870000000000000000e+02,4.000000000000000000e+01,1.020000000000000000e+02,1.430000000000000000e+02,1.108000000000000000e+03,1.540000000000000000e+02,2.710000000000000000e+02,1.083000000000000000e+03,2.050000000000000000e+02,1.750000000000000000e+02,1.386000000000000000e+03,4.600000000000000000e+01,8.500000000000000000e+01,1.109000000000000000e+03,1.100000000000000000e+01,2.050000000000000000e+02,2.750000000000000000e+02,1.112000000000000000e+03,9.720000000000000000e+02,6.700000000000000000e+01,1.126000000000000000e+03,1.650000000000000000e+02,5.500000000000000000e+01,1.000000000000000000e+03,1.400000000000000000e+01,4.000000000000000000e+01,8.420000000000000000e+02,1.200000000000000000e+01,1.290000000000000000e+02,1.590000000000000000e+02,1.354000000000000000e+03,1.153000000000000000e+03,2.010000000000000000e+02,3.600000000000000000e+01,2.810000000000000000e+02,2.170000000000000000e+02,6.220000000000000000e+02,1.860000000000000000e+02,1.740000000000000000e+02,2.570000000000000000e+02,2.700000000000000000e+02,1.970000000000000000e+02,2.810000000000000000e+02,8.700000000000000000e+01,8.000000000000000000e+00,1.154000000000000000e+03,1.129000000000000000e+03,1.850000000000000000e+02,2.470000000000000000e+02,1.178000000000000000e+03,6.200000000000000000e+01,2.630000000000000000e+02,1.092000000000000000e+03,4.600000000000000000e+01,8.690000000000000000e+02,5.200000000000000000e+01,2.200000000000000000e+01,3.170000000000000000e+02,6.700000000000000000e+01,1.074000000000000000e+03,1.650000000000000000e+02,6.380000000000000000e+02,2.200000000000000000e+02,1.960000000000000000e+02,1.300000000000000000e+01,9.390000000000000000e+02,1.840000000000000000e+02,8.440000000000000000e+02,2.170000000000000000e+02,9.040000000000000000e+02,2.000000000000000000e+02,1.161000000000000000e+03,9.420000000000000000e+02,1.162000000000000000e+03,8.950000000000000000e+02,2.400000000000000000e+01,6.790000000000000000e+02,2.820000000000000000e+02,4.460000000000000000e+02,7.230000000000000000e+02,4.740000000000000000e+02,1.850000000000000000e+02,1.720000000000000000e+02,1.039000000000000000e+03,2.100000000000000000e+02,2.110000000000000000e+02,1.316000000000000000e+03,1.900000000000000000e+02,7.800000000000000000e+02,1.100000000000000000e+03,2.620000000000000000e+02,1.100000000000000000e+01,1.120000000000000000e+02,1.193000000000000000e+03,2.530000000000000000e+02,4.920000000000000000e+02,1.153000000000000000e+03,1.118000000000000000e+03,1.104000000000000000e+03,9.910000000000000000e+02,4.460000000000000000e+02,9.100000000000000000e+01,1.069000000000000000e+03,1.120000000000000000e+03,1.024000000000000000e+03,1.102000000000000000e+03,1.500000000000000000e+01,3.300000000000000000e+01,9.630000000000000000e+02,1.070000000000000000e+02,1.085000000000000000e+03,1.540000000000000000e+02,6.900000000000000000e+01,3.700000000000000000e+01,0.000000000000000000e+00,1.730000000000000000e+02,8.900000000000000000e+01,1.136000000000000000e+03,1.119000000000000000e+03,1.090000000000000000e+03,3.100000000000000000e+01,4.760000000000000000e+02
4.450000000000000000e+02,9.580000000000000000e+02,4.780000000000000000e+02,2.400000000000000000e+02,2.750000000000000000e+02,8.800000000000000000e+01,6.000000000000000000e+00,2.900000000000000000e+01,6.300000000000000000e+02,0.000000000000000000e+00,4.110000000000000000e+02,3.160000000000000000e+02,8.600000000000000000e+01,8.960000000000000000e+02,2.030000000000000000e+02,4.300000000000000000e+01,1.300000000000000000e+01,2.840000000000000000e+02,2.060000000000000000e+02,3.000000000000000000e+00,1.400000000000000000e+02,6.400000000000000000e+01,3.600000000000000000e+02,1.212000000000000000e+03,0.000000000000000000e+00,4.690000000000000000e+02,3.100000000000000000e+02,4.310000000000000000e+02,1.151000000000000000e+03,1.580000000000000000e+03,2.060000000000000000e+02,2.950000000000000000e+02,3.700000000000000000e+01,2.050000000000000000e+02,2.000000000000000000e+00,6.280000000000000000e+02,2.000000000000000000e+00,4.880000000000000000e+02,2.340000000000000000e+02,1.925000000000000000e+03,1.080000000000000000e+02,9.400000000000000000e+02,7.000000000000000000e+00,4.880000000000000000e+02,0.000000000000000000e+00,7.500000000000000000e+01,1.000000000000000000e+00,0.000000000000000000e+00,3.900000000000000000e+01,2.180000000000000000e+02,3.710000000000000000e+02,1.300000000000000000e+01,1.430000000000000000e+02,1.000000000000000000e+00,4.690000000000000000e+02,4.220000000000000000e+02,3.000000000000000000e+00,1.830000000000000000e+02,3.510000000000000000e+02,2.360000000000000000e+02,5.200000000000000000e+01,7.300000000000000000e+01,2.670000000000000000e+02,1.350000000000000000e+02,5.400000000000000000e+01,0.000000000000000000e+00,1.960000000000000000e+02,1.540000000000000000e+02,3.500000000000000000e+01,5.600000000000000000e+01,7.070000000000000000e+02,2.860000000000000000e+02,1.800000000000000000e+02,2.680000000000000000e+02,1.600000000000000000e+01,1.660000000000000000e+02,6.000000000000000000e+00,8.200000000000000000e+02,7.400000000000000000e+01,1.128000000000000000e+03,4.073000000000000000e+03,4.950000000000000000e+02,6.790000000000000000e+02,4.600000000000000000e+01,3.860000000000000000e+02,9.880000000000000000e+02,1.300000000000000000e+02,1.800000000000000000e+01,4.160000000000000000e+02,1.646000000000000000e+03,8.200000000000000000e+01,1.550000000000000000e+02,1.630000000000000000e+03,4.660000000000000000e+02,1.370000000000000000e+02,2.050000000000000000e+02,3.300000000000000000e+02,1.501000000000000000e+03,4.000000000000000000e+00,1.000000000000000000e+00,1.000000000000000000e+01,1.000000000000000000e+00,1.561000000000000000e+03,7.600000000000000000e+01,5.070000000000000000e+02,1.000000000000000000e+01,1.960000000000000000e+02,1.300000000000000000e+01,1.596000000000000000e+03,7.930000000000000000e+02,7.070000000000000000e+02,2.900000000000000000e+01,6.270000000000000000e+02,1.000000000000000000e+01,1.809000000000000000e+03,3.380000000000000000e+02,1.207000000000000000e+03,7.470000000000000000e+02,8.490000000000000000e+02,1.188000000000000000e+03,0.000000000000000000e+00,4.274000000000000000e+03,4.190000000000000000e+02,1.739000000000000000e+03,1.312000000000000000e+03,3.000000000000000000e+01,2.000000000000000000e+00,1.514000000000000000e+03,3.000000000000000000e+00,3.560000000000000000e+02,4.000000000000000000e+00,1.400000000000000000e+01,5.100000000000000000e+01,7.000000000000000000e+00,4.000000000000000000e+00,6.000000000000000000e+00,8.420000000000000000e+02,3.300000000000000000e+01,2.880000000000000000e+02,2.670000000000000000e+02,2.000000000000000000e+02,6.690000000000000000e+02,1.400000000000000000e+02,6.710000000000000000e+02,3.000000000000000000e+00,1.400000000000000000e+01,8.000000000000000000e+00,8.220000000000000000e+02,2.200000000000000000e+01,5.740000000000000000e+02,5.310000000000000000e+02,3.800000000000000000e+01,3.910000000000000000e+02,4.211000000000000000e+03,2.000000000000000000e+00,1.100000000000000000e+01,1.869000000000000000e+03,5.000000000000000000e+00,3.200000000000000000e+01,2.680000000000000000e+02,1.201000000000000000e+03,4.110000000000000000e+02,1.640000000000000000e+02,1.098000000000000000e+03,7.500000000000000000e+01,1.000000000000000000e+00,8.190000000000000000e+02,8.000000000000000000e+00,0.000000000000000000e+00,1.100000000000000000e+02,3.000000000000000000e+00,1.900000000000000000e+01,8.000000000000000000e+00,4.193000000000000000e+03,1.538000000000000000e+03,2.600000000000000000e+02,5.000000000000000000e+00,2.450000000000000000e+02,2.030000000000000000e+02,6.500000000000000000e+01,2.900000000000000000e+01,1.100000000000000000e+01,3.170000000000000000e+02,4.310000000000000000e+02,1.330000000000000000e+02,8.980000000000000000e+02,1.000000000000000000e+01,0.000000000000000000e+00,1.711000000000000000e+03,9.350000000000000000e+02,2.100000000000000000e+01,5.700000000000000000e+01,2.288000000000000000e+03,1.100000000000000000e+01,2.070000000000000000e+02,1.299000000000000000e+03,1.000000000000000000e+00,3.120000000000000000e+02,1.000000000000000000e+00,0.000000000000000000e+00,3.970000000000000000e+02,1.370000000000000000e+02,7.400000000000000000e+02,1.700000000000000000e+01,7.500000000000000000e+01,4.100000000000000000e+01,2.900000000000000000e+01,1.000000000000000000e+00,9.800000000000000000e+01,4.900000000000000000e+01,6.700000000000000000e+01,2.690000000000000000e+02,7.000000000000000000e+01,4.000000000000000000e+01,2.007000000000000000e+03,4.000000000000000000e+02,1.731000000000000000e+03,2.290000000000000000e+02,6.000000000000000000e+00,6.000000000000000000e+01,5.600000000000000000e+02,7.150000000000000000e+02,3.600000000000000000e+01,5.950000000000000000e+02,1.180000000000000000e+02,1.230000000000000000e+02,6.970000000000000000e+02,3.200000000000000000e+01,1.400000000000000000e+01,4.275000000000000000e+03,4.600000000000000000e+01,1.110000000000000000e+02,1.585000000000000000e+03,5.850000000000000000e+02,1.000000000000000000e+00,1.800000000000000000e+01,7.520000000000000000e+02,2.460000000000000000e+02,7.470000000000000000e+02,7.600000000000000000e+02,1.634000000000000000e+03,9.970000000000000000e+02,7.640000000000000000e+02,7.100000000000000000e+02,9.000000000000000000e+00,1.546000000000000000e+03,1.242000000000000000e+03,2.930000000000000000e+02,1.186000000000000000e+03,6.000000000000000000e+00,3.000000000000000000e+00,3.530000000000000000e+02,4.000000000000000000e+00,9.780000000000000000e+02,3.200000000000000000e+01,2.000000000000000000e+01,4.000000000000000000e+00,1.000000000000000000e+00,3.400000000000000000e+01,1.600000000000000000e+01,1.425000000000000000e+03,1.453000000000000000e+03,2.153000000000000000e+03,4.000000000000000000e+00,9.020000000000000000e+02
1.136000000000000000e+03,1.123000000000000000e+03,4.550000000000000000e+02,2.670000000000000000e+02,4.140000000000000000e+02,3.300000000000000000e+02,5.000000000000000000e+00,4.000000000000000000e+01,4.370000000000000000e+02,0.000000000000000000e+00,1.990000000000000000e+02,2.320000000000000000e+02,1.460000000000000000e+02,1.051000000000000000e+03,1.030000000000000000e+02,2.800000000000000000e+01,1.180000000000000000e+02,7.280000000000000000e+02,5.580000000000000000e+02,1.000000000000000000e+01,3.280000000000000000e+02,2.510000000000000000e+02,7.420000000000000000e+02,1.183000000000000000e+03,7.000000000000000000e+00,4.730000000000000000e+02,3.110000000000000000e+02,8.960000000000000000e+02,1.188000000000000000e+03,1.190000000000000000e+03,6.210000000000000000e+02,7.220000000000000000e+02,1.390000000000000000e+02,9.010000000000000000e+02,3.000000000000000000e+00,5.100000000000000000e+02,8.000000000000000000e+00,8.620000000000000000e+02,3.710000000000000000e+02,1.288000000000000000e+03,1.020000000000000000e+02,1.026000000000000000e+03,6.500000000000000000e+01,7.630000000000000000e+02,1.400000000000000000e+01,1.890000000000000000e+02,1.200000000000000000e+01,9.000000000000000000e+00,1.150000000000000000e+02,2.270000000000000000e+02,2.120000000000000000e+02,1.040000000000000000e+02,4.320000000000000000e+02,1.600000000000000000e+01,8.710000000000000000e+02,9.110000000000000000e+02,1.600000000000000000e+01,9.380000000000000000e+02,4.070000000000000000e+02,2.890000000000000000e+02,1.450000000000000000e+02,2.850000000000000000e+02,3.650000000000000000e+02,3.830000000000000000e+02,1.190000000000000000e+02,1.241000000000000000e+03,0.000000000000000000e+00,4.840000000000000000e+02,1.590000000000000000e+02,1.350000000000000000e+02,9.350000000000000000e+02,3.460000000000000000e+02,7.040000000000000000e+02,7.010000000000000000e+02,6.200000000000000000e+01,7.900000000000000000e+02,7.000000000000000000e+01,1.170000000000000000e+03,2.390000000000000000e+02,1.121000000000000000e+03,1.637000000000000000e+03,5.220000000000000000e+02,5.290000000000000000e+02,2.750000000000000000e+02,2.450000000000000000e+02,1.097000000000000000e+03,2.180000000000000000e+02,1.070000000000000000e+02,8.600000000000000000e+02,1.200000000000000000e+03,2.150000000000000000e+02,2.680000000000000000e+02,1.260000000000000000e+03,9.170000000000000000e+02,2.900000000000000000e+02,1.830000000000000000e+02,7.260000000000000000e+02,1.160000000000000000e+03,2.100000000000000000e+01,1.700000000000000000e+01,7.800000000000000000e+01,8.000000000000000000e+00,1.207000000000000000e+03,2.210000000000000000e+02,8.610000000000000000e+02,1.200000000000000000e+01,2.500000000000000000e+02,8.000000000000000000e+00,1.192000000000000000e+03,5.610000000000000000e+02,1.104000000000000000e+03,1.280000000000000000e+02,1.045000000000000000e+03,1.600000000000000000e+01,1.264000000000000000e+03,2.070000000000000000e+02,1.195000000000000000e+03,4.970000000000000000e+02,1.014000000000000000e+03,9.290000000000000000e+02,9.000000000000000000e+00,1.594000000000000000e+03,2.320000000000000000e+02,1.025000000000000000e+03,9.590000000000000000e+02,4.600000000000000000e+01,8.000000000000000000e+00,1.223000000000000000e+03,0.000000000000000000e+00,3.870000000000000000e+02,0.000000000000000000e+00,1.130000000000000000e+02,1.610000000000000000e+02,4.400000000000000000e+01,5.800000000000000000e+01,3.400000000000000000e+01,9.500000000000000000e+02,3.400000000000000000e+01,9.630000000000000000e+02,2.240000000000000000e+02,3.790000000000000000e+02,1.182000000000000000e+03,7.350000000000000000e+02,5.290000000000000000e+02,2.000000000000000000e+00,3.300000000000000000e+01,6.400000000000000000e+01,9.970000000000000000e+02,2.400000000000000000e+01,5.010000000000000000e+02,1.175000000000000000e+03,1.560000000000000000e+02,2.420000000000000000e+02,1.591000000000000000e+03,3.300000000000000000e+01,4.000000000000000000e+01,1.292000000000000000e+03,6.000000000000000000e+00,1.840000000000000000e+02,4.690000000000000000e+02,1.175000000000000000e+03,8.180000000000000000e+02,1.080000000000000000e+02,1.041000000000000000e+03,1.470000000000000000e+02,2.400000000000000000e+01,9.420000000000000000e+02,1.100000000000000000e+01,1.400000000000000000e+01,1.930000000000000000e+02,1.700000000000000000e+01,7.900000000000000000e+01,5.500000000000000000e+01,1.589000000000000000e+03,1.253000000000000000e+03,2.810000000000000000e+02,1.800000000000000000e+01,4.120000000000000000e+02,3.160000000000000000e+02,2.370000000000000000e+02,2.380000000000000000e+02,1.210000000000000000e+02,4.430000000000000000e+02,4.460000000000000000e+02,1.520000000000000000e+02,4.640000000000000000e+02,2.800000000000000000e+01,1.000000000000000000e+00,9.960000000000000000e+02,1.081000000000000000e+03,2.110000000000000000e+02,3.590000000000000000e+02,1.315000000000000000e+03,3.100000000000000000e+01,4.140000000000000000e+02,9.350000000000000000e+02,1.600000000000000000e+01,7.420000000000000000e+02,1.300000000000000000e+01,5.000000000000000000e+00,4.340000000000000000e+02,1.110000000000000000e+02,1.019000000000000000e+03,4.600000000000000000e+01,2.240000000000000000e+02,1.360000000000000000e+02,1.240000000000000000e+02,2.000000000000000000e+00,7.490000000000000000e+02,1.360000000000000000e+02,4.770000000000000000e+02,2.480000000000000000e+02,4.130000000000000000e+02,1.560000000000000000e+02,1.341000000000000000e+03,7.940000000000000000e+02,1.327000000000000000e+03,5.760000000000000000e+02,8.000000000000000000e+00,1.100000000000000000e+02,4.170000000000000000e+02,5.480000000000000000e+02,2.860000000000000000e+02,4.760000000000000000e+02,1.920000000000000000e+02,1.460000000000000000e+02,1.041000000000000000e+03,1.630000000000000000e+02,2.080000000000000000e+02,1.685000000000000000e+03,1.700000000000000000e+02,1.860000000000000000e+02,1.207000000000000000e+03,5.170000000000000000e+02,0.000000000000000000e+00,3.600000000000000000e+01,9.930000000000000000e+02,4.170000000000000000e+02,5.120000000000000000e+02,9.390000000000000000e+02,1.252000000000000000e+03,1.177000000000000000e+03,1.041000000000000000e+03,5.510000000000000000e+02,5.700000000000000000e+01,1.214000000000000000e+03,9.940000000000000000e+02,9.900000000000000000e+02,1.100000000000000000e+03,1.700000000000000000e+01,2.000000000000000000e+00,9.450000000000000000e+02,3.800000000000000000e+01,1.006000000000000000e+03,8.100000000000000000e+01,6.300000000000000000e+01,2.000000000000000000e+01,5.000000000000000000e+00,1.260000000000000000e+02,6.000000000000000000e+01,1.274000000000000000e+03,1.228000000000000000e+03,1.203000000000000000e+03,1.300000000000000000e+01,5.330000000000000000e+02
1.513000000000000000e+03,1.518000000000000000e+03,6.310000000000000000e+02,3.990000000000000000e+02,6.480000000000000000e+02,4.110000000000000000e+02,4.300000000000000000e+01,2.520000000000000000e+02,7.060000000000000000e+02,2.000000000000000000e+00,3.130000000000000000e+02,2.350000000000000000e+02,7.130000000000000000e+02,1.427000000000000000e+03,1.210000000000000000e+02,4.900000000000000000e+01,2.530000000000000000e+02,1.183000000000000000e+03,1.059000000000000000e+03,1.700000000000000000e+01,4.610000000000000000e+02,4.690000000000000000e+02,1.236000000000000000e+03,1.657000000000000000e+03,9.000000000000000000e+00,5.460000000000000000e+02,4.770000000000000000e+02,1.305000000000000000e+03,1.331000000000000000e+03,1.600000000000000000e+03,1.072000000000000000e+03,1.149000000000000000e+03,1.910000000000000000e+02,1.366000000000000000e+03,1.700000000000000000e+01,7.230000000000000000e+02,2.200000000000000000e+01,1.275000000000000000e+03,4.810000000000000000e+02,1.701000000000000000e+03,1.350000000000000000e+02,1.551000000000000000e+03,8.600000000000000000e+01,1.500000000000000000e+03,4.000000000000000000e+01,3.840000000000000000e+02,1.800000000000000000e+01,2.700000000000000000e+01,1.690000000000000000e+02,3.360000000000000000e+02,2.900000000000000000e+02,2.720000000000000000e+02,5.610000000000000000e+02,5.200000000000000000e+01,1.299000000000000000e+03,1.266000000000000000e+03,3.000000000000000000e+00,1.339000000000000000e+03,5.630000000000000000e+02,4.090000000000000000e+02,2.000000000000000000e+02,4.580000000000000000e+02,5.400000000000000000e+02,7.980000000000000000e+02,2.570000000000000000e+02,1.633000000000000000e+03,1.190000000000000000e+03,0.000000000000000000e+00,3.290000000000000000e+02,1.910000000000000000e+02,1.370000000000000000e+03,5.070000000000000000e+02,1.244000000000000000e+03,1.050000000000000000e+03,3.300000000000000000e+01,1.242000000000000000e+03,2.090000000000000000e+02,1.675000000000000000e+03,3.940000000000000000e+02,1.533000000000000000e+03,2.144000000000000000e+03,6.880000000000000000e+02,6.720000000000000000e+02,4.520000000000000000e+02,2.730000000000000000e+02,1.442000000000000000e+03,9.080000000000000000e+02,2.660000000000000000e+02,1.279000000000000000e+03,1.464000000000000000e+03,3.840000000000000000e+02,4.610000000000000000e+02,1.404000000000000000e+03,1.300000000000000000e+03,4.160000000000000000e+02,2.380000000000000000e+02,1.214000000000000000e+03,1.672000000000000000e+03,7.000000000000000000e+01,3.100000000000000000e+01,2.010000000000000000e+02,3.200000000000000000e+01,1.686000000000000000e+03,3.500000000000000000e+02,1.316000000000000000e+03,1.530000000000000000e+02,3.710000000000000000e+02,6.500000000000000000e+01,1.690000000000000000e+03,8.220000000000000000e+02,1.546000000000000000e+03,1.960000000000000000e+02,1.462000000000000000e+03,3.300000000000000000e+01,1.746000000000000000e+03,2.820000000000000000e+02,1.609000000000000000e+03,6.190000000000000000e+02,1.557000000000000000e+03,1.564000000000000000e+03,2.100000000000000000e+01,2.179000000000000000e+03,2.810000000000000000e+02,1.609000000000000000e+03,1.604000000000000000e+03,2.070000000000000000e+02,1.500000000000000000e+01,1.634000000000000000e+03,2.200000000000000000e+01,6.540000000000000000e+02,2.200000000000000000e+01,2.560000000000000000e+02,3.310000000000000000e+02,8.200000000000000000e+01,1.320000000000000000e+02,6.500000000000000000e+01,1.574000000000000000e+03,2.990000000000000000e+02,1.433000000000000000e+03,2.450000000000000000e+02,5.470000000000000000e+02,1.495000000000000000e+03,1.200000000000000000e+03,7.160000000000000000e+02,3.000000000000000000e+01,1.220000000000000000e+02,1.580000000000000000e+02,1.484000000000000000e+03,2.080000000000000000e+02,6.580000000000000000e+02,1.548000000000000000e+03,3.600000000000000000e+02,2.740000000000000000e+02,2.168000000000000000e+03,6.600000000000000000e+01,2.800000000000000000e+01,1.629000000000000000e+03,1.500000000000000000e+01,4.090000000000000000e+02,5.670000000000000000e+02,1.632000000000000000e+03,1.190000000000000000e+03,1.240000000000000000e+02,1.575000000000000000e+03,2.610000000000000000e+02,5.300000000000000000e+01,1.478000000000000000e+03,1.800000000000000000e+01,1.500000000000000000e+01,8.060000000000000000e+02,3.300000000000000000e+01,1.620000000000000000e+02,1.810000000000000000e+02,2.150000000000000000e+03,1.641000000000000000e+03,4.280000000000000000e+02,4.100000000000000000e+01,5.200000000000000000e+02,4.060000000000000000e+02,4.600000000000000000e+02,3.680000000000000000e+02,3.060000000000000000e+02,5.420000000000000000e+02,5.720000000000000000e+02,3.530000000000000000e+02,6.500000000000000000e+02,7.600000000000000000e+01,6.000000000000000000e+00,1.695000000000000000e+03,1.537000000000000000e+03,3.590000000000000000e+02,4.450000000000000000e+02,1.776000000000000000e+03,5.700000000000000000e+01,5.550000000000000000e+02,1.627000000000000000e+03,5.200000000000000000e+01,1.193000000000000000e+03,5.100000000000000000e+01,1.500000000000000000e+01,5.350000000000000000e+02,1.310000000000000000e+02,1.421000000000000000e+03,2.210000000000000000e+02,4.970000000000000000e+02,3.130000000000000000e+02,2.090000000000000000e+02,4.000000000000000000e+00,1.223000000000000000e+03,4.190000000000000000e+02,9.970000000000000000e+02,3.900000000000000000e+02,8.060000000000000000e+02,2.970000000000000000e+02,1.648000000000000000e+03,1.185000000000000000e+03,1.698000000000000000e+03,1.065000000000000000e+03,4.100000000000000000e+01,5.250000000000000000e+02,6.640000000000000000e+02,7.490000000000000000e+02,6.450000000000000000e+02,7.310000000000000000e+02,2.260000000000000000e+02,2.190000000000000000e+02,1.453000000000000000e+03,3.880000000000000000e+02,3.540000000000000000e+02,2.109000000000000000e+03,3.200000000000000000e+02,8.300000000000000000e+02,1.655000000000000000e+03,5.820000000000000000e+02,1.000000000000000000e+00,8.200000000000000000e+01,1.327000000000000000e+03,5.870000000000000000e+02,7.180000000000000000e+02,1.396000000000000000e+03,1.502000000000000000e+03,1.584000000000000000e+03,1.346000000000000000e+03,7.100000000000000000e+02,1.210000000000000000e+02,1.648000000000000000e+03,1.550000000000000000e+03,1.369000000000000000e+03,1.459000000000000000e+03,2.600000000000000000e+01,3.400000000000000000e+01,1.493000000000000000e+03,1.210000000000000000e+02,1.541000000000000000e+03,1.640000000000000000e+02,1.240000000000000000e+02,3.400000000000000000e+01,1.100000000000000000e+01,2.810000000000000000e+02,1.380000000000000000e+02,1.724000000000000000e+03,1.422000000000000000e+03,1.798000000000000000e+03,7.000000000000000000e+00,7.870000000000000000e+02
1.796000000000000000e+03,1.436000000000000000e+03,7.660000000000000000e+02,6.340000000000000000e+02,7.100000000000000000e+02,6.650000000000000000e+02,1.440000000000000000e+02,5.410000000000000000e+02,7.500000000000000000e+02,1.900000000000000000e+01,3.090000000000000000e+02,3.000000000000000000e+02,1.351000000000000000e+03,1.701000000000000000e+03,1.480000000000000000e+02,1.060000000000000000e+02,5.190000000000000000e+02,1.640000000000000000e+03,1.508000000000000000e+03,5.000000000000000000e+00,6.510000000000000000e+02,6.510000000000000000e+02,1.515000000000000000e+03,1.844000000000000000e+03,2.400000000000000000e+01,7.360000000000000000e+02,7.200000000000000000e+02,1.714000000000000000e+03,1.815000000000000000e+03,1.495000000000000000e+03,1.615000000000000000e+03,1.577000000000000000e+03,2.700000000000000000e+02,1.730000000000000000e+03,3.800000000000000000e+01,8.240000000000000000e+02,8.200000000000000000e+01,1.656000000000000000e+03,6.100000000000000000e+02,1.483000000000000000e+03,1.360000000000000000e+02,1.781000000000000000e+03,2.620000000000000000e+02,1.786000000000000000e+03,9.100000000000000000e+01,6.530000000000000000e+02,1.100000000000000000e+01,5.500000000000000000e+01,5.210000000000000000e+02,2.850000000000000000e+02,2.860000000000000000e+02,6.290000000000000000e+02,7.620000000000000000e+02,7.800000000000000000e+01,1.680000000000000000e+03,1.620000000000000000e+03,8.800000000000000000e+01,1.749000000000000000e+03,7.770000000000000000e+02,6.370000000000000000e+02,2.880000000000000000e+02,7.400000000000000000e+02,7.270000000000000000e+02,1.399000000000000000e+03,4.720000000000000000e+02,1.911000000000000000e+03,1.617000000000000000e+03,1.468000000000000000e+03,0.000000000000000000e+00,2.510000000000000000e+02,1.693000000000000000e+03,7.340000000000000000e+02,1.703000000000000000e+03,1.520000000000000000e+03,3.620000000000000000e+02,1.810000000000000000e+03,5.500000000000000000e+02,1.901000000000000000e+03,7.160000000000000000e+02,1.568000000000000000e+03,2.391000000000000000e+03,7.940000000000000000e+02,8.410000000000000000e+02,6.540000000000000000e+02,2.820000000000000000e+02,1.803000000000000000e+03,1.487000000000000000e+03,5.840000000000000000e+02,1.768000000000000000e+03,1.909000000000000000e+03,6.400000000000000000e+02,6.480000000000000000e+02,1.950000000000000000e+03,1.739000000000000000e+03,6.250000000000000000e+02,2.540000000000000000e+02,1.427000000000000000e+03,1.569000000000000000e+03,1.620000000000000000e+02,7.900000000000000000e+01,4.740000000000000000e+02,8.400000000000000000e+01,1.798000000000000000e+03,6.370000000000000000e+02,1.533000000000000000e+03,4.430000000000000000e+02,6.290000000000000000e+02,2.450000000000000000e+02,1.819000000000000000e+03,8.030000000000000000e+02,1.791000000000000000e+03,4.900000000000000000e+02,1.544000000000000000e+03,8.500000000000000000e+01,1.844000000000000000e+03,3.060000000000000000e+02,1.770000000000000000e+03,7.410000000000000000e+02,1.701000000000000000e+03,1.809000000000000000e+03,5.000000000000000000e+01,2.384000000000000000e+03,3.100000000000000000e+02,1.848000000000000000e+03,1.752000000000000000e+03,5.130000000000000000e+02,1.000000000000000000e+01,1.489000000000000000e+03,7.600000000000000000e+01,6.880000000000000000e+02,5.500000000000000000e+01,7.970000000000000000e+02,7.430000000000000000e+02,4.300000000000000000e+01,2.480000000000000000e+02,7.700000000000000000e+01,1.777000000000000000e+03,8.740000000000000000e+02,1.707000000000000000e+03,3.040000000000000000e+02,7.050000000000000000e+02,1.934000000000000000e+03,1.790000000000000000e+03,8.030000000000000000e+02,9.100000000000000000e+01,2.240000000000000000e+02,4.440000000000000000e+02,1.866000000000000000e+03,4.750000000000000000e+02,7.490000000000000000e+02,1.834000000000000000e+03,5.410000000000000000e+02,3.210000000000000000e+02,2.304000000000000000e+03,1.830000000000000000e+02,1.650000000000000000e+02,1.834000000000000000e+03,2.600000000000000000e+01,6.210000000000000000e+02,6.900000000000000000e+02,1.855000000000000000e+03,1.627000000000000000e+03,1.390000000000000000e+02,1.495000000000000000e+03,2.500000000000000000e+02,1.320000000000000000e+02,1.812000000000000000e+03,3.900000000000000000e+01,1.170000000000000000e+02,1.410000000000000000e+03,5.700000000000000000e+01,2.650000000000000000e+02,4.580000000000000000e+02,2.254000000000000000e+03,1.878000000000000000e+03,5.700000000000000000e+02,9.100000000000000000e+01,6.470000000000000000e+02,6.390000000000000000e+02,1.307000000000000000e+03,5.640000000000000000e+02,5.500000000000000000e+02,6.850000000000000000e+02,7.700000000000000000e+02,5.620000000000000000e+02,7.300000000000000000e+02,1.810000000000000000e+02,2.000000000000000000e+01,1.862000000000000000e+03,1.818000000000000000e+03,6.310000000000000000e+02,6.940000000000000000e+02,1.875000000000000000e+03,1.830000000000000000e+02,6.830000000000000000e+02,1.832000000000000000e+03,1.080000000000000000e+02,1.535000000000000000e+03,1.230000000000000000e+02,3.300000000000000000e+01,6.460000000000000000e+02,1.400000000000000000e+02,1.716000000000000000e+03,5.530000000000000000e+02,1.246000000000000000e+03,6.780000000000000000e+02,5.100000000000000000e+02,2.600000000000000000e+01,1.587000000000000000e+03,5.780000000000000000e+02,1.551000000000000000e+03,6.140000000000000000e+02,1.635000000000000000e+03,5.390000000000000000e+02,1.489000000000000000e+03,1.657000000000000000e+03,1.863000000000000000e+03,1.502000000000000000e+03,2.600000000000000000e+01,1.277000000000000000e+03,6.850000000000000000e+02,8.080000000000000000e+02,1.366000000000000000e+03,8.350000000000000000e+02,3.090000000000000000e+02,2.910000000000000000e+02,1.446000000000000000e+03,5.590000000000000000e+02,5.610000000000000000e+02,2.240000000000000000e+03,4.940000000000000000e+02,1.502000000000000000e+03,1.863000000000000000e+03,8.230000000000000000e+02,2.300000000000000000e+01,1.680000000000000000e+02,1.807000000000000000e+03,7.670000000000000000e+02,8.410000000000000000e+02,1.683000000000000000e+03,1.789000000000000000e+03,1.447000000000000000e+03,1.802000000000000000e+03,7.660000000000000000e+02,2.320000000000000000e+02,1.514000000000000000e+03,1.853000000000000000e+03,1.708000000000000000e+03,1.824000000000000000e+03,4.800000000000000000e+01,7.800000000000000000e+01,1.763000000000000000e+03,2.800000000000000000e+02,1.553000000000000000e+03,4.600000000000000000e+02,3.560000000000000000e+02,1.130000000000000000e+02,2.200000000000000000e+01,4.760000000000000000e+02,4.350000000000000000e+02,1.853000000000000000e+03,1.885000000000000000e+03,1.858000000000000000e+03,7.400000000000000000e+01,8.590000000000000000e+02
2.150000000000000000e+02,2.250000000000000000e+02,9.100000000000000000e+01,5.100000000000000000e+01,1.030000000000000000e+02,4.200000000000000000e+01,0.000000000000000000e+00,3.700000000000000000e+01,8.900000000000000000e+01,0.000000000000000000e+00,0.000000000000000000e+00,0.000000000000000000e+00,1.230000000000000000e+02,2.280000000000000000e+02,0.000000000000000000e+00,0.000000000000000000e+00,2.800000000000000000e+01,1.580000000000000000e+02,1.240000000000000000e+02,0.000000000000000000e+00,8.100000000000000000e+01,7.200000000000000000e+01,1.700000000000000000e+02,2.560000000000000000e+02,0.000000000000000000e+00,7.400000000000000000e+01,6.300000000000000000e+01,2.230000000000000000e+02,2.250000000000000000e+02,2.230000000000000000e+02,1.450000000000000000e+02,2.330000000000000000e+02,0.000000000000000000e+00,2.020000000000000000e+02,0.000000000000000000e+00,9.900000000000000000e+01,0.000000000000000000e+00,2.140000000000000000e+02,7.300000000000000000e+01,2.330000000000000000e+02,0.000000000000000000e+00,2.500000000000000000e+02,0.000000000000000000e+00,1.990000000000000000e+02,0.000000000000000000e+00,7.900000000000000000e+01,0.000000000000000000e+00,0.000000000000000000e+00,2.600000000000000000e+01,0.000000000000000000e+00,0.000000000000000000e+00,5.000000000000000000e+01,7.800000000000000000e+01,0.000000000000000000e+00,1.650000000000000000e+02,1.850000000000000000e+02,0.000000000000000000e+00,1.930000000000000000e+02,9.000000000000000000e+01,7.100000000000000000e+01,0.000000000000000000e+00,6.100000000000000000e+01,1.010000000000000000e+02,1.260000000000000000e+02,4.100000000000000000e+01,2.710000000000000000e+02,1.650000000000000000e+02,1.290000000000000000e+02,7.100000000000000000e+01,0.000000000000000000e+00,1.930000000000000000e+02,6.600000000000000000e+01,1.680000000000000000e+02,1.810000000000000000e+02,1.700000000000000000e+01,1.770000000000000000e+02,2.900000000000000000e+01,2.470000000000000000e+02,3.800000000000000000e+01,2.450000000000000000e+02,3.230000000000000000e+02,8.600000000000000000e+01,1.020000000000000000e+02,7.100000000000000000e+01,0.000000000000000000e+00,2.480000000000000000e+02,1.150000000000000000e+02,4.200000000000000000e+01,2.040000000000000000e+02,2.370000000000000000e+02,6.000000000000000000e+01,1.040000000000000000e+02,2.560000000000000000e+02,2.200000000000000000e+02,8.300000000000000000e+01,0.000000000000000000e+00,1.990000000000000000e+02,2.230000000000000000e+02,0.000000000000000000e+00,0.000000000000000000e+00,3.700000000000000000e+01,0.000000000000000000e+00,2.650000000000000000e+02,6.200000000000000000e+01,2.080000000000000000e+02,2.900000000000000000e+01,6.000000000000000000e+01,2.400000000000000000e+01,2.550000000000000000e+02,1.010000000000000000e+02,2.470000000000000000e+02,3.700000000000000000e+01,2.040000000000000000e+02,0.000000000000000000e+00,2.660000000000000000e+02,0.000000000000000000e+00,2.340000000000000000e+02,8.300000000000000000e+01,2.280000000000000000e+02,2.300000000000000000e+02,0.000000000000000000e+00,3.070000000000000000e+02,0.000000000000000000e+00,2.450000000000000000e+02,2.520000000000000000e+02,3.500000000000000000e+01,0.000000000000000000e+00,2.440000000000000000e+02,0.000000000000000000e+00,9.200000000000000000e+01,0.000000000000000000e+00,6.600000000000000000e+01,4.100000000000000000e+01,1.700000000000000000e+01,0.000000000000000000e+00,0.000000000000000000e+00,2.410000000000000000e+02,8.400000000000000000e+01,2.170000000000000000e+02,0.000000000000000000e+00,9.300000000000000000e+01,2.720000000000000000e+02,1.910000000000000000e+02,9.200000000000000000e+01,0.000000000000000000e+00,0.000000000000000000e+00,3.200000000000000000e+01,2.540000000000000000e+02,3.200000000000000000e+01,9.500000000000000000e+01,1.980000000000000000e+02,4.600000000000000000e+01,0.000000000000000000e+00,3.620000000000000000e+02,5.000000000000000000e+00,0.000000000000000000e+00,2.520000000000000000e+02,0.000000000000000000e+00,6.900000000000000000e+01,7.400000000000000000e+01,2.320000000000000000e+02,1.530000000000000000e+02,0.000000000000000000e+00,2.090000000000000000e+02,0.000000000000000000e+00,0.000000000000000000e+00,2.240000000000000000e+02,0.000000000000000000e+00,0.000000000000000000e+00,1.330000000000000000e+02,0.000000000000000000e+00,0.000000000000000000e+00,2.500000000000000000e+01,3.490000000000000000e+02,2.770000000000000000e+02,6.400000000000000000e+01,0.000000000000000000e+00,8.000000000000000000e+01,5.800000000000000000e+01,1.020000000000000000e+02,4.100000000000000000e+01,3.600000000000000000e+01,7.400000000000000000e+01,1.120000000000000000e+02,5.200000000000000000e+01,9.600000000000000000e+01,0.000000000000000000e+00,0.000000000000000000e+00,2.450000000000000000e+02,2.400000000000000000e+02,3.800000000000000000e+01,9.200000000000000000e+01,2.670000000000000000e+02,0.000000000000000000e+00,8.300000000000000000e+01,1.950000000000000000e+02,0.000000000000000000e+00,1.550000000000000000e+02,0.000000000000000000e+00,0.000000000000000000e+00,8.100000000000000000e+01,0.000000000000000000e+00,2.110000000000000000e+02,3.400000000000000000e+01,9.500000000000000000e+01,4.700000000000000000e+01,3.900000000000000000e+01,0.000000000000000000e+00,1.770000000000000000e+02,4.600000000000000000e+01,1.590000000000000000e+02,5.200000000000000000e+01,1.560000000000000000e+02,5.100000000000000000e+01,2.430000000000000000e+02,1.730000000000000000e+02,2.490000000000000000e+02,1.550000000000000000e+02,0.000000000000000000e+00,1.050000000000000000e+02,9.900000000000000000e+01,8.400000000000000000e+01,1.070000000000000000e+02,8.400000000000000000e+01,0.000000000000000000e+00,0.000000000000000000e+00,2.150000000000000000e+02,5.000000000000000000e+01,5.400000000000000000e+01,3.210000000000000000e+02,4.200000000000000000e+01,1.300000000000000000e+02,2.550000000000000000e+02,9.000000000000000000e+01,0.000000000000000000e+00,0.000000000000000000e+00,2.530000000000000000e+02,5.800000000000000000e+01,8.500000000000000000e+01,2.520000000000000000e+02,2.460000000000000000e+02,2.190000000000000000e+02,2.300000000000000000e+02,1.210000000000000000e+02,0.000000000000000000e+00,2.310000000000000000e+02,2.540000000000000000e+02,2.230000000000000000e+02,2.270000000000000000e+02,0.000000000000000000e+00,0.000000000000000000e+00,2.020000000000000000e+02,2.500000000000000000e+01,2.260000000000000000e+02,2.800000000000000000e+01,1.900000000000000000e+01,0.000000000000000000e+00,0.000000000000000000e+00,5.500000000000000000e+01,1.900000000000000000e+01,2.490000000000000000e+02,2.410000000000000000e+02,2.280000000000000000e+02,0.000000000000000000e+00,1.050000000000000000e+02
2.892000000000000000e+03,3.045000000000000000e+03,1.264000000000000000e+03,7.050000000000000000e+02,1.079000000000000000e+03,5.860000000000000000e+02,6.000000000000000000e+01,3.170000000000000000e+02,1.487000000000000000e+03,1.400000000000000000e+01,6.550000000000000000e+02,6.730000000000000000e+02,7.540000000000000000e+02,3.091000000000000000e+03,3.380000000000000000e+02,6.200000000000000000e+01,2.610000000000000000e+02,1.714000000000000000e+03,1.215000000000000000e+03,1.300000000000000000e+01,8.150000000000000000e+02,6.990000000000000000e+02,1.850000000000000000e+03,3.467000000000000000e+03,1.400000000000000000e+01,1.443000000000000000e+03,8.090000000000000000e+02,1.882000000000000000e+03,3.057000000000000000e+03,3.518000000000000000e+03,1.480000000000000000e+03,1.444000000000000000e+03,4.110000000000000000e+02,2.360000000000000000e+03,3.400000000000000000e+01,1.522000000000000000e+03,4.300000000000000000e+01,1.684000000000000000e+03,1.064000000000000000e+03,3.658000000000000000e+03,2.850000000000000000e+02,2.640000000000000000e+03,1.080000000000000000e+02,2.465000000000000000e+03,4.400000000000000000e+01,3.820000000000000000e+02,2.200000000000000000e+01,3.200000000000000000e+01,2.570000000000000000e+02,5.710000000000000000e+02,7.050000000000000000e+02,3.530000000000000000e+02,1.115000000000000000e+03,3.900000000000000000e+01,2.161000000000000000e+03,2.256000000000000000e+03,2.300000000000000000e+01,2.342000000000000000e+03,1.209000000000000000e+03,5.310000000000000000e+02,3.170000000000000000e+02,6.580000000000000000e+02,1.277000000000000000e+03,3.730000000000000000e+02,1.030000000000000000e+02,3.685000000000000000e+03,1.598000000000000000e+03,1.071000000000000000e+03,3.510000000000000000e+02,2.990000000000000000e+02,0.000000000000000000e+00,8.420000000000000000e+02,1.908000000000000000e+03,1.595000000000000000e+03,1.440000000000000000e+02,1.742000000000000000e+03,2.470000000000000000e+02,3.185000000000000000e+03,5.660000000000000000e+02,3.137000000000000000e+03,5.224000000000000000e+03,1.479000000000000000e+03,1.708000000000000000e+03,8.040000000000000000e+02,6.600000000000000000e+02,3.130000000000000000e+03,1.116000000000000000e+03,2.770000000000000000e+02,2.263000000000000000e+03,3.607000000000000000e+03,3.640000000000000000e+02,8.800000000000000000e+02,3.612000000000000000e+03,1.976000000000000000e+03,4.990000000000000000e+02,4.560000000000000000e+02,1.849000000000000000e+03,3.461000000000000000e+03,3.800000000000000000e+01,7.000000000000000000e+00,2.150000000000000000e+02,3.400000000000000000e+01,3.089000000000000000e+03,5.190000000000000000e+02,2.202000000000000000e+03,1.940000000000000000e+02,6.170000000000000000e+02,1.000000000000000000e+02,3.117000000000000000e+03,1.596000000000000000e+03,3.349000000000000000e+03,2.700000000000000000e+02,2.842000000000000000e+03,2.000000000000000000e+00,3.769000000000000000e+03,6.530000000000000000e+02,3.433000000000000000e+03,1.399000000000000000e+03,2.846000000000000000e+03,3.296000000000000000e+03,2.700000000000000000e+01,5.168000000000000000e+03,6.890000000000000000e+02,3.521000000000000000e+03,3.310000000000000000e+03,2.200000000000000000e+02,2.300000000000000000e+01,3.555000000000000000e+03,2.700000000000000000e+01,1.204000000000000000e+03,2.100000000000000000e+01,3.180000000000000000e+02,3.580000000000000000e+02,8.900000000000000000e+01,1.480000000000000000e+02,8.400000000000000000e+01,2.873000000000000000e+03,3.570000000000000000e+02,2.512000000000000000e+03,6.670000000000000000e+02,9.780000000000000000e+02,2.884000000000000000e+03,1.754000000000000000e+03,1.476000000000000000e+03,3.200000000000000000e+01,1.480000000000000000e+02,1.460000000000000000e+02,2.905000000000000000e+03,2.380000000000000000e+02,1.413000000000000000e+03,3.071000000000000000e+03,3.990000000000000000e+02,6.960000000000000000e+02,5.092000000000000000e+03,7.300000000000000000e+01,7.500000000000000000e+01,3.049000000000000000e+03,1.500000000000000000e+01,5.410000000000000000e+02,1.077000000000000000e+03,3.001000000000000000e+03,2.153000000000000000e+03,3.330000000000000000e+02,3.058000000000000000e+03,4.030000000000000000e+02,5.200000000000000000e+01,2.806000000000000000e+03,1.500000000000000000e+01,3.500000000000000000e+01,1.064000000000000000e+03,0.000000000000000000e+00,2.090000000000000000e+02,1.910000000000000000e+02,5.126000000000000000e+03,3.080000000000000000e+03,6.510000000000000000e+02,1.300000000000000000e+01,1.021000000000000000e+03,7.790000000000000000e+02,2.330000000000000000e+02,5.050000000000000000e+02,3.170000000000000000e+02,1.172000000000000000e+03,1.465000000000000000e+03,5.910000000000000000e+02,1.608000000000000000e+03,8.900000000000000000e+01,4.000000000000000000e+00,3.699000000000000000e+03,2.823000000000000000e+03,5.100000000000000000e+02,7.680000000000000000e+02,3.203000000000000000e+03,2.500000000000000000e+01,1.106000000000000000e+03,3.308000000000000000e+03,4.800000000000000000e+01,1.754000000000000000e+03,2.900000000000000000e+01,1.400000000000000000e+01,1.012000000000000000e+03,3.110000000000000000e+02,2.760000000000000000e+03,2.540000000000000000e+02,5.410000000000000000e+02,3.530000000000000000e+02,2.620000000000000000e+02,2.000000000000000000e+00,1.911000000000000000e+03,3.600000000000000000e+02,1.419000000000000000e+03,5.700000000000000000e+02,1.021000000000000000e+03,3.380000000000000000e+02,3.722000000000000000e+03,2.223000000000000000e+03,3.702000000000000000e+03,1.296000000000000000e+03,1.700000000000000000e+01,6.770000000000000000e+02,1.383000000000000000e+03,1.502000000000000000e+03,8.050000000000000000e+02,1.480000000000000000e+03,5.060000000000000000e+02,4.290000000000000000e+02,2.741000000000000000e+03,4.070000000000000000e+02,3.710000000000000000e+02,5.157000000000000000e+03,3.660000000000000000e+02,1.073000000000000000e+03,3.009000000000000000e+03,1.367000000000000000e+03,5.000000000000000000e+00,5.100000000000000000e+01,2.770000000000000000e+03,1.055000000000000000e+03,1.613000000000000000e+03,2.809000000000000000e+03,3.591000000000000000e+03,3.142000000000000000e+03,2.860000000000000000e+03,1.693000000000000000e+03,9.700000000000000000e+01,3.487000000000000000e+03,3.354000000000000000e+03,2.459000000000000000e+03,3.323000000000000000e+03,1.900000000000000000e+01,2.300000000000000000e+01,2.888000000000000000e+03,1.120000000000000000e+02,2.968000000000000000e+03,9.500000000000000000e+01,3.500000000000000000e+01,2.700000000000000000e+01,0.000000000000000000e+00,2.680000000000000000e+02,1.430000000000000000e+02,3.649000000000000000e+03,3.494000000000000000e+03,3.205000000000000000e+03,4.400000000000000000e+01,1.604000000000000000e+03
7.080000000000000000e+02,8.370000000000000000e+02,2.060000000000000000e+02,1.230000000000000000e+02,2.180000000000000000e+02,1.120000000000000000e+02,2.600000000000000000e+01,7.300000000000000000e+01,2.770000000000000000e+02,4.000000000000000000e+00,2.100000000000000000e+02,1.560000000000000000e+02,3.000000000000000000e+02,8.550000000000000000e+02,8.800000000000000000e+01,3.100000000000000000e+01,6.600000000000000000e+01,5.740000000000000000e+02,4.550000000000000000e+02,5.000000000000000000e+00,1.370000000000000000e+02,1.220000000000000000e+02,5.700000000000000000e+02,9.970000000000000000e+02,2.000000000000000000e+00,2.670000000000000000e+02,1.470000000000000000e+02,5.720000000000000000e+02,9.510000000000000000e+02,1.056000000000000000e+03,4.650000000000000000e+02,4.940000000000000000e+02,8.600000000000000000e+01,6.470000000000000000e+02,9.000000000000000000e+00,4.250000000000000000e+02,1.000000000000000000e+01,5.630000000000000000e+02,1.750000000000000000e+02,1.177000000000000000e+03,7.700000000000000000e+01,8.250000000000000000e+02,4.500000000000000000e+01,6.820000000000000000e+02,2.200000000000000000e+01,1.030000000000000000e+02,5.000000000000000000e+00,1.600000000000000000e+01,5.700000000000000000e+01,1.620000000000000000e+02,1.890000000000000000e+02,8.900000000000000000e+01,1.610000000000000000e+02,1.500000000000000000e+01,6.740000000000000000e+02,6.580000000000000000e+02,2.000000000000000000e+00,6.000000000000000000e+02,2.300000000000000000e+02,1.370000000000000000e+02,9.300000000000000000e+01,1.350000000000000000e+02,1.910000000000000000e+02,3.390000000000000000e+02,7.000000000000000000e+01,1.048000000000000000e+03,4.270000000000000000e+02,3.960000000000000000e+02,1.350000000000000000e+02,7.700000000000000000e+01,6.640000000000000000e+02,0.000000000000000000e+00,5.540000000000000000e+02,5.120000000000000000e+02,2.300000000000000000e+01,5.270000000000000000e+02,5.600000000000000000e+01,7.980000000000000000e+02,1.110000000000000000e+02,8.260000000000000000e+02,1.624000000000000000e+03,3.850000000000000000e+02,4.110000000000000000e+02,1.310000000000000000e+02,1.900000000000000000e+02,8.820000000000000000e+02,3.940000000000000000e+02,7.900000000000000000e+01,6.140000000000000000e+02,1.101000000000000000e+03,9.300000000000000000e+01,1.500000000000000000e+02,1.087000000000000000e+03,5.990000000000000000e+02,1.290000000000000000e+02,1.380000000000000000e+02,5.900000000000000000e+02,1.044000000000000000e+03,1.100000000000000000e+01,1.700000000000000000e+01,6.200000000000000000e+01,1.800000000000000000e+01,9.600000000000000000e+02,8.200000000000000000e+01,6.600000000000000000e+02,4.400000000000000000e+01,1.210000000000000000e+02,2.500000000000000000e+01,1.023000000000000000e+03,4.780000000000000000e+02,9.810000000000000000e+02,7.400000000000000000e+01,7.950000000000000000e+02,1.600000000000000000e+01,1.122000000000000000e+03,1.520000000000000000e+02,8.910000000000000000e+02,2.520000000000000000e+02,7.620000000000000000e+02,9.240000000000000000e+02,1.000000000000000000e+01,1.585000000000000000e+03,1.910000000000000000e+02,1.006000000000000000e+03,8.930000000000000000e+02,4.000000000000000000e+01,4.000000000000000000e+00,1.116000000000000000e+03,1.700000000000000000e+01,2.330000000000000000e+02,1.900000000000000000e+01,1.620000000000000000e+02,7.300000000000000000e+01,8.000000000000000000e+00,4.400000000000000000e+01,2.000000000000000000e+01,7.490000000000000000e+02,1.590000000000000000e+02,6.190000000000000000e+02,1.530000000000000000e+02,1.720000000000000000e+02,7.620000000000000000e+02,4.810000000000000000e+02,3.700000000000000000e+02,1.200000000000000000e+01,7.200000000000000000e+01,4.300000000000000000e+01,7.460000000000000000e+02,5.900000000000000000e+01,2.510000000000000000e+02,8.300000000000000000e+02,9.200000000000000000e+01,1.730000000000000000e+02,1.589000000000000000e+03,2.200000000000000000e+01,2.800000000000000000e+01,1.120000000000000000e+03,7.000000000000000000e+00,8.500000000000000000e+01,1.840000000000000000e+02,8.910000000000000000e+02,5.850000000000000000e+02,8.200000000000000000e+01,9.060000000000000000e+02,1.100000000000000000e+02,2.300000000000000000e+01,7.530000000000000000e+02,1.300000000000000000e+01,1.700000000000000000e+01,3.760000000000000000e+02,1.000000000000000000e+01,6.400000000000000000e+01,4.000000000000000000e+01,1.594000000000000000e+03,9.720000000000000000e+02,1.310000000000000000e+02,1.900000000000000000e+01,1.840000000000000000e+02,1.330000000000000000e+02,2.150000000000000000e+02,1.040000000000000000e+02,7.100000000000000000e+01,1.870000000000000000e+02,2.180000000000000000e+02,9.800000000000000000e+01,3.250000000000000000e+02,4.000000000000000000e+01,4.000000000000000000e+00,9.910000000000000000e+02,7.640000000000000000e+02,9.900000000000000000e+01,1.320000000000000000e+02,1.169000000000000000e+03,1.600000000000000000e+01,2.010000000000000000e+02,8.880000000000000000e+02,1.300000000000000000e+01,5.530000000000000000e+02,1.400000000000000000e+01,2.000000000000000000e+00,1.990000000000000000e+02,8.800000000000000000e+01,8.060000000000000000e+02,6.500000000000000000e+01,1.630000000000000000e+02,8.600000000000000000e+01,8.100000000000000000e+01,5.000000000000000000e+00,5.480000000000000000e+02,8.100000000000000000e+01,4.150000000000000000e+02,1.340000000000000000e+02,3.840000000000000000e+02,7.500000000000000000e+01,1.180000000000000000e+03,6.590000000000000000e+02,1.055000000000000000e+03,4.430000000000000000e+02,4.000000000000000000e+00,2.740000000000000000e+02,2.460000000000000000e+02,4.370000000000000000e+02,3.390000000000000000e+02,4.080000000000000000e+02,1.310000000000000000e+02,7.500000000000000000e+01,8.250000000000000000e+02,8.000000000000000000e+01,8.800000000000000000e+01,1.551000000000000000e+03,8.900000000000000000e+01,3.590000000000000000e+02,9.570000000000000000e+02,2.740000000000000000e+02,1.000000000000000000e+00,4.600000000000000000e+01,7.380000000000000000e+02,1.880000000000000000e+02,4.340000000000000000e+02,7.380000000000000000e+02,1.082000000000000000e+03,9.510000000000000000e+02,8.340000000000000000e+02,4.220000000000000000e+02,5.200000000000000000e+01,1.097000000000000000e+03,9.080000000000000000e+02,6.270000000000000000e+02,9.420000000000000000e+02,4.000000000000000000e+00,5.000000000000000000e+00,7.440000000000000000e+02,3.300000000000000000e+01,8.940000000000000000e+02,4.800000000000000000e+01,4.900000000000000000e+01,2.100000000000000000e+01,7.000000000000000000e+00,6.600000000000000000e+01,5.500000000000000000e+01,1.012000000000000000e+03,1.031000000000000000e+03,1.141000000000000000e+03,1.200000000000000000e+01,4.370000000000000000e+02
1.300000000000000000e+03,1.435000000000000000e+03,6.470000000000000000e+02,3.640000000000000000e+02,5.770000000000000000e+02,3.450000000000000000e+02,2.100000000000000000e+01,8.900000000000000000e+01,6.010000000000000000e+02,5.000000000000000000e+00,2.840000000000000000e+02,2.650000000000000000e+02,3.550000000000000000e+02,1.442000000000000000e+03,1.420000000000000000e+02,3.500000000000000000e+01,1.280000000000000000e+02,8.140000000000000000e+02,6.650000000000000000e+02,1.000000000000000000e+01,3.930000000000000000e+02,4.500000000000000000e+02,9.430000000000000000e+02,1.458000000000000000e+03,0.000000000000000000e+00,6.400000000000000000e+02,3.950000000000000000e+02,1.081000000000000000e+03,1.590000000000000000e+03,1.584000000000000000e+03,7.880000000000000000e+02,8.110000000000000000e+02,1.950000000000000000e+02,1.088000000000000000e+03,5.000000000000000000e+00,7.510000000000000000e+02,1.400000000000000000e+01,1.010000000000000000e+03,5.130000000000000000e+02,1.717000000000000000e+03,1.340000000000000000e+02,1.483000000000000000e+03,5.700000000000000000e+01,1.137000000000000000e+03,1.000000000000000000e+01,2.340000000000000000e+02,1.900000000000000000e+01,5.000000000000000000e+00,1.340000000000000000e+02,2.770000000000000000e+02,3.120000000000000000e+02,1.660000000000000000e+02,5.520000000000000000e+02,2.400000000000000000e+01,1.101000000000000000e+03,1.093000000000000000e+03,1.600000000000000000e+01,1.093000000000000000e+03,5.550000000000000000e+02,3.660000000000000000e+02,1.720000000000000000e+02,3.400000000000000000e+02,5.140000000000000000e+02,5.520000000000000000e+02,1.650000000000000000e+02,1.513000000000000000e+03,7.940000000000000000e+02,6.050000000000000000e+02,2.260000000000000000e+02,1.210000000000000000e+02,1.313000000000000000e+03,3.950000000000000000e+02,0.000000000000000000e+00,8.870000000000000000e+02,7.700000000000000000e+01,9.400000000000000000e+02,6.700000000000000000e+01,1.589000000000000000e+03,2.660000000000000000e+02,1.455000000000000000e+03,2.335000000000000000e+03,6.980000000000000000e+02,7.770000000000000000e+02,3.900000000000000000e+02,3.310000000000000000e+02,1.488000000000000000e+03,4.940000000000000000e+02,1.190000000000000000e+02,1.111000000000000000e+03,1.619000000000000000e+03,2.560000000000000000e+02,3.780000000000000000e+02,1.604000000000000000e+03,1.092000000000000000e+03,3.860000000000000000e+02,2.700000000000000000e+02,9.840000000000000000e+02,1.593000000000000000e+03,2.200000000000000000e+01,2.200000000000000000e+01,6.600000000000000000e+01,8.000000000000000000e+00,1.582000000000000000e+03,2.410000000000000000e+02,1.112000000000000000e+03,5.800000000000000000e+01,3.300000000000000000e+02,4.200000000000000000e+01,1.603000000000000000e+03,6.850000000000000000e+02,1.377000000000000000e+03,1.590000000000000000e+02,1.291000000000000000e+03,2.100000000000000000e+01,1.450000000000000000e+03,3.030000000000000000e+02,1.438000000000000000e+03,6.420000000000000000e+02,1.439000000000000000e+03,1.563000000000000000e+03,5.000000000000000000e+00,2.221000000000000000e+03,2.820000000000000000e+02,1.714000000000000000e+03,1.561000000000000000e+03,8.400000000000000000e+01,1.700000000000000000e+01,1.625000000000000000e+03,1.000000000000000000e+01,5.340000000000000000e+02,7.000000000000000000e+00,4.600000000000000000e+01,1.900000000000000000e+02,5.800000000000000000e+01,4.300000000000000000e+01,4.900000000000000000e+01,1.424000000000000000e+03,1.380000000000000000e+02,1.305000000000000000e+03,2.970000000000000000e+02,4.880000000000000000e+02,1.477000000000000000e+03,9.050000000000000000e+02,7.260000000000000000e+02,8.000000000000000000e+00,7.200000000000000000e+01,8.800000000000000000e+01,1.491000000000000000e+03,1.130000000000000000e+02,6.680000000000000000e+02,1.364000000000000000e+03,1.710000000000000000e+02,3.050000000000000000e+02,2.297000000000000000e+03,8.000000000000000000e+00,4.600000000000000000e+01,1.752000000000000000e+03,1.700000000000000000e+01,2.200000000000000000e+02,5.580000000000000000e+02,1.503000000000000000e+03,1.008000000000000000e+03,1.270000000000000000e+02,1.390000000000000000e+03,2.000000000000000000e+02,1.900000000000000000e+01,1.429000000000000000e+03,2.700000000000000000e+01,2.000000000000000000e+01,4.960000000000000000e+02,2.000000000000000000e+01,1.220000000000000000e+02,3.900000000000000000e+01,2.324000000000000000e+03,1.649000000000000000e+03,3.460000000000000000e+02,2.100000000000000000e+01,4.880000000000000000e+02,3.280000000000000000e+02,3.010000000000000000e+02,2.460000000000000000e+02,1.280000000000000000e+02,5.300000000000000000e+02,6.320000000000000000e+02,1.720000000000000000e+02,6.960000000000000000e+02,3.900000000000000000e+01,0.000000000000000000e+00,1.666000000000000000e+03,1.375000000000000000e+03,1.820000000000000000e+02,4.160000000000000000e+02,1.782000000000000000e+03,3.700000000000000000e+01,5.040000000000000000e+02,1.609000000000000000e+03,3.000000000000000000e+01,9.150000000000000000e+02,3.400000000000000000e+01,7.000000000000000000e+00,5.840000000000000000e+02,1.250000000000000000e+02,1.406000000000000000e+03,8.900000000000000000e+01,3.150000000000000000e+02,1.670000000000000000e+02,1.600000000000000000e+02,1.000000000000000000e+00,8.300000000000000000e+02,2.050000000000000000e+02,3.090000000000000000e+02,3.470000000000000000e+02,4.880000000000000000e+02,1.940000000000000000e+02,1.664000000000000000e+03,1.082000000000000000e+03,1.535000000000000000e+03,7.490000000000000000e+02,1.900000000000000000e+01,3.180000000000000000e+02,6.410000000000000000e+02,7.490000000000000000e+02,1.760000000000000000e+02,6.990000000000000000e+02,2.530000000000000000e+02,2.440000000000000000e+02,1.313000000000000000e+03,1.670000000000000000e+02,2.320000000000000000e+02,2.346000000000000000e+03,1.750000000000000000e+02,4.490000000000000000e+02,1.587000000000000000e+03,6.410000000000000000e+02,1.000000000000000000e+01,5.500000000000000000e+01,1.260000000000000000e+03,5.280000000000000000e+02,7.110000000000000000e+02,1.287000000000000000e+03,1.682000000000000000e+03,1.446000000000000000e+03,1.321000000000000000e+03,6.910000000000000000e+02,6.900000000000000000e+01,1.621000000000000000e+03,1.604000000000000000e+03,1.312000000000000000e+03,1.562000000000000000e+03,1.800000000000000000e+01,9.000000000000000000e+00,1.142000000000000000e+03,1.200000000000000000e+01,1.399000000000000000e+03,1.140000000000000000e+02,9.000000000000000000e+01,2.900000000000000000e+01,1.000000000000000000e+01,1.810000000000000000e+02,7.200000000000000000e+01,1.421000000000000000e+03,1.594000000000000000e+03,1.707000000000000000e+03,1.400000000000000000e+01,7.010000000000000000e+02
2.137000000000000000e+03,2.246000000000000000e+03,9.110000000000000000e+02,5.350000000000000000e+02,9.530000000000000000e+02,4.860000000000000000e+02,4.300000000000000000e+01,3.190000000000000000e+02,9.760000000000000000e+02,1.400000000000000000e+01,4.610000000000000000e+02,4.210000000000000000e+02,8.040000000000000000e+02,1.991000000000000000e+03,2.150000000000000000e+02,5.900000000000000000e+01,2.280000000000000000e+02,1.374000000000000000e+03,9.240000000000000000e+02,2.300000000000000000e+01,6.750000000000000000e+02,6.020000000000000000e+02,1.584000000000000000e+03,2.443000000000000000e+03,9.000000000000000000e+00,9.640000000000000000e+02,5.930000000000000000e+02,1.768000000000000000e+03,2.071000000000000000e+03,2.521000000000000000e+03,1.480000000000000000e+03,1.405000000000000000e+03,2.630000000000000000e+02,1.927000000000000000e+03,1.300000000000000000e+01,1.041000000000000000e+03,2.500000000000000000e+01,1.635000000000000000e+03,7.620000000000000000e+02,2.636000000000000000e+03,1.860000000000000000e+02,2.149000000000000000e+03,1.160000000000000000e+02,1.958000000000000000e+03,4.600000000000000000e+01,4.070000000000000000e+02,2.900000000000000000e+01,3.100000000000000000e+01,1.500000000000000000e+02,4.130000000000000000e+02,4.530000000000000000e+02,3.490000000000000000e+02,8.650000000000000000e+02,4.500000000000000000e+01,1.854000000000000000e+03,1.774000000000000000e+03,4.000000000000000000e+00,1.914000000000000000e+03,8.710000000000000000e+02,5.300000000000000000e+02,2.710000000000000000e+02,6.190000000000000000e+02,7.910000000000000000e+02,8.610000000000000000e+02,2.480000000000000000e+02,2.550000000000000000e+03,1.395000000000000000e+03,9.700000000000000000e+02,4.150000000000000000e+02,2.520000000000000000e+02,1.926000000000000000e+03,7.080000000000000000e+02,1.672000000000000000e+03,0.000000000000000000e+00,3.300000000000000000e+01,1.508000000000000000e+03,2.180000000000000000e+02,2.348000000000000000e+03,4.870000000000000000e+02,2.378000000000000000e+03,3.378000000000000000e+03,9.830000000000000000e+02,1.056000000000000000e+03,6.150000000000000000e+02,4.750000000000000000e+02,2.084000000000000000e+03,1.026000000000000000e+03,2.910000000000000000e+02,1.846000000000000000e+03,2.031000000000000000e+03,4.490000000000000000e+02,6.310000000000000000e+02,2.134000000000000000e+03,1.697000000000000000e+03,6.330000000000000000e+02,4.110000000000000000e+02,1.646000000000000000e+03,2.410000000000000000e+03,4.400000000000000000e+01,3.200000000000000000e+01,2.000000000000000000e+02,4.600000000000000000e+01,2.428000000000000000e+03,4.490000000000000000e+02,1.912000000000000000e+03,1.820000000000000000e+02,5.620000000000000000e+02,9.600000000000000000e+01,2.495000000000000000e+03,1.141000000000000000e+03,2.430000000000000000e+03,1.490000000000000000e+02,2.051000000000000000e+03,2.400000000000000000e+01,2.568000000000000000e+03,4.260000000000000000e+02,2.502000000000000000e+03,9.650000000000000000e+02,2.207000000000000000e+03,2.347000000000000000e+03,3.700000000000000000e+01,3.494000000000000000e+03,4.760000000000000000e+02,2.486000000000000000e+03,2.433000000000000000e+03,2.050000000000000000e+02,2.800000000000000000e+01,2.456000000000000000e+03,2.700000000000000000e+01,9.540000000000000000e+02,2.700000000000000000e+01,2.910000000000000000e+02,3.330000000000000000e+02,7.900000000000000000e+01,1.280000000000000000e+02,9.300000000000000000e+01,2.109000000000000000e+03,3.880000000000000000e+02,1.877000000000000000e+03,4.560000000000000000e+02,7.760000000000000000e+02,2.272000000000000000e+03,1.548000000000000000e+03,1.150000000000000000e+03,2.400000000000000000e+01,1.210000000000000000e+02,1.090000000000000000e+02,2.174000000000000000e+03,2.110000000000000000e+02,9.380000000000000000e+02,2.282000000000000000e+03,3.330000000000000000e+02,4.850000000000000000e+02,3.284000000000000000e+03,7.500000000000000000e+01,3.200000000000000000e+01,2.558000000000000000e+03,1.300000000000000000e+01,4.620000000000000000e+02,8.760000000000000000e+02,2.369000000000000000e+03,1.588000000000000000e+03,2.010000000000000000e+02,2.272000000000000000e+03,4.010000000000000000e+02,6.000000000000000000e+01,2.179000000000000000e+03,2.700000000000000000e+01,2.700000000000000000e+01,1.003000000000000000e+03,5.100000000000000000e+01,1.970000000000000000e+02,1.550000000000000000e+02,3.447000000000000000e+03,2.499000000000000000e+03,5.860000000000000000e+02,4.400000000000000000e+01,8.910000000000000000e+02,5.220000000000000000e+02,5.500000000000000000e+02,4.650000000000000000e+02,3.040000000000000000e+02,8.720000000000000000e+02,9.270000000000000000e+02,4.850000000000000000e+02,9.970000000000000000e+02,9.200000000000000000e+01,2.000000000000000000e+00,2.514000000000000000e+03,2.173000000000000000e+03,4.410000000000000000e+02,6.850000000000000000e+02,2.570000000000000000e+03,6.000000000000000000e+01,7.630000000000000000e+02,2.399000000000000000e+03,3.300000000000000000e+01,1.675000000000000000e+03,5.100000000000000000e+01,1.800000000000000000e+01,7.970000000000000000e+02,1.930000000000000000e+02,2.064000000000000000e+03,2.600000000000000000e+02,5.260000000000000000e+02,3.330000000000000000e+02,2.250000000000000000e+02,8.000000000000000000e+00,1.612000000000000000e+03,3.930000000000000000e+02,1.212000000000000000e+03,5.440000000000000000e+02,8.910000000000000000e+02,3.070000000000000000e+02,2.626000000000000000e+03,1.686000000000000000e+03,2.527000000000000000e+03,1.266000000000000000e+03,3.100000000000000000e+01,6.430000000000000000e+02,9.500000000000000000e+02,1.042000000000000000e+03,7.940000000000000000e+02,1.113000000000000000e+03,3.550000000000000000e+02,3.510000000000000000e+02,2.090000000000000000e+03,3.670000000000000000e+02,3.890000000000000000e+02,3.397000000000000000e+03,2.840000000000000000e+02,1.019000000000000000e+03,2.436000000000000000e+03,9.660000000000000000e+02,1.000000000000000000e+00,9.200000000000000000e+01,2.106000000000000000e+03,8.060000000000000000e+02,1.152000000000000000e+03,2.149000000000000000e+03,2.119000000000000000e+03,2.276000000000000000e+03,2.156000000000000000e+03,1.086000000000000000e+03,9.900000000000000000e+01,2.480000000000000000e+03,2.481000000000000000e+03,1.939000000000000000e+03,2.157000000000000000e+03,2.800000000000000000e+01,3.800000000000000000e+01,2.206000000000000000e+03,1.270000000000000000e+02,2.197000000000000000e+03,1.870000000000000000e+02,1.340000000000000000e+02,5.100000000000000000e+01,1.100000000000000000e+01,3.010000000000000000e+02,1.510000000000000000e+02,2.582000000000000000e+03,2.073000000000000000e+03,2.567000000000000000e+03,1.400000000000000000e+01,1.199000000000000000e+03
8.100000000000000000e+02,8.460000000000000000e+02,2.190000000000000000e+02,1.960000000000000000e+02,2.450000000000000000e+02,1.770000000000000000e+02,6.400000000000000000e+01,1.600000000000000000e+02,2.130000000000000000e+02,4.000000000000000000e+00,1.420000000000000000e+02,1.360000000000000000e+02,6.410000000000000000e+02,8.510000000000000000e+02,5.700000000000000000e+01,5.000000000000000000e+01,1.620000000000000000e+02,8.770000000000000000e+02,8.110000000000000000e+02,2.700000000000000000e+01,1.980000000000000000e+02,2.240000000000000000e+02,8.020000000000000000e+02,8.680000000000000000e+02,1.000000000000000000e+01,2.080000000000000000e+02,1.730000000000000000e+02,7.470000000000000000e+02,8.600000000000000000e+02,8.050000000000000000e+02,7.650000000000000000e+02,7.520000000000000000e+02,1.230000000000000000e+02,8.060000000000000000e+02,1.000000000000000000e+01,3.290000000000000000e+02,3.500000000000000000e+01,7.740000000000000000e+02,1.930000000000000000e+02,8.140000000000000000e+02,5.700000000000000000e+01,7.700000000000000000e+02,9.600000000000000000e+01,7.760000000000000000e+02,4.900000000000000000e+01,2.160000000000000000e+02,2.700000000000000000e+01,3.000000000000000000e+01,1.860000000000000000e+02,1.520000000000000000e+02,1.280000000000000000e+02,1.720000000000000000e+02,2.220000000000000000e+02,5.700000000000000000e+01,8.790000000000000000e+02,8.180000000000000000e+02,1.400000000000000000e+01,8.270000000000000000e+02,1.960000000000000000e+02,1.950000000000000000e+02,1.240000000000000000e+02,1.860000000000000000e+02,2.010000000000000000e+02,6.830000000000000000e+02,1.660000000000000000e+02,8.000000000000000000e+02,7.640000000000000000e+02,7.790000000000000000e+02,5.480000000000000000e+02,1.230000000000000000e+02,7.700000000000000000e+02,2.280000000000000000e+02,7.610000000000000000e+02,8.290000000000000000e+02,0.000000000000000000e+00,8.260000000000000000e+02,1.210000000000000000e+02,9.130000000000000000e+02,1.900000000000000000e+02,8.200000000000000000e+02,9.700000000000000000e+02,3.460000000000000000e+02,3.680000000000000000e+02,2.370000000000000000e+02,1.350000000000000000e+02,8.530000000000000000e+02,6.830000000000000000e+02,1.820000000000000000e+02,8.310000000000000000e+02,8.390000000000000000e+02,1.770000000000000000e+02,2.100000000000000000e+02,8.940000000000000000e+02,7.420000000000000000e+02,2.030000000000000000e+02,1.130000000000000000e+02,7.170000000000000000e+02,7.990000000000000000e+02,6.000000000000000000e+01,3.800000000000000000e+01,1.580000000000000000e+02,4.200000000000000000e+01,8.380000000000000000e+02,1.730000000000000000e+02,8.070000000000000000e+02,1.350000000000000000e+02,1.800000000000000000e+02,8.700000000000000000e+01,8.360000000000000000e+02,3.160000000000000000e+02,8.140000000000000000e+02,1.790000000000000000e+02,8.010000000000000000e+02,4.000000000000000000e+01,8.660000000000000000e+02,1.610000000000000000e+02,8.880000000000000000e+02,2.240000000000000000e+02,8.750000000000000000e+02,8.380000000000000000e+02,3.800000000000000000e+01,1.018000000000000000e+03,1.520000000000000000e+02,8.850000000000000000e+02,8.340000000000000000e+02,1.450000000000000000e+02,2.500000000000000000e+01,8.660000000000000000e+02,4.600000000000000000e+01,2.230000000000000000e+02,2.700000000000000000e+01,4.750000000000000000e+02,1.870000000000000000e+02,7.200000000000000000e+01,7.400000000000000000e+01,4.300000000000000000e+01,8.180000000000000000e+02,5.320000000000000000e+02,8.080000000000000000e+02,1.220000000000000000e+02,1.980000000000000000e+02,9.030000000000000000e+02,8.320000000000000000e+02,3.300000000000000000e+02,5.200000000000000000e+01,1.320000000000000000e+02,1.540000000000000000e+02,8.130000000000000000e+02,1.520000000000000000e+02,2.200000000000000000e+02,8.540000000000000000e+02,2.030000000000000000e+02,1.310000000000000000e+02,1.054000000000000000e+03,6.700000000000000000e+01,8.400000000000000000e+01,8.510000000000000000e+02,9.000000000000000000e+00,1.430000000000000000e+02,1.940000000000000000e+02,8.290000000000000000e+02,8.540000000000000000e+02,6.500000000000000000e+01,8.020000000000000000e+02,1.430000000000000000e+02,8.000000000000000000e+01,8.560000000000000000e+02,3.000000000000000000e+01,4.900000000000000000e+01,7.370000000000000000e+02,4.100000000000000000e+01,1.160000000000000000e+02,1.550000000000000000e+02,1.070000000000000000e+03,8.770000000000000000e+02,1.970000000000000000e+02,6.700000000000000000e+01,1.880000000000000000e+02,1.780000000000000000e+02,6.060000000000000000e+02,1.890000000000000000e+02,1.650000000000000000e+02,2.010000000000000000e+02,2.230000000000000000e+02,1.640000000000000000e+02,2.270000000000000000e+02,9.900000000000000000e+01,1.100000000000000000e+01,8.570000000000000000e+02,8.720000000000000000e+02,1.840000000000000000e+02,1.910000000000000000e+02,8.170000000000000000e+02,9.200000000000000000e+01,2.220000000000000000e+02,8.940000000000000000e+02,7.000000000000000000e+01,8.010000000000000000e+02,5.200000000000000000e+01,2.100000000000000000e+01,2.110000000000000000e+02,6.200000000000000000e+01,8.130000000000000000e+02,1.690000000000000000e+02,6.280000000000000000e+02,1.790000000000000000e+02,2.370000000000000000e+02,7.000000000000000000e+00,7.780000000000000000e+02,1.680000000000000000e+02,6.900000000000000000e+02,1.640000000000000000e+02,7.570000000000000000e+02,1.770000000000000000e+02,8.030000000000000000e+02,8.740000000000000000e+02,8.100000000000000000e+02,7.130000000000000000e+02,3.100000000000000000e+01,6.310000000000000000e+02,2.190000000000000000e+02,3.140000000000000000e+02,6.590000000000000000e+02,3.510000000000000000e+02,1.120000000000000000e+02,1.320000000000000000e+02,7.930000000000000000e+02,2.600000000000000000e+02,1.740000000000000000e+02,9.730000000000000000e+02,2.150000000000000000e+02,6.540000000000000000e+02,8.680000000000000000e+02,2.310000000000000000e+02,3.000000000000000000e+00,8.200000000000000000e+01,8.400000000000000000e+02,1.980000000000000000e+02,3.700000000000000000e+02,8.240000000000000000e+02,8.490000000000000000e+02,8.750000000000000000e+02,8.290000000000000000e+02,3.750000000000000000e+02,9.200000000000000000e+01,7.920000000000000000e+02,8.250000000000000000e+02,8.320000000000000000e+02,8.170000000000000000e+02,3.300000000000000000e+01,4.400000000000000000e+01,8.080000000000000000e+02,1.010000000000000000e+02,9.100000000000000000e+02,1.410000000000000000e+02,1.030000000000000000e+02,7.500000000000000000e+01,1.700000000000000000e+01,1.610000000000000000e+02,1.350000000000000000e+02,8.660000000000000000e+02,8.330000000000000000e+02,8.450000000000000000e+02,2.700000000000000000e+01,3.370000000000000000e+02
1.150000000000000000e+03,1.083000000000000000e+03,4.890000000000000000e+02,2.660000000000000000e+02,4.510000000000000000e+02,2.620000000000000000e+02,1.500000000000000000e+01,1.400000000000000000e+02,5.010000000000000000e+02,1.000000000000000000e+00,2.310000000000000000e+02,2.080000000000000000e+02,2.650000000000000000e+02,1.143000000000000000e+03,9.300000000000000000e+01,3.800000000000000000e+01,8.400000000000000000e+01,6.080000000000000000e+02,4.210000000000000000e+02,7.000000000000000000e+00,3.040000000000000000e+02,2.910000000000000000e+02,7.840000000000000000e+02,1.229000000000000000e+03,3.000000000000000000e+00,4.440000000000000000e+02,3.340000000000000000e+02,8.560000000000000000e+02,1.176000000000000000e+03,1.258000000000000000e+03,6.200000000000000000e+02,6.150000000000000000e+02,1.350000000000000000e+02,1.067000000000000000e+03,5.000000000000000000e+00,5.420000000000000000e+02,1.500000000000000000e+01,8.050000000000000000e+02,4.030000000000000000e+02,1.234000000000000000e+03,1.020000000000000000e+02,1.043000000000000000e+03,5.000000000000000000e+01,1.033000000000000000e+03,2.200000000000000000e+01,2.070000000000000000e+02,9.000000000000000000e+00,1.700000000000000000e+01,8.800000000000000000e+01,2.600000000000000000e+02,2.020000000000000000e+02,1.170000000000000000e+02,4.660000000000000000e+02,1.300000000000000000e+01,8.120000000000000000e+02,8.410000000000000000e+02,7.000000000000000000e+00,9.910000000000000000e+02,4.740000000000000000e+02,3.030000000000000000e+02,1.570000000000000000e+02,3.090000000000000000e+02,4.460000000000000000e+02,3.670000000000000000e+02,1.170000000000000000e+02,1.224000000000000000e+03,6.830000000000000000e+02,4.520000000000000000e+02,1.560000000000000000e+02,1.020000000000000000e+02,9.590000000000000000e+02,3.380000000000000000e+02,7.810000000000000000e+02,6.020000000000000000e+02,5.900000000000000000e+01,0.000000000000000000e+00,9.000000000000000000e+01,1.259000000000000000e+03,2.310000000000000000e+02,1.224000000000000000e+03,1.637000000000000000e+03,4.760000000000000000e+02,5.170000000000000000e+02,3.470000000000000000e+02,2.300000000000000000e+02,1.122000000000000000e+03,4.250000000000000000e+02,7.900000000000000000e+01,7.630000000000000000e+02,1.251000000000000000e+03,2.040000000000000000e+02,3.050000000000000000e+02,1.263000000000000000e+03,8.410000000000000000e+02,2.880000000000000000e+02,1.990000000000000000e+02,7.530000000000000000e+02,1.201000000000000000e+03,1.400000000000000000e+01,1.900000000000000000e+01,7.000000000000000000e+01,1.500000000000000000e+01,1.131000000000000000e+03,1.950000000000000000e+02,9.940000000000000000e+02,6.800000000000000000e+01,2.920000000000000000e+02,3.000000000000000000e+01,1.163000000000000000e+03,5.290000000000000000e+02,1.132000000000000000e+03,1.080000000000000000e+02,1.125000000000000000e+03,8.000000000000000000e+00,1.241000000000000000e+03,2.210000000000000000e+02,1.194000000000000000e+03,4.740000000000000000e+02,1.152000000000000000e+03,1.196000000000000000e+03,1.900000000000000000e+01,1.604000000000000000e+03,2.110000000000000000e+02,1.278000000000000000e+03,1.197000000000000000e+03,8.000000000000000000e+01,1.600000000000000000e+01,1.242000000000000000e+03,1.200000000000000000e+01,4.430000000000000000e+02,6.000000000000000000e+00,1.200000000000000000e+02,1.530000000000000000e+02,3.200000000000000000e+01,5.600000000000000000e+01,2.900000000000000000e+01,1.146000000000000000e+03,1.170000000000000000e+02,1.060000000000000000e+03,2.160000000000000000e+02,4.400000000000000000e+02,1.109000000000000000e+03,8.930000000000000000e+02,5.360000000000000000e+02,1.500000000000000000e+01,4.300000000000000000e+01,2.700000000000000000e+01,1.214000000000000000e+03,5.700000000000000000e+01,4.730000000000000000e+02,1.156000000000000000e+03,1.300000000000000000e+02,2.110000000000000000e+02,1.627000000000000000e+03,2.800000000000000000e+01,2.500000000000000000e+01,1.210000000000000000e+03,4.000000000000000000e+00,2.190000000000000000e+02,4.670000000000000000e+02,1.185000000000000000e+03,7.830000000000000000e+02,7.700000000000000000e+01,1.171000000000000000e+03,1.410000000000000000e+02,2.800000000000000000e+01,1.211000000000000000e+03,1.700000000000000000e+01,2.200000000000000000e+01,3.510000000000000000e+02,1.300000000000000000e+01,9.500000000000000000e+01,5.900000000000000000e+01,1.678000000000000000e+03,1.266000000000000000e+03,3.070000000000000000e+02,1.500000000000000000e+01,4.200000000000000000e+02,2.380000000000000000e+02,2.150000000000000000e+02,2.150000000000000000e+02,1.240000000000000000e+02,4.040000000000000000e+02,4.670000000000000000e+02,2.370000000000000000e+02,4.770000000000000000e+02,4.000000000000000000e+01,1.000000000000000000e+00,1.173000000000000000e+03,1.094000000000000000e+03,2.050000000000000000e+02,3.980000000000000000e+02,1.272000000000000000e+03,2.200000000000000000e+01,4.060000000000000000e+02,1.225000000000000000e+03,1.800000000000000000e+01,7.030000000000000000e+02,3.000000000000000000e+01,8.000000000000000000e+00,3.930000000000000000e+02,6.700000000000000000e+01,1.112000000000000000e+03,9.900000000000000000e+01,2.480000000000000000e+02,1.820000000000000000e+02,1.090000000000000000e+02,0.000000000000000000e+00,7.190000000000000000e+02,1.370000000000000000e+02,4.650000000000000000e+02,2.490000000000000000e+02,2.430000000000000000e+02,1.320000000000000000e+02,1.292000000000000000e+03,8.140000000000000000e+02,1.205000000000000000e+03,5.390000000000000000e+02,1.600000000000000000e+01,2.250000000000000000e+02,4.870000000000000000e+02,5.190000000000000000e+02,2.900000000000000000e+02,5.000000000000000000e+02,1.870000000000000000e+02,1.820000000000000000e+02,1.136000000000000000e+03,1.150000000000000000e+02,1.490000000000000000e+02,1.653000000000000000e+03,1.370000000000000000e+02,3.980000000000000000e+02,1.208000000000000000e+03,5.000000000000000000e+02,2.000000000000000000e+00,4.600000000000000000e+01,1.063000000000000000e+03,4.640000000000000000e+02,4.780000000000000000e+02,1.093000000000000000e+03,1.284000000000000000e+03,1.184000000000000000e+03,1.111000000000000000e+03,5.380000000000000000e+02,4.000000000000000000e+01,1.215000000000000000e+03,1.215000000000000000e+03,1.084000000000000000e+03,1.181000000000000000e+03,1.900000000000000000e+01,1.300000000000000000e+01,1.089000000000000000e+03,4.000000000000000000e+01,1.073000000000000000e+03,7.700000000000000000e+01,5.900000000000000000e+01,2.900000000000000000e+01,3.000000000000000000e+00,1.390000000000000000e+02,6.200000000000000000e+01,1.196000000000000000e+03,1.176000000000000000e+03,1.196000000000000000e+03,1.400000000000000000e+01,4.660000000000000000e+02
6.650000000000000000e+02,5.480000000000000000e+02,1.700000000000000000e+02,1.550000000000000000e+02,1.540000000000000000e+02,1.370000000000000000e+02,3.100000000000000000e+01,1.220000000000000000e+02,1.730000000000000000e+02,4.000000000000000000e+00,1.190000000000000000e+02,1.000000000000000000e+02,3.950000000000000000e+02,6.120000000000000000e+02,4.900000000000000000e+01,2.100000000000000000e+01,1.050000000000000000e+02,5.620000000000000000e+02,5.380000000000000000e+02,1.900000000000000000e+01,1.310000000000000000e+02,1.650000000000000000e+02,5.690000000000000000e+02,6.920000000000000000e+02,2.000000000000000000e+00,1.580000000000000000e+02,1.360000000000000000e+02,5.770000000000000000e+02,6.960000000000000000e+02,6.280000000000000000e+02,5.270000000000000000e+02,5.550000000000000000e+02,8.000000000000000000e+01,6.430000000000000000e+02,7.000000000000000000e+00,2.450000000000000000e+02,1.400000000000000000e+01,5.450000000000000000e+02,1.480000000000000000e+02,6.360000000000000000e+02,3.100000000000000000e+01,6.290000000000000000e+02,7.300000000000000000e+01,5.910000000000000000e+02,2.000000000000000000e+01,1.220000000000000000e+02,1.600000000000000000e+01,6.000000000000000000e+00,1.070000000000000000e+02,1.150000000000000000e+02,9.900000000000000000e+01,9.300000000000000000e+01,1.470000000000000000e+02,2.600000000000000000e+01,6.100000000000000000e+02,5.960000000000000000e+02,2.300000000000000000e+01,6.450000000000000000e+02,1.810000000000000000e+02,1.450000000000000000e+02,8.100000000000000000e+01,1.290000000000000000e+02,1.530000000000000000e+02,4.590000000000000000e+02,1.000000000000000000e+02,6.950000000000000000e+02,5.410000000000000000e+02,4.740000000000000000e+02,2.850000000000000000e+02,8.500000000000000000e+01,6.080000000000000000e+02,1.510000000000000000e+02,6.610000000000000000e+02,4.910000000000000000e+02,6.200000000000000000e+01,6.220000000000000000e+02,0.000000000000000000e+00,7.770000000000000000e+02,1.140000000000000000e+02,6.330000000000000000e+02,8.370000000000000000e+02,2.970000000000000000e+02,2.700000000000000000e+02,1.660000000000000000e+02,1.030000000000000000e+02,6.740000000000000000e+02,5.300000000000000000e+02,1.200000000000000000e+02,5.940000000000000000e+02,6.310000000000000000e+02,1.320000000000000000e+02,1.250000000000000000e+02,6.580000000000000000e+02,5.720000000000000000e+02,1.420000000000000000e+02,1.130000000000000000e+02,5.730000000000000000e+02,6.590000000000000000e+02,4.100000000000000000e+01,2.300000000000000000e+01,7.600000000000000000e+01,1.200000000000000000e+01,6.980000000000000000e+02,1.230000000000000000e+02,6.250000000000000000e+02,8.400000000000000000e+01,1.380000000000000000e+02,3.500000000000000000e+01,6.510000000000000000e+02,2.580000000000000000e+02,6.390000000000000000e+02,9.700000000000000000e+01,5.730000000000000000e+02,2.600000000000000000e+01,6.570000000000000000e+02,1.130000000000000000e+02,6.930000000000000000e+02,1.330000000000000000e+02,6.270000000000000000e+02,6.240000000000000000e+02,6.000000000000000000e+00,7.540000000000000000e+02,9.900000000000000000e+01,7.000000000000000000e+02,6.550000000000000000e+02,7.700000000000000000e+01,1.200000000000000000e+01,6.570000000000000000e+02,2.300000000000000000e+01,1.760000000000000000e+02,1.600000000000000000e+01,1.300000000000000000e+02,1.150000000000000000e+02,4.500000000000000000e+01,7.800000000000000000e+01,3.900000000000000000e+01,6.290000000000000000e+02,2.910000000000000000e+02,7.050000000000000000e+02,1.010000000000000000e+02,1.640000000000000000e+02,7.210000000000000000e+02,6.110000000000000000e+02,2.750000000000000000e+02,1.700000000000000000e+01,7.000000000000000000e+01,8.200000000000000000e+01,6.260000000000000000e+02,7.700000000000000000e+01,2.000000000000000000e+02,6.690000000000000000e+02,1.390000000000000000e+02,1.210000000000000000e+02,7.860000000000000000e+02,6.000000000000000000e+00,5.100000000000000000e+01,6.940000000000000000e+02,4.000000000000000000e+00,1.530000000000000000e+02,1.680000000000000000e+02,6.490000000000000000e+02,6.190000000000000000e+02,4.600000000000000000e+01,6.480000000000000000e+02,7.800000000000000000e+01,3.600000000000000000e+01,6.860000000000000000e+02,1.100000000000000000e+01,2.800000000000000000e+01,5.040000000000000000e+02,1.900000000000000000e+01,1.190000000000000000e+02,7.300000000000000000e+01,8.260000000000000000e+02,6.830000000000000000e+02,1.460000000000000000e+02,2.600000000000000000e+01,1.290000000000000000e+02,1.140000000000000000e+02,3.290000000000000000e+02,1.640000000000000000e+02,1.440000000000000000e+02,1.510000000000000000e+02,1.760000000000000000e+02,1.070000000000000000e+02,1.920000000000000000e+02,5.500000000000000000e+01,1.000000000000000000e+01,6.400000000000000000e+02,6.380000000000000000e+02,1.540000000000000000e+02,1.720000000000000000e+02,6.870000000000000000e+02,4.400000000000000000e+01,1.420000000000000000e+02,6.650000000000000000e+02,3.400000000000000000e+01,5.380000000000000000e+02,2.900000000000000000e+01,9.000000000000000000e+00,1.830000000000000000e+02,5.300000000000000000e+01,6.020000000000000000e+02,1.120000000000000000e+02,3.800000000000000000e+02,9.900000000000000000e+01,9.400000000000000000e+01,9.000000000000000000e+00,6.470000000000000000e+02,1.260000000000000000e+02,5.430000000000000000e+02,1.390000000000000000e+02,5.270000000000000000e+02,1.130000000000000000e+02,6.920000000000000000e+02,5.570000000000000000e+02,6.690000000000000000e+02,5.180000000000000000e+02,1.300000000000000000e+01,4.100000000000000000e+02,1.790000000000000000e+02,2.420000000000000000e+02,4.710000000000000000e+02,3.090000000000000000e+02,9.700000000000000000e+01,9.000000000000000000e+01,6.450000000000000000e+02,1.330000000000000000e+02,1.480000000000000000e+02,7.820000000000000000e+02,1.100000000000000000e+02,4.580000000000000000e+02,6.300000000000000000e+02,2.130000000000000000e+02,6.000000000000000000e+00,6.500000000000000000e+01,6.020000000000000000e+02,1.790000000000000000e+02,2.500000000000000000e+02,5.990000000000000000e+02,6.450000000000000000e+02,6.840000000000000000e+02,6.190000000000000000e+02,2.790000000000000000e+02,6.100000000000000000e+01,6.870000000000000000e+02,6.590000000000000000e+02,7.060000000000000000e+02,6.620000000000000000e+02,1.300000000000000000e+01,2.100000000000000000e+01,6.640000000000000000e+02,2.000000000000000000e+01,6.280000000000000000e+02,7.100000000000000000e+01,7.600000000000000000e+01,2.500000000000000000e+01,8.000000000000000000e+00,9.500000000000000000e+01,7.300000000000000000e+01,7.100000000000000000e+02,6.400000000000000000e+02,6.370000000000000000e+02,2.000000000000000000e+01,3.030000000000000000e+02
9.740000000000000000e+02,1.124000000000000000e+03,5.400000000000000000e+02,1.960000000000000000e+02,3.020000000000000000e+02,9.300000000000000000e+01,5.000000000000000000e+00,3.400000000000000000e+01,6.570000000000000000e+02,0.000000000000000000e+00,3.050000000000000000e+02,2.940000000000000000e+02,1.040000000000000000e+02,9.070000000000000000e+02,1.550000000000000000e+02,3.000000000000000000e+01,2.200000000000000000e+01,3.270000000000000000e+02,1.520000000000000000e+02,3.000000000000000000e+00,2.020000000000000000e+02,1.380000000000000000e+02,4.440000000000000000e+02,1.396000000000000000e+03,3.000000000000000000e+00,4.500000000000000000e+02,2.940000000000000000e+02,5.530000000000000000e+02,1.125000000000000000e+03,1.456000000000000000e+03,2.540000000000000000e+02,3.770000000000000000e+02,9.300000000000000000e+01,5.770000000000000000e+02,5.000000000000000000e+00,5.940000000000000000e+02,2.000000000000000000e+00,5.700000000000000000e+02,3.240000000000000000e+02,1.643000000000000000e+03,1.090000000000000000e+02,9.550000000000000000e+02,1.100000000000000000e+01,5.900000000000000000e+02,3.000000000000000000e+00,1.210000000000000000e+02,3.000000000000000000e+00,1.300000000000000000e+01,3.500000000000000000e+01,2.870000000000000000e+02,2.880000000000000000e+02,9.000000000000000000e+00,3.530000000000000000e+02,1.000000000000000000e+01,4.930000000000000000e+02,5.110000000000000000e+02,6.000000000000000000e+00,5.740000000000000000e+02,4.480000000000000000e+02,2.990000000000000000e+02,8.700000000000000000e+01,1.450000000000000000e+02,3.220000000000000000e+02,1.830000000000000000e+02,6.600000000000000000e+01,1.632000000000000000e+03,2.850000000000000000e+02,1.800000000000000000e+02,6.400000000000000000e+01,5.600000000000000000e+01,7.770000000000000000e+02,3.400000000000000000e+02,4.680000000000000000e+02,3.090000000000000000e+02,7.000000000000000000e+00,1.670000000000000000e+02,3.500000000000000000e+01,0.000000000000000000e+00,9.300000000000000000e+01,1.226000000000000000e+03,2.509000000000000000e+03,5.430000000000000000e+02,5.990000000000000000e+02,9.700000000000000000e+01,2.990000000000000000e+02,1.040000000000000000e+03,1.300000000000000000e+02,1.700000000000000000e+01,4.570000000000000000e+02,1.454000000000000000e+03,9.200000000000000000e+01,1.600000000000000000e+02,1.527000000000000000e+03,5.740000000000000000e+02,1.970000000000000000e+02,2.140000000000000000e+02,3.840000000000000000e+02,1.422000000000000000e+03,8.000000000000000000e+00,4.000000000000000000e+00,3.300000000000000000e+01,4.000000000000000000e+00,1.421000000000000000e+03,9.000000000000000000e+01,6.260000000000000000e+02,2.100000000000000000e+01,2.220000000000000000e+02,1.100000000000000000e+01,1.307000000000000000e+03,6.450000000000000000e+02,1.273000000000000000e+03,3.400000000000000000e+01,9.140000000000000000e+02,7.000000000000000000e+00,1.585000000000000000e+03,3.110000000000000000e+02,1.512000000000000000e+03,6.050000000000000000e+02,1.001000000000000000e+03,1.372000000000000000e+03,4.000000000000000000e+00,2.456000000000000000e+03,3.190000000000000000e+02,1.489000000000000000e+03,1.428000000000000000e+03,2.500000000000000000e+01,6.000000000000000000e+00,1.415000000000000000e+03,1.000000000000000000e+00,4.430000000000000000e+02,1.000000000000000000e+00,5.700000000000000000e+01,6.400000000000000000e+01,1.700000000000000000e+01,1.400000000000000000e+01,1.300000000000000000e+01,1.043000000000000000e+03,3.000000000000000000e+01,6.800000000000000000e+02,2.610000000000000000e+02,2.310000000000000000e+02,9.090000000000000000e+02,1.870000000000000000e+02,5.370000000000000000e+02,2.000000000000000000e+00,2.500000000000000000e+01,1.100000000000000000e+01,9.590000000000000000e+02,2.000000000000000000e+01,5.790000000000000000e+02,1.112000000000000000e+03,5.900000000000000000e+01,2.470000000000000000e+02,2.403000000000000000e+03,1.000000000000000000e+01,1.000000000000000000e+01,1.516000000000000000e+03,6.000000000000000000e+00,1.000000000000000000e+02,3.160000000000000000e+02,1.207000000000000000e+03,4.240000000000000000e+02,1.350000000000000000e+02,1.047000000000000000e+03,6.700000000000000000e+01,6.000000000000000000e+00,8.740000000000000000e+02,6.000000000000000000e+00,5.000000000000000000e+00,1.550000000000000000e+02,8.000000000000000000e+00,3.500000000000000000e+01,2.200000000000000000e+01,2.495000000000000000e+03,1.439000000000000000e+03,2.990000000000000000e+02,7.000000000000000000e+00,3.400000000000000000e+02,2.350000000000000000e+02,1.070000000000000000e+02,1.140000000000000000e+02,5.900000000000000000e+01,3.760000000000000000e+02,5.060000000000000000e+02,1.650000000000000000e+02,6.740000000000000000e+02,5.000000000000000000e+00,0.000000000000000000e+00,1.553000000000000000e+03,1.004000000000000000e+03,9.400000000000000000e+01,9.600000000000000000e+01,1.650000000000000000e+03,1.200000000000000000e+01,3.590000000000000000e+02,1.349000000000000000e+03,2.000000000000000000e+00,3.660000000000000000e+02,7.000000000000000000e+00,1.000000000000000000e+00,3.880000000000000000e+02,1.290000000000000000e+02,7.250000000000000000e+02,2.100000000000000000e+01,9.900000000000000000e+01,5.100000000000000000e+01,3.500000000000000000e+01,0.000000000000000000e+00,4.390000000000000000e+02,5.200000000000000000e+01,2.600000000000000000e+02,2.270000000000000000e+02,3.900000000000000000e+01,4.600000000000000000e+01,1.685000000000000000e+03,4.870000000000000000e+02,1.581000000000000000e+03,2.860000000000000000e+02,1.000000000000000000e+00,7.100000000000000000e+01,5.360000000000000000e+02,5.760000000000000000e+02,1.310000000000000000e+02,5.410000000000000000e+02,1.450000000000000000e+02,1.000000000000000000e+02,9.020000000000000000e+02,5.200000000000000000e+01,3.100000000000000000e+01,2.486000000000000000e+03,5.300000000000000000e+01,1.380000000000000000e+02,1.408000000000000000e+03,5.480000000000000000e+02,0.000000000000000000e+00,1.100000000000000000e+01,8.220000000000000000e+02,3.040000000000000000e+02,6.540000000000000000e+02,8.220000000000000000e+02,1.492000000000000000e+03,1.145000000000000000e+03,7.770000000000000000e+02,5.860000000000000000e+02,1.000000000000000000e+01,1.537000000000000000e+03,1.369000000000000000e+03,6.470000000000000000e+02,1.165000000000000000e+03,7.000000000000000000e+00,3.000000000000000000e+00,8.120000000000000000e+02,2.100000000000000000e+01,9.650000000000000000e+02,3.800000000000000000e+01,3.200000000000000000e+01,9.000000000000000000e+00,2.000000000000000000e+00,6.700000000000000000e+01,2.300000000000000000e+01,1.343000000000000000e+03,1.339000000000000000e+03,1.559000000000000000e+03,6.000000000000000000e+00,6.080000000000000000e+02
5.220000000000000000e+02,6.230000000000000000e+02,1.370000000000000000e+02,9.400000000000000000e+01,1.250000000000000000e+02,9.900000000000000000e+01,1.000000000000000000e+01,5.700000000000000000e+01,1.420000000000000000e+02,2.000000000000000000e+00,7.900000000000000000e+01,8.800000000000000000e+01,2.770000000000000000e+02,5.650000000000000000e+02,4.500000000000000000e+01,2.800000000000000000e+01,6.200000000000000000e+01,3.650000000000000000e+02,3.430000000000000000e+02,0.000000000000000000e+00,1.110000000000000000e+02,1.040000000000000000e+02,4.780000000000000000e+02,5.910000000000000000e+02,5.000000000000000000e+00,1.320000000000000000e+02,1.320000000000000000e+02,4.530000000000000000e+02,5.630000000000000000e+02,6.240000000000000000e+02,3.570000000000000000e+02,3.830000000000000000e+02,6.800000000000000000e+01,5.260000000000000000e+02,7.000000000000000000e+00,2.550000000000000000e+02,1.000000000000000000e+01,3.960000000000000000e+02,1.280000000000000000e+02,6.650000000000000000e+02,4.600000000000000000e+01,5.340000000000000000e+02,2.000000000000000000e+01,5.440000000000000000e+02,1.500000000000000000e+01,6.800000000000000000e+01,3.000000000000000000e+00,1.100000000000000000e+01,3.100000000000000000e+01,9.000000000000000000e+01,1.000000000000000000e+02,6.700000000000000000e+01,1.130000000000000000e+02,6.000000000000000000e+00,4.350000000000000000e+02,4.970000000000000000e+02,1.600000000000000000e+01,4.610000000000000000e+02,1.540000000000000000e+02,8.800000000000000000e+01,6.000000000000000000e+01,1.360000000000000000e+02,1.160000000000000000e+02,2.410000000000000000e+02,4.000000000000000000e+01,6.300000000000000000e+02,3.860000000000000000e+02,3.040000000000000000e+02,6.000000000000000000e+01,6.700000000000000000e+01,4.890000000000000000e+02,1.220000000000000000e+02,4.630000000000000000e+02,3.740000000000000000e+02,2.100000000000000000e+01,4.490000000000000000e+02,5.300000000000000000e+01,5.490000000000000000e+02,0.000000000000000000e+00,6.620000000000000000e+02,7.410000000000000000e+02,2.570000000000000000e+02,2.420000000000000000e+02,1.190000000000000000e+02,9.700000000000000000e+01,5.250000000000000000e+02,3.010000000000000000e+02,6.000000000000000000e+01,4.510000000000000000e+02,6.160000000000000000e+02,8.800000000000000000e+01,1.170000000000000000e+02,5.870000000000000000e+02,4.580000000000000000e+02,1.150000000000000000e+02,7.300000000000000000e+01,5.050000000000000000e+02,6.140000000000000000e+02,2.000000000000000000e+01,1.300000000000000000e+01,4.100000000000000000e+01,9.000000000000000000e+00,5.800000000000000000e+02,9.600000000000000000e+01,5.390000000000000000e+02,5.200000000000000000e+01,9.300000000000000000e+01,3.900000000000000000e+01,5.410000000000000000e+02,2.610000000000000000e+02,5.950000000000000000e+02,4.600000000000000000e+01,6.540000000000000000e+02,1.400000000000000000e+01,5.760000000000000000e+02,8.500000000000000000e+01,5.490000000000000000e+02,1.450000000000000000e+02,5.310000000000000000e+02,5.430000000000000000e+02,1.200000000000000000e+01,7.580000000000000000e+02,7.400000000000000000e+01,5.650000000000000000e+02,5.990000000000000000e+02,4.300000000000000000e+01,0.000000000000000000e+00,6.400000000000000000e+02,1.200000000000000000e+01,1.450000000000000000e+02,1.700000000000000000e+01,1.040000000000000000e+02,7.200000000000000000e+01,2.000000000000000000e+00,3.800000000000000000e+01,1.600000000000000000e+01,5.440000000000000000e+02,1.230000000000000000e+02,5.210000000000000000e+02,9.700000000000000000e+01,1.440000000000000000e+02,5.400000000000000000e+02,4.900000000000000000e+02,2.380000000000000000e+02,1.500000000000000000e+01,4.000000000000000000e+01,2.900000000000000000e+01,5.420000000000000000e+02,4.800000000000000000e+01,1.610000000000000000e+02,5.500000000000000000e+02,6.700000000000000000e+01,9.400000000000000000e+01,7.470000000000000000e+02,2.000000000000000000e+01,2.100000000000000000e+01,6.000000000000000000e+02,4.000000000000000000e+00,8.900000000000000000e+01,1.090000000000000000e+02,6.170000000000000000e+02,4.200000000000000000e+02,4.400000000000000000e+01,6.510000000000000000e+02,7.700000000000000000e+01,2.100000000000000000e+01,5.340000000000000000e+02,1.000000000000000000e+01,1.300000000000000000e+01,3.240000000000000000e+02,1.300000000000000000e+01,4.900000000000000000e+01,3.700000000000000000e+01,7.560000000000000000e+02,5.830000000000000000e+02,1.050000000000000000e+02,1.600000000000000000e+01,1.260000000000000000e+02,9.900000000000000000e+01,1.800000000000000000e+02,8.300000000000000000e+01,5.700000000000000000e+01,1.430000000000000000e+02,1.410000000000000000e+02,9.300000000000000000e+01,1.300000000000000000e+02,3.800000000000000000e+01,1.000000000000000000e+00,6.060000000000000000e+02,5.430000000000000000e+02,7.800000000000000000e+01,1.110000000000000000e+02,6.140000000000000000e+02,1.900000000000000000e+01,1.410000000000000000e+02,6.280000000000000000e+02,1.400000000000000000e+01,3.880000000000000000e+02,1.400000000000000000e+01,4.000000000000000000e+00,1.120000000000000000e+02,4.600000000000000000e+01,5.240000000000000000e+02,4.900000000000000000e+01,1.110000000000000000e+02,5.300000000000000000e+01,4.600000000000000000e+01,4.000000000000000000e+00,4.160000000000000000e+02,6.400000000000000000e+01,3.280000000000000000e+02,9.700000000000000000e+01,3.520000000000000000e+02,6.500000000000000000e+01,6.310000000000000000e+02,4.380000000000000000e+02,6.170000000000000000e+02,3.690000000000000000e+02,1.000000000000000000e+00,1.890000000000000000e+02,1.310000000000000000e+02,2.430000000000000000e+02,2.330000000000000000e+02,2.320000000000000000e+02,9.600000000000000000e+01,6.900000000000000000e+01,6.310000000000000000e+02,6.100000000000000000e+01,9.300000000000000000e+01,7.550000000000000000e+02,5.800000000000000000e+01,2.890000000000000000e+02,5.990000000000000000e+02,1.500000000000000000e+02,2.000000000000000000e+00,2.300000000000000000e+01,5.110000000000000000e+02,1.160000000000000000e+02,2.680000000000000000e+02,5.490000000000000000e+02,6.410000000000000000e+02,6.120000000000000000e+02,4.960000000000000000e+02,2.280000000000000000e+02,3.200000000000000000e+01,6.150000000000000000e+02,5.860000000000000000e+02,4.940000000000000000e+02,6.030000000000000000e+02,7.000000000000000000e+00,3.000000000000000000e+00,5.280000000000000000e+02,2.800000000000000000e+01,6.000000000000000000e+02,5.600000000000000000e+01,2.600000000000000000e+01,1.200000000000000000e+01,3.000000000000000000e+00,2.600000000000000000e+01,3.600000000000000000e+01,5.730000000000000000e+02,5.770000000000000000e+02,6.110000000000000000e+02,1.600000000000000000e+01,2.060000000000000000e+02
6.620000000000000000e+02,6.270000000000000000e+02,3.660000000000000000e+02,1.760000000000000000e+02,2.600000000000000000e+02,8.000000000000000000e+01,4.000000000000000000e+00,4.000000000000000000e+01,4.100000000000000000e+02,1.000000000000000000e+00,3.160000000000000000e+02,1.820000000000000000e+02,9.100000000000000000e+01,7.180000000000000000e+02,1.190000000000000000e+02,3.600000000000000000e+01,1.200000000000000000e+01,3.010000000000000000e+02,2.410000000000000000e+02,1.000000000000000000e+00,1.250000000000000000e+02,1.050000000000000000e+02,1.110000000000000000e+02,9.790000000000000000e+02,0.000000000000000000e+00,3.690000000000000000e+02,1.890000000000000000e+02,4.130000000000000000e+02,8.680000000000000000e+02,1.066000000000000000e+03,2.290000000000000000e+02,2.700000000000000000e+02,8.600000000000000000e+01,4.630000000000000000e+02,3.000000000000000000e+00,4.680000000000000000e+02,2.000000000000000000e+00,3.500000000000000000e+02,1.780000000000000000e+02,1.167000000000000000e+03,7.900000000000000000e+01,7.120000000000000000e+02,1.000000000000000000e+00,5.450000000000000000e+02,4.000000000000000000e+00,7.800000000000000000e+01,0.000000000000000000e+00,2.000000000000000000e+00,3.000000000000000000e+01,1.600000000000000000e+02,2.110000000000000000e+02,2.100000000000000000e+01,2.750000000000000000e+02,2.000000000000000000e+00,4.290000000000000000e+02,4.220000000000000000e+02,2.000000000000000000e+00,4.670000000000000000e+02,4.380000000000000000e+02,1.390000000000000000e+02,4.600000000000000000e+01,4.100000000000000000e+01,1.830000000000000000e+02,1.330000000000000000e+02,3.100000000000000000e+01,1.272000000000000000e+03,2.300000000000000000e+02,1.770000000000000000e+02,1.300000000000000000e+01,4.100000000000000000e+01,4.950000000000000000e+02,2.360000000000000000e+02,3.260000000000000000e+02,2.940000000000000000e+02,2.100000000000000000e+01,2.130000000000000000e+02,2.700000000000000000e+01,7.960000000000000000e+02,5.200000000000000000e+01,0.000000000000000000e+00,2.375000000000000000e+03,4.580000000000000000e+02,5.040000000000000000e+02,1.190000000000000000e+02,2.370000000000000000e+02,7.590000000000000000e+02,1.330000000000000000e+02,2.300000000000000000e+01,4.520000000000000000e+02,1.196000000000000000e+03,5.500000000000000000e+01,1.300000000000000000e+02,1.140000000000000000e+03,4.010000000000000000e+02,1.140000000000000000e+02,1.460000000000000000e+02,1.150000000000000000e+02,9.180000000000000000e+02,2.000000000000000000e+00,3.000000000000000000e+00,2.900000000000000000e+01,5.000000000000000000e+00,9.870000000000000000e+02,3.000000000000000000e+01,1.290000000000000000e+02,1.500000000000000000e+01,1.110000000000000000e+02,6.000000000000000000e+00,1.062000000000000000e+03,5.110000000000000000e+02,9.800000000000000000e+02,5.000000000000000000e+01,3.590000000000000000e+02,0.000000000000000000e+00,1.281000000000000000e+03,2.100000000000000000e+02,1.063000000000000000e+03,3.570000000000000000e+02,7.020000000000000000e+02,1.006000000000000000e+03,0.000000000000000000e+00,2.327000000000000000e+03,2.320000000000000000e+02,1.166000000000000000e+03,1.029000000000000000e+03,1.800000000000000000e+01,1.000000000000000000e+00,9.670000000000000000e+02,1.000000000000000000e+00,3.450000000000000000e+02,2.000000000000000000e+00,3.800000000000000000e+01,1.600000000000000000e+01,2.000000000000000000e+00,1.700000000000000000e+01,1.200000000000000000e+01,7.180000000000000000e+02,4.700000000000000000e+01,4.670000000000000000e+02,1.780000000000000000e+02,1.880000000000000000e+02,6.820000000000000000e+02,1.940000000000000000e+02,4.860000000000000000e+02,5.000000000000000000e+00,1.700000000000000000e+01,1.000000000000000000e+01,7.220000000000000000e+02,2.600000000000000000e+01,4.390000000000000000e+02,8.020000000000000000e+02,3.500000000000000000e+01,2.640000000000000000e+02,2.462000000000000000e+03,7.000000000000000000e+00,1.500000000000000000e+01,1.239000000000000000e+03,4.000000000000000000e+00,8.100000000000000000e+01,2.790000000000000000e+02,9.170000000000000000e+02,4.140000000000000000e+02,1.100000000000000000e+02,5.630000000000000000e+02,6.700000000000000000e+01,2.000000000000000000e+00,7.030000000000000000e+02,1.000000000000000000e+00,7.000000000000000000e+00,1.330000000000000000e+02,3.000000000000000000e+00,3.300000000000000000e+01,3.300000000000000000e+01,2.369000000000000000e+03,1.079000000000000000e+03,2.160000000000000000e+02,4.000000000000000000e+00,2.460000000000000000e+02,1.970000000000000000e+02,7.000000000000000000e+01,8.400000000000000000e+01,3.500000000000000000e+01,2.480000000000000000e+02,3.670000000000000000e+02,1.590000000000000000e+02,5.760000000000000000e+02,1.100000000000000000e+01,0.000000000000000000e+00,1.258000000000000000e+03,7.370000000000000000e+02,8.000000000000000000e+01,1.070000000000000000e+02,1.466000000000000000e+03,9.000000000000000000e+00,2.310000000000000000e+02,9.860000000000000000e+02,4.000000000000000000e+00,2.750000000000000000e+02,3.000000000000000000e+00,0.000000000000000000e+00,2.770000000000000000e+02,1.100000000000000000e+02,6.900000000000000000e+02,2.500000000000000000e+01,8.000000000000000000e+00,9.000000000000000000e+00,3.900000000000000000e+01,0.000000000000000000e+00,2.880000000000000000e+02,4.400000000000000000e+01,2.150000000000000000e+02,1.780000000000000000e+02,8.200000000000000000e+01,6.200000000000000000e+01,1.276000000000000000e+03,4.590000000000000000e+02,1.288000000000000000e+03,5.500000000000000000e+01,0.000000000000000000e+00,6.100000000000000000e+01,3.270000000000000000e+02,4.100000000000000000e+02,1.020000000000000000e+02,5.020000000000000000e+02,1.130000000000000000e+02,1.310000000000000000e+02,4.640000000000000000e+02,7.100000000000000000e+01,4.100000000000000000e+01,2.327000000000000000e+03,5.300000000000000000e+01,1.570000000000000000e+02,1.062000000000000000e+03,5.250000000000000000e+02,4.000000000000000000e+00,2.200000000000000000e+01,5.600000000000000000e+02,1.800000000000000000e+02,4.660000000000000000e+02,5.860000000000000000e+02,1.147000000000000000e+03,8.170000000000000000e+02,6.760000000000000000e+02,4.870000000000000000e+02,9.000000000000000000e+00,1.018000000000000000e+03,9.510000000000000000e+02,4.860000000000000000e+02,9.070000000000000000e+02,5.000000000000000000e+00,2.000000000000000000e+00,6.730000000000000000e+02,2.800000000000000000e+01,4.580000000000000000e+02,2.000000000000000000e+01,1.100000000000000000e+01,7.000000000000000000e+00,1.000000000000000000e+00,5.000000000000000000e+00,0.000000000000000000e+00,1.087000000000000000e+03,1.125000000000000000e+03,1.389000000000000000e+03,3.000000000000000000e+00,5.150000000000000000e+02
6.900000000000000000e+01,9.200000000000000000e+01,3.700000000000000000e+01,1.700000000000000000e+01,2.800000000000000000e+01,8.000000000000000000e+00,1.000000000000000000e+00,2.000000000000000000e+00,9.600000000000000000e+01,0.000000000000000000e+00,6.600000000000000000e+01,2.700000000000000000e+01,6.000000000000000000e+00,7.000000000000000000e+01,2.600000000000000000e+01,3.000000000000000000e+00,3.000000000000000000e+00,2.100000000000000000e+01,1.400000000000000000e+01,0.000000000000000000e+00,6.000000000000000000e+00,1.000000000000000000e+00,3.000000000000000000e+01,1.840000000000000000e+02,0.000000000000000000e+00,5.000000000000000000e+01,2.500000000000000000e+01,2.900000000000000000e+01,1.190000000000000000e+02,1.540000000000000000e+02,1.200000000000000000e+01,1.600000000000000000e+01,3.000000000000000000e+00,4.600000000000000000e+01,0.000000000000000000e+00,0.000000000000000000e+00,0.000000000000000000e+00,2.700000000000000000e+01,1.700000000000000000e+01,2.490000000000000000e+02,1.000000000000000000e+01,6.700000000000000000e+01,2.000000000000000000e+00,3.400000000000000000e+01,0.000000000000000000e+00,2.000000000000000000e+00,1.000000000000000000e+00,0.000000000000000000e+00,1.000000000000000000e+00,9.000000000000000000e+00,2.900000000000000000e+01,4.000000000000000000e+00,2.000000000000000000e+01,0.000000000000000000e+00,2.700000000000000000e+01,4.400000000000000000e+01,0.000000000000000000e+00,4.000000000000000000e+01,4.400000000000000000e+01,2.100000000000000000e+01,3.000000000000000000e+00,1.200000000000000000e+01,2.000000000000000000e+01,8.000000000000000000e+00,3.000000000000000000e+00,2.430000000000000000e+02,1.300000000000000000e+01,1.100000000000000000e+01,2.000000000000000000e+00,3.000000000000000000e+00,3.800000000000000000e+01,4.200000000000000000e+01,1.700000000000000000e+01,1.900000000000000000e+01,1.000000000000000000e+00,6.000000000000000000e+00,0.000000000000000000e+00,5.000000000000000000e+01,3.000000000000000000e+00,1.030000000000000000e+02,0.000000000000000000e+00,0.000000000000000000e+00,0.000000000000000000e+00,0.000000000000000000e+00,4.200000000000000000e+01,1.000000000000000000e+02,4.000000000000000000e+00,1.000000000000000000e+00,3.600000000000000000e+01,1.720000000000000000e+02,6.000000000000000000e+00,5.000000000000000000e+00,1.680000000000000000e+02,2.500000000000000000e+01,8.000000000000000000e+00,1.600000000000000000e+01,2.300000000000000000e+01,1.930000000000000000e+02,0.000000000000000000e+00,0.000000000000000000e+00,1.000000000000000000e+00,1.000000000000000000e+00,1.340000000000000000e+02,5.000000000000000000e+00,4.900000000000000000e+01,0.000000000000000000e+00,1.600000000000000000e+01,2.000000000000000000e+00,1.360000000000000000e+02,0.000000000000000000e+00,1.510000000000000000e+02,3.000000000000000000e+00,7.400000000000000000e+01,0.000000000000000000e+00,2.760000000000000000e+02,3.400000000000000000e+01,1.660000000000000000e+02,8.000000000000000000e+01,7.200000000000000000e+01,1.230000000000000000e+02,0.000000000000000000e+00,0.000000000000000000e+00,5.100000000000000000e+01,2.250000000000000000e+02,1.550000000000000000e+02,0.000000000000000000e+00,0.000000000000000000e+00,1.550000000000000000e+02,1.000000000000000000e+00,3.400000000000000000e+01,0.000000000000000000e+00,7.000000000000000000e+00,1.000000000000000000e+00,0.000000000000000000e+00,0.000000000000000000e+00,0.000000000000000000e+00,6.300000000000000000e+01,0.000000000000000000e+00,4.200000000000000000e+01,1.100000000000000000e+01,1.300000000000000000e+01,2.300000000000000000e+01,7.000000000000000000e+00,0.000000000000000000e+00,0.000000000000000000e+00,2.000000000000000000e+00,0.000000000000000000e+00,5.800000000000000000e+01,0.000000000000000000e+00,3.500000000000000000e+01,9.400000000000000000e+01,3.000000000000000000e+00,6.700000000000000000e+01,0.000000000000000000e+00,0.000000000000000000e+00,4.000000000000000000e+00,1.800000000000000000e+02,0.000000000000000000e+00,7.000000000000000000e+00,2.500000000000000000e+01,7.000000000000000000e+01,3.600000000000000000e+01,2.900000000000000000e+01,8.000000000000000000e+01,1.000000000000000000e+01,1.000000000000000000e+00,8.800000000000000000e+01,2.000000000000000000e+00,0.000000000000000000e+00,1.100000000000000000e+01,0.000000000000000000e+00,1.000000000000000000e+00,3.000000000000000000e+00,0.000000000000000000e+00,1.210000000000000000e+02,1.800000000000000000e+01,0.000000000000000000e+00,1.800000000000000000e+01,3.300000000000000000e+01,5.000000000000000000e+00,1.000000000000000000e+00,1.000000000000000000e+00,2.400000000000000000e+01,3.100000000000000000e+01,1.100000000000000000e+01,1.120000000000000000e+02,0.000000000000000000e+00,0.000000000000000000e+00,2.090000000000000000e+02,6.300000000000000000e+01,5.000000000000000000e+00,4.000000000000000000e+00,2.490000000000000000e+02,0.000000000000000000e+00,7.000000000000000000e+00,1.210000000000000000e+02,1.000000000000000000e+00,2.100000000000000000e+01,0.000000000000000000e+00,0.000000000000000000e+00,5.000000000000000000e+01,1.600000000000000000e+01,5.700000000000000000e+01,1.000000000000000000e+00,4.000000000000000000e+00,1.000000000000000000e+00,1.000000000000000000e+00,0.000000000000000000e+00,2.800000000000000000e+01,0.000000000000000000e+00,1.400000000000000000e+01,1.700000000000000000e+01,5.000000000000000000e+00,5.000000000000000000e+00,2.690000000000000000e+02,3.200000000000000000e+01,2.390000000000000000e+02,2.300000000000000000e+01,0.000000000000000000e+00,2.000000000000000000e+00,5.000000000000000000e+01,0.000000000000000000e+00,7.000000000000000000e+00,0.000000000000000000e+00,1.300000000000000000e+01,1.000000000000000000e+01,5.900000000000000000e+01,3.000000000000000000e+00,0.000000000000000000e+00,0.000000000000000000e+00,3.000000000000000000e+00,6.000000000000000000e+00,1.280000000000000000e+02,7.500000000000000000e+01,0.000000000000000000e+00,1.000000000000000000e+00,5.400000000000000000e+01,1.200000000000000000e+01,0.000000000000000000e+00,3.200000000000000000e+01,1.840000000000000000e+02,1.070000000000000000e+02,7.400000000000000000e+01,0.000000000000000000e+00,1.000000000000000000e+00,1.780000000000000000e+02,1.220000000000000000e+02,4.400000000000000000e+01,1.010000000000000000e+02,0.000000000000000000e+00,0.000000000000000000e+00,6.600000000000000000e+01,0.000000000000000000e+00,9.900000000000000000e+01,2.000000000000000000e+00,2.000000000000000000e+00,0.000000000000000000e+00,0.000000000000000000e+00,1.000000000000000000e+00,0.000000000000000000e+00,2.220000000000000000e+02,1.550000000000000000e+02,2.050000000000000000e+02,0.000000000000000000e+00,0.000000000000000000e+00
7.740000000000000000e+02,7.640000000000000000e+02,3.940000000000000000e+02,1.360000000000000000e+02,2.130000000000000000e+02,8.300000000000000000e+01,0.000000000000000000e+00,1.700000000000000000e+01,4.050000000000000000e+02,0.000000000000000000e+00,2.260000000000000000e+02,2.390000000000000000e+02,6.400000000000000000e+01,7.410000000000000000e+02,9.700000000000000000e+01,2.300000000000000000e+01,1.200000000000000000e+01,2.960000000000000000e+02,1.800000000000000000e+02,2.000000000000000000e+00,1.270000000000000000e+02,1.060000000000000000e+02,3.430000000000000000e+02,1.071000000000000000e+03,0.000000000000000000e+00,3.330000000000000000e+02,2.000000000000000000e+02,4.210000000000000000e+02,8.940000000000000000e+02,1.075000000000000000e+03,1.700000000000000000e+02,2.380000000000000000e+02,8.600000000000000000e+01,4.970000000000000000e+02,2.000000000000000000e+00,0.000000000000000000e+00,0.000000000000000000e+00,3.950000000000000000e+02,2.090000000000000000e+02,1.348000000000000000e+03,8.500000000000000000e+01,7.210000000000000000e+02,2.200000000000000000e+01,4.520000000000000000e+02,4.000000000000000000e+00,5.700000000000000000e+01,3.000000000000000000e+00,1.000000000000000000e+00,2.200000000000000000e+01,1.700000000000000000e+02,2.470000000000000000e+02,1.300000000000000000e+01,2.400000000000000000e+02,1.000000000000000000e+00,4.090000000000000000e+02,4.410000000000000000e+02,5.000000000000000000e+00,4.650000000000000000e+02,2.810000000000000000e+02,1.780000000000000000e+02,3.700000000000000000e+01,9.600000000000000000e+01,2.170000000000000000e+02,1.300000000000000000e+02,3.900000000000000000e+01,1.287000000000000000e+03,1.940000000000000000e+02,1.820000000000000000e+02,4.300000000000000000e+01,4.700000000000000000e+01,5.800000000000000000e+02,2.270000000000000000e+02,3.150000000000000000e+02,2.500000000000000000e+02,1.500000000000000000e+01,2.210000000000000000e+02,1.300000000000000000e+01,7.650000000000000000e+02,6.500000000000000000e+01,8.260000000000000000e+02,0.000000000000000000e+00,0.000000000000000000e+00,0.000000000000000000e+00,7.600000000000000000e+01,2.170000000000000000e+02,7.530000000000000000e+02,9.800000000000000000e+01,1.400000000000000000e+01,4.250000000000000000e+02,1.089000000000000000e+03,7.900000000000000000e+01,1.260000000000000000e+02,1.126000000000000000e+03,4.100000000000000000e+02,1.130000000000000000e+02,1.380000000000000000e+02,2.790000000000000000e+02,1.040000000000000000e+03,4.000000000000000000e+00,9.000000000000000000e+00,1.300000000000000000e+01,2.000000000000000000e+00,1.087000000000000000e+03,6.000000000000000000e+01,4.720000000000000000e+02,4.000000000000000000e+00,1.440000000000000000e+02,2.000000000000000000e+00,1.117000000000000000e+03,0.000000000000000000e+00,1.013000000000000000e+03,3.500000000000000000e+01,6.610000000000000000e+02,3.000000000000000000e+00,1.327000000000000000e+03,1.910000000000000000e+02,1.135000000000000000e+03,4.290000000000000000e+02,7.120000000000000000e+02,9.330000000000000000e+02,0.000000000000000000e+00,0.000000000000000000e+00,2.490000000000000000e+02,1.174000000000000000e+03,1.011000000000000000e+03,1.000000000000000000e+01,1.000000000000000000e+00,1.094000000000000000e+03,0.000000000000000000e+00,2.780000000000000000e+02,0.000000000000000000e+00,1.700000000000000000e+01,5.600000000000000000e+01,1.200000000000000000e+01,8.000000000000000000e+00,6.000000000000000000e+00,7.590000000000000000e+02,9.000000000000000000e+00,5.360000000000000000e+02,1.690000000000000000e+02,1.940000000000000000e+02,6.100000000000000000e+02,2.270000000000000000e+02,0.000000000000000000e+00,1.000000000000000000e+00,1.500000000000000000e+01,7.000000000000000000e+00,7.590000000000000000e+02,8.000000000000000000e+00,3.990000000000000000e+02,8.720000000000000000e+02,4.200000000000000000e+01,2.530000000000000000e+02,0.000000000000000000e+00,3.000000000000000000e+00,1.100000000000000000e+01,1.202000000000000000e+03,3.000000000000000000e+00,5.600000000000000000e+01,2.570000000000000000e+02,9.250000000000000000e+02,3.890000000000000000e+02,1.020000000000000000e+02,7.430000000000000000e+02,5.100000000000000000e+01,2.000000000000000000e+00,7.420000000000000000e+02,5.000000000000000000e+00,2.000000000000000000e+00,8.700000000000000000e+01,4.000000000000000000e+00,3.300000000000000000e+01,1.100000000000000000e+01,0.000000000000000000e+00,1.113000000000000000e+03,1.500000000000000000e+02,4.000000000000000000e+00,2.330000000000000000e+02,1.270000000000000000e+02,6.300000000000000000e+01,4.500000000000000000e+01,2.500000000000000000e+01,2.800000000000000000e+02,3.530000000000000000e+02,4.900000000000000000e+01,5.630000000000000000e+02,4.000000000000000000e+00,0.000000000000000000e+00,1.248000000000000000e+03,7.050000000000000000e+02,5.900000000000000000e+01,1.190000000000000000e+02,1.404000000000000000e+03,7.000000000000000000e+00,1.890000000000000000e+02,1.018000000000000000e+03,2.000000000000000000e+00,3.120000000000000000e+02,3.000000000000000000e+00,1.000000000000000000e+00,2.920000000000000000e+02,1.020000000000000000e+02,5.850000000000000000e+02,1.000000000000000000e+01,6.800000000000000000e+01,4.400000000000000000e+01,2.600000000000000000e+01,0.000000000000000000e+00,3.160000000000000000e+02,5.000000000000000000e+01,1.070000000000000000e+02,1.500000000000000000e+02,8.300000000000000000e+01,4.200000000000000000e+01,1.247000000000000000e+03,3.840000000000000000e+02,1.214000000000000000e+03,1.800000000000000000e+02,4.000000000000000000e+00,4.000000000000000000e+01,4.070000000000000000e+02,0.000000000000000000e+00,5.100000000000000000e+01,0.000000000000000000e+00,1.050000000000000000e+02,8.200000000000000000e+01,6.030000000000000000e+02,4.100000000000000000e+01,2.400000000000000000e+01,0.000000000000000000e+00,3.600000000000000000e+01,5.800000000000000000e+01,1.095000000000000000e+03,4.110000000000000000e+02,0.000000000000000000e+00,1.400000000000000000e+01,6.310000000000000000e+02,2.260000000000000000e+02,0.000000000000000000e+00,6.210000000000000000e+02,1.070000000000000000e+03,7.830000000000000000e+02,6.150000000000000000e+02,0.000000000000000000e+00,1.200000000000000000e+01,1.101000000000000000e+03,1.030000000000000000e+03,5.070000000000000000e+02,8.650000000000000000e+02,7.000000000000000000e+00,0.000000000000000000e+00,5.810000000000000000e+02,8.000000000000000000e+00,7.590000000000000000e+02,3.300000000000000000e+01,1.500000000000000000e+01,6.000000000000000000e+00,0.000000000000000000e+00,4.300000000000000000e+01,1.000000000000000000e+01,1.163000000000000000e+03,1.114000000000000000e+03,1.355000000000000000e+03,1.000000000000000000e+00,0.000000000000000000e+00
6.350000000000000000e+02,6.890000000000000000e+02,3.590000000000000000e+02,1.340000000000000000e+02,2.020000000000000000e+02,6.000000000000000000e+01,4.000000000000000000e+00,3.000000000000000000e+01,4.270000000000000000e+02,0.000000000000000000e+00,2.520000000000000000e+02,2.070000000000000000e+02,9.400000000000000000e+01,6.790000000000000000e+02,1.070000000000000000e+02,1.700000000000000000e+01,1.700000000000000000e+01,2.410000000000000000e+02,1.820000000000000000e+02,1.000000000000000000e+00,1.160000000000000000e+02,9.400000000000000000e+01,2.780000000000000000e+02,9.820000000000000000e+02,0.000000000000000000e+00,3.380000000000000000e+02,1.490000000000000000e+02,3.490000000000000000e+02,8.330000000000000000e+02,1.021000000000000000e+03,2.160000000000000000e+02,2.240000000000000000e+02,6.000000000000000000e+01,4.410000000000000000e+02,2.000000000000000000e+00,0.000000000000000000e+00,3.000000000000000000e+00,2.820000000000000000e+02,1.910000000000000000e+02,1.170000000000000000e+03,8.600000000000000000e+01,6.110000000000000000e+02,1.300000000000000000e+01,4.470000000000000000e+02,3.000000000000000000e+00,4.900000000000000000e+01,2.000000000000000000e+00,2.000000000000000000e+00,2.500000000000000000e+01,1.430000000000000000e+02,2.480000000000000000e+02,2.500000000000000000e+01,2.010000000000000000e+02,8.000000000000000000e+00,4.040000000000000000e+02,3.850000000000000000e+02,4.000000000000000000e+00,4.020000000000000000e+02,2.450000000000000000e+02,1.280000000000000000e+02,4.500000000000000000e+01,8.300000000000000000e+01,1.830000000000000000e+02,6.700000000000000000e+01,1.100000000000000000e+01,1.167000000000000000e+03,2.230000000000000000e+02,1.280000000000000000e+02,3.900000000000000000e+01,3.700000000000000000e+01,4.130000000000000000e+02,2.090000000000000000e+02,3.110000000000000000e+02,2.440000000000000000e+02,1.700000000000000000e+01,2.300000000000000000e+02,1.600000000000000000e+01,7.230000000000000000e+02,7.700000000000000000e+01,7.670000000000000000e+02,0.000000000000000000e+00,0.000000000000000000e+00,0.000000000000000000e+00,9.900000000000000000e+01,2.200000000000000000e+02,7.030000000000000000e+02,1.410000000000000000e+02,1.500000000000000000e+01,3.890000000000000000e+02,1.088000000000000000e+03,3.300000000000000000e+01,1.040000000000000000e+02,1.108000000000000000e+03,3.520000000000000000e+02,7.300000000000000000e+01,1.060000000000000000e+02,2.590000000000000000e+02,1.012000000000000000e+03,6.000000000000000000e+00,2.000000000000000000e+00,7.000000000000000000e+00,0.000000000000000000e+00,9.630000000000000000e+02,5.800000000000000000e+01,3.980000000000000000e+02,2.200000000000000000e+01,1.280000000000000000e+02,1.000000000000000000e+01,1.010000000000000000e+03,0.000000000000000000e+00,9.200000000000000000e+02,3.000000000000000000e+01,5.690000000000000000e+02,1.000000000000000000e+00,1.309000000000000000e+03,2.070000000000000000e+02,9.880000000000000000e+02,4.080000000000000000e+02,6.630000000000000000e+02,8.740000000000000000e+02,1.000000000000000000e+00,0.000000000000000000e+00,2.090000000000000000e+02,1.105000000000000000e+03,9.060000000000000000e+02,1.800000000000000000e+01,1.000000000000000000e+00,9.990000000000000000e+02,4.000000000000000000e+00,2.880000000000000000e+02,2.000000000000000000e+00,1.700000000000000000e+01,3.800000000000000000e+01,9.000000000000000000e+00,9.000000000000000000e+00,5.000000000000000000e+00,7.040000000000000000e+02,3.000000000000000000e+01,4.610000000000000000e+02,1.880000000000000000e+02,1.650000000000000000e+02,5.800000000000000000e+02,2.350000000000000000e+02,0.000000000000000000e+00,2.000000000000000000e+00,2.100000000000000000e+01,5.000000000000000000e+00,6.300000000000000000e+02,2.100000000000000000e+01,4.230000000000000000e+02,7.530000000000000000e+02,4.000000000000000000e+01,2.030000000000000000e+02,0.000000000000000000e+00,2.000000000000000000e+00,9.000000000000000000e+00,1.172000000000000000e+03,1.000000000000000000e+00,7.500000000000000000e+01,2.080000000000000000e+02,8.900000000000000000e+02,3.630000000000000000e+02,1.110000000000000000e+02,7.720000000000000000e+02,5.200000000000000000e+01,1.000000000000000000e+00,6.290000000000000000e+02,5.000000000000000000e+00,7.000000000000000000e+00,1.420000000000000000e+02,0.000000000000000000e+00,3.100000000000000000e+01,1.000000000000000000e+01,0.000000000000000000e+00,1.027000000000000000e+03,7.100000000000000000e+01,0.000000000000000000e+00,2.320000000000000000e+02,1.360000000000000000e+02,3.100000000000000000e+01,5.700000000000000000e+01,3.300000000000000000e+01,1.800000000000000000e+02,2.940000000000000000e+02,9.600000000000000000e+01,5.520000000000000000e+02,4.000000000000000000e+00,2.000000000000000000e+00,1.218000000000000000e+03,6.210000000000000000e+02,3.500000000000000000e+01,9.700000000000000000e+01,1.396000000000000000e+03,2.000000000000000000e+00,1.590000000000000000e+02,8.580000000000000000e+02,5.000000000000000000e+00,2.570000000000000000e+02,1.000000000000000000e+00,2.000000000000000000e+00,2.160000000000000000e+02,9.300000000000000000e+01,6.000000000000000000e+02,3.600000000000000000e+01,6.800000000000000000e+01,3.600000000000000000e+01,2.700000000000000000e+01,0.000000000000000000e+00,2.530000000000000000e+02,4.100000000000000000e+01,1.240000000000000000e+02,1.520000000000000000e+02,8.200000000000000000e+01,3.300000000000000000e+01,1.162000000000000000e+03,3.670000000000000000e+02,1.233000000000000000e+03,1.840000000000000000e+02,4.000000000000000000e+00,7.300000000000000000e+01,4.030000000000000000e+02,0.000000000000000000e+00,4.300000000000000000e+01,0.000000000000000000e+00,9.700000000000000000e+01,6.600000000000000000e+01,5.920000000000000000e+02,4.500000000000000000e+01,3.900000000000000000e+01,0.000000000000000000e+00,4.700000000000000000e+01,1.150000000000000000e+02,1.014000000000000000e+03,3.670000000000000000e+02,0.000000000000000000e+00,6.000000000000000000e+00,5.400000000000000000e+02,1.990000000000000000e+02,0.000000000000000000e+00,5.850000000000000000e+02,1.086000000000000000e+03,7.760000000000000000e+02,5.710000000000000000e+02,0.000000000000000000e+00,1.100000000000000000e+01,1.003000000000000000e+03,9.360000000000000000e+02,4.410000000000000000e+02,8.190000000000000000e+02,1.000000000000000000e+00,2.000000000000000000e+00,6.240000000000000000e+02,6.000000000000000000e+00,7.720000000000000000e+02,9.000000000000000000e+00,8.000000000000000000e+00,0.000000000000000000e+00,0.000000000000000000e+00,3.800000000000000000e+01,9.000000000000000000e+00,1.118000000000000000e+03,1.006000000000000000e+03,1.341000000000000000e+03,2.000000000000000000e+00,0.000000000000000000e+00
8.830000000000000000e+02,9.980000000000000000e+02,2.580000000000000000e+02,1.090000000000000000e+02,1.830000000000000000e+02,1.180000000000000000e+02,1.200000000000000000e+01,4.800000000000000000e+01,2.660000000000000000e+02,1.000000000000000000e+00,1.640000000000000000e+02,1.720000000000000000e+02,2.740000000000000000e+02,8.060000000000000000e+02,6.100000000000000000e+01,2.000000000000000000e+01,4.900000000000000000e+01,5.510000000000000000e+02,4.070000000000000000e+02,8.000000000000000000e+00,1.430000000000000000e+02,1.550000000000000000e+02,6.660000000000000000e+02,9.190000000000000000e+02,4.000000000000000000e+00,2.230000000000000000e+02,1.620000000000000000e+02,6.770000000000000000e+02,9.860000000000000000e+02,8.670000000000000000e+02,5.790000000000000000e+02,4.920000000000000000e+02,9.900000000000000000e+01,7.630000000000000000e+02,3.000000000000000000e+00,3.770000000000000000e+02,6.000000000000000000e+00,6.060000000000000000e+02,2.070000000000000000e+02,9.550000000000000000e+02,6.700000000000000000e+01,8.250000000000000000e+02,5.600000000000000000e+01,8.150000000000000000e+02,1.400000000000000000e+01,9.500000000000000000e+01,6.000000000000000000e+00,8.000000000000000000e+00,6.100000000000000000e+01,1.410000000000000000e+02,1.580000000000000000e+02,5.900000000000000000e+01,2.130000000000000000e+02,1.700000000000000000e+01,6.820000000000000000e+02,6.690000000000000000e+02,1.200000000000000000e+01,7.360000000000000000e+02,2.490000000000000000e+02,1.550000000000000000e+02,1.410000000000000000e+02,1.480000000000000000e+02,1.980000000000000000e+02,3.100000000000000000e+02,7.100000000000000000e+01,9.380000000000000000e+02,5.580000000000000000e+02,3.730000000000000000e+02,1.820000000000000000e+02,9.100000000000000000e+01,7.710000000000000000e+02,1.840000000000000000e+02,6.240000000000000000e+02,4.960000000000000000e+02,3.100000000000000000e+01,6.760000000000000000e+02,4.600000000000000000e+01,1.010000000000000000e+03,1.090000000000000000e+02,9.970000000000000000e+02,1.122000000000000000e+03,3.670000000000000000e+02,3.470000000000000000e+02,0.000000000000000000e+00,1.550000000000000000e+02,9.030000000000000000e+02,3.730000000000000000e+02,5.600000000000000000e+01,7.270000000000000000e+02,9.230000000000000000e+02,1.200000000000000000e+02,1.630000000000000000e+02,8.960000000000000000e+02,6.480000000000000000e+02,1.230000000000000000e+02,1.590000000000000000e+02,6.040000000000000000e+02,9.450000000000000000e+02,2.100000000000000000e+01,1.000000000000000000e+01,4.100000000000000000e+01,8.000000000000000000e+00,9.330000000000000000e+02,1.020000000000000000e+02,8.020000000000000000e+02,2.300000000000000000e+01,1.470000000000000000e+02,2.400000000000000000e+01,9.370000000000000000e+02,3.280000000000000000e+02,9.010000000000000000e+02,6.400000000000000000e+01,9.410000000000000000e+02,1.200000000000000000e+01,9.580000000000000000e+02,1.650000000000000000e+02,9.400000000000000000e+02,2.440000000000000000e+02,9.300000000000000000e+02,9.350000000000000000e+02,1.100000000000000000e+01,1.187000000000000000e+03,1.590000000000000000e+02,9.540000000000000000e+02,9.980000000000000000e+02,5.300000000000000000e+01,8.000000000000000000e+00,9.380000000000000000e+02,8.000000000000000000e+00,2.020000000000000000e+02,6.000000000000000000e+00,9.500000000000000000e+01,9.300000000000000000e+01,4.100000000000000000e+01,3.400000000000000000e+01,2.000000000000000000e+01,9.100000000000000000e+02,1.260000000000000000e+02,7.750000000000000000e+02,1.540000000000000000e+02,2.230000000000000000e+02,9.130000000000000000e+02,6.980000000000000000e+02,4.070000000000000000e+02,6.000000000000000000e+00,4.800000000000000000e+01,3.000000000000000000e+01,9.290000000000000000e+02,5.900000000000000000e+01,2.360000000000000000e+02,9.340000000000000000e+02,7.000000000000000000e+01,1.540000000000000000e+02,1.142000000000000000e+03,1.100000000000000000e+01,2.900000000000000000e+01,9.170000000000000000e+02,2.000000000000000000e+00,1.160000000000000000e+02,2.230000000000000000e+02,9.350000000000000000e+02,6.470000000000000000e+02,5.800000000000000000e+01,8.800000000000000000e+02,9.400000000000000000e+01,1.200000000000000000e+01,8.870000000000000000e+02,8.000000000000000000e+00,1.100000000000000000e+01,3.660000000000000000e+02,1.600000000000000000e+01,7.100000000000000000e+01,3.200000000000000000e+01,1.182000000000000000e+03,8.890000000000000000e+02,1.410000000000000000e+02,1.900000000000000000e+01,1.810000000000000000e+02,1.200000000000000000e+02,2.050000000000000000e+02,9.900000000000000000e+01,7.700000000000000000e+01,2.190000000000000000e+02,2.590000000000000000e+02,1.050000000000000000e+02,2.410000000000000000e+02,3.000000000000000000e+01,1.000000000000000000e+00,9.380000000000000000e+02,8.470000000000000000e+02,1.030000000000000000e+02,2.220000000000000000e+02,9.310000000000000000e+02,2.200000000000000000e+01,2.190000000000000000e+02,9.830000000000000000e+02,1.800000000000000000e+01,5.950000000000000000e+02,2.000000000000000000e+01,1.000000000000000000e+01,1.890000000000000000e+02,6.400000000000000000e+01,8.830000000000000000e+02,5.300000000000000000e+01,2.390000000000000000e+02,8.800000000000000000e+01,6.800000000000000000e+01,1.000000000000000000e+00,5.930000000000000000e+02,6.500000000000000000e+01,4.170000000000000000e+02,1.000000000000000000e+02,3.090000000000000000e+02,6.400000000000000000e+01,9.410000000000000000e+02,6.340000000000000000e+02,9.210000000000000000e+02,4.940000000000000000e+02,1.800000000000000000e+01,2.240000000000000000e+02,2.390000000000000000e+02,3.690000000000000000e+02,2.670000000000000000e+02,4.240000000000000000e+02,1.580000000000000000e+02,1.040000000000000000e+02,8.640000000000000000e+02,6.900000000000000000e+01,7.100000000000000000e+01,1.116000000000000000e+03,6.800000000000000000e+01,3.360000000000000000e+02,9.460000000000000000e+02,2.600000000000000000e+02,1.000000000000000000e+00,4.300000000000000000e+01,8.230000000000000000e+02,1.780000000000000000e+02,4.200000000000000000e+02,8.210000000000000000e+02,9.070000000000000000e+02,9.250000000000000000e+02,8.190000000000000000e+02,4.050000000000000000e+02,3.900000000000000000e+01,9.490000000000000000e+02,9.770000000000000000e+02,7.960000000000000000e+02,9.320000000000000000e+02,1.500000000000000000e+01,1.100000000000000000e+01,8.890000000000000000e+02,2.700000000000000000e+01,8.390000000000000000e+02,6.100000000000000000e+01,3.900000000000000000e+01,2.400000000000000000e+01,4.000000000000000000e+00,6.900000000000000000e+01,4.700000000000000000e+01,9.490000000000000000e+02,9.020000000000000000e+02,9.890000000000000000e+02,1.000000000000000000e+01,3.970000000000000000e+02
1.590000000000000000e+02,2.130000000000000000e+02,8.200000000000000000e+01,6.000000000000000000e+01,5.600000000000000000e+01,2.900000000000000000e+01,0.000000000000000000e+00,1.100000000000000000e+01,1.460000000000000000e+02,0.000000000000000000e+00,0.000000000000000000e+00,0.000000000000000000e+00,4.600000000000000000e+01,2.310000000000000000e+02,0.000000000000000000e+00,0.000000000000000000e+00,1.200000000000000000e+01,9.100000000000000000e+01,8.000000000000000000e+01,0.000000000000000000e+00,3.700000000000000000e+01,2.700000000000000000e+01,1.030000000000000000e+02,3.730000000000000000e+02,0.000000000000000000e+00,1.000000000000000000e+02,6.900000000000000000e+01,1.090000000000000000e+02,2.350000000000000000e+02,3.600000000000000000e+02,7.600000000000000000e+01,9.600000000000000000e+01,0.000000000000000000e+00,1.220000000000000000e+02,0.000000000000000000e+00,1.220000000000000000e+02,0.000000000000000000e+00,1.300000000000000000e+02,6.100000000000000000e+01,4.200000000000000000e+02,0.000000000000000000e+00,1.910000000000000000e+02,0.000000000000000000e+00,1.450000000000000000e+02,0.000000000000000000e+00,2.900000000000000000e+01,0.000000000000000000e+00,0.000000000000000000e+00,1.200000000000000000e+01,0.000000000000000000e+00,0.000000000000000000e+00,1.800000000000000000e+01,5.100000000000000000e+01,0.000000000000000000e+00,1.250000000000000000e+02,1.320000000000000000e+02,0.000000000000000000e+00,9.800000000000000000e+01,7.000000000000000000e+01,7.200000000000000000e+01,0.000000000000000000e+00,3.300000000000000000e+01,6.500000000000000000e+01,5.000000000000000000e+01,1.600000000000000000e+01,3.960000000000000000e+02,7.200000000000000000e+01,5.500000000000000000e+01,2.600000000000000000e+01,0.000000000000000000e+00,1.660000000000000000e+02,6.400000000000000000e+01,8.500000000000000000e+01,8.800000000000000000e+01,1.100000000000000000e+01,8.800000000000000000e+01,1.200000000000000000e+01,1.830000000000000000e+02,2.700000000000000000e+01,2.540000000000000000e+02,9.980000000000000000e+02,1.350000000000000000e+02,1.390000000000000000e+02,3.600000000000000000e+01,0.000000000000000000e+00,2.420000000000000000e+02,4.200000000000000000e+01,9.000000000000000000e+00,1.220000000000000000e+02,3.350000000000000000e+02,2.100000000000000000e+01,3.700000000000000000e+01,3.380000000000000000e+02,1.080000000000000000e+02,3.600000000000000000e+01,0.000000000000000000e+00,9.200000000000000000e+01,3.340000000000000000e+02,0.000000000000000000e+00,0.000000000000000000e+00,1.400000000000000000e+01,0.000000000000000000e+00,3.190000000000000000e+02,2.300000000000000000e+01,1.420000000000000000e+02,7.000000000000000000e+00,4.300000000000000000e+01,9.000000000000000000e+00,3.390000000000000000e+02,1.400000000000000000e+02,2.830000000000000000e+02,2.400000000000000000e+01,1.760000000000000000e+02,0.000000000000000000e+00,4.870000000000000000e+02,0.000000000000000000e+00,3.070000000000000000e+02,1.660000000000000000e+02,1.930000000000000000e+02,2.670000000000000000e+02,0.000000000000000000e+00,9.520000000000000000e+02,0.000000000000000000e+00,3.300000000000000000e+02,2.930000000000000000e+02,8.000000000000000000e+00,0.000000000000000000e+00,3.070000000000000000e+02,0.000000000000000000e+00,7.200000000000000000e+01,0.000000000000000000e+00,2.200000000000000000e+01,1.500000000000000000e+01,3.000000000000000000e+00,0.000000000000000000e+00,0.000000000000000000e+00,2.000000000000000000e+02,2.500000000000000000e+01,1.320000000000000000e+02,0.000000000000000000e+00,3.800000000000000000e+01,1.640000000000000000e+02,7.300000000000000000e+01,1.390000000000000000e+02,0.000000000000000000e+00,0.000000000000000000e+00,1.300000000000000000e+01,1.900000000000000000e+02,3.000000000000000000e+00,1.110000000000000000e+02,1.950000000000000000e+02,1.100000000000000000e+01,0.000000000000000000e+00,1.025000000000000000e+03,5.000000000000000000e+00,0.000000000000000000e+00,4.280000000000000000e+02,0.000000000000000000e+00,2.800000000000000000e+01,6.700000000000000000e+01,2.740000000000000000e+02,1.250000000000000000e+02,0.000000000000000000e+00,2.360000000000000000e+02,0.000000000000000000e+00,0.000000000000000000e+00,1.880000000000000000e+02,0.000000000000000000e+00,0.000000000000000000e+00,5.100000000000000000e+01,0.000000000000000000e+00,0.000000000000000000e+00,5.000000000000000000e+00,9.830000000000000000e+02,3.310000000000000000e+02,5.300000000000000000e+01,0.000000000000000000e+00,7.800000000000000000e+01,4.700000000000000000e+01,2.400000000000000000e+01,1.500000000000000000e+01,1.500000000000000000e+01,6.600000000000000000e+01,1.030000000000000000e+02,3.000000000000000000e+01,2.070000000000000000e+02,0.000000000000000000e+00,0.000000000000000000e+00,3.580000000000000000e+02,2.290000000000000000e+02,2.500000000000000000e+01,4.000000000000000000e+01,5.580000000000000000e+02,0.000000000000000000e+00,5.700000000000000000e+01,2.410000000000000000e+02,0.000000000000000000e+00,9.900000000000000000e+01,0.000000000000000000e+00,0.000000000000000000e+00,9.300000000000000000e+01,0.000000000000000000e+00,1.740000000000000000e+02,7.000000000000000000e+00,4.200000000000000000e+01,2.000000000000000000e+01,1.500000000000000000e+01,0.000000000000000000e+00,8.600000000000000000e+01,1.700000000000000000e+01,6.400000000000000000e+01,5.800000000000000000e+01,4.800000000000000000e+01,2.500000000000000000e+01,4.430000000000000000e+02,1.350000000000000000e+02,4.430000000000000000e+02,7.800000000000000000e+01,0.000000000000000000e+00,3.400000000000000000e+01,9.400000000000000000e+01,1.330000000000000000e+02,3.500000000000000000e+01,1.480000000000000000e+02,0.000000000000000000e+00,0.000000000000000000e+00,1.760000000000000000e+02,1.100000000000000000e+01,1.900000000000000000e+01,9.790000000000000000e+02,1.900000000000000000e+01,4.200000000000000000e+01,3.650000000000000000e+02,1.230000000000000000e+02,0.000000000000000000e+00,0.000000000000000000e+00,1.720000000000000000e+02,5.900000000000000000e+01,1.500000000000000000e+02,1.700000000000000000e+02,3.260000000000000000e+02,2.200000000000000000e+02,1.880000000000000000e+02,1.420000000000000000e+02,0.000000000000000000e+00,3.070000000000000000e+02,2.770000000000000000e+02,1.150000000000000000e+02,2.270000000000000000e+02,0.000000000000000000e+00,0.000000000000000000e+00,1.670000000000000000e+02,6.000000000000000000e+00,2.080000000000000000e+02,1.000000000000000000e+01,1.200000000000000000e+01,0.000000000000000000e+00,0.000000000000000000e+00,1.600000000000000000e+01,5.000000000000000000e+00,4.120000000000000000e+02,3.450000000000000000e+02,5.210000000000000000e+02,0.000000000000000000e+00,1.460000000000000000e+02
8.780000000000000000e+02,1.092000000000000000e+03,4.550000000000000000e+02,2.020000000000000000e+02,3.190000000000000000e+02,1.030000000000000000e+02,9.000000000000000000e+00,4.800000000000000000e+01,6.440000000000000000e+02,0.000000000000000000e+00,3.760000000000000000e+02,2.680000000000000000e+02,1.430000000000000000e+02,7.400000000000000000e+02,1.440000000000000000e+02,2.200000000000000000e+01,1.400000000000000000e+01,1.220000000000000000e+02,9.200000000000000000e+01,2.000000000000000000e+00,1.990000000000000000e+02,1.700000000000000000e+02,4.370000000000000000e+02,1.359000000000000000e+03,2.000000000000000000e+00,4.410000000000000000e+02,2.890000000000000000e+02,5.240000000000000000e+02,1.019000000000000000e+03,1.351000000000000000e+03,3.140000000000000000e+02,3.500000000000000000e+02,8.800000000000000000e+01,6.360000000000000000e+02,4.000000000000000000e+00,6.200000000000000000e+02,6.000000000000000000e+00,5.150000000000000000e+02,2.460000000000000000e+02,1.599000000000000000e+03,1.100000000000000000e+02,9.900000000000000000e+02,2.600000000000000000e+01,7.070000000000000000e+02,1.000000000000000000e+00,7.100000000000000000e+01,3.000000000000000000e+00,4.000000000000000000e+00,1.600000000000000000e+01,2.290000000000000000e+02,2.530000000000000000e+02,3.200000000000000000e+01,3.450000000000000000e+02,3.000000000000000000e+00,2.690000000000000000e+02,2.260000000000000000e+02,1.000000000000000000e+00,6.620000000000000000e+02,3.550000000000000000e+02,2.930000000000000000e+02,7.400000000000000000e+01,1.560000000000000000e+02,2.770000000000000000e+02,1.690000000000000000e+02,4.500000000000000000e+01,1.579000000000000000e+03,3.180000000000000000e+02,1.130000000000000000e+02,6.400000000000000000e+01,4.700000000000000000e+01,7.470000000000000000e+02,2.850000000000000000e+02,5.020000000000000000e+02,1.370000000000000000e+02,6.000000000000000000e+00,2.250000000000000000e+02,2.700000000000000000e+01,9.450000000000000000e+02,1.230000000000000000e+02,1.164000000000000000e+03,2.914000000000000000e+03,5.740000000000000000e+02,6.090000000000000000e+02,1.230000000000000000e+02,2.770000000000000000e+02,0.000000000000000000e+00,1.690000000000000000e+02,2.200000000000000000e+01,3.510000000000000000e+02,1.395000000000000000e+03,9.800000000000000000e+01,1.810000000000000000e+02,1.452000000000000000e+03,4.940000000000000000e+02,1.810000000000000000e+02,1.860000000000000000e+02,4.680000000000000000e+02,1.451000000000000000e+03,6.000000000000000000e+00,4.000000000000000000e+00,3.300000000000000000e+01,6.000000000000000000e+00,1.445000000000000000e+03,9.200000000000000000e+01,6.160000000000000000e+02,3.300000000000000000e+01,2.020000000000000000e+02,1.100000000000000000e+01,1.347000000000000000e+03,6.550000000000000000e+02,1.300000000000000000e+03,5.000000000000000000e+00,8.640000000000000000e+02,7.000000000000000000e+00,1.758000000000000000e+03,2.830000000000000000e+02,1.337000000000000000e+03,5.800000000000000000e+02,9.600000000000000000e+02,1.254000000000000000e+03,4.000000000000000000e+00,2.762000000000000000e+03,3.090000000000000000e+02,1.568000000000000000e+03,1.368000000000000000e+03,4.200000000000000000e+01,5.000000000000000000e+00,1.478000000000000000e+03,1.000000000000000000e+00,5.070000000000000000e+02,4.000000000000000000e+00,5.100000000000000000e+01,7.200000000000000000e+01,1.600000000000000000e+01,2.100000000000000000e+01,8.000000000000000000e+00,9.440000000000000000e+02,5.400000000000000000e+01,6.430000000000000000e+02,2.100000000000000000e+02,2.610000000000000000e+02,7.960000000000000000e+02,2.540000000000000000e+02,5.640000000000000000e+02,4.000000000000000000e+00,1.200000000000000000e+01,1.500000000000000000e+01,1.032000000000000000e+03,2.800000000000000000e+01,4.870000000000000000e+02,1.044000000000000000e+03,2.700000000000000000e+01,3.650000000000000000e+02,2.854000000000000000e+03,7.000000000000000000e+00,2.000000000000000000e+00,1.603000000000000000e+03,3.000000000000000000e+00,9.000000000000000000e+01,3.180000000000000000e+02,1.207000000000000000e+03,1.870000000000000000e+02,1.460000000000000000e+02,1.054000000000000000e+03,8.500000000000000000e+01,9.000000000000000000e+00,9.400000000000000000e+02,5.000000000000000000e+00,0.000000000000000000e+00,1.740000000000000000e+02,2.000000000000000000e+00,3.000000000000000000e+01,2.600000000000000000e+01,2.836000000000000000e+03,1.416000000000000000e+03,2.890000000000000000e+02,8.000000000000000000e+00,2.540000000000000000e+02,1.680000000000000000e+02,1.010000000000000000e+02,8.700000000000000000e+01,5.000000000000000000e+01,3.460000000000000000e+02,4.960000000000000000e+02,1.560000000000000000e+02,6.770000000000000000e+02,1.500000000000000000e+01,0.000000000000000000e+00,1.608000000000000000e+03,1.005000000000000000e+03,8.000000000000000000e+01,1.390000000000000000e+02,1.928000000000000000e+03,1.300000000000000000e+01,2.420000000000000000e+02,1.225000000000000000e+03,4.000000000000000000e+00,2.280000000000000000e+02,6.000000000000000000e+00,0.000000000000000000e+00,3.880000000000000000e+02,1.170000000000000000e+02,6.710000000000000000e+02,3.600000000000000000e+01,9.300000000000000000e+01,6.800000000000000000e+01,2.400000000000000000e+01,0.000000000000000000e+00,4.240000000000000000e+02,3.900000000000000000e+01,2.440000000000000000e+02,1.970000000000000000e+02,9.000000000000000000e+01,2.700000000000000000e+01,1.695000000000000000e+03,2.110000000000000000e+02,1.565000000000000000e+03,2.760000000000000000e+02,6.000000000000000000e+00,1.030000000000000000e+02,5.040000000000000000e+02,6.140000000000000000e+02,1.390000000000000000e+02,5.990000000000000000e+02,1.340000000000000000e+02,7.800000000000000000e+01,8.360000000000000000e+02,2.700000000000000000e+01,3.200000000000000000e+01,2.878000000000000000e+03,2.100000000000000000e+01,1.690000000000000000e+02,1.471000000000000000e+03,5.290000000000000000e+02,0.000000000000000000e+00,1.800000000000000000e+01,8.710000000000000000e+02,3.060000000000000000e+02,6.690000000000000000e+02,7.970000000000000000e+02,1.339000000000000000e+03,1.165000000000000000e+03,6.630000000000000000e+02,6.220000000000000000e+02,8.000000000000000000e+00,1.452000000000000000e+03,1.164000000000000000e+03,7.320000000000000000e+02,1.189000000000000000e+03,5.000000000000000000e+00,1.000000000000000000e+00,8.990000000000000000e+02,9.000000000000000000e+00,1.103000000000000000e+03,3.800000000000000000e+01,1.400000000000000000e+01,1.000000000000000000e+00,2.000000000000000000e+00,5.100000000000000000e+01,1.600000000000000000e+01,1.562000000000000000e+03,1.190000000000000000e+03,1.821000000000000000e+03,0.000000000000000000e+00,6.670000000000000000e+02
1.856000000000000000e+03,1.839000000000000000e+03,8.240000000000000000e+02,5.730000000000000000e+02,7.330000000000000000e+02,7.310000000000000000e+02,3.500000000000000000e+01,2.620000000000000000e+02,8.230000000000000000e+02,1.000000000000000000e+00,3.570000000000000000e+02,3.890000000000000000e+02,5.500000000000000000e+02,1.877000000000000000e+03,1.750000000000000000e+02,4.900000000000000000e+01,3.520000000000000000e+02,1.398000000000000000e+03,1.257000000000000000e+03,2.300000000000000000e+01,5.770000000000000000e+02,5.850000000000000000e+02,1.477000000000000000e+03,2.002000000000000000e+03,7.000000000000000000e+00,7.990000000000000000e+02,5.780000000000000000e+02,1.612000000000000000e+03,1.936000000000000000e+03,2.039000000000000000e+03,1.469000000000000000e+03,1.356000000000000000e+03,2.770000000000000000e+02,1.630000000000000000e+03,1.900000000000000000e+01,8.350000000000000000e+02,1.000000000000000000e+01,1.584000000000000000e+03,6.490000000000000000e+02,2.068000000000000000e+03,1.460000000000000000e+02,1.924000000000000000e+03,1.460000000000000000e+02,1.594000000000000000e+03,3.700000000000000000e+01,4.920000000000000000e+02,2.800000000000000000e+01,2.600000000000000000e+01,2.590000000000000000e+02,3.640000000000000000e+02,3.180000000000000000e+02,3.780000000000000000e+02,6.900000000000000000e+02,4.800000000000000000e+01,1.683000000000000000e+03,1.634000000000000000e+03,3.300000000000000000e+01,1.691000000000000000e+03,7.410000000000000000e+02,5.150000000000000000e+02,2.670000000000000000e+02,5.630000000000000000e+02,6.710000000000000000e+02,9.920000000000000000e+02,2.740000000000000000e+02,2.019000000000000000e+03,1.517000000000000000e+03,1.165000000000000000e+03,4.320000000000000000e+02,2.370000000000000000e+02,1.664000000000000000e+03,6.160000000000000000e+02,1.475000000000000000e+03,1.421000000000000000e+03,1.560000000000000000e+02,1.574000000000000000e+03,2.420000000000000000e+02,2.039000000000000000e+03,5.090000000000000000e+02,1.861000000000000000e+03,2.514000000000000000e+03,9.060000000000000000e+02,9.060000000000000000e+02,5.870000000000000000e+02,3.770000000000000000e+02,1.967000000000000000e+03,0.000000000000000000e+00,3.620000000000000000e+02,1.548000000000000000e+03,1.935000000000000000e+03,4.050000000000000000e+02,5.930000000000000000e+02,2.059000000000000000e+03,1.583000000000000000e+03,5.890000000000000000e+02,2.530000000000000000e+02,1.447000000000000000e+03,1.957000000000000000e+03,4.400000000000000000e+01,3.200000000000000000e+01,2.310000000000000000e+02,3.000000000000000000e+01,1.974000000000000000e+03,4.460000000000000000e+02,1.626000000000000000e+03,5.100000000000000000e+01,4.400000000000000000e+02,2.400000000000000000e+01,1.972000000000000000e+03,8.840000000000000000e+02,1.966000000000000000e+03,3.190000000000000000e+02,1.878000000000000000e+03,4.100000000000000000e+01,2.015000000000000000e+03,3.480000000000000000e+02,2.066000000000000000e+03,7.600000000000000000e+02,1.589000000000000000e+03,1.622000000000000000e+03,3.700000000000000000e+01,2.611000000000000000e+03,3.070000000000000000e+02,1.594000000000000000e+03,1.715000000000000000e+03,1.670000000000000000e+02,1.500000000000000000e+01,1.969000000000000000e+03,7.000000000000000000e+00,7.530000000000000000e+02,1.000000000000000000e+00,3.310000000000000000e+02,3.720000000000000000e+02,9.100000000000000000e+01,1.390000000000000000e+02,9.200000000000000000e+01,1.651000000000000000e+03,1.390000000000000000e+02,1.750000000000000000e+03,3.400000000000000000e+02,7.570000000000000000e+02,2.041000000000000000e+03,1.634000000000000000e+03,8.760000000000000000e+02,1.000000000000000000e+01,1.560000000000000000e+02,2.000000000000000000e+02,1.641000000000000000e+03,1.440000000000000000e+02,8.100000000000000000e+02,1.895000000000000000e+03,3.660000000000000000e+02,3.470000000000000000e+02,2.484000000000000000e+03,6.900000000000000000e+01,7.600000000000000000e+01,2.034000000000000000e+03,1.600000000000000000e+01,4.720000000000000000e+02,7.390000000000000000e+02,1.970000000000000000e+03,1.571000000000000000e+03,1.640000000000000000e+02,1.892000000000000000e+03,2.660000000000000000e+02,5.700000000000000000e+01,1.579000000000000000e+03,3.100000000000000000e+01,5.300000000000000000e+01,9.450000000000000000e+02,3.100000000000000000e+01,1.930000000000000000e+02,1.960000000000000000e+02,2.483000000000000000e+03,1.974000000000000000e+03,5.500000000000000000e+02,5.000000000000000000e+01,6.810000000000000000e+02,5.230000000000000000e+02,5.880000000000000000e+02,4.990000000000000000e+02,3.420000000000000000e+02,7.070000000000000000e+02,7.590000000000000000e+02,4.080000000000000000e+02,8.220000000000000000e+02,7.500000000000000000e+01,0.000000000000000000e+00,1.676000000000000000e+03,1.838000000000000000e+03,4.580000000000000000e+02,6.250000000000000000e+02,2.063000000000000000e+03,7.800000000000000000e+01,7.300000000000000000e+02,1.556000000000000000e+03,4.800000000000000000e+01,1.437000000000000000e+03,4.500000000000000000e+01,2.300000000000000000e+01,7.630000000000000000e+02,1.300000000000000000e+02,1.785000000000000000e+03,2.140000000000000000e+02,5.810000000000000000e+02,3.640000000000000000e+02,3.030000000000000000e+02,1.000000000000000000e+00,1.494000000000000000e+03,4.000000000000000000e+02,1.198000000000000000e+03,4.560000000000000000e+02,1.114000000000000000e+03,3.500000000000000000e+02,1.983000000000000000e+03,1.552000000000000000e+03,1.942000000000000000e+03,1.236000000000000000e+03,3.400000000000000000e+01,4.240000000000000000e+02,8.030000000000000000e+02,8.680000000000000000e+02,7.990000000000000000e+02,8.500000000000000000e+02,3.850000000000000000e+02,2.630000000000000000e+02,1.874000000000000000e+03,3.940000000000000000e+02,4.070000000000000000e+02,2.597000000000000000e+03,4.000000000000000000e+02,8.730000000000000000e+02,1.858000000000000000e+03,8.020000000000000000e+02,9.000000000000000000e+00,9.900000000000000000e+01,1.738000000000000000e+03,6.990000000000000000e+02,8.470000000000000000e+02,1.797000000000000000e+03,1.944000000000000000e+03,1.893000000000000000e+03,1.789000000000000000e+03,8.910000000000000000e+02,1.260000000000000000e+02,1.976000000000000000e+03,1.613000000000000000e+03,1.652000000000000000e+03,1.944000000000000000e+03,3.700000000000000000e+01,9.000000000000000000e+00,1.856000000000000000e+03,1.120000000000000000e+02,1.826000000000000000e+03,1.970000000000000000e+02,1.680000000000000000e+02,5.600000000000000000e+01,1.200000000000000000e+01,2.900000000000000000e+02,1.410000000000000000e+02,1.980000000000000000e+03,1.902000000000000000e+03,2.035000000000000000e+03,4.100000000000000000e+01,8.910000000000000000e+02
4.140000000000000000e+02,3.900000000000000000e+02,1.130000000000000000e+02,6.700000000000000000e+01,9.200000000000000000e+01,8.400000000000000000e+01,1.500000000000000000e+01,5.900000000000000000e+01,9.500000000000000000e+01,4.000000000000000000e+00,9.200000000000000000e+01,7.400000000000000000e+01,2.250000000000000000e+02,3.880000000000000000e+02,2.800000000000000000e+01,1.500000000000000000e+01,5.900000000000000000e+01,3.430000000000000000e+02,3.150000000000000000e+02,9.000000000000000000e+00,9.100000000000000000e+01,8.900000000000000000e+01,3.890000000000000000e+02,4.480000000000000000e+02,5.000000000000000000e+00,1.010000000000000000e+02,9.400000000000000000e+01,3.640000000000000000e+02,4.350000000000000000e+02,4.360000000000000000e+02,3.920000000000000000e+02,3.750000000000000000e+02,4.800000000000000000e+01,3.650000000000000000e+02,4.000000000000000000e+00,1.510000000000000000e+02,1.000000000000000000e+01,3.610000000000000000e+02,1.130000000000000000e+02,4.630000000000000000e+02,3.300000000000000000e+01,4.480000000000000000e+02,3.700000000000000000e+01,3.940000000000000000e+02,1.700000000000000000e+01,8.300000000000000000e+01,8.000000000000000000e+00,8.000000000000000000e+00,4.500000000000000000e+01,8.200000000000000000e+01,5.300000000000000000e+01,7.500000000000000000e+01,1.030000000000000000e+02,1.300000000000000000e+01,3.800000000000000000e+02,3.960000000000000000e+02,3.000000000000000000e+00,3.960000000000000000e+02,1.070000000000000000e+02,1.030000000000000000e+02,5.300000000000000000e+01,1.060000000000000000e+02,1.070000000000000000e+02,2.520000000000000000e+02,4.600000000000000000e+01,4.200000000000000000e+02,3.740000000000000000e+02,3.190000000000000000e+02,1.400000000000000000e+02,7.700000000000000000e+01,3.670000000000000000e+02,1.100000000000000000e+02,3.740000000000000000e+02,3.830000000000000000e+02,2.300000000000000000e+01,4.450000000000000000e+02,4.400000000000000000e+01,4.690000000000000000e+02,9.000000000000000000e+01,4.450000000000000000e+02,4.990000000000000000e+02,1.590000000000000000e+02,1.820000000000000000e+02,8.600000000000000000e+01,7.900000000000000000e+01,4.160000000000000000e+02,3.120000000000000000e+02,0.000000000000000000e+00,4.010000000000000000e+02,4.260000000000000000e+02,7.100000000000000000e+01,7.700000000000000000e+01,4.000000000000000000e+02,3.940000000000000000e+02,1.110000000000000000e+02,7.900000000000000000e+01,3.770000000000000000e+02,3.870000000000000000e+02,2.400000000000000000e+01,1.700000000000000000e+01,3.100000000000000000e+01,1.100000000000000000e+01,4.330000000000000000e+02,8.500000000000000000e+01,3.920000000000000000e+02,4.000000000000000000e+01,8.500000000000000000e+01,2.000000000000000000e+01,4.370000000000000000e+02,1.670000000000000000e+02,4.340000000000000000e+02,4.800000000000000000e+01,4.230000000000000000e+02,1.200000000000000000e+01,4.790000000000000000e+02,5.700000000000000000e+01,4.340000000000000000e+02,1.290000000000000000e+02,3.950000000000000000e+02,4.400000000000000000e+02,8.000000000000000000e+00,4.700000000000000000e+02,6.900000000000000000e+01,4.260000000000000000e+02,4.460000000000000000e+02,4.500000000000000000e+01,1.100000000000000000e+01,4.190000000000000000e+02,9.000000000000000000e+00,1.130000000000000000e+02,6.000000000000000000e+00,8.900000000000000000e+01,7.400000000000000000e+01,2.000000000000000000e+01,3.200000000000000000e+01,1.700000000000000000e+01,4.150000000000000000e+02,1.170000000000000000e+02,4.080000000000000000e+02,6.500000000000000000e+01,9.200000000000000000e+01,4.530000000000000000e+02,4.330000000000000000e+02,1.610000000000000000e+02,1.100000000000000000e+01,3.100000000000000000e+01,3.200000000000000000e+01,4.260000000000000000e+02,5.200000000000000000e+01,1.070000000000000000e+02,3.990000000000000000e+02,6.100000000000000000e+01,6.800000000000000000e+01,5.260000000000000000e+02,1.700000000000000000e+01,2.500000000000000000e+01,4.360000000000000000e+02,6.000000000000000000e+00,1.030000000000000000e+02,1.040000000000000000e+02,3.900000000000000000e+02,3.560000000000000000e+02,2.800000000000000000e+01,4.150000000000000000e+02,5.900000000000000000e+01,2.400000000000000000e+01,4.410000000000000000e+02,1.000000000000000000e+01,1.000000000000000000e+01,2.850000000000000000e+02,1.100000000000000000e+01,4.600000000000000000e+01,3.700000000000000000e+01,5.040000000000000000e+02,4.330000000000000000e+02,6.600000000000000000e+01,1.200000000000000000e+01,9.500000000000000000e+01,8.500000000000000000e+01,2.070000000000000000e+02,1.040000000000000000e+02,5.800000000000000000e+01,8.700000000000000000e+01,1.070000000000000000e+02,6.300000000000000000e+01,1.320000000000000000e+02,2.400000000000000000e+01,0.000000000000000000e+00,4.220000000000000000e+02,4.260000000000000000e+02,7.800000000000000000e+01,9.900000000000000000e+01,4.440000000000000000e+02,2.000000000000000000e+01,9.800000000000000000e+01,4.340000000000000000e+02,1.100000000000000000e+01,3.890000000000000000e+02,2.400000000000000000e+01,4.000000000000000000e+00,1.030000000000000000e+02,2.800000000000000000e+01,4.020000000000000000e+02,6.600000000000000000e+01,1.660000000000000000e+02,6.500000000000000000e+01,6.300000000000000000e+01,1.000000000000000000e+00,3.850000000000000000e+02,5.800000000000000000e+01,3.270000000000000000e+02,8.100000000000000000e+01,2.930000000000000000e+02,6.000000000000000000e+01,4.340000000000000000e+02,4.170000000000000000e+02,4.190000000000000000e+02,3.680000000000000000e+02,2.400000000000000000e+01,2.050000000000000000e+02,1.090000000000000000e+02,1.820000000000000000e+02,2.030000000000000000e+02,1.870000000000000000e+02,7.000000000000000000e+01,6.200000000000000000e+01,3.850000000000000000e+02,6.600000000000000000e+01,9.700000000000000000e+01,5.120000000000000000e+02,6.200000000000000000e+01,3.050000000000000000e+02,4.140000000000000000e+02,1.130000000000000000e+02,2.000000000000000000e+00,2.500000000000000000e+01,4.090000000000000000e+02,8.700000000000000000e+01,1.790000000000000000e+02,4.480000000000000000e+02,4.360000000000000000e+02,4.130000000000000000e+02,4.100000000000000000e+02,1.670000000000000000e+02,4.300000000000000000e+01,4.270000000000000000e+02,4.240000000000000000e+02,4.360000000000000000e+02,4.150000000000000000e+02,1.300000000000000000e+01,1.700000000000000000e+01,4.300000000000000000e+02,4.200000000000000000e+01,4.010000000000000000e+02,5.000000000000000000e+01,2.800000000000000000e+01,1.800000000000000000e+01,4.000000000000000000e+00,5.200000000000000000e+01,3.800000000000000000e+01,3.950000000000000000e+02,4.140000000000000000e+02,4.040000000000000000e+02,1.400000000000000000e+01,1.620000000000000000e+02
1.390000000000000000e+03,1.560000000000000000e+03,6.850000000000000000e+02,3.010000000000000000e+02,7.080000000000000000e+02,2.520000000000000000e+02,1.500000000000000000e+01,1.190000000000000000e+02,7.000000000000000000e+02,3.000000000000000000e+00,3.550000000000000000e+02,3.630000000000000000e+02,3.280000000000000000e+02,1.373000000000000000e+03,1.570000000000000000e+02,2.500000000000000000e+01,8.500000000000000000e+01,6.320000000000000000e+02,3.160000000000000000e+02,1.000000000000000000e+01,3.940000000000000000e+02,3.460000000000000000e+02,9.240000000000000000e+02,1.816000000000000000e+03,3.000000000000000000e+00,5.950000000000000000e+02,4.480000000000000000e+02,1.091000000000000000e+03,1.387000000000000000e+03,1.767000000000000000e+03,7.570000000000000000e+02,8.000000000000000000e+02,1.700000000000000000e+02,1.185000000000000000e+03,1.300000000000000000e+01,7.500000000000000000e+02,2.300000000000000000e+01,1.031000000000000000e+03,4.840000000000000000e+02,1.951000000000000000e+03,1.330000000000000000e+02,1.476000000000000000e+03,7.000000000000000000e+01,1.225000000000000000e+03,1.800000000000000000e+01,2.450000000000000000e+02,1.300000000000000000e+01,2.300000000000000000e+01,5.900000000000000000e+01,3.400000000000000000e+02,3.470000000000000000e+02,1.120000000000000000e+02,5.630000000000000000e+02,3.200000000000000000e+01,1.115000000000000000e+03,1.052000000000000000e+03,4.000000000000000000e+00,1.160000000000000000e+03,5.910000000000000000e+02,4.080000000000000000e+02,1.490000000000000000e+02,3.510000000000000000e+02,5.430000000000000000e+02,4.490000000000000000e+02,1.270000000000000000e+02,1.839000000000000000e+03,7.300000000000000000e+02,4.260000000000000000e+02,1.970000000000000000e+02,1.360000000000000000e+02,1.247000000000000000e+03,4.650000000000000000e+02,9.770000000000000000e+02,5.460000000000000000e+02,2.200000000000000000e+01,7.590000000000000000e+02,9.800000000000000000e+01,1.563000000000000000e+03,2.430000000000000000e+02,1.692000000000000000e+03,2.686000000000000000e+03,7.070000000000000000e+02,8.190000000000000000e+02,3.300000000000000000e+02,3.200000000000000000e+02,1.476000000000000000e+03,5.280000000000000000e+02,8.800000000000000000e+01,0.000000000000000000e+00,1.582000000000000000e+03,2.130000000000000000e+02,4.070000000000000000e+02,1.620000000000000000e+03,1.192000000000000000e+03,3.630000000000000000e+02,2.640000000000000000e+02,9.130000000000000000e+02,1.777000000000000000e+03,1.800000000000000000e+01,1.700000000000000000e+01,1.150000000000000000e+02,1.100000000000000000e+01,1.781000000000000000e+03,2.440000000000000000e+02,1.143000000000000000e+03,7.200000000000000000e+01,3.530000000000000000e+02,3.200000000000000000e+01,1.764000000000000000e+03,8.990000000000000000e+02,1.671000000000000000e+03,5.400000000000000000e+01,1.462000000000000000e+03,2.200000000000000000e+01,1.916000000000000000e+03,3.440000000000000000e+02,1.780000000000000000e+03,7.330000000000000000e+02,1.475000000000000000e+03,1.727000000000000000e+03,8.000000000000000000e+00,2.675000000000000000e+03,3.060000000000000000e+02,1.834000000000000000e+03,1.697000000000000000e+03,9.400000000000000000e+01,2.000000000000000000e+01,1.726000000000000000e+03,1.100000000000000000e+01,5.750000000000000000e+02,8.000000000000000000e+00,1.590000000000000000e+02,1.800000000000000000e+02,5.200000000000000000e+01,6.800000000000000000e+01,3.100000000000000000e+01,1.489000000000000000e+03,1.300000000000000000e+02,1.192000000000000000e+03,3.100000000000000000e+02,5.030000000000000000e+02,1.466000000000000000e+03,8.030000000000000000e+02,8.050000000000000000e+02,1.100000000000000000e+01,4.300000000000000000e+01,5.000000000000000000e+01,1.488000000000000000e+03,1.010000000000000000e+02,6.970000000000000000e+02,1.587000000000000000e+03,1.410000000000000000e+02,3.150000000000000000e+02,2.643000000000000000e+03,3.400000000000000000e+01,1.800000000000000000e+01,1.913000000000000000e+03,8.000000000000000000e+00,2.570000000000000000e+02,5.660000000000000000e+02,1.706000000000000000e+03,8.830000000000000000e+02,1.410000000000000000e+02,1.524000000000000000e+03,2.140000000000000000e+02,2.900000000000000000e+01,1.493000000000000000e+03,9.000000000000000000e+00,7.000000000000000000e+00,4.490000000000000000e+02,1.800000000000000000e+01,9.100000000000000000e+01,1.050000000000000000e+02,2.800000000000000000e+03,1.754000000000000000e+03,3.590000000000000000e+02,2.700000000000000000e+01,5.910000000000000000e+02,3.870000000000000000e+02,2.700000000000000000e+02,2.710000000000000000e+02,1.480000000000000000e+02,5.740000000000000000e+02,6.250000000000000000e+02,2.640000000000000000e+02,8.190000000000000000e+02,4.900000000000000000e+01,1.000000000000000000e+00,1.929000000000000000e+03,1.549000000000000000e+03,2.630000000000000000e+02,3.710000000000000000e+02,1.956000000000000000e+03,2.300000000000000000e+01,5.850000000000000000e+02,1.701000000000000000e+03,1.300000000000000000e+01,7.270000000000000000e+02,1.800000000000000000e+01,7.000000000000000000e+00,5.730000000000000000e+02,1.410000000000000000e+02,1.443000000000000000e+03,1.040000000000000000e+02,2.850000000000000000e+02,1.670000000000000000e+02,1.220000000000000000e+02,1.000000000000000000e+00,9.420000000000000000e+02,1.230000000000000000e+02,6.140000000000000000e+02,3.060000000000000000e+02,2.910000000000000000e+02,1.280000000000000000e+02,1.984000000000000000e+03,9.760000000000000000e+02,1.922000000000000000e+03,7.240000000000000000e+02,1.900000000000000000e+01,2.620000000000000000e+02,6.730000000000000000e+02,7.590000000000000000e+02,4.020000000000000000e+02,7.870000000000000000e+02,2.200000000000000000e+02,2.310000000000000000e+02,1.448000000000000000e+03,1.600000000000000000e+02,1.490000000000000000e+02,2.649000000000000000e+03,1.310000000000000000e+02,4.540000000000000000e+02,1.794000000000000000e+03,6.680000000000000000e+02,0.000000000000000000e+00,5.100000000000000000e+01,1.362000000000000000e+03,5.160000000000000000e+02,8.070000000000000000e+02,1.364000000000000000e+03,1.566000000000000000e+03,1.603000000000000000e+03,1.360000000000000000e+03,8.130000000000000000e+02,4.400000000000000000e+01,1.826000000000000000e+03,1.688000000000000000e+03,1.221000000000000000e+03,1.546000000000000000e+03,1.400000000000000000e+01,5.000000000000000000e+00,1.378000000000000000e+03,5.900000000000000000e+01,1.498000000000000000e+03,1.220000000000000000e+02,6.900000000000000000e+01,3.500000000000000000e+01,6.000000000000000000e+00,1.590000000000000000e+02,7.900000000000000000e+01,1.832000000000000000e+03,1.485000000000000000e+03,1.962000000000000000e+03,5.000000000000000000e+00,8.400000000000000000e+02
7.350000000000000000e+02,9.780000000000000000e+02,4.080000000000000000e+02,1.480000000000000000e+02,1.740000000000000000e+02,5.800000000000000000e+01,4.000000000000000000e+00,5.200000000000000000e+01,5.630000000000000000e+02,1.000000000000000000e+00,3.960000000000000000e+02,2.650000000000000000e+02,9.200000000000000000e+01,4.170000000000000000e+02,1.640000000000000000e+02,2.100000000000000000e+01,7.000000000000000000e+00,1.090000000000000000e+02,5.900000000000000000e+01,1.000000000000000000e+00,1.310000000000000000e+02,1.270000000000000000e+02,3.280000000000000000e+02,1.282000000000000000e+03,3.000000000000000000e+00,3.580000000000000000e+02,2.610000000000000000e+02,4.460000000000000000e+02,5.870000000000000000e+02,1.379000000000000000e+03,1.920000000000000000e+02,2.840000000000000000e+02,5.100000000000000000e+01,5.300000000000000000e+02,1.000000000000000000e+00,6.400000000000000000e+02,1.000000000000000000e+00,4.570000000000000000e+02,2.170000000000000000e+02,1.658000000000000000e+03,1.050000000000000000e+02,9.290000000000000000e+02,1.900000000000000000e+01,4.620000000000000000e+02,4.000000000000000000e+00,8.500000000000000000e+01,8.000000000000000000e+00,4.000000000000000000e+00,1.400000000000000000e+01,1.990000000000000000e+02,2.980000000000000000e+02,1.400000000000000000e+01,2.860000000000000000e+02,5.000000000000000000e+00,1.710000000000000000e+02,2.080000000000000000e+02,0.000000000000000000e+00,5.230000000000000000e+02,3.560000000000000000e+02,2.540000000000000000e+02,3.600000000000000000e+01,1.110000000000000000e+02,2.570000000000000000e+02,1.750000000000000000e+02,4.900000000000000000e+01,1.524000000000000000e+03,1.950000000000000000e+02,7.100000000000000000e+01,5.700000000000000000e+01,3.500000000000000000e+01,6.560000000000000000e+02,2.620000000000000000e+02,3.160000000000000000e+02,1.130000000000000000e+02,4.000000000000000000e+00,1.650000000000000000e+02,2.500000000000000000e+01,6.610000000000000000e+02,8.500000000000000000e+01,1.062000000000000000e+03,3.258000000000000000e+03,5.530000000000000000e+02,6.820000000000000000e+02,6.000000000000000000e+01,3.150000000000000000e+02,6.390000000000000000e+02,1.160000000000000000e+02,6.000000000000000000e+00,2.110000000000000000e+02,0.000000000000000000e+00,8.800000000000000000e+01,1.340000000000000000e+02,1.278000000000000000e+03,4.220000000000000000e+02,1.480000000000000000e+02,2.050000000000000000e+02,3.270000000000000000e+02,1.296000000000000000e+03,5.000000000000000000e+00,8.000000000000000000e+00,2.900000000000000000e+01,3.000000000000000000e+00,1.380000000000000000e+03,7.800000000000000000e+01,5.090000000000000000e+02,1.100000000000000000e+01,1.550000000000000000e+02,1.100000000000000000e+01,1.369000000000000000e+03,6.170000000000000000e+02,1.131000000000000000e+03,1.100000000000000000e+01,6.780000000000000000e+02,3.000000000000000000e+00,1.717000000000000000e+03,2.770000000000000000e+02,1.338000000000000000e+03,6.010000000000000000e+02,7.820000000000000000e+02,1.167000000000000000e+03,2.000000000000000000e+00,3.386000000000000000e+03,3.050000000000000000e+02,1.550000000000000000e+03,1.182000000000000000e+03,1.800000000000000000e+01,2.000000000000000000e+00,1.393000000000000000e+03,4.000000000000000000e+00,3.950000000000000000e+02,3.000000000000000000e+00,3.500000000000000000e+01,5.500000000000000000e+01,1.500000000000000000e+01,1.700000000000000000e+01,1.100000000000000000e+01,8.070000000000000000e+02,2.500000000000000000e+01,5.730000000000000000e+02,2.170000000000000000e+02,1.650000000000000000e+02,5.200000000000000000e+02,1.460000000000000000e+02,5.250000000000000000e+02,1.000000000000000000e+00,5.000000000000000000e+00,9.000000000000000000e+00,8.020000000000000000e+02,2.500000000000000000e+01,3.820000000000000000e+02,9.130000000000000000e+02,1.400000000000000000e+01,3.450000000000000000e+02,3.290000000000000000e+03,1.100000000000000000e+01,4.000000000000000000e+00,1.665000000000000000e+03,0.000000000000000000e+00,8.200000000000000000e+01,2.330000000000000000e+02,1.134000000000000000e+03,1.420000000000000000e+02,1.400000000000000000e+02,9.200000000000000000e+02,5.600000000000000000e+01,2.000000000000000000e+00,7.550000000000000000e+02,3.000000000000000000e+00,1.000000000000000000e+00,1.390000000000000000e+02,9.000000000000000000e+00,2.400000000000000000e+01,1.100000000000000000e+01,3.362000000000000000e+03,1.333000000000000000e+03,2.470000000000000000e+02,2.000000000000000000e+00,1.470000000000000000e+02,1.630000000000000000e+02,8.900000000000000000e+01,6.800000000000000000e+01,3.800000000000000000e+01,3.100000000000000000e+02,4.070000000000000000e+02,1.300000000000000000e+02,6.790000000000000000e+02,1.300000000000000000e+01,0.000000000000000000e+00,1.501000000000000000e+03,8.750000000000000000e+02,8.000000000000000000e+01,7.400000000000000000e+01,1.881000000000000000e+03,7.000000000000000000e+00,2.020000000000000000e+02,1.159000000000000000e+03,0.000000000000000000e+00,1.910000000000000000e+02,2.000000000000000000e+00,3.000000000000000000e+00,3.210000000000000000e+02,1.220000000000000000e+02,3.290000000000000000e+02,2.800000000000000000e+01,7.700000000000000000e+01,5.300000000000000000e+01,2.200000000000000000e+01,0.000000000000000000e+00,3.430000000000000000e+02,1.100000000000000000e+01,2.210000000000000000e+02,1.970000000000000000e+02,4.500000000000000000e+01,2.000000000000000000e+01,1.730000000000000000e+03,1.780000000000000000e+02,1.633000000000000000e+03,2.340000000000000000e+02,3.000000000000000000e+00,6.500000000000000000e+01,4.840000000000000000e+02,6.240000000000000000e+02,1.230000000000000000e+02,5.230000000000000000e+02,9.000000000000000000e+01,4.500000000000000000e+01,6.960000000000000000e+02,2.100000000000000000e+01,2.700000000000000000e+01,3.350000000000000000e+03,2.600000000000000000e+01,1.170000000000000000e+02,1.367000000000000000e+03,5.190000000000000000e+02,0.000000000000000000e+00,1.400000000000000000e+01,6.710000000000000000e+02,2.580000000000000000e+02,6.580000000000000000e+02,6.660000000000000000e+02,1.208000000000000000e+03,9.890000000000000000e+02,4.100000000000000000e+02,7.050000000000000000e+02,7.000000000000000000e+00,1.395000000000000000e+03,1.064000000000000000e+03,6.110000000000000000e+02,7.930000000000000000e+02,6.000000000000000000e+00,4.000000000000000000e+00,7.460000000000000000e+02,1.100000000000000000e+01,8.830000000000000000e+02,4.400000000000000000e+01,2.300000000000000000e+01,3.000000000000000000e+00,0.000000000000000000e+00,6.400000000000000000e+01,1.300000000000000000e+01,1.488000000000000000e+03,9.980000000000000000e+02,1.818000000000000000e+03,2.000000000000000000e+00,6.370000000000000000e+02
9.090000000000000000e+02,8.980000000000000000e+02,2.080000000000000000e+02,1.600000000000000000e+02,2.180000000000000000e+02,1.730000000000000000e+02,2.300000000000000000e+01,9.800000000000000000e+01,2.240000000000000000e+02,3.000000000000000000e+00,1.460000000000000000e+02,1.430000000000000000e+02,4.560000000000000000e+02,8.620000000000000000e+02,7.200000000000000000e+01,2.000000000000000000e+01,1.170000000000000000e+02,6.870000000000000000e+02,6.480000000000000000e+02,9.000000000000000000e+00,2.350000000000000000e+02,1.660000000000000000e+02,7.080000000000000000e+02,9.440000000000000000e+02,8.000000000000000000e+00,2.000000000000000000e+02,1.690000000000000000e+02,9.050000000000000000e+02,8.570000000000000000e+02,9.490000000000000000e+02,5.980000000000000000e+02,8.710000000000000000e+02,1.210000000000000000e+02,7.700000000000000000e+02,1.200000000000000000e+01,3.500000000000000000e+02,1.800000000000000000e+01,8.470000000000000000e+02,2.210000000000000000e+02,9.550000000000000000e+02,5.000000000000000000e+01,9.830000000000000000e+02,8.000000000000000000e+01,7.850000000000000000e+02,3.300000000000000000e+01,1.940000000000000000e+02,8.000000000000000000e+00,2.100000000000000000e+01,1.030000000000000000e+02,1.500000000000000000e+02,1.380000000000000000e+02,1.210000000000000000e+02,1.970000000000000000e+02,2.400000000000000000e+01,7.300000000000000000e+02,8.480000000000000000e+02,1.900000000000000000e+01,7.920000000000000000e+02,2.070000000000000000e+02,1.420000000000000000e+02,1.230000000000000000e+02,1.600000000000000000e+02,2.810000000000000000e+02,5.140000000000000000e+02,6.100000000000000000e+01,9.490000000000000000e+02,7.250000000000000000e+02,5.260000000000000000e+02,2.190000000000000000e+02,1.390000000000000000e+02,8.420000000000000000e+02,1.920000000000000000e+02,7.090000000000000000e+02,6.770000000000000000e+02,6.500000000000000000e+01,6.960000000000000000e+02,1.120000000000000000e+02,9.180000000000000000e+02,1.490000000000000000e+02,8.780000000000000000e+02,1.241000000000000000e+03,3.900000000000000000e+02,3.810000000000000000e+02,1.610000000000000000e+02,1.470000000000000000e+02,8.920000000000000000e+02,5.370000000000000000e+02,1.280000000000000000e+02,7.970000000000000000e+02,8.870000000000000000e+02,0.000000000000000000e+00,2.560000000000000000e+02,9.740000000000000000e+02,9.040000000000000000e+02,2.070000000000000000e+02,1.140000000000000000e+02,7.000000000000000000e+02,9.670000000000000000e+02,3.600000000000000000e+01,5.000000000000000000e+00,9.600000000000000000e+01,2.300000000000000000e+01,9.660000000000000000e+02,1.550000000000000000e+02,7.830000000000000000e+02,5.900000000000000000e+01,1.190000000000000000e+02,4.200000000000000000e+01,9.220000000000000000e+02,3.760000000000000000e+02,8.380000000000000000e+02,1.080000000000000000e+02,7.990000000000000000e+02,2.000000000000000000e+00,9.960000000000000000e+02,1.730000000000000000e+02,8.940000000000000000e+02,2.130000000000000000e+02,8.960000000000000000e+02,8.970000000000000000e+02,1.800000000000000000e+01,1.196000000000000000e+03,1.620000000000000000e+02,9.240000000000000000e+02,9.910000000000000000e+02,9.700000000000000000e+01,1.100000000000000000e+01,9.190000000000000000e+02,1.400000000000000000e+01,2.540000000000000000e+02,1.700000000000000000e+01,2.250000000000000000e+02,1.220000000000000000e+02,4.300000000000000000e+01,6.100000000000000000e+01,2.500000000000000000e+01,8.400000000000000000e+02,2.510000000000000000e+02,8.300000000000000000e+02,1.180000000000000000e+02,2.320000000000000000e+02,1.013000000000000000e+03,7.750000000000000000e+02,3.920000000000000000e+02,2.600000000000000000e+01,6.500000000000000000e+01,5.700000000000000000e+01,8.660000000000000000e+02,7.500000000000000000e+01,2.000000000000000000e+02,9.190000000000000000e+02,1.070000000000000000e+02,1.500000000000000000e+02,1.289000000000000000e+03,4.200000000000000000e+01,4.900000000000000000e+01,9.930000000000000000e+02,3.000000000000000000e+00,1.300000000000000000e+02,1.950000000000000000e+02,9.900000000000000000e+02,8.020000000000000000e+02,6.600000000000000000e+01,8.910000000000000000e+02,1.090000000000000000e+02,4.200000000000000000e+01,8.500000000000000000e+02,1.200000000000000000e+01,4.400000000000000000e+01,5.240000000000000000e+02,1.000000000000000000e+00,1.220000000000000000e+02,6.900000000000000000e+01,1.173000000000000000e+03,9.940000000000000000e+02,1.450000000000000000e+02,1.500000000000000000e+01,1.790000000000000000e+02,1.440000000000000000e+02,3.010000000000000000e+02,1.310000000000000000e+02,1.220000000000000000e+02,2.160000000000000000e+02,2.630000000000000000e+02,1.280000000000000000e+02,2.330000000000000000e+02,6.000000000000000000e+01,7.000000000000000000e+00,9.330000000000000000e+02,9.540000000000000000e+02,1.360000000000000000e+02,1.930000000000000000e+02,1.014000000000000000e+03,2.800000000000000000e+01,2.160000000000000000e+02,9.170000000000000000e+02,3.900000000000000000e+01,6.930000000000000000e+02,2.200000000000000000e+01,5.000000000000000000e+00,2.370000000000000000e+02,8.500000000000000000e+01,8.740000000000000000e+02,8.900000000000000000e+01,3.290000000000000000e+02,1.190000000000000000e+02,9.600000000000000000e+01,1.000000000000000000e+01,6.990000000000000000e+02,1.210000000000000000e+02,5.350000000000000000e+02,1.490000000000000000e+02,5.820000000000000000e+02,1.090000000000000000e+02,1.016000000000000000e+03,7.130000000000000000e+02,1.008000000000000000e+03,5.630000000000000000e+02,2.500000000000000000e+01,4.080000000000000000e+02,2.500000000000000000e+02,3.930000000000000000e+02,3.950000000000000000e+02,3.670000000000000000e+02,1.350000000000000000e+02,1.400000000000000000e+02,8.340000000000000000e+02,1.310000000000000000e+02,1.000000000000000000e+02,1.165000000000000000e+03,1.220000000000000000e+02,5.600000000000000000e+02,9.460000000000000000e+02,2.280000000000000000e+02,6.000000000000000000e+00,2.200000000000000000e+01,1.018000000000000000e+03,2.040000000000000000e+02,3.790000000000000000e+02,9.900000000000000000e+02,9.090000000000000000e+02,9.010000000000000000e+02,8.620000000000000000e+02,4.240000000000000000e+02,6.800000000000000000e+01,9.090000000000000000e+02,9.120000000000000000e+02,7.820000000000000000e+02,8.950000000000000000e+02,1.500000000000000000e+01,1.900000000000000000e+01,8.790000000000000000e+02,4.900000000000000000e+01,8.740000000000000000e+02,4.000000000000000000e+01,1.800000000000000000e+01,1.900000000000000000e+01,1.000000000000000000e+00,9.700000000000000000e+01,6.600000000000000000e+01,1.002000000000000000e+03,9.290000000000000000e+02,1.055000000000000000e+03,2.300000000000000000e+01,3.930000000000000000e+02
5.050000000000000000e+02,5.580000000000000000e+02,1.440000000000000000e+02,8.900000000000000000e+01,1.140000000000000000e+02,8.400000000000000000e+01,1.500000000000000000e+01,2.700000000000000000e+01,1.680000000000000000e+02,4.000000000000000000e+00,1.000000000000000000e+02,9.600000000000000000e+01,1.570000000000000000e+02,4.910000000000000000e+02,6.300000000000000000e+01,1.000000000000000000e+01,3.700000000000000000e+01,3.360000000000000000e+02,2.620000000000000000e+02,6.000000000000000000e+00,1.170000000000000000e+02,8.600000000000000000e+01,3.350000000000000000e+02,6.030000000000000000e+02,0.000000000000000000e+00,1.190000000000000000e+02,1.000000000000000000e+02,4.460000000000000000e+02,5.510000000000000000e+02,5.720000000000000000e+02,2.690000000000000000e+02,3.320000000000000000e+02,6.500000000000000000e+01,4.340000000000000000e+02,4.000000000000000000e+00,2.230000000000000000e+02,8.000000000000000000e+00,3.750000000000000000e+02,1.060000000000000000e+02,6.670000000000000000e+02,4.400000000000000000e+01,5.380000000000000000e+02,1.700000000000000000e+01,4.280000000000000000e+02,8.000000000000000000e+00,5.400000000000000000e+01,7.000000000000000000e+00,4.000000000000000000e+00,2.700000000000000000e+01,1.010000000000000000e+02,1.130000000000000000e+02,4.200000000000000000e+01,1.140000000000000000e+02,1.600000000000000000e+01,3.800000000000000000e+02,3.970000000000000000e+02,5.000000000000000000e+00,3.990000000000000000e+02,1.420000000000000000e+02,7.400000000000000000e+01,5.400000000000000000e+01,8.400000000000000000e+01,1.350000000000000000e+02,1.160000000000000000e+02,1.300000000000000000e+01,5.700000000000000000e+02,3.140000000000000000e+02,2.020000000000000000e+02,8.700000000000000000e+01,4.400000000000000000e+01,3.900000000000000000e+02,1.080000000000000000e+02,3.380000000000000000e+02,3.160000000000000000e+02,2.700000000000000000e+01,3.410000000000000000e+02,2.500000000000000000e+01,5.910000000000000000e+02,6.000000000000000000e+01,5.650000000000000000e+02,7.580000000000000000e+02,2.560000000000000000e+02,2.420000000000000000e+02,8.800000000000000000e+01,1.020000000000000000e+02,4.830000000000000000e+02,2.040000000000000000e+02,4.600000000000000000e+01,4.080000000000000000e+02,6.380000000000000000e+02,3.300000000000000000e+01,0.000000000000000000e+00,6.000000000000000000e+02,4.270000000000000000e+02,6.600000000000000000e+01,4.400000000000000000e+01,3.280000000000000000e+02,6.000000000000000000e+02,1.200000000000000000e+01,0.000000000000000000e+00,2.300000000000000000e+01,1.200000000000000000e+01,6.140000000000000000e+02,5.900000000000000000e+01,4.370000000000000000e+02,2.200000000000000000e+01,6.800000000000000000e+01,1.100000000000000000e+01,6.290000000000000000e+02,2.820000000000000000e+02,5.810000000000000000e+02,3.300000000000000000e+01,4.370000000000000000e+02,0.000000000000000000e+00,6.390000000000000000e+02,7.300000000000000000e+01,5.770000000000000000e+02,1.410000000000000000e+02,5.090000000000000000e+02,5.540000000000000000e+02,1.000000000000000000e+01,7.200000000000000000e+02,9.000000000000000000e+01,5.750000000000000000e+02,5.620000000000000000e+02,2.900000000000000000e+01,2.000000000000000000e+00,6.170000000000000000e+02,4.000000000000000000e+00,1.440000000000000000e+02,5.000000000000000000e+00,7.500000000000000000e+01,4.600000000000000000e+01,1.000000000000000000e+01,2.800000000000000000e+01,1.300000000000000000e+01,5.180000000000000000e+02,7.400000000000000000e+01,4.100000000000000000e+02,1.030000000000000000e+02,9.900000000000000000e+01,5.670000000000000000e+02,3.760000000000000000e+02,2.330000000000000000e+02,1.300000000000000000e+01,2.000000000000000000e+01,1.700000000000000000e+01,4.870000000000000000e+02,3.300000000000000000e+01,1.250000000000000000e+02,5.330000000000000000e+02,3.100000000000000000e+01,9.200000000000000000e+01,7.480000000000000000e+02,2.100000000000000000e+01,1.000000000000000000e+01,6.550000000000000000e+02,6.000000000000000000e+00,6.300000000000000000e+01,1.260000000000000000e+02,6.220000000000000000e+02,3.890000000000000000e+02,3.300000000000000000e+01,4.790000000000000000e+02,6.400000000000000000e+01,7.000000000000000000e+00,5.040000000000000000e+02,6.000000000000000000e+00,1.200000000000000000e+01,2.190000000000000000e+02,1.000000000000000000e+00,3.600000000000000000e+01,1.900000000000000000e+01,7.680000000000000000e+02,6.260000000000000000e+02,7.300000000000000000e+01,2.000000000000000000e+00,1.040000000000000000e+02,9.500000000000000000e+01,7.200000000000000000e+01,5.400000000000000000e+01,4.900000000000000000e+01,1.020000000000000000e+02,1.530000000000000000e+02,6.600000000000000000e+01,1.650000000000000000e+02,2.100000000000000000e+01,2.000000000000000000e+00,5.830000000000000000e+02,5.270000000000000000e+02,6.500000000000000000e+01,1.000000000000000000e+02,6.450000000000000000e+02,7.000000000000000000e+00,1.220000000000000000e+02,5.350000000000000000e+02,1.100000000000000000e+01,3.190000000000000000e+02,8.000000000000000000e+00,3.000000000000000000e+00,1.370000000000000000e+02,4.900000000000000000e+01,4.900000000000000000e+02,3.700000000000000000e+01,1.090000000000000000e+02,3.300000000000000000e+01,3.900000000000000000e+01,0.000000000000000000e+00,3.330000000000000000e+02,5.300000000000000000e+01,2.360000000000000000e+02,6.400000000000000000e+01,2.350000000000000000e+02,4.200000000000000000e+01,6.160000000000000000e+02,3.770000000000000000e+02,6.490000000000000000e+02,2.420000000000000000e+02,5.000000000000000000e+00,1.360000000000000000e+02,1.540000000000000000e+02,2.140000000000000000e+02,1.520000000000000000e+02,2.620000000000000000e+02,7.900000000000000000e+01,5.800000000000000000e+01,4.520000000000000000e+02,3.100000000000000000e+01,4.800000000000000000e+01,7.790000000000000000e+02,3.700000000000000000e+01,1.910000000000000000e+02,6.390000000000000000e+02,1.110000000000000000e+02,4.000000000000000000e+00,5.000000000000000000e+00,5.900000000000000000e+02,9.800000000000000000e+01,2.460000000000000000e+02,5.760000000000000000e+02,5.070000000000000000e+02,4.860000000000000000e+02,4.760000000000000000e+02,2.410000000000000000e+02,2.600000000000000000e+01,5.930000000000000000e+02,5.790000000000000000e+02,4.130000000000000000e+02,5.250000000000000000e+02,2.000000000000000000e+00,3.000000000000000000e+00,5.050000000000000000e+02,1.700000000000000000e+01,5.040000000000000000e+02,7.000000000000000000e+00,4.000000000000000000e+00,3.000000000000000000e+00,0.000000000000000000e+00,4.500000000000000000e+01,1.400000000000000000e+01,6.140000000000000000e+02,5.600000000000000000e+02,6.710000000000000000e+02,1.200000000000000000e+01,2.480000000000000000e+02
5.610000000000000000e+02,7.380000000000000000e+02,3.470000000000000000e+02,1.520000000000000000e+02,1.020000000000000000e+02,6.100000000000000000e+01,3.000000000000000000e+00,2.000000000000000000e+01,4.940000000000000000e+02,0.000000000000000000e+00,3.160000000000000000e+02,2.350000000000000000e+02,6.400000000000000000e+01,2.480000000000000000e+02,1.440000000000000000e+02,2.000000000000000000e+01,1.100000000000000000e+01,6.100000000000000000e+01,5.600000000000000000e+01,1.000000000000000000e+00,9.700000000000000000e+01,6.800000000000000000e+01,2.150000000000000000e+02,1.095000000000000000e+03,1.000000000000000000e+00,2.510000000000000000e+02,2.020000000000000000e+02,3.380000000000000000e+02,4.300000000000000000e+02,1.135000000000000000e+03,1.250000000000000000e+02,2.020000000000000000e+02,4.600000000000000000e+01,3.860000000000000000e+02,3.000000000000000000e+00,5.160000000000000000e+02,0.000000000000000000e+00,3.210000000000000000e+02,1.840000000000000000e+02,1.416000000000000000e+03,8.500000000000000000e+01,6.650000000000000000e+02,7.000000000000000000e+00,4.220000000000000000e+02,1.000000000000000000e+00,5.700000000000000000e+01,3.000000000000000000e+00,1.000000000000000000e+00,1.100000000000000000e+01,1.200000000000000000e+02,2.530000000000000000e+02,4.000000000000000000e+00,2.270000000000000000e+02,2.000000000000000000e+00,1.130000000000000000e+02,1.150000000000000000e+02,0.000000000000000000e+00,3.920000000000000000e+02,2.540000000000000000e+02,2.200000000000000000e+02,3.600000000000000000e+01,9.000000000000000000e+01,1.770000000000000000e+02,8.700000000000000000e+01,3.500000000000000000e+01,1.308000000000000000e+03,1.640000000000000000e+02,3.900000000000000000e+01,3.600000000000000000e+01,2.200000000000000000e+01,4.870000000000000000e+02,2.150000000000000000e+02,2.530000000000000000e+02,4.800000000000000000e+01,1.000000000000000000e+00,9.700000000000000000e+01,1.600000000000000000e+01,5.500000000000000000e+02,5.600000000000000000e+01,8.270000000000000000e+02,3.118000000000000000e+03,4.770000000000000000e+02,5.640000000000000000e+02,3.900000000000000000e+01,2.350000000000000000e+02,4.430000000000000000e+02,1.030000000000000000e+02,1.200000000000000000e+01,1.840000000000000000e+02,9.640000000000000000e+02,5.300000000000000000e+01,1.110000000000000000e+02,0.000000000000000000e+00,3.280000000000000000e+02,1.050000000000000000e+02,1.460000000000000000e+02,2.940000000000000000e+02,1.235000000000000000e+03,1.000000000000000000e+00,3.000000000000000000e+00,1.300000000000000000e+01,2.000000000000000000e+00,1.179000000000000000e+03,5.700000000000000000e+01,3.720000000000000000e+02,1.800000000000000000e+01,1.590000000000000000e+02,7.000000000000000000e+00,1.156000000000000000e+03,5.020000000000000000e+02,9.580000000000000000e+02,9.000000000000000000e+00,5.110000000000000000e+02,2.000000000000000000e+00,1.407000000000000000e+03,2.400000000000000000e+02,1.099000000000000000e+03,4.700000000000000000e+02,6.190000000000000000e+02,9.410000000000000000e+02,4.000000000000000000e+00,2.976000000000000000e+03,2.680000000000000000e+02,1.302000000000000000e+03,9.900000000000000000e+02,1.300000000000000000e+01,1.000000000000000000e+00,1.174000000000000000e+03,1.000000000000000000e+00,3.260000000000000000e+02,2.000000000000000000e+00,2.800000000000000000e+01,4.200000000000000000e+01,8.000000000000000000e+00,9.000000000000000000e+00,7.000000000000000000e+00,6.310000000000000000e+02,3.400000000000000000e+01,4.340000000000000000e+02,1.620000000000000000e+02,1.430000000000000000e+02,4.640000000000000000e+02,1.090000000000000000e+02,4.650000000000000000e+02,2.000000000000000000e+00,1.000000000000000000e+00,5.000000000000000000e+00,5.880000000000000000e+02,1.800000000000000000e+01,3.380000000000000000e+02,7.330000000000000000e+02,7.000000000000000000e+00,2.760000000000000000e+02,3.127000000000000000e+03,6.000000000000000000e+00,1.000000000000000000e+00,1.447000000000000000e+03,1.000000000000000000e+00,7.100000000000000000e+01,1.780000000000000000e+02,8.570000000000000000e+02,8.600000000000000000e+01,1.010000000000000000e+02,7.240000000000000000e+02,3.100000000000000000e+01,3.000000000000000000e+00,5.790000000000000000e+02,2.000000000000000000e+00,2.000000000000000000e+00,8.400000000000000000e+01,1.000000000000000000e+00,1.200000000000000000e+01,1.700000000000000000e+01,2.963000000000000000e+03,1.126000000000000000e+03,1.930000000000000000e+02,1.000000000000000000e+00,1.480000000000000000e+02,1.530000000000000000e+02,4.600000000000000000e+01,3.800000000000000000e+01,3.500000000000000000e+01,2.490000000000000000e+02,3.230000000000000000e+02,9.800000000000000000e+01,6.380000000000000000e+02,4.000000000000000000e+00,0.000000000000000000e+00,1.233000000000000000e+03,6.790000000000000000e+02,4.700000000000000000e+01,4.000000000000000000e+01,1.673000000000000000e+03,1.000000000000000000e+00,1.450000000000000000e+02,8.940000000000000000e+02,3.000000000000000000e+00,1.100000000000000000e+02,1.000000000000000000e+00,0.000000000000000000e+00,3.120000000000000000e+02,8.300000000000000000e+01,2.830000000000000000e+02,1.500000000000000000e+01,4.100000000000000000e+01,3.500000000000000000e+01,1.100000000000000000e+01,0.000000000000000000e+00,2.130000000000000000e+02,1.700000000000000000e+01,1.660000000000000000e+02,1.590000000000000000e+02,3.700000000000000000e+01,7.000000000000000000e+00,1.500000000000000000e+03,9.000000000000000000e+01,1.391000000000000000e+03,1.450000000000000000e+02,4.000000000000000000e+00,4.300000000000000000e+01,3.810000000000000000e+02,4.980000000000000000e+02,7.600000000000000000e+01,4.620000000000000000e+02,9.600000000000000000e+01,4.400000000000000000e+01,5.200000000000000000e+02,1.200000000000000000e+01,1.000000000000000000e+01,3.052000000000000000e+03,1.200000000000000000e+01,8.300000000000000000e+01,1.200000000000000000e+03,4.140000000000000000e+02,0.000000000000000000e+00,1.300000000000000000e+01,5.520000000000000000e+02,1.750000000000000000e+02,6.360000000000000000e+02,5.220000000000000000e+02,1.099000000000000000e+03,7.450000000000000000e+02,2.980000000000000000e+02,5.710000000000000000e+02,4.000000000000000000e+00,1.233000000000000000e+03,9.190000000000000000e+02,4.010000000000000000e+02,5.700000000000000000e+02,1.100000000000000000e+01,3.000000000000000000e+00,6.170000000000000000e+02,1.000000000000000000e+01,6.650000000000000000e+02,1.400000000000000000e+01,2.100000000000000000e+01,7.000000000000000000e+00,1.000000000000000000e+00,3.500000000000000000e+01,7.000000000000000000e+00,1.207000000000000000e+03,8.530000000000000000e+02,1.588000000000000000e+03,0.000000000000000000e+00,5.510000000000000000e+02
1.588000000000000000e+03,1.680000000000000000e+03,7.400000000000000000e+02,4.090000000000000000e+02,5.920000000000000000e+02,3.230000000000000000e+02,3.600000000000000000e+01,1.840000000000000000e+02,8.050000000000000000e+02,2.000000000000000000e+00,3.690000000000000000e+02,3.060000000000000000e+02,4.320000000000000000e+02,1.752000000000000000e+03,1.470000000000000000e+02,5.500000000000000000e+01,1.050000000000000000e+02,9.100000000000000000e+02,7.650000000000000000e+02,9.000000000000000000e+00,4.880000000000000000e+02,4.190000000000000000e+02,1.074000000000000000e+03,1.885000000000000000e+03,9.000000000000000000e+00,6.990000000000000000e+02,4.230000000000000000e+02,1.137000000000000000e+03,1.745000000000000000e+03,1.874000000000000000e+03,8.430000000000000000e+02,7.970000000000000000e+02,1.980000000000000000e+02,1.305000000000000000e+03,2.700000000000000000e+01,8.260000000000000000e+02,2.100000000000000000e+01,8.690000000000000000e+02,6.030000000000000000e+02,2.007000000000000000e+03,1.240000000000000000e+02,1.349000000000000000e+03,5.700000000000000000e+01,1.391000000000000000e+03,2.600000000000000000e+01,1.710000000000000000e+02,7.000000000000000000e+00,2.100000000000000000e+01,1.350000000000000000e+02,3.610000000000000000e+02,3.410000000000000000e+02,2.030000000000000000e+02,6.360000000000000000e+02,2.300000000000000000e+01,1.229000000000000000e+03,1.251000000000000000e+03,1.500000000000000000e+01,1.433000000000000000e+03,6.780000000000000000e+02,3.240000000000000000e+02,2.130000000000000000e+02,3.400000000000000000e+02,6.450000000000000000e+02,1.580000000000000000e+02,3.500000000000000000e+01,2.130000000000000000e+03,9.190000000000000000e+02,5.910000000000000000e+02,2.000000000000000000e+02,1.560000000000000000e+02,9.520000000000000000e+02,5.340000000000000000e+02,1.142000000000000000e+03,9.480000000000000000e+02,8.400000000000000000e+01,1.027000000000000000e+03,1.330000000000000000e+02,1.809000000000000000e+03,2.970000000000000000e+02,1.790000000000000000e+03,2.844000000000000000e+03,8.000000000000000000e+02,9.300000000000000000e+02,4.530000000000000000e+02,4.040000000000000000e+02,1.704000000000000000e+03,6.020000000000000000e+02,1.550000000000000000e+02,1.230000000000000000e+03,1.938000000000000000e+03,1.740000000000000000e+02,5.650000000000000000e+02,1.992000000000000000e+03,0.000000000000000000e+00,3.260000000000000000e+02,2.510000000000000000e+02,1.006000000000000000e+03,1.964000000000000000e+03,2.200000000000000000e+01,3.000000000000000000e+00,1.070000000000000000e+02,1.500000000000000000e+01,1.719000000000000000e+03,2.950000000000000000e+02,1.243000000000000000e+03,8.500000000000000000e+01,3.740000000000000000e+02,4.000000000000000000e+01,1.838000000000000000e+03,8.720000000000000000e+02,1.895000000000000000e+03,1.670000000000000000e+02,1.488000000000000000e+03,0.000000000000000000e+00,2.056000000000000000e+03,3.660000000000000000e+02,1.975000000000000000e+03,7.530000000000000000e+02,1.612000000000000000e+03,1.811000000000000000e+03,1.700000000000000000e+01,2.799000000000000000e+03,3.710000000000000000e+02,1.982000000000000000e+03,1.772000000000000000e+03,9.800000000000000000e+01,1.300000000000000000e+01,1.898000000000000000e+03,8.000000000000000000e+00,6.790000000000000000e+02,1.200000000000000000e+01,1.910000000000000000e+02,2.110000000000000000e+02,5.700000000000000000e+01,8.100000000000000000e+01,4.600000000000000000e+01,1.662000000000000000e+03,1.830000000000000000e+02,1.376000000000000000e+03,3.580000000000000000e+02,4.860000000000000000e+02,1.644000000000000000e+03,1.001000000000000000e+03,8.690000000000000000e+02,1.300000000000000000e+01,7.400000000000000000e+01,5.000000000000000000e+01,1.652000000000000000e+03,1.160000000000000000e+02,8.050000000000000000e+02,1.686000000000000000e+03,1.820000000000000000e+02,3.900000000000000000e+02,2.808000000000000000e+03,6.000000000000000000e+01,4.700000000000000000e+01,1.813000000000000000e+03,1.000000000000000000e+01,2.940000000000000000e+02,6.160000000000000000e+02,1.734000000000000000e+03,1.104000000000000000e+03,1.500000000000000000e+02,1.677000000000000000e+03,1.890000000000000000e+02,2.800000000000000000e+01,1.633000000000000000e+03,1.300000000000000000e+01,2.400000000000000000e+01,5.290000000000000000e+02,3.000000000000000000e+00,1.340000000000000000e+02,9.500000000000000000e+01,2.905000000000000000e+03,1.750000000000000000e+03,3.300000000000000000e+02,7.000000000000000000e+00,5.900000000000000000e+02,4.090000000000000000e+02,1.060000000000000000e+02,3.000000000000000000e+02,1.970000000000000000e+02,4.880000000000000000e+02,7.760000000000000000e+02,3.550000000000000000e+02,8.420000000000000000e+02,5.600000000000000000e+01,5.000000000000000000e+00,1.987000000000000000e+03,1.362000000000000000e+03,2.480000000000000000e+02,4.240000000000000000e+02,1.794000000000000000e+03,1.100000000000000000e+01,5.780000000000000000e+02,1.825000000000000000e+03,2.400000000000000000e+01,9.790000000000000000e+02,1.500000000000000000e+01,6.000000000000000000e+00,5.880000000000000000e+02,1.520000000000000000e+02,1.500000000000000000e+03,1.140000000000000000e+02,2.940000000000000000e+02,1.550000000000000000e+02,1.360000000000000000e+02,8.000000000000000000e+00,1.006000000000000000e+03,2.070000000000000000e+02,7.370000000000000000e+02,2.850000000000000000e+02,5.260000000000000000e+02,1.760000000000000000e+02,2.087000000000000000e+03,1.179000000000000000e+03,1.929000000000000000e+03,7.350000000000000000e+02,1.400000000000000000e+01,3.700000000000000000e+02,7.290000000000000000e+02,8.260000000000000000e+02,4.120000000000000000e+02,8.810000000000000000e+02,2.400000000000000000e+02,2.410000000000000000e+02,1.540000000000000000e+03,2.010000000000000000e+02,1.870000000000000000e+02,2.818000000000000000e+03,2.020000000000000000e+02,5.080000000000000000e+02,1.705000000000000000e+03,7.830000000000000000e+02,6.000000000000000000e+00,2.300000000000000000e+01,1.520000000000000000e+03,5.610000000000000000e+02,8.940000000000000000e+02,1.615000000000000000e+03,2.046000000000000000e+03,1.698000000000000000e+03,1.566000000000000000e+03,8.670000000000000000e+02,7.200000000000000000e+01,1.929000000000000000e+03,1.819000000000000000e+03,1.358000000000000000e+03,1.846000000000000000e+03,1.400000000000000000e+01,2.200000000000000000e+01,1.516000000000000000e+03,6.000000000000000000e+01,1.713000000000000000e+03,2.100000000000000000e+01,1.100000000000000000e+01,1.700000000000000000e+01,2.000000000000000000e+00,1.340000000000000000e+02,6.000000000000000000e+01,2.089000000000000000e+03,1.912000000000000000e+03,1.861000000000000000e+03,1.700000000000000000e+01,9.110000000000000000e+02
1.014000000000000000e+03,1.042000000000000000e+03,2.770000000000000000e+02,1.800000000000000000e+02,2.230000000000000000e+02,1.410000000000000000e+02,3.400000000000000000e+01,9.900000000000000000e+01,2.850000000000000000e+02,7.000000000000000000e+00,2.050000000000000000e+02,1.860000000000000000e+02,4.080000000000000000e+02,1.039000000000000000e+03,1.130000000000000000e+02,2.400000000000000000e+01,9.700000000000000000e+01,6.890000000000000000e+02,5.610000000000000000e+02,1.700000000000000000e+01,2.450000000000000000e+02,1.920000000000000000e+02,7.360000000000000000e+02,1.142000000000000000e+03,7.000000000000000000e+00,2.760000000000000000e+02,1.950000000000000000e+02,1.084000000000000000e+03,1.049000000000000000e+03,1.195000000000000000e+03,6.460000000000000000e+02,8.770000000000000000e+02,1.440000000000000000e+02,9.150000000000000000e+02,1.000000000000000000e+01,4.600000000000000000e+02,1.400000000000000000e+01,9.950000000000000000e+02,2.480000000000000000e+02,1.240000000000000000e+03,8.400000000000000000e+01,1.144000000000000000e+03,5.600000000000000000e+01,9.440000000000000000e+02,2.500000000000000000e+01,1.160000000000000000e+02,1.200000000000000000e+01,2.200000000000000000e+01,9.200000000000000000e+01,2.120000000000000000e+02,1.920000000000000000e+02,1.510000000000000000e+02,2.450000000000000000e+02,2.800000000000000000e+01,8.610000000000000000e+02,8.790000000000000000e+02,2.000000000000000000e+01,9.430000000000000000e+02,2.700000000000000000e+02,1.520000000000000000e+02,1.330000000000000000e+02,1.740000000000000000e+02,2.620000000000000000e+02,4.200000000000000000e+02,4.700000000000000000e+01,1.195000000000000000e+03,6.930000000000000000e+02,5.250000000000000000e+02,2.430000000000000000e+02,1.180000000000000000e+02,9.770000000000000000e+02,1.890000000000000000e+02,7.290000000000000000e+02,7.350000000000000000e+02,5.000000000000000000e+01,8.030000000000000000e+02,9.100000000000000000e+01,1.140000000000000000e+03,1.510000000000000000e+02,1.055000000000000000e+03,1.511000000000000000e+03,4.510000000000000000e+02,5.060000000000000000e+02,1.790000000000000000e+02,1.890000000000000000e+02,1.021000000000000000e+03,5.210000000000000000e+02,1.140000000000000000e+02,8.890000000000000000e+02,1.198000000000000000e+03,1.400000000000000000e+02,2.630000000000000000e+02,1.220000000000000000e+03,1.118000000000000000e+03,0.000000000000000000e+00,1.480000000000000000e+02,7.930000000000000000e+02,1.174000000000000000e+03,3.000000000000000000e+01,4.000000000000000000e+00,7.400000000000000000e+01,1.900000000000000000e+01,1.232000000000000000e+03,1.430000000000000000e+02,8.200000000000000000e+02,5.600000000000000000e+01,1.650000000000000000e+02,3.100000000000000000e+01,1.237000000000000000e+03,4.570000000000000000e+02,1.087000000000000000e+03,7.800000000000000000e+01,9.970000000000000000e+02,3.000000000000000000e+00,1.293000000000000000e+03,1.860000000000000000e+02,1.152000000000000000e+03,2.980000000000000000e+02,1.001000000000000000e+03,1.147000000000000000e+03,2.700000000000000000e+01,1.546000000000000000e+03,1.850000000000000000e+02,1.213000000000000000e+03,1.186000000000000000e+03,8.000000000000000000e+01,1.200000000000000000e+01,1.175000000000000000e+03,3.200000000000000000e+01,2.880000000000000000e+02,9.000000000000000000e+00,2.110000000000000000e+02,1.260000000000000000e+02,3.500000000000000000e+01,6.300000000000000000e+01,2.500000000000000000e+01,1.069000000000000000e+03,2.420000000000000000e+02,9.370000000000000000e+02,1.930000000000000000e+02,2.400000000000000000e+02,1.142000000000000000e+03,7.660000000000000000e+02,4.610000000000000000e+02,1.300000000000000000e+01,6.200000000000000000e+01,5.000000000000000000e+01,1.021000000000000000e+03,6.700000000000000000e+01,2.780000000000000000e+02,1.037000000000000000e+03,9.700000000000000000e+01,1.750000000000000000e+02,1.547000000000000000e+03,3.600000000000000000e+01,4.000000000000000000e+01,1.243000000000000000e+03,5.000000000000000000e+00,1.520000000000000000e+02,2.580000000000000000e+02,1.180000000000000000e+03,9.190000000000000000e+02,1.070000000000000000e+02,1.101000000000000000e+03,1.480000000000000000e+02,3.600000000000000000e+01,1.061000000000000000e+03,1.200000000000000000e+01,2.400000000000000000e+01,4.850000000000000000e+02,6.000000000000000000e+00,9.600000000000000000e+01,6.400000000000000000e+01,1.485000000000000000e+03,1.197000000000000000e+03,1.750000000000000000e+02,1.200000000000000000e+01,2.190000000000000000e+02,1.790000000000000000e+02,2.500000000000000000e+02,1.280000000000000000e+02,1.150000000000000000e+02,2.690000000000000000e+02,3.570000000000000000e+02,1.520000000000000000e+02,3.080000000000000000e+02,6.300000000000000000e+01,7.000000000000000000e+00,1.137000000000000000e+03,1.126000000000000000e+03,1.490000000000000000e+02,2.230000000000000000e+02,1.244000000000000000e+03,2.000000000000000000e+01,2.410000000000000000e+02,1.133000000000000000e+03,4.400000000000000000e+01,7.470000000000000000e+02,1.300000000000000000e+01,8.000000000000000000e+00,2.620000000000000000e+02,8.000000000000000000e+01,1.007000000000000000e+03,8.400000000000000000e+01,3.070000000000000000e+02,8.600000000000000000e+01,1.160000000000000000e+02,5.000000000000000000e+00,7.830000000000000000e+02,1.170000000000000000e+02,6.140000000000000000e+02,1.450000000000000000e+02,5.430000000000000000e+02,1.090000000000000000e+02,1.229000000000000000e+03,8.610000000000000000e+02,1.201000000000000000e+03,5.840000000000000000e+02,1.200000000000000000e+01,3.360000000000000000e+02,2.860000000000000000e+02,4.560000000000000000e+02,4.130000000000000000e+02,4.610000000000000000e+02,1.770000000000000000e+02,1.690000000000000000e+02,1.007000000000000000e+03,1.100000000000000000e+02,1.270000000000000000e+02,1.450000000000000000e+03,1.090000000000000000e+02,5.150000000000000000e+02,1.166000000000000000e+03,2.830000000000000000e+02,4.000000000000000000e+00,2.900000000000000000e+01,1.220000000000000000e+03,2.170000000000000000e+02,5.130000000000000000e+02,1.237000000000000000e+03,1.150000000000000000e+03,1.148000000000000000e+03,1.006000000000000000e+03,4.980000000000000000e+02,6.000000000000000000e+01,1.145000000000000000e+03,1.061000000000000000e+03,9.010000000000000000e+02,1.067000000000000000e+03,1.000000000000000000e+01,9.000000000000000000e+00,9.810000000000000000e+02,4.400000000000000000e+01,1.072000000000000000e+03,5.200000000000000000e+01,1.900000000000000000e+01,1.800000000000000000e+01,1.000000000000000000e+00,9.200000000000000000e+01,4.900000000000000000e+01,1.157000000000000000e+03,1.148000000000000000e+03,1.225000000000000000e+03,1.200000000000000000e+01,5.170000000000000000e+02
5.840000000000000000e+02,5.900000000000000000e+02,2.840000000000000000e+02,1.550000000000000000e+02,2.330000000000000000e+02,1.180000000000000000e+02,0.000000000000000000e+00,8.200000000000000000e+01,2.650000000000000000e+02,0.000000000000000000e+00,0.000000000000000000e+00,0.000000000000000000e+00,1.960000000000000000e+02,5.910000000000000000e+02,0.000000000000000000e+00,0.000000000000000000e+00,8.400000000000000000e+01,3.620000000000000000e+02,3.030000000000000000e+02,0.000000000000000000e+00,1.620000000000000000e+02,1.550000000000000000e+02,4.100000000000000000e+02,6.910000000000000000e+02,0.000000000000000000e+00,2.840000000000000000e+02,1.650000000000000000e+02,4.480000000000000000e+02,6.170000000000000000e+02,7.730000000000000000e+02,3.630000000000000000e+02,3.960000000000000000e+02,0.000000000000000000e+00,4.640000000000000000e+02,0.000000000000000000e+00,3.200000000000000000e+02,0.000000000000000000e+00,4.410000000000000000e+02,1.940000000000000000e+02,7.900000000000000000e+02,0.000000000000000000e+00,7.170000000000000000e+02,0.000000000000000000e+00,5.920000000000000000e+02,0.000000000000000000e+00,1.230000000000000000e+02,0.000000000000000000e+00,0.000000000000000000e+00,6.500000000000000000e+01,0.000000000000000000e+00,0.000000000000000000e+00,9.700000000000000000e+01,1.990000000000000000e+02,0.000000000000000000e+00,4.760000000000000000e+02,4.870000000000000000e+02,0.000000000000000000e+00,5.280000000000000000e+02,2.270000000000000000e+02,1.370000000000000000e+02,0.000000000000000000e+00,1.260000000000000000e+02,1.920000000000000000e+02,2.560000000000000000e+02,5.400000000000000000e+01,7.490000000000000000e+02,3.560000000000000000e+02,3.370000000000000000e+02,1.650000000000000000e+02,0.000000000000000000e+00,6.070000000000000000e+02,1.870000000000000000e+02,4.230000000000000000e+02,3.920000000000000000e+02,5.500000000000000000e+01,4.080000000000000000e+02,7.900000000000000000e+01,6.700000000000000000e+02,1.210000000000000000e+02,6.060000000000000000e+02,1.137000000000000000e+03,3.020000000000000000e+02,3.590000000000000000e+02,1.650000000000000000e+02,0.000000000000000000e+00,6.000000000000000000e+02,3.040000000000000000e+02,6.500000000000000000e+01,4.810000000000000000e+02,7.690000000000000000e+02,7.800000000000000000e+01,1.560000000000000000e+02,7.070000000000000000e+02,4.760000000000000000e+02,1.360000000000000000e+02,0.000000000000000000e+00,3.840000000000000000e+02,7.740000000000000000e+02,0.000000000000000000e+00,0.000000000000000000e+00,6.600000000000000000e+01,0.000000000000000000e+00,8.460000000000000000e+02,1.240000000000000000e+02,4.910000000000000000e+02,6.700000000000000000e+01,1.550000000000000000e+02,4.600000000000000000e+01,8.230000000000000000e+02,3.040000000000000000e+02,6.970000000000000000e+02,9.900000000000000000e+01,5.500000000000000000e+02,0.000000000000000000e+00,8.310000000000000000e+02,0.000000000000000000e+00,6.920000000000000000e+02,3.080000000000000000e+02,6.160000000000000000e+02,7.260000000000000000e+02,0.000000000000000000e+00,1.139000000000000000e+03,0.000000000000000000e+00,7.370000000000000000e+02,6.990000000000000000e+02,6.200000000000000000e+01,0.000000000000000000e+00,6.920000000000000000e+02,0.000000000000000000e+00,2.740000000000000000e+02,0.000000000000000000e+00,1.370000000000000000e+02,8.700000000000000000e+01,4.400000000000000000e+01,0.000000000000000000e+00,0.000000000000000000e+00,5.950000000000000000e+02,1.620000000000000000e+02,5.120000000000000000e+02,0.000000000000000000e+00,1.900000000000000000e+02,6.410000000000000000e+02,4.100000000000000000e+02,2.950000000000000000e+02,0.000000000000000000e+00,0.000000000000000000e+00,6.100000000000000000e+01,5.770000000000000000e+02,6.400000000000000000e+01,2.850000000000000000e+02,6.920000000000000000e+02,7.200000000000000000e+01,0.000000000000000000e+00,1.102000000000000000e+03,1.800000000000000000e+01,0.000000000000000000e+00,9.000000000000000000e+02,0.000000000000000000e+00,1.240000000000000000e+02,2.150000000000000000e+02,8.170000000000000000e+02,4.780000000000000000e+02,0.000000000000000000e+00,6.680000000000000000e+02,0.000000000000000000e+00,0.000000000000000000e+00,6.100000000000000000e+02,0.000000000000000000e+00,0.000000000000000000e+00,2.940000000000000000e+02,0.000000000000000000e+00,0.000000000000000000e+00,5.700000000000000000e+01,1.067000000000000000e+03,8.270000000000000000e+02,1.650000000000000000e+02,0.000000000000000000e+00,1.690000000000000000e+02,1.740000000000000000e+02,1.460000000000000000e+02,1.080000000000000000e+02,9.200000000000000000e+01,2.400000000000000000e+02,2.950000000000000000e+02,1.330000000000000000e+02,2.810000000000000000e+02,0.000000000000000000e+00,0.000000000000000000e+00,7.830000000000000000e+02,7.180000000000000000e+02,9.700000000000000000e+01,1.590000000000000000e+02,8.820000000000000000e+02,0.000000000000000000e+00,2.120000000000000000e+02,6.690000000000000000e+02,0.000000000000000000e+00,4.000000000000000000e+02,0.000000000000000000e+00,0.000000000000000000e+00,2.380000000000000000e+02,0.000000000000000000e+00,5.870000000000000000e+02,6.700000000000000000e+01,1.750000000000000000e+02,7.700000000000000000e+01,7.600000000000000000e+01,0.000000000000000000e+00,4.270000000000000000e+02,9.700000000000000000e+01,3.490000000000000000e+02,1.220000000000000000e+02,2.950000000000000000e+02,8.000000000000000000e+01,8.300000000000000000e+02,4.850000000000000000e+02,7.740000000000000000e+02,3.230000000000000000e+02,0.000000000000000000e+00,1.760000000000000000e+02,2.780000000000000000e+02,2.750000000000000000e+02,2.690000000000000000e+02,2.820000000000000000e+02,0.000000000000000000e+00,0.000000000000000000e+00,5.620000000000000000e+02,9.300000000000000000e+01,1.050000000000000000e+02,1.166000000000000000e+03,9.400000000000000000e+01,3.030000000000000000e+02,8.730000000000000000e+02,2.550000000000000000e+02,0.000000000000000000e+00,0.000000000000000000e+00,6.380000000000000000e+02,2.080000000000000000e+02,3.150000000000000000e+02,6.330000000000000000e+02,7.520000000000000000e+02,6.210000000000000000e+02,5.800000000000000000e+02,3.380000000000000000e+02,0.000000000000000000e+00,7.130000000000000000e+02,7.200000000000000000e+02,5.090000000000000000e+02,6.720000000000000000e+02,0.000000000000000000e+00,0.000000000000000000e+00,5.610000000000000000e+02,5.400000000000000000e+01,6.600000000000000000e+02,3.800000000000000000e+01,2.800000000000000000e+01,0.000000000000000000e+00,0.000000000000000000e+00,5.800000000000000000e+01,3.600000000000000000e+01,7.420000000000000000e+02,7.650000000000000000e+02,8.970000000000000000e+02,0.000000000000000000e+00,3.280000000000000000e+02
2.196000000000000000e+03,1.915000000000000000e+03,9.010000000000000000e+02,5.670000000000000000e+02,7.670000000000000000e+02,5.420000000000000000e+02,3.800000000000000000e+01,2.810000000000000000e+02,9.730000000000000000e+02,3.000000000000000000e+00,5.000000000000000000e+02,4.600000000000000000e+02,7.400000000000000000e+02,2.276000000000000000e+03,1.970000000000000000e+02,7.800000000000000000e+01,2.560000000000000000e+02,1.329000000000000000e+03,1.156000000000000000e+03,5.000000000000000000e+00,5.910000000000000000e+02,6.020000000000000000e+02,1.491000000000000000e+03,2.445000000000000000e+03,1.300000000000000000e+01,9.060000000000000000e+02,5.800000000000000000e+02,1.677000000000000000e+03,2.331000000000000000e+03,2.092000000000000000e+03,1.320000000000000000e+03,1.393000000000000000e+03,2.710000000000000000e+02,1.775000000000000000e+03,3.000000000000000000e+01,1.099000000000000000e+03,2.700000000000000000e+01,1.577000000000000000e+03,7.710000000000000000e+02,2.183000000000000000e+03,1.880000000000000000e+02,2.133000000000000000e+03,6.200000000000000000e+01,1.968000000000000000e+03,4.500000000000000000e+01,3.900000000000000000e+02,5.000000000000000000e+00,3.100000000000000000e+01,2.190000000000000000e+02,4.530000000000000000e+02,4.600000000000000000e+02,3.800000000000000000e+02,7.800000000000000000e+02,2.100000000000000000e+01,1.761000000000000000e+03,1.742000000000000000e+03,2.900000000000000000e+01,1.815000000000000000e+03,9.710000000000000000e+02,5.320000000000000000e+02,2.710000000000000000e+02,6.360000000000000000e+02,7.520000000000000000e+02,7.960000000000000000e+02,2.380000000000000000e+02,2.469000000000000000e+03,1.369000000000000000e+03,1.038000000000000000e+03,1.590000000000000000e+02,2.450000000000000000e+02,1.892000000000000000e+03,7.400000000000000000e+02,1.626000000000000000e+03,1.398000000000000000e+03,1.660000000000000000e+02,1.569000000000000000e+03,2.250000000000000000e+02,2.287000000000000000e+03,5.180000000000000000e+02,2.181000000000000000e+03,3.361000000000000000e+03,9.960000000000000000e+02,1.146000000000000000e+03,6.710000000000000000e+02,4.680000000000000000e+02,2.194000000000000000e+03,9.310000000000000000e+02,2.910000000000000000e+02,1.816000000000000000e+03,2.411000000000000000e+03,4.110000000000000000e+02,6.260000000000000000e+02,2.494000000000000000e+03,1.710000000000000000e+03,5.340000000000000000e+02,3.770000000000000000e+02,0.000000000000000000e+00,2.057000000000000000e+03,2.000000000000000000e+01,3.400000000000000000e+01,1.940000000000000000e+02,3.800000000000000000e+01,2.454000000000000000e+03,4.050000000000000000e+02,1.981000000000000000e+03,1.840000000000000000e+02,4.400000000000000000e+02,8.800000000000000000e+01,2.488000000000000000e+03,1.212000000000000000e+03,2.438000000000000000e+03,2.930000000000000000e+02,2.029000000000000000e+03,3.900000000000000000e+01,2.563000000000000000e+03,3.960000000000000000e+02,2.484000000000000000e+03,9.470000000000000000e+02,2.168000000000000000e+03,2.334000000000000000e+03,2.300000000000000000e+01,3.320000000000000000e+03,4.520000000000000000e+02,2.598000000000000000e+03,2.340000000000000000e+03,2.020000000000000000e+02,2.000000000000000000e+00,1.965000000000000000e+03,1.700000000000000000e+01,8.580000000000000000e+02,2.300000000000000000e+01,3.140000000000000000e+02,2.720000000000000000e+02,1.100000000000000000e+01,1.250000000000000000e+02,6.500000000000000000e+01,2.129000000000000000e+03,3.010000000000000000e+02,1.889000000000000000e+03,4.090000000000000000e+02,7.970000000000000000e+02,2.257000000000000000e+03,1.611000000000000000e+03,1.058000000000000000e+03,3.100000000000000000e+01,1.010000000000000000e+02,1.670000000000000000e+02,2.154000000000000000e+03,1.800000000000000000e+02,9.590000000000000000e+02,2.295000000000000000e+03,3.180000000000000000e+02,4.490000000000000000e+02,3.323000000000000000e+03,6.600000000000000000e+01,6.900000000000000000e+01,2.562000000000000000e+03,1.700000000000000000e+01,4.750000000000000000e+02,8.310000000000000000e+02,2.315000000000000000e+03,1.670000000000000000e+03,1.950000000000000000e+02,2.130000000000000000e+03,2.510000000000000000e+02,6.300000000000000000e+01,2.149000000000000000e+03,1.600000000000000000e+01,4.200000000000000000e+01,8.300000000000000000e+02,3.800000000000000000e+01,1.980000000000000000e+02,1.500000000000000000e+02,3.453000000000000000e+03,2.480000000000000000e+03,6.260000000000000000e+02,4.100000000000000000e+01,7.710000000000000000e+02,5.920000000000000000e+02,4.880000000000000000e+02,4.240000000000000000e+02,2.600000000000000000e+02,7.800000000000000000e+02,8.850000000000000000e+02,4.630000000000000000e+02,9.370000000000000000e+02,7.600000000000000000e+01,8.000000000000000000e+00,2.539000000000000000e+03,2.132000000000000000e+03,4.360000000000000000e+02,7.130000000000000000e+02,2.551000000000000000e+03,5.900000000000000000e+01,8.670000000000000000e+02,2.429000000000000000e+03,6.600000000000000000e+01,1.413000000000000000e+03,3.200000000000000000e+01,7.000000000000000000e+00,7.240000000000000000e+02,1.970000000000000000e+02,1.999000000000000000e+03,2.660000000000000000e+02,2.140000000000000000e+02,2.410000000000000000e+02,2.500000000000000000e+02,5.000000000000000000e+00,1.552000000000000000e+03,3.150000000000000000e+02,1.181000000000000000e+03,5.670000000000000000e+02,1.001000000000000000e+03,3.120000000000000000e+02,2.169000000000000000e+03,1.714000000000000000e+03,2.523000000000000000e+03,1.007000000000000000e+03,1.200000000000000000e+01,6.250000000000000000e+02,8.470000000000000000e+02,1.152000000000000000e+03,7.450000000000000000e+02,1.081000000000000000e+03,3.690000000000000000e+02,3.140000000000000000e+02,2.091000000000000000e+03,3.000000000000000000e+02,3.690000000000000000e+02,3.328000000000000000e+03,2.930000000000000000e+02,9.300000000000000000e+02,2.370000000000000000e+03,1.026000000000000000e+03,8.000000000000000000e+00,9.500000000000000000e+01,2.013000000000000000e+03,8.860000000000000000e+02,1.068000000000000000e+03,2.096000000000000000e+03,2.443000000000000000e+03,2.093000000000000000e+03,2.136000000000000000e+03,1.005000000000000000e+03,1.320000000000000000e+02,2.181000000000000000e+03,2.394000000000000000e+03,1.871000000000000000e+03,2.287000000000000000e+03,2.400000000000000000e+01,2.100000000000000000e+01,2.141000000000000000e+03,1.270000000000000000e+02,1.828000000000000000e+03,1.880000000000000000e+02,1.350000000000000000e+02,5.600000000000000000e+01,1.100000000000000000e+01,1.290000000000000000e+02,6.100000000000000000e+01,2.464000000000000000e+03,2.531000000000000000e+03,2.567000000000000000e+03,3.200000000000000000e+01,1.127000000000000000e+03
1.197000000000000000e+03,9.380000000000000000e+02,6.450000000000000000e+02,3.730000000000000000e+02,4.630000000000000000e+02,1.730000000000000000e+02,8.000000000000000000e+00,6.800000000000000000e+01,8.740000000000000000e+02,0.000000000000000000e+00,4.970000000000000000e+02,3.890000000000000000e+02,1.840000000000000000e+02,1.462000000000000000e+03,2.100000000000000000e+02,4.900000000000000000e+01,5.900000000000000000e+01,5.650000000000000000e+02,4.490000000000000000e+02,1.000000000000000000e+00,2.520000000000000000e+02,2.300000000000000000e+02,2.220000000000000000e+02,1.958000000000000000e+03,9.000000000000000000e+00,7.050000000000000000e+02,3.370000000000000000e+02,7.860000000000000000e+02,1.684000000000000000e+03,1.792000000000000000e+03,4.120000000000000000e+02,5.000000000000000000e+02,1.330000000000000000e+02,8.920000000000000000e+02,1.200000000000000000e+01,8.160000000000000000e+02,9.000000000000000000e+00,7.190000000000000000e+02,3.600000000000000000e+02,2.061000000000000000e+03,1.400000000000000000e+02,1.298000000000000000e+03,1.800000000000000000e+01,9.420000000000000000e+02,7.000000000000000000e+00,1.620000000000000000e+02,0.000000000000000000e+00,6.000000000000000000e+00,8.300000000000000000e+01,2.950000000000000000e+02,4.610000000000000000e+02,6.800000000000000000e+01,4.580000000000000000e+02,1.000000000000000000e+00,8.600000000000000000e+02,8.470000000000000000e+02,9.000000000000000000e+00,8.490000000000000000e+02,5.850000000000000000e+02,2.910000000000000000e+02,1.160000000000000000e+02,1.350000000000000000e+02,4.320000000000000000e+02,2.820000000000000000e+02,9.900000000000000000e+01,2.224000000000000000e+03,4.730000000000000000e+02,4.010000000000000000e+02,2.400000000000000000e+01,7.500000000000000000e+01,9.920000000000000000e+02,4.120000000000000000e+02,7.330000000000000000e+02,5.680000000000000000e+02,4.400000000000000000e+01,4.890000000000000000e+02,6.000000000000000000e+01,1.401000000000000000e+03,1.060000000000000000e+02,1.368000000000000000e+03,4.108000000000000000e+03,8.390000000000000000e+02,9.440000000000000000e+02,1.820000000000000000e+02,4.470000000000000000e+02,1.449000000000000000e+03,2.570000000000000000e+02,4.400000000000000000e+01,8.420000000000000000e+02,2.074000000000000000e+03,1.550000000000000000e+02,2.510000000000000000e+02,2.038000000000000000e+03,7.350000000000000000e+02,2.290000000000000000e+02,2.570000000000000000e+02,1.750000000000000000e+02,0.000000000000000000e+00,2.000000000000000000e+00,9.000000000000000000e+00,5.200000000000000000e+01,9.000000000000000000e+00,1.874000000000000000e+03,6.900000000000000000e+01,5.040000000000000000e+02,2.600000000000000000e+01,2.090000000000000000e+02,1.800000000000000000e+01,1.928000000000000000e+03,9.430000000000000000e+02,1.831000000000000000e+03,1.200000000000000000e+02,7.410000000000000000e+02,1.200000000000000000e+01,2.287000000000000000e+03,4.310000000000000000e+02,1.940000000000000000e+03,7.150000000000000000e+02,1.287000000000000000e+03,1.803000000000000000e+03,4.000000000000000000e+00,3.945000000000000000e+03,4.390000000000000000e+02,2.165000000000000000e+03,1.895000000000000000e+03,5.100000000000000000e+01,0.000000000000000000e+00,1.715000000000000000e+03,5.000000000000000000e+00,5.920000000000000000e+02,4.000000000000000000e+00,8.200000000000000000e+01,5.500000000000000000e+01,3.000000000000000000e+00,2.900000000000000000e+01,3.100000000000000000e+01,1.278000000000000000e+03,6.200000000000000000e+01,9.950000000000000000e+02,3.180000000000000000e+02,3.240000000000000000e+02,1.274000000000000000e+03,4.210000000000000000e+02,9.630000000000000000e+02,7.000000000000000000e+00,4.300000000000000000e+01,4.300000000000000000e+01,1.213000000000000000e+03,4.500000000000000000e+01,8.470000000000000000e+02,1.478000000000000000e+03,1.020000000000000000e+02,4.520000000000000000e+02,4.079000000000000000e+03,2.100000000000000000e+01,3.000000000000000000e+01,2.284000000000000000e+03,4.000000000000000000e+00,1.680000000000000000e+02,4.620000000000000000e+02,1.562000000000000000e+03,8.590000000000000000e+02,1.980000000000000000e+02,1.127000000000000000e+03,1.410000000000000000e+02,1.100000000000000000e+01,1.206000000000000000e+03,3.000000000000000000e+00,1.200000000000000000e+01,2.350000000000000000e+02,2.000000000000000000e+00,6.500000000000000000e+01,4.800000000000000000e+01,4.089000000000000000e+03,1.971000000000000000e+03,3.370000000000000000e+02,1.800000000000000000e+01,4.560000000000000000e+02,3.790000000000000000e+02,1.480000000000000000e+02,1.720000000000000000e+02,9.200000000000000000e+01,4.480000000000000000e+02,6.110000000000000000e+02,2.410000000000000000e+02,1.044000000000000000e+03,2.400000000000000000e+01,0.000000000000000000e+00,2.249000000000000000e+03,1.246000000000000000e+03,1.530000000000000000e+02,2.080000000000000000e+02,2.715000000000000000e+03,1.500000000000000000e+01,4.220000000000000000e+02,1.802000000000000000e+03,1.600000000000000000e+01,5.820000000000000000e+02,1.100000000000000000e+01,1.000000000000000000e+00,5.220000000000000000e+02,1.770000000000000000e+02,1.243000000000000000e+03,4.600000000000000000e+01,3.000000000000000000e+01,3.500000000000000000e+01,8.600000000000000000e+01,0.000000000000000000e+00,6.250000000000000000e+02,1.300000000000000000e+02,4.400000000000000000e+02,3.780000000000000000e+02,1.950000000000000000e+02,9.900000000000000000e+01,2.301000000000000000e+03,7.880000000000000000e+02,2.207000000000000000e+03,2.670000000000000000e+02,0.000000000000000000e+00,1.370000000000000000e+02,7.290000000000000000e+02,8.000000000000000000e+02,2.570000000000000000e+02,9.250000000000000000e+02,1.960000000000000000e+02,1.830000000000000000e+02,8.170000000000000000e+02,1.340000000000000000e+02,7.700000000000000000e+01,4.006000000000000000e+03,9.700000000000000000e+01,2.950000000000000000e+02,1.840000000000000000e+03,8.680000000000000000e+02,4.000000000000000000e+00,2.800000000000000000e+01,1.100000000000000000e+03,3.300000000000000000e+02,8.130000000000000000e+02,1.050000000000000000e+03,2.081000000000000000e+03,1.247000000000000000e+03,1.205000000000000000e+03,9.350000000000000000e+02,4.000000000000000000e+01,1.773000000000000000e+03,1.830000000000000000e+03,9.550000000000000000e+02,1.659000000000000000e+03,1.000000000000000000e+01,5.000000000000000000e+00,1.239000000000000000e+03,3.200000000000000000e+01,6.550000000000000000e+02,6.500000000000000000e+01,2.900000000000000000e+01,1.400000000000000000e+01,2.000000000000000000e+00,2.200000000000000000e+01,1.300000000000000000e+01,2.091000000000000000e+03,2.024000000000000000e+03,2.436000000000000000e+03,7.000000000000000000e+00,9.400000000000000000e+02
1.570000000000000000e+02,1.960000000000000000e+02,7.100000000000000000e+01,6.500000000000000000e+01,7.900000000000000000e+01,6.600000000000000000e+01,0.000000000000000000e+00,5.800000000000000000e+01,9.000000000000000000e+01,0.000000000000000000e+00,0.000000000000000000e+00,0.000000000000000000e+00,1.470000000000000000e+02,1.770000000000000000e+02,0.000000000000000000e+00,0.000000000000000000e+00,7.500000000000000000e+01,1.660000000000000000e+02,1.740000000000000000e+02,0.000000000000000000e+00,8.200000000000000000e+01,6.700000000000000000e+01,2.000000000000000000e+02,1.780000000000000000e+02,0.000000000000000000e+00,6.400000000000000000e+01,6.800000000000000000e+01,1.870000000000000000e+02,2.030000000000000000e+02,1.700000000000000000e+02,1.970000000000000000e+02,1.780000000000000000e+02,0.000000000000000000e+00,1.830000000000000000e+02,0.000000000000000000e+00,8.300000000000000000e+01,0.000000000000000000e+00,1.710000000000000000e+02,7.600000000000000000e+01,1.950000000000000000e+02,0.000000000000000000e+00,1.850000000000000000e+02,0.000000000000000000e+00,1.720000000000000000e+02,0.000000000000000000e+00,5.100000000000000000e+01,0.000000000000000000e+00,0.000000000000000000e+00,6.000000000000000000e+01,0.000000000000000000e+00,0.000000000000000000e+00,6.400000000000000000e+01,6.100000000000000000e+01,0.000000000000000000e+00,1.640000000000000000e+02,1.800000000000000000e+02,0.000000000000000000e+00,1.960000000000000000e+02,8.000000000000000000e+01,7.200000000000000000e+01,0.000000000000000000e+00,6.700000000000000000e+01,6.700000000000000000e+01,1.760000000000000000e+02,6.800000000000000000e+01,1.810000000000000000e+02,1.830000000000000000e+02,1.470000000000000000e+02,1.500000000000000000e+02,0.000000000000000000e+00,1.860000000000000000e+02,5.700000000000000000e+01,1.790000000000000000e+02,1.900000000000000000e+02,6.200000000000000000e+01,1.700000000000000000e+02,6.000000000000000000e+01,1.770000000000000000e+02,6.200000000000000000e+01,1.760000000000000000e+02,2.180000000000000000e+02,7.900000000000000000e+01,7.000000000000000000e+01,5.600000000000000000e+01,0.000000000000000000e+00,2.140000000000000000e+02,1.720000000000000000e+02,6.500000000000000000e+01,1.570000000000000000e+02,1.840000000000000000e+02,5.800000000000000000e+01,5.400000000000000000e+01,1.800000000000000000e+02,1.990000000000000000e+02,5.200000000000000000e+01,0.000000000000000000e+00,1.820000000000000000e+02,1.940000000000000000e+02,0.000000000000000000e+00,0.000000000000000000e+00,5.900000000000000000e+01,0.000000000000000000e+00,1.860000000000000000e+02,7.700000000000000000e+01,1.540000000000000000e+02,6.700000000000000000e+01,8.200000000000000000e+01,4.400000000000000000e+01,1.610000000000000000e+02,7.000000000000000000e+01,1.850000000000000000e+02,6.100000000000000000e+01,1.870000000000000000e+02,0.000000000000000000e+00,1.970000000000000000e+02,0.000000000000000000e+00,2.010000000000000000e+02,5.700000000000000000e+01,1.760000000000000000e+02,1.730000000000000000e+02,0.000000000000000000e+00,2.100000000000000000e+02,0.000000000000000000e+00,1.630000000000000000e+02,1.800000000000000000e+02,8.900000000000000000e+01,0.000000000000000000e+00,1.840000000000000000e+02,0.000000000000000000e+00,5.500000000000000000e+01,0.000000000000000000e+00,1.290000000000000000e+02,6.400000000000000000e+01,3.800000000000000000e+01,0.000000000000000000e+00,0.000000000000000000e+00,2.090000000000000000e+02,1.390000000000000000e+02,1.820000000000000000e+02,0.000000000000000000e+00,6.300000000000000000e+01,1.980000000000000000e+02,1.880000000000000000e+02,8.900000000000000000e+01,0.000000000000000000e+00,0.000000000000000000e+00,7.200000000000000000e+01,1.670000000000000000e+02,7.200000000000000000e+01,6.200000000000000000e+01,2.010000000000000000e+02,6.400000000000000000e+01,0.000000000000000000e+00,2.330000000000000000e+02,3.400000000000000000e+01,0.000000000000000000e+00,1.690000000000000000e+02,0.000000000000000000e+00,7.200000000000000000e+01,6.200000000000000000e+01,1.790000000000000000e+02,1.730000000000000000e+02,0.000000000000000000e+00,2.040000000000000000e+02,0.000000000000000000e+00,0.000000000000000000e+00,1.740000000000000000e+02,0.000000000000000000e+00,0.000000000000000000e+00,1.600000000000000000e+02,0.000000000000000000e+00,0.000000000000000000e+00,5.600000000000000000e+01,2.230000000000000000e+02,1.820000000000000000e+02,7.900000000000000000e+01,0.000000000000000000e+00,8.900000000000000000e+01,6.400000000000000000e+01,1.630000000000000000e+02,5.400000000000000000e+01,7.100000000000000000e+01,6.400000000000000000e+01,7.400000000000000000e+01,6.600000000000000000e+01,5.100000000000000000e+01,0.000000000000000000e+00,0.000000000000000000e+00,2.070000000000000000e+02,1.830000000000000000e+02,6.600000000000000000e+01,9.400000000000000000e+01,1.680000000000000000e+02,0.000000000000000000e+00,8.000000000000000000e+01,2.080000000000000000e+02,0.000000000000000000e+00,1.610000000000000000e+02,0.000000000000000000e+00,0.000000000000000000e+00,7.100000000000000000e+01,0.000000000000000000e+00,1.740000000000000000e+02,6.500000000000000000e+01,1.440000000000000000e+02,5.900000000000000000e+01,5.400000000000000000e+01,0.000000000000000000e+00,1.790000000000000000e+02,4.800000000000000000e+01,1.780000000000000000e+02,6.500000000000000000e+01,1.730000000000000000e+02,5.100000000000000000e+01,2.000000000000000000e+02,1.790000000000000000e+02,1.630000000000000000e+02,1.760000000000000000e+02,0.000000000000000000e+00,1.600000000000000000e+02,7.200000000000000000e+01,8.400000000000000000e+01,1.960000000000000000e+02,8.600000000000000000e+01,0.000000000000000000e+00,0.000000000000000000e+00,2.190000000000000000e+02,5.900000000000000000e+01,6.100000000000000000e+01,2.100000000000000000e+02,4.900000000000000000e+01,1.470000000000000000e+02,1.730000000000000000e+02,6.100000000000000000e+01,0.000000000000000000e+00,0.000000000000000000e+00,1.610000000000000000e+02,7.900000000000000000e+01,7.200000000000000000e+01,1.990000000000000000e+02,1.560000000000000000e+02,1.860000000000000000e+02,1.720000000000000000e+02,6.300000000000000000e+01,0.000000000000000000e+00,2.020000000000000000e+02,1.870000000000000000e+02,1.900000000000000000e+02,1.710000000000000000e+02,0.000000000000000000e+00,0.000000000000000000e+00,1.730000000000000000e+02,4.200000000000000000e+01,1.810000000000000000e+02,6.600000000000000000e+01,4.000000000000000000e+01,0.000000000000000000e+00,0.000000000000000000e+00,5.900000000000000000e+01,7.000000000000000000e+01,2.030000000000000000e+02,1.810000000000000000e+02,1.970000000000000000e+02,0.000000000000000000e+00,7.800000000000000000e+01
4.520000000000000000e+02,4.710000000000000000e+02,1.720000000000000000e+02,1.700000000000000000e+02,1.800000000000000000e+02,1.480000000000000000e+02,0.000000000000000000e+00,1.490000000000000000e+02,1.620000000000000000e+02,0.000000000000000000e+00,0.000000000000000000e+00,0.000000000000000000e+00,3.970000000000000000e+02,4.480000000000000000e+02,0.000000000000000000e+00,0.000000000000000000e+00,1.120000000000000000e+02,4.130000000000000000e+02,3.950000000000000000e+02,0.000000000000000000e+00,1.730000000000000000e+02,1.380000000000000000e+02,4.040000000000000000e+02,4.320000000000000000e+02,0.000000000000000000e+00,1.790000000000000000e+02,1.400000000000000000e+02,4.510000000000000000e+02,4.260000000000000000e+02,4.200000000000000000e+02,3.940000000000000000e+02,3.800000000000000000e+02,0.000000000000000000e+00,4.080000000000000000e+02,0.000000000000000000e+00,1.560000000000000000e+02,0.000000000000000000e+00,4.340000000000000000e+02,1.560000000000000000e+02,4.940000000000000000e+02,0.000000000000000000e+00,4.640000000000000000e+02,0.000000000000000000e+00,4.180000000000000000e+02,0.000000000000000000e+00,1.750000000000000000e+02,0.000000000000000000e+00,0.000000000000000000e+00,1.650000000000000000e+02,0.000000000000000000e+00,0.000000000000000000e+00,1.520000000000000000e+02,1.770000000000000000e+02,0.000000000000000000e+00,4.350000000000000000e+02,3.900000000000000000e+02,0.000000000000000000e+00,4.160000000000000000e+02,1.660000000000000000e+02,2.030000000000000000e+02,0.000000000000000000e+00,1.550000000000000000e+02,1.760000000000000000e+02,4.380000000000000000e+02,1.740000000000000000e+02,4.300000000000000000e+02,3.880000000000000000e+02,4.040000000000000000e+02,3.680000000000000000e+02,0.000000000000000000e+00,4.630000000000000000e+02,1.310000000000000000e+02,3.910000000000000000e+02,3.860000000000000000e+02,1.310000000000000000e+02,4.290000000000000000e+02,1.780000000000000000e+02,4.790000000000000000e+02,1.350000000000000000e+02,4.040000000000000000e+02,4.930000000000000000e+02,1.780000000000000000e+02,1.950000000000000000e+02,1.700000000000000000e+02,0.000000000000000000e+00,4.390000000000000000e+02,4.050000000000000000e+02,1.320000000000000000e+02,4.180000000000000000e+02,4.610000000000000000e+02,1.710000000000000000e+02,1.840000000000000000e+02,3.940000000000000000e+02,4.310000000000000000e+02,1.600000000000000000e+02,0.000000000000000000e+00,4.260000000000000000e+02,3.880000000000000000e+02,0.000000000000000000e+00,0.000000000000000000e+00,1.470000000000000000e+02,0.000000000000000000e+00,4.500000000000000000e+02,1.650000000000000000e+02,4.160000000000000000e+02,1.360000000000000000e+02,1.320000000000000000e+02,1.040000000000000000e+02,4.590000000000000000e+02,2.040000000000000000e+02,4.000000000000000000e+02,1.300000000000000000e+02,4.290000000000000000e+02,0.000000000000000000e+00,4.440000000000000000e+02,0.000000000000000000e+00,4.460000000000000000e+02,1.740000000000000000e+02,4.310000000000000000e+02,4.350000000000000000e+02,0.000000000000000000e+00,5.450000000000000000e+02,0.000000000000000000e+00,4.320000000000000000e+02,4.340000000000000000e+02,1.190000000000000000e+02,0.000000000000000000e+00,4.730000000000000000e+02,0.000000000000000000e+00,1.550000000000000000e+02,0.000000000000000000e+00,3.320000000000000000e+02,1.900000000000000000e+02,9.200000000000000000e+01,0.000000000000000000e+00,0.000000000000000000e+00,4.140000000000000000e+02,3.580000000000000000e+02,3.960000000000000000e+02,0.000000000000000000e+00,1.650000000000000000e+02,5.270000000000000000e+02,4.250000000000000000e+02,1.790000000000000000e+02,0.000000000000000000e+00,0.000000000000000000e+00,1.230000000000000000e+02,4.380000000000000000e+02,1.260000000000000000e+02,1.780000000000000000e+02,4.430000000000000000e+02,1.110000000000000000e+02,0.000000000000000000e+00,5.500000000000000000e+02,1.040000000000000000e+02,0.000000000000000000e+00,4.320000000000000000e+02,0.000000000000000000e+00,1.630000000000000000e+02,1.690000000000000000e+02,4.370000000000000000e+02,4.030000000000000000e+02,0.000000000000000000e+00,4.430000000000000000e+02,0.000000000000000000e+00,0.000000000000000000e+00,4.140000000000000000e+02,0.000000000000000000e+00,0.000000000000000000e+00,3.730000000000000000e+02,0.000000000000000000e+00,0.000000000000000000e+00,1.160000000000000000e+02,5.140000000000000000e+02,4.560000000000000000e+02,1.530000000000000000e+02,0.000000000000000000e+00,1.340000000000000000e+02,1.780000000000000000e+02,4.390000000000000000e+02,1.500000000000000000e+02,1.210000000000000000e+02,1.680000000000000000e+02,1.880000000000000000e+02,1.480000000000000000e+02,1.460000000000000000e+02,0.000000000000000000e+00,0.000000000000000000e+00,4.570000000000000000e+02,4.350000000000000000e+02,1.290000000000000000e+02,1.760000000000000000e+02,4.610000000000000000e+02,0.000000000000000000e+00,1.580000000000000000e+02,4.390000000000000000e+02,0.000000000000000000e+00,3.530000000000000000e+02,0.000000000000000000e+00,0.000000000000000000e+00,1.710000000000000000e+02,0.000000000000000000e+00,4.370000000000000000e+02,1.280000000000000000e+02,3.490000000000000000e+02,1.390000000000000000e+02,1.470000000000000000e+02,0.000000000000000000e+00,4.040000000000000000e+02,1.230000000000000000e+02,4.380000000000000000e+02,1.510000000000000000e+02,4.380000000000000000e+02,1.270000000000000000e+02,4.540000000000000000e+02,4.650000000000000000e+02,4.370000000000000000e+02,4.030000000000000000e+02,0.000000000000000000e+00,3.460000000000000000e+02,1.730000000000000000e+02,1.730000000000000000e+02,3.780000000000000000e+02,1.620000000000000000e+02,0.000000000000000000e+00,0.000000000000000000e+00,4.110000000000000000e+02,1.760000000000000000e+02,1.360000000000000000e+02,5.410000000000000000e+02,1.470000000000000000e+02,3.960000000000000000e+02,4.500000000000000000e+02,1.660000000000000000e+02,0.000000000000000000e+00,0.000000000000000000e+00,4.670000000000000000e+02,1.460000000000000000e+02,1.870000000000000000e+02,4.370000000000000000e+02,4.560000000000000000e+02,4.440000000000000000e+02,4.120000000000000000e+02,2.000000000000000000e+02,0.000000000000000000e+00,4.550000000000000000e+02,4.520000000000000000e+02,4.250000000000000000e+02,4.070000000000000000e+02,0.000000000000000000e+00,0.000000000000000000e+00,4.640000000000000000e+02,1.180000000000000000e+02,4.410000000000000000e+02,1.570000000000000000e+02,1.470000000000000000e+02,0.000000000000000000e+00,0.000000000000000000e+00,1.420000000000000000e+02,1.340000000000000000e+02,4.380000000000000000e+02,4.590000000000000000e+02,4.410000000000000000e+02,0.000000000000000000e+00,1.720000000000000000e+02
8.620000000000000000e+02,8.580000000000000000e+02,1.990000000000000000e+02,2.030000000000000000e+02,2.200000000000000000e+02,2.200000000000000000e+02,4.100000000000000000e+01,1.310000000000000000e+02,2.360000000000000000e+02,6.000000000000000000e+00,1.610000000000000000e+02,1.440000000000000000e+02,6.330000000000000000e+02,8.850000000000000000e+02,6.600000000000000000e+01,3.700000000000000000e+01,1.400000000000000000e+02,7.000000000000000000e+02,7.390000000000000000e+02,2.600000000000000000e+01,1.990000000000000000e+02,2.370000000000000000e+02,8.310000000000000000e+02,9.530000000000000000e+02,3.000000000000000000e+00,2.590000000000000000e+02,2.120000000000000000e+02,7.940000000000000000e+02,8.490000000000000000e+02,9.440000000000000000e+02,7.300000000000000000e+02,7.440000000000000000e+02,1.200000000000000000e+02,8.790000000000000000e+02,1.300000000000000000e+01,4.120000000000000000e+02,3.300000000000000000e+01,7.920000000000000000e+02,2.010000000000000000e+02,8.920000000000000000e+02,6.600000000000000000e+01,8.580000000000000000e+02,1.010000000000000000e+02,8.340000000000000000e+02,3.900000000000000000e+01,1.800000000000000000e+02,1.600000000000000000e+01,4.000000000000000000e+00,1.540000000000000000e+02,1.650000000000000000e+02,1.510000000000000000e+02,1.560000000000000000e+02,2.270000000000000000e+02,4.400000000000000000e+01,8.420000000000000000e+02,7.370000000000000000e+02,4.000000000000000000e+01,9.280000000000000000e+02,2.360000000000000000e+02,1.790000000000000000e+02,1.310000000000000000e+02,1.720000000000000000e+02,1.940000000000000000e+02,6.110000000000000000e+02,1.570000000000000000e+02,8.810000000000000000e+02,7.230000000000000000e+02,6.150000000000000000e+02,4.040000000000000000e+02,1.140000000000000000e+02,7.840000000000000000e+02,2.010000000000000000e+02,8.880000000000000000e+02,7.300000000000000000e+02,9.500000000000000000e+01,8.600000000000000000e+02,1.940000000000000000e+02,9.850000000000000000e+02,1.920000000000000000e+02,8.990000000000000000e+02,1.062000000000000000e+03,3.880000000000000000e+02,3.970000000000000000e+02,2.090000000000000000e+02,1.270000000000000000e+02,8.240000000000000000e+02,7.680000000000000000e+02,1.830000000000000000e+02,7.610000000000000000e+02,9.240000000000000000e+02,2.010000000000000000e+02,2.120000000000000000e+02,8.890000000000000000e+02,7.840000000000000000e+02,1.790000000000000000e+02,1.150000000000000000e+02,7.730000000000000000e+02,8.780000000000000000e+02,5.100000000000000000e+01,3.100000000000000000e+01,0.000000000000000000e+00,1.600000000000000000e+01,8.530000000000000000e+02,1.470000000000000000e+02,8.080000000000000000e+02,1.110000000000000000e+02,1.650000000000000000e+02,5.800000000000000000e+01,7.790000000000000000e+02,3.590000000000000000e+02,9.390000000000000000e+02,1.460000000000000000e+02,8.140000000000000000e+02,3.400000000000000000e+01,9.160000000000000000e+02,1.530000000000000000e+02,9.310000000000000000e+02,2.210000000000000000e+02,8.650000000000000000e+02,9.140000000000000000e+02,4.000000000000000000e+00,1.057000000000000000e+03,1.180000000000000000e+02,9.460000000000000000e+02,8.410000000000000000e+02,1.320000000000000000e+02,1.800000000000000000e+01,8.550000000000000000e+02,2.900000000000000000e+01,2.090000000000000000e+02,3.000000000000000000e+01,2.700000000000000000e+02,1.910000000000000000e+02,5.500000000000000000e+01,1.110000000000000000e+02,4.800000000000000000e+01,8.680000000000000000e+02,4.020000000000000000e+02,9.030000000000000000e+02,1.600000000000000000e+02,2.390000000000000000e+02,1.011000000000000000e+03,8.590000000000000000e+02,3.530000000000000000e+02,2.200000000000000000e+01,1.030000000000000000e+02,1.250000000000000000e+02,9.200000000000000000e+02,1.390000000000000000e+02,2.200000000000000000e+02,9.040000000000000000e+02,1.260000000000000000e+02,1.390000000000000000e+02,1.022000000000000000e+03,2.100000000000000000e+01,5.200000000000000000e+01,9.240000000000000000e+02,8.000000000000000000e+00,2.000000000000000000e+02,2.230000000000000000e+02,8.820000000000000000e+02,8.090000000000000000e+02,6.200000000000000000e+01,8.870000000000000000e+02,1.280000000000000000e+02,4.800000000000000000e+01,9.290000000000000000e+02,1.300000000000000000e+01,3.400000000000000000e+01,6.680000000000000000e+02,3.200000000000000000e+01,1.200000000000000000e+02,9.500000000000000000e+01,1.074000000000000000e+03,9.230000000000000000e+02,1.800000000000000000e+02,3.500000000000000000e+01,1.910000000000000000e+02,1.770000000000000000e+02,5.230000000000000000e+02,2.160000000000000000e+02,1.950000000000000000e+02,2.160000000000000000e+02,2.050000000000000000e+02,1.700000000000000000e+02,2.290000000000000000e+02,1.070000000000000000e+02,6.000000000000000000e+00,8.980000000000000000e+02,8.830000000000000000e+02,2.230000000000000000e+02,2.050000000000000000e+02,9.630000000000000000e+02,6.100000000000000000e+01,2.440000000000000000e+02,9.210000000000000000e+02,5.600000000000000000e+01,7.530000000000000000e+02,2.500000000000000000e+01,2.100000000000000000e+01,2.110000000000000000e+02,5.500000000000000000e+01,8.790000000000000000e+02,1.510000000000000000e+02,4.930000000000000000e+02,1.560000000000000000e+02,1.430000000000000000e+02,5.000000000000000000e+00,8.880000000000000000e+02,1.480000000000000000e+02,8.670000000000000000e+02,1.730000000000000000e+02,7.520000000000000000e+02,1.370000000000000000e+02,9.400000000000000000e+02,8.250000000000000000e+02,8.880000000000000000e+02,6.970000000000000000e+02,2.600000000000000000e+01,5.640000000000000000e+02,2.240000000000000000e+02,3.470000000000000000e+02,7.420000000000000000e+02,3.600000000000000000e+02,1.260000000000000000e+02,1.420000000000000000e+02,8.880000000000000000e+02,1.690000000000000000e+02,1.990000000000000000e+02,1.114000000000000000e+03,1.610000000000000000e+02,6.650000000000000000e+02,8.990000000000000000e+02,2.220000000000000000e+02,1.400000000000000000e+01,6.300000000000000000e+01,8.300000000000000000e+02,2.150000000000000000e+02,3.940000000000000000e+02,8.550000000000000000e+02,8.860000000000000000e+02,8.640000000000000000e+02,8.680000000000000000e+02,3.690000000000000000e+02,8.900000000000000000e+01,8.670000000000000000e+02,9.050000000000000000e+02,8.950000000000000000e+02,8.920000000000000000e+02,1.900000000000000000e+01,3.200000000000000000e+01,8.800000000000000000e+02,5.300000000000000000e+01,8.350000000000000000e+02,1.220000000000000000e+02,8.700000000000000000e+01,4.500000000000000000e+01,1.300000000000000000e+01,1.350000000000000000e+02,9.200000000000000000e+01,8.880000000000000000e+02,9.150000000000000000e+02,9.370000000000000000e+02,4.100000000000000000e+01,4.070000000000000000e+02
3.560000000000000000e+02,3.720000000000000000e+02,1.340000000000000000e+02,1.320000000000000000e+02,1.410000000000000000e+02,1.220000000000000000e+02,0.000000000000000000e+00,9.500000000000000000e+01,1.470000000000000000e+02,0.000000000000000000e+00,0.000000000000000000e+00,0.000000000000000000e+00,3.190000000000000000e+02,3.350000000000000000e+02,0.000000000000000000e+00,0.000000000000000000e+00,1.260000000000000000e+02,3.060000000000000000e+02,3.440000000000000000e+02,0.000000000000000000e+00,1.340000000000000000e+02,1.300000000000000000e+02,3.300000000000000000e+02,3.560000000000000000e+02,0.000000000000000000e+00,1.480000000000000000e+02,1.420000000000000000e+02,3.490000000000000000e+02,3.820000000000000000e+02,3.530000000000000000e+02,3.180000000000000000e+02,3.560000000000000000e+02,0.000000000000000000e+00,3.700000000000000000e+02,0.000000000000000000e+00,1.520000000000000000e+02,0.000000000000000000e+00,3.360000000000000000e+02,1.290000000000000000e+02,3.850000000000000000e+02,0.000000000000000000e+00,3.640000000000000000e+02,0.000000000000000000e+00,3.490000000000000000e+02,0.000000000000000000e+00,1.230000000000000000e+02,0.000000000000000000e+00,0.000000000000000000e+00,1.300000000000000000e+02,0.000000000000000000e+00,0.000000000000000000e+00,1.210000000000000000e+02,1.260000000000000000e+02,0.000000000000000000e+00,3.470000000000000000e+02,3.470000000000000000e+02,0.000000000000000000e+00,3.600000000000000000e+02,1.470000000000000000e+02,1.100000000000000000e+02,0.000000000000000000e+00,1.220000000000000000e+02,1.430000000000000000e+02,3.280000000000000000e+02,1.110000000000000000e+02,4.000000000000000000e+02,3.320000000000000000e+02,3.120000000000000000e+02,2.980000000000000000e+02,0.000000000000000000e+00,3.500000000000000000e+02,1.320000000000000000e+02,3.720000000000000000e+02,3.260000000000000000e+02,8.900000000000000000e+01,3.510000000000000000e+02,1.420000000000000000e+02,3.520000000000000000e+02,1.420000000000000000e+02,3.630000000000000000e+02,4.410000000000000000e+02,1.240000000000000000e+02,1.360000000000000000e+02,1.330000000000000000e+02,0.000000000000000000e+00,3.630000000000000000e+02,3.240000000000000000e+02,1.110000000000000000e+02,3.480000000000000000e+02,3.450000000000000000e+02,1.250000000000000000e+02,1.220000000000000000e+02,3.530000000000000000e+02,3.220000000000000000e+02,1.170000000000000000e+02,0.000000000000000000e+00,3.490000000000000000e+02,3.550000000000000000e+02,0.000000000000000000e+00,0.000000000000000000e+00,1.410000000000000000e+02,0.000000000000000000e+00,3.520000000000000000e+02,1.120000000000000000e+02,3.350000000000000000e+02,1.030000000000000000e+02,1.290000000000000000e+02,9.000000000000000000e+01,3.670000000000000000e+02,1.610000000000000000e+02,3.650000000000000000e+02,1.280000000000000000e+02,3.790000000000000000e+02,0.000000000000000000e+00,3.790000000000000000e+02,0.000000000000000000e+00,3.380000000000000000e+02,1.390000000000000000e+02,3.710000000000000000e+02,3.560000000000000000e+02,0.000000000000000000e+00,4.210000000000000000e+02,0.000000000000000000e+00,3.500000000000000000e+02,3.840000000000000000e+02,1.140000000000000000e+02,0.000000000000000000e+00,3.930000000000000000e+02,0.000000000000000000e+00,1.370000000000000000e+02,0.000000000000000000e+00,3.010000000000000000e+02,1.280000000000000000e+02,8.300000000000000000e+01,0.000000000000000000e+00,0.000000000000000000e+00,3.970000000000000000e+02,2.630000000000000000e+02,3.940000000000000000e+02,0.000000000000000000e+00,1.270000000000000000e+02,3.750000000000000000e+02,3.550000000000000000e+02,1.430000000000000000e+02,0.000000000000000000e+00,0.000000000000000000e+00,1.180000000000000000e+02,3.460000000000000000e+02,1.060000000000000000e+02,1.470000000000000000e+02,3.950000000000000000e+02,1.190000000000000000e+02,0.000000000000000000e+00,4.510000000000000000e+02,4.900000000000000000e+01,0.000000000000000000e+00,3.830000000000000000e+02,0.000000000000000000e+00,1.370000000000000000e+02,1.410000000000000000e+02,3.620000000000000000e+02,3.260000000000000000e+02,0.000000000000000000e+00,3.680000000000000000e+02,0.000000000000000000e+00,0.000000000000000000e+00,3.510000000000000000e+02,0.000000000000000000e+00,0.000000000000000000e+00,3.110000000000000000e+02,0.000000000000000000e+00,0.000000000000000000e+00,1.270000000000000000e+02,4.310000000000000000e+02,3.600000000000000000e+02,1.270000000000000000e+02,0.000000000000000000e+00,1.160000000000000000e+02,1.370000000000000000e+02,2.980000000000000000e+02,1.420000000000000000e+02,1.360000000000000000e+02,1.550000000000000000e+02,1.090000000000000000e+02,1.260000000000000000e+02,1.410000000000000000e+02,0.000000000000000000e+00,0.000000000000000000e+00,4.060000000000000000e+02,3.490000000000000000e+02,1.370000000000000000e+02,1.390000000000000000e+02,3.430000000000000000e+02,0.000000000000000000e+00,1.600000000000000000e+02,3.930000000000000000e+02,0.000000000000000000e+00,3.310000000000000000e+02,0.000000000000000000e+00,0.000000000000000000e+00,1.250000000000000000e+02,0.000000000000000000e+00,3.500000000000000000e+02,1.020000000000000000e+02,2.890000000000000000e+02,1.350000000000000000e+02,1.180000000000000000e+02,0.000000000000000000e+00,3.830000000000000000e+02,1.240000000000000000e+02,3.610000000000000000e+02,1.210000000000000000e+02,3.700000000000000000e+02,1.210000000000000000e+02,3.320000000000000000e+02,3.360000000000000000e+02,3.670000000000000000e+02,3.420000000000000000e+02,0.000000000000000000e+00,2.950000000000000000e+02,1.410000000000000000e+02,1.550000000000000000e+02,3.380000000000000000e+02,1.800000000000000000e+02,0.000000000000000000e+00,0.000000000000000000e+00,3.790000000000000000e+02,1.300000000000000000e+02,1.320000000000000000e+02,4.070000000000000000e+02,1.560000000000000000e+02,3.110000000000000000e+02,3.910000000000000000e+02,1.550000000000000000e+02,0.000000000000000000e+00,0.000000000000000000e+00,3.340000000000000000e+02,1.310000000000000000e+02,1.520000000000000000e+02,3.420000000000000000e+02,3.610000000000000000e+02,3.690000000000000000e+02,3.900000000000000000e+02,1.500000000000000000e+02,0.000000000000000000e+00,3.640000000000000000e+02,3.330000000000000000e+02,3.450000000000000000e+02,3.640000000000000000e+02,0.000000000000000000e+00,0.000000000000000000e+00,3.760000000000000000e+02,1.070000000000000000e+02,3.730000000000000000e+02,1.050000000000000000e+02,1.080000000000000000e+02,0.000000000000000000e+00,0.000000000000000000e+00,1.360000000000000000e+02,1.200000000000000000e+02,3.550000000000000000e+02,3.940000000000000000e+02,4.280000000000000000e+02,0.000000000000000000e+00,1.700000000000000000e+02
1.478000000000000000e+03,1.722000000000000000e+03,8.240000000000000000e+02,4.450000000000000000e+02,5.100000000000000000e+02,2.170000000000000000e+02,8.000000000000000000e+00,9.600000000000000000e+01,1.031000000000000000e+03,0.000000000000000000e+00,5.950000000000000000e+02,4.840000000000000000e+02,2.530000000000000000e+02,1.692000000000000000e+03,2.570000000000000000e+02,4.900000000000000000e+01,6.000000000000000000e+01,6.720000000000000000e+02,4.700000000000000000e+02,8.000000000000000000e+00,1.950000000000000000e+02,2.830000000000000000e+02,7.250000000000000000e+02,2.321000000000000000e+03,5.000000000000000000e+00,9.170000000000000000e+02,5.180000000000000000e+02,4.640000000000000000e+02,2.055000000000000000e+03,2.436000000000000000e+03,5.660000000000000000e+02,3.680000000000000000e+02,1.620000000000000000e+02,1.184000000000000000e+03,7.000000000000000000e+00,1.140000000000000000e+03,3.000000000000000000e+00,4.070000000000000000e+02,2.820000000000000000e+02,2.943000000000000000e+03,1.940000000000000000e+02,7.460000000000000000e+02,3.200000000000000000e+01,1.032000000000000000e+03,1.100000000000000000e+01,1.060000000000000000e+02,1.200000000000000000e+01,6.000000000000000000e+00,8.600000000000000000e+01,3.980000000000000000e+02,5.510000000000000000e+02,7.000000000000000000e+01,5.780000000000000000e+02,6.000000000000000000e+00,1.015000000000000000e+03,1.039000000000000000e+03,9.000000000000000000e+00,1.013000000000000000e+03,7.130000000000000000e+02,3.400000000000000000e+02,1.540000000000000000e+02,2.540000000000000000e+02,3.380000000000000000e+02,7.300000000000000000e+01,3.000000000000000000e+01,2.907000000000000000e+03,5.800000000000000000e+02,3.970000000000000000e+02,1.350000000000000000e+02,7.700000000000000000e+01,4.420000000000000000e+02,6.180000000000000000e+02,8.500000000000000000e+02,6.870000000000000000e+02,4.400000000000000000e+01,4.830000000000000000e+02,7.500000000000000000e+01,1.823000000000000000e+03,1.660000000000000000e+02,1.826000000000000000e+03,5.034000000000000000e+03,1.015000000000000000e+03,9.840000000000000000e+02,2.110000000000000000e+02,5.480000000000000000e+02,1.829000000000000000e+03,3.420000000000000000e+02,6.400000000000000000e+01,1.017000000000000000e+03,2.594000000000000000e+03,7.400000000000000000e+01,1.990000000000000000e+02,2.647000000000000000e+03,4.470000000000000000e+02,1.440000000000000000e+02,2.230000000000000000e+02,6.830000000000000000e+02,2.361000000000000000e+03,7.000000000000000000e+00,1.000000000000000000e+00,7.200000000000000000e+01,1.100000000000000000e+01,0.000000000000000000e+00,1.720000000000000000e+02,1.025000000000000000e+03,5.100000000000000000e+01,3.720000000000000000e+02,2.900000000000000000e+01,2.257000000000000000e+03,1.168000000000000000e+03,2.235000000000000000e+03,1.110000000000000000e+02,1.309000000000000000e+03,2.000000000000000000e+00,2.958000000000000000e+03,4.670000000000000000e+02,2.331000000000000000e+03,9.890000000000000000e+02,1.518000000000000000e+03,2.272000000000000000e+03,1.000000000000000000e+01,5.045000000000000000e+03,5.350000000000000000e+02,2.582000000000000000e+03,2.198000000000000000e+03,5.500000000000000000e+01,1.400000000000000000e+01,2.471000000000000000e+03,1.000000000000000000e+01,7.390000000000000000e+02,7.000000000000000000e+00,9.900000000000000000e+01,1.410000000000000000e+02,1.700000000000000000e+01,3.800000000000000000e+01,3.300000000000000000e+01,1.594000000000000000e+03,1.050000000000000000e+02,1.225000000000000000e+03,4.390000000000000000e+02,4.360000000000000000e+02,1.403000000000000000e+03,5.290000000000000000e+02,1.116000000000000000e+03,1.000000000000000000e+01,3.900000000000000000e+01,3.400000000000000000e+01,1.667000000000000000e+03,5.200000000000000000e+01,9.810000000000000000e+02,1.864000000000000000e+03,1.160000000000000000e+02,5.360000000000000000e+02,5.166000000000000000e+03,1.500000000000000000e+01,2.000000000000000000e+01,2.586000000000000000e+03,3.000000000000000000e+00,2.140000000000000000e+02,5.050000000000000000e+02,1.688000000000000000e+03,9.140000000000000000e+02,2.640000000000000000e+02,1.767000000000000000e+03,1.630000000000000000e+02,8.000000000000000000e+00,1.541000000000000000e+03,5.000000000000000000e+00,1.500000000000000000e+01,3.140000000000000000e+02,1.000000000000000000e+00,7.700000000000000000e+01,5.300000000000000000e+01,4.951000000000000000e+03,2.160000000000000000e+03,3.700000000000000000e+02,8.000000000000000000e+00,5.260000000000000000e+02,4.340000000000000000e+02,5.600000000000000000e+01,1.880000000000000000e+02,9.800000000000000000e+01,3.040000000000000000e+02,7.490000000000000000e+02,3.390000000000000000e+02,1.259000000000000000e+03,2.700000000000000000e+01,0.000000000000000000e+00,2.624000000000000000e+03,9.630000000000000000e+02,1.850000000000000000e+02,2.510000000000000000e+02,2.915000000000000000e+03,5.000000000000000000e+00,4.520000000000000000e+02,2.206000000000000000e+03,1.700000000000000000e+01,7.020000000000000000e+02,1.400000000000000000e+01,3.000000000000000000e+00,6.540000000000000000e+02,2.500000000000000000e+02,1.460000000000000000e+03,7.000000000000000000e+01,1.870000000000000000e+02,1.140000000000000000e+02,8.400000000000000000e+01,0.000000000000000000e+00,7.270000000000000000e+02,1.390000000000000000e+02,5.450000000000000000e+02,2.850000000000000000e+02,2.370000000000000000e+02,1.220000000000000000e+02,3.008000000000000000e+03,9.520000000000000000e+02,2.781000000000000000e+03,4.890000000000000000e+02,8.000000000000000000e+00,2.030000000000000000e+02,9.360000000000000000e+02,1.083000000000000000e+03,2.680000000000000000e+02,1.135000000000000000e+03,2.400000000000000000e+02,2.160000000000000000e+02,1.395000000000000000e+03,1.310000000000000000e+02,9.800000000000000000e+01,5.028000000000000000e+03,1.220000000000000000e+02,3.180000000000000000e+02,2.073000000000000000e+03,8.860000000000000000e+02,2.000000000000000000e+00,4.000000000000000000e+00,8.850000000000000000e+02,4.560000000000000000e+02,1.031000000000000000e+03,9.790000000000000000e+02,2.684000000000000000e+03,1.903000000000000000e+03,1.443000000000000000e+03,1.030000000000000000e+03,3.200000000000000000e+01,2.572000000000000000e+03,2.214000000000000000e+03,1.182000000000000000e+03,2.069000000000000000e+03,4.000000000000000000e+00,6.000000000000000000e+00,1.544000000000000000e+03,4.800000000000000000e+01,1.675000000000000000e+03,1.600000000000000000e+01,6.000000000000000000e+00,3.000000000000000000e+00,0.000000000000000000e+00,7.800000000000000000e+01,3.300000000000000000e+01,2.800000000000000000e+03,2.509000000000000000e+03,2.876000000000000000e+03,8.000000000000000000e+00,9.920000000000000000e+02
7.560000000000000000e+02,7.950000000000000000e+02,1.930000000000000000e+02,1.390000000000000000e+02,2.050000000000000000e+02,1.390000000000000000e+02,3.000000000000000000e+01,8.700000000000000000e+01,1.920000000000000000e+02,6.000000000000000000e+00,1.440000000000000000e+02,1.550000000000000000e+02,3.800000000000000000e+02,8.290000000000000000e+02,7.300000000000000000e+01,2.200000000000000000e+01,1.130000000000000000e+02,5.840000000000000000e+02,5.670000000000000000e+02,4.000000000000000000e+00,1.590000000000000000e+02,1.460000000000000000e+02,7.020000000000000000e+02,8.500000000000000000e+02,3.000000000000000000e+00,1.910000000000000000e+02,1.530000000000000000e+02,6.570000000000000000e+02,8.080000000000000000e+02,8.980000000000000000e+02,5.750000000000000000e+02,5.520000000000000000e+02,1.030000000000000000e+02,6.950000000000000000e+02,7.000000000000000000e+00,3.520000000000000000e+02,1.800000000000000000e+01,6.250000000000000000e+02,1.760000000000000000e+02,8.860000000000000000e+02,5.800000000000000000e+01,7.700000000000000000e+02,5.400000000000000000e+01,7.750000000000000000e+02,2.200000000000000000e+01,1.070000000000000000e+02,4.000000000000000000e+00,2.600000000000000000e+01,8.100000000000000000e+01,1.310000000000000000e+02,1.360000000000000000e+02,1.200000000000000000e+02,2.130000000000000000e+02,1.800000000000000000e+01,7.180000000000000000e+02,7.050000000000000000e+02,1.200000000000000000e+01,6.910000000000000000e+02,2.470000000000000000e+02,1.470000000000000000e+02,1.040000000000000000e+02,1.640000000000000000e+02,2.100000000000000000e+02,4.140000000000000000e+02,8.700000000000000000e+01,7.980000000000000000e+02,6.230000000000000000e+02,4.810000000000000000e+02,1.810000000000000000e+02,9.000000000000000000e+01,7.090000000000000000e+02,1.880000000000000000e+02,6.400000000000000000e+02,5.820000000000000000e+02,5.700000000000000000e+01,7.410000000000000000e+02,7.800000000000000000e+01,8.670000000000000000e+02,1.920000000000000000e+02,8.780000000000000000e+02,9.860000000000000000e+02,3.360000000000000000e+02,3.470000000000000000e+02,1.480000000000000000e+02,1.540000000000000000e+02,7.440000000000000000e+02,5.170000000000000000e+02,1.130000000000000000e+02,6.360000000000000000e+02,8.200000000000000000e+02,1.190000000000000000e+02,1.890000000000000000e+02,9.000000000000000000e+02,6.830000000000000000e+02,1.400000000000000000e+02,1.060000000000000000e+02,7.550000000000000000e+02,9.290000000000000000e+02,2.800000000000000000e+01,1.700000000000000000e+01,8.500000000000000000e+01,1.900000000000000000e+01,8.450000000000000000e+02,0.000000000000000000e+00,8.070000000000000000e+02,6.500000000000000000e+01,1.610000000000000000e+02,3.800000000000000000e+01,9.080000000000000000e+02,3.400000000000000000e+02,7.940000000000000000e+02,8.000000000000000000e+01,8.580000000000000000e+02,2.800000000000000000e+01,8.530000000000000000e+02,1.360000000000000000e+02,8.550000000000000000e+02,2.290000000000000000e+02,7.380000000000000000e+02,8.450000000000000000e+02,1.200000000000000000e+01,1.021000000000000000e+03,1.280000000000000000e+02,8.360000000000000000e+02,7.500000000000000000e+02,6.600000000000000000e+01,2.000000000000000000e+00,8.240000000000000000e+02,1.800000000000000000e+01,1.830000000000000000e+02,1.500000000000000000e+01,2.060000000000000000e+02,1.130000000000000000e+02,1.800000000000000000e+01,5.400000000000000000e+01,3.500000000000000000e+01,7.850000000000000000e+02,2.560000000000000000e+02,7.570000000000000000e+02,1.540000000000000000e+02,1.920000000000000000e+02,8.250000000000000000e+02,6.920000000000000000e+02,3.830000000000000000e+02,2.600000000000000000e+01,5.600000000000000000e+01,7.000000000000000000e+01,7.740000000000000000e+02,6.000000000000000000e+01,2.010000000000000000e+02,8.230000000000000000e+02,1.030000000000000000e+02,1.400000000000000000e+02,1.040000000000000000e+03,4.000000000000000000e+01,4.800000000000000000e+01,9.040000000000000000e+02,2.000000000000000000e+00,1.200000000000000000e+02,1.770000000000000000e+02,7.870000000000000000e+02,6.750000000000000000e+02,6.500000000000000000e+01,8.810000000000000000e+02,1.080000000000000000e+02,2.500000000000000000e+01,7.530000000000000000e+02,1.100000000000000000e+01,2.900000000000000000e+01,4.740000000000000000e+02,1.900000000000000000e+01,9.000000000000000000e+01,6.000000000000000000e+01,1.026000000000000000e+03,8.100000000000000000e+02,1.330000000000000000e+02,2.900000000000000000e+01,1.700000000000000000e+02,1.310000000000000000e+02,2.980000000000000000e+02,1.470000000000000000e+02,1.080000000000000000e+02,1.860000000000000000e+02,1.720000000000000000e+02,1.070000000000000000e+02,2.090000000000000000e+02,5.700000000000000000e+01,4.000000000000000000e+00,8.190000000000000000e+02,7.950000000000000000e+02,1.040000000000000000e+02,1.890000000000000000e+02,8.780000000000000000e+02,4.200000000000000000e+01,2.030000000000000000e+02,7.880000000000000000e+02,2.400000000000000000e+01,6.140000000000000000e+02,1.200000000000000000e+01,3.000000000000000000e+00,1.880000000000000000e+02,6.600000000000000000e+01,7.840000000000000000e+02,9.000000000000000000e+01,2.430000000000000000e+02,9.500000000000000000e+01,9.900000000000000000e+01,9.000000000000000000e+00,6.690000000000000000e+02,9.200000000000000000e+01,5.570000000000000000e+02,1.340000000000000000e+02,5.390000000000000000e+02,1.120000000000000000e+02,8.770000000000000000e+02,6.970000000000000000e+02,8.440000000000000000e+02,6.010000000000000000e+02,7.000000000000000000e+00,3.620000000000000000e+02,2.110000000000000000e+02,3.430000000000000000e+02,3.980000000000000000e+02,3.790000000000000000e+02,1.290000000000000000e+02,1.150000000000000000e+02,8.410000000000000000e+02,1.250000000000000000e+02,1.430000000000000000e+02,1.051000000000000000e+03,9.600000000000000000e+01,4.240000000000000000e+02,8.330000000000000000e+02,2.150000000000000000e+02,3.000000000000000000e+00,4.100000000000000000e+01,6.910000000000000000e+02,1.860000000000000000e+02,3.440000000000000000e+02,7.560000000000000000e+02,8.250000000000000000e+02,8.550000000000000000e+02,7.440000000000000000e+02,3.400000000000000000e+02,5.900000000000000000e+01,8.710000000000000000e+02,8.210000000000000000e+02,7.170000000000000000e+02,8.500000000000000000e+02,1.600000000000000000e+01,2.100000000000000000e+01,7.690000000000000000e+02,4.000000000000000000e+01,8.490000000000000000e+02,6.600000000000000000e+01,4.900000000000000000e+01,3.300000000000000000e+01,0.000000000000000000e+00,4.800000000000000000e+01,5.100000000000000000e+01,8.270000000000000000e+02,8.460000000000000000e+02,8.370000000000000000e+02,1.800000000000000000e+01,3.470000000000000000e+02
1.509000000000000000e+03,1.561000000000000000e+03,7.400000000000000000e+02,4.170000000000000000e+02,5.630000000000000000e+02,2.970000000000000000e+02,2.700000000000000000e+01,1.830000000000000000e+02,7.800000000000000000e+02,1.000000000000000000e+00,3.950000000000000000e+02,3.510000000000000000e+02,3.800000000000000000e+02,1.698000000000000000e+03,1.790000000000000000e+02,4.900000000000000000e+01,1.340000000000000000e+02,8.810000000000000000e+02,7.070000000000000000e+02,3.000000000000000000e+00,3.590000000000000000e+02,3.760000000000000000e+02,5.140000000000000000e+02,1.884000000000000000e+03,4.000000000000000000e+00,7.180000000000000000e+02,4.420000000000000000e+02,9.750000000000000000e+02,1.659000000000000000e+03,1.777000000000000000e+03,7.830000000000000000e+02,7.850000000000000000e+02,2.060000000000000000e+02,1.291000000000000000e+03,1.200000000000000000e+01,8.130000000000000000e+02,8.000000000000000000e+00,1.036000000000000000e+03,5.310000000000000000e+02,1.859000000000000000e+03,1.440000000000000000e+02,1.601000000000000000e+03,2.400000000000000000e+01,1.329000000000000000e+03,2.000000000000000000e+01,2.460000000000000000e+02,0.000000000000000000e+00,1.100000000000000000e+01,1.210000000000000000e+02,3.380000000000000000e+02,3.840000000000000000e+02,1.800000000000000000e+02,6.010000000000000000e+02,7.000000000000000000e+00,1.181000000000000000e+03,1.198000000000000000e+03,1.600000000000000000e+01,1.267000000000000000e+03,8.630000000000000000e+02,3.580000000000000000e+02,1.840000000000000000e+02,3.000000000000000000e+02,5.160000000000000000e+02,4.240000000000000000e+02,1.370000000000000000e+02,2.063000000000000000e+03,8.980000000000000000e+02,6.380000000000000000e+02,5.500000000000000000e+01,1.450000000000000000e+02,1.340000000000000000e+03,4.700000000000000000e+02,1.103000000000000000e+03,8.790000000000000000e+02,6.600000000000000000e+01,9.270000000000000000e+02,1.080000000000000000e+02,1.822000000000000000e+03,2.270000000000000000e+02,1.931000000000000000e+03,2.934000000000000000e+03,8.120000000000000000e+02,7.940000000000000000e+02,4.700000000000000000e+02,3.860000000000000000e+02,1.782000000000000000e+03,5.280000000000000000e+02,1.620000000000000000e+02,1.233000000000000000e+03,2.023000000000000000e+03,2.110000000000000000e+02,3.490000000000000000e+02,1.998000000000000000e+03,1.085000000000000000e+03,3.370000000000000000e+02,2.860000000000000000e+02,5.360000000000000000e+02,1.628000000000000000e+03,1.200000000000000000e+01,1.200000000000000000e+01,1.120000000000000000e+02,1.400000000000000000e+01,1.911000000000000000e+03,2.180000000000000000e+02,0.000000000000000000e+00,8.100000000000000000e+01,3.290000000000000000e+02,4.900000000000000000e+01,1.998000000000000000e+03,8.810000000000000000e+02,1.833000000000000000e+03,1.670000000000000000e+02,1.445000000000000000e+03,2.000000000000000000e+01,2.059000000000000000e+03,3.750000000000000000e+02,1.900000000000000000e+03,6.860000000000000000e+02,1.518000000000000000e+03,1.894000000000000000e+03,2.000000000000000000e+01,2.991000000000000000e+03,3.650000000000000000e+02,1.954000000000000000e+03,1.881000000000000000e+03,9.400000000000000000e+01,0.000000000000000000e+00,1.808000000000000000e+03,1.000000000000000000e+01,7.190000000000000000e+02,8.000000000000000000e+00,1.780000000000000000e+02,1.080000000000000000e+02,3.000000000000000000e+00,9.000000000000000000e+01,5.400000000000000000e+01,1.615000000000000000e+03,1.760000000000000000e+02,1.425000000000000000e+03,3.820000000000000000e+02,5.140000000000000000e+02,1.734000000000000000e+03,9.810000000000000000e+02,8.170000000000000000e+02,1.700000000000000000e+01,6.400000000000000000e+01,4.500000000000000000e+01,1.572000000000000000e+03,1.050000000000000000e+02,7.820000000000000000e+02,1.733000000000000000e+03,2.080000000000000000e+02,3.680000000000000000e+02,2.963000000000000000e+03,2.400000000000000000e+01,4.200000000000000000e+01,2.078000000000000000e+03,9.000000000000000000e+00,2.780000000000000000e+02,6.230000000000000000e+02,1.921000000000000000e+03,1.151000000000000000e+03,1.770000000000000000e+02,1.636000000000000000e+03,2.350000000000000000e+02,3.100000000000000000e+01,1.671000000000000000e+03,1.200000000000000000e+01,1.200000000000000000e+01,4.780000000000000000e+02,1.300000000000000000e+01,9.100000000000000000e+01,9.300000000000000000e+01,2.982000000000000000e+03,1.942000000000000000e+03,4.430000000000000000e+02,2.200000000000000000e+01,6.070000000000000000e+02,4.140000000000000000e+02,2.860000000000000000e+02,2.320000000000000000e+02,1.930000000000000000e+02,5.840000000000000000e+02,7.860000000000000000e+02,3.530000000000000000e+02,8.370000000000000000e+02,6.100000000000000000e+01,3.000000000000000000e+00,1.961000000000000000e+03,1.550000000000000000e+03,2.280000000000000000e+02,4.760000000000000000e+02,2.177000000000000000e+03,3.000000000000000000e+01,6.380000000000000000e+02,1.914000000000000000e+03,2.500000000000000000e+01,9.260000000000000000e+02,8.000000000000000000e+00,4.000000000000000000e+00,6.440000000000000000e+02,1.660000000000000000e+02,1.462000000000000000e+03,1.110000000000000000e+02,5.500000000000000000e+01,5.800000000000000000e+01,1.520000000000000000e+02,1.000000000000000000e+00,1.037000000000000000e+03,2.230000000000000000e+02,7.410000000000000000e+02,3.970000000000000000e+02,5.000000000000000000e+02,1.850000000000000000e+02,1.874000000000000000e+03,1.199000000000000000e+03,1.993000000000000000e+03,4.250000000000000000e+02,1.000000000000000000e+00,3.200000000000000000e+02,7.840000000000000000e+02,9.390000000000000000e+02,4.100000000000000000e+02,8.450000000000000000e+02,2.900000000000000000e+02,2.340000000000000000e+02,1.645000000000000000e+03,2.120000000000000000e+02,1.750000000000000000e+02,2.941000000000000000e+03,1.920000000000000000e+02,5.650000000000000000e+02,1.970000000000000000e+03,8.980000000000000000e+02,7.000000000000000000e+00,3.900000000000000000e+01,1.361000000000000000e+03,6.660000000000000000e+02,8.750000000000000000e+02,1.532000000000000000e+03,1.910000000000000000e+03,1.753000000000000000e+03,1.566000000000000000e+03,8.170000000000000000e+02,6.700000000000000000e+01,1.844000000000000000e+03,1.846000000000000000e+03,1.308000000000000000e+03,1.850000000000000000e+03,1.400000000000000000e+01,1.800000000000000000e+01,1.629000000000000000e+03,6.200000000000000000e+01,1.303000000000000000e+03,1.140000000000000000e+02,6.000000000000000000e+01,1.300000000000000000e+01,7.000000000000000000e+00,3.500000000000000000e+01,3.000000000000000000e+01,2.056000000000000000e+03,1.905000000000000000e+03,2.086000000000000000e+03,1.500000000000000000e+01,8.010000000000000000e+02
1.045000000000000000e+03,1.052000000000000000e+03,2.610000000000000000e+02,2.110000000000000000e+02,2.630000000000000000e+02,2.800000000000000000e+02,7.000000000000000000e+01,2.180000000000000000e+02,2.640000000000000000e+02,0.000000000000000000e+00,1.630000000000000000e+02,1.790000000000000000e+02,9.900000000000000000e+02,1.048000000000000000e+03,6.400000000000000000e+01,4.600000000000000000e+01,2.050000000000000000e+02,9.760000000000000000e+02,8.210000000000000000e+02,3.800000000000000000e+01,2.240000000000000000e+02,2.280000000000000000e+02,1.001000000000000000e+03,9.990000000000000000e+02,1.900000000000000000e+01,2.630000000000000000e+02,2.300000000000000000e+02,1.033000000000000000e+03,1.032000000000000000e+03,1.034000000000000000e+03,1.064000000000000000e+03,9.430000000000000000e+02,1.480000000000000000e+02,9.890000000000000000e+02,1.600000000000000000e+01,4.470000000000000000e+02,2.400000000000000000e+01,9.000000000000000000e+02,2.680000000000000000e+02,1.021000000000000000e+03,8.200000000000000000e+01,1.019000000000000000e+03,1.260000000000000000e+02,1.047000000000000000e+03,6.700000000000000000e+01,2.120000000000000000e+02,3.200000000000000000e+01,1.700000000000000000e+01,1.950000000000000000e+02,1.590000000000000000e+02,1.970000000000000000e+02,2.190000000000000000e+02,2.640000000000000000e+02,5.800000000000000000e+01,9.450000000000000000e+02,9.700000000000000000e+02,3.000000000000000000e+01,1.028000000000000000e+03,2.900000000000000000e+02,2.080000000000000000e+02,1.720000000000000000e+02,2.350000000000000000e+02,2.410000000000000000e+02,8.320000000000000000e+02,1.750000000000000000e+02,1.004000000000000000e+03,1.016000000000000000e+03,8.650000000000000000e+02,5.240000000000000000e+02,1.540000000000000000e+02,9.600000000000000000e+02,2.100000000000000000e+02,9.720000000000000000e+02,8.950000000000000000e+02,1.420000000000000000e+02,1.082000000000000000e+03,1.830000000000000000e+02,1.182000000000000000e+03,2.120000000000000000e+02,1.034000000000000000e+03,1.239000000000000000e+03,4.570000000000000000e+02,4.140000000000000000e+02,2.530000000000000000e+02,1.630000000000000000e+02,1.065000000000000000e+03,1.034000000000000000e+03,2.120000000000000000e+02,9.320000000000000000e+02,1.078000000000000000e+03,2.180000000000000000e+02,2.340000000000000000e+02,1.097000000000000000e+03,1.006000000000000000e+03,1.960000000000000000e+02,1.600000000000000000e+02,9.160000000000000000e+02,1.035000000000000000e+03,5.500000000000000000e+01,3.700000000000000000e+01,1.750000000000000000e+02,4.500000000000000000e+01,1.023000000000000000e+03,2.210000000000000000e+02,9.670000000000000000e+02,0.000000000000000000e+00,2.390000000000000000e+02,4.500000000000000000e+01,1.066000000000000000e+03,4.490000000000000000e+02,1.047000000000000000e+03,2.070000000000000000e+02,1.020000000000000000e+03,5.000000000000000000e+01,1.036000000000000000e+03,1.520000000000000000e+02,1.100000000000000000e+03,2.650000000000000000e+02,1.075000000000000000e+03,1.059000000000000000e+03,2.100000000000000000e+01,1.210000000000000000e+03,1.660000000000000000e+02,1.085000000000000000e+03,1.116000000000000000e+03,2.210000000000000000e+02,2.900000000000000000e+01,1.072000000000000000e+03,2.400000000000000000e+01,2.680000000000000000e+02,6.000000000000000000e+00,4.350000000000000000e+02,1.920000000000000000e+02,6.600000000000000000e+01,1.100000000000000000e+02,4.800000000000000000e+01,1.068000000000000000e+03,5.830000000000000000e+02,9.950000000000000000e+02,1.530000000000000000e+02,3.040000000000000000e+02,1.110000000000000000e+03,1.040000000000000000e+03,4.430000000000000000e+02,3.200000000000000000e+01,1.350000000000000000e+02,1.570000000000000000e+02,1.094000000000000000e+03,2.280000000000000000e+02,2.450000000000000000e+02,1.000000000000000000e+03,2.130000000000000000e+02,2.050000000000000000e+02,1.247000000000000000e+03,6.700000000000000000e+01,9.300000000000000000e+01,1.036000000000000000e+03,1.800000000000000000e+01,2.210000000000000000e+02,2.640000000000000000e+02,1.067000000000000000e+03,9.540000000000000000e+02,8.200000000000000000e+01,1.032000000000000000e+03,1.480000000000000000e+02,6.600000000000000000e+01,1.072000000000000000e+03,2.000000000000000000e+01,4.700000000000000000e+01,1.013000000000000000e+03,3.400000000000000000e+01,1.210000000000000000e+02,1.400000000000000000e+02,1.305000000000000000e+03,9.500000000000000000e+02,2.290000000000000000e+02,6.200000000000000000e+01,2.510000000000000000e+02,2.090000000000000000e+02,6.750000000000000000e+02,2.170000000000000000e+02,2.190000000000000000e+02,2.720000000000000000e+02,2.450000000000000000e+02,1.890000000000000000e+02,2.480000000000000000e+02,1.790000000000000000e+02,0.000000000000000000e+00,1.039000000000000000e+03,1.004000000000000000e+03,2.510000000000000000e+02,2.630000000000000000e+02,1.065000000000000000e+03,7.400000000000000000e+01,2.460000000000000000e+02,1.036000000000000000e+03,6.000000000000000000e+01,9.590000000000000000e+02,6.300000000000000000e+01,2.000000000000000000e+01,2.770000000000000000e+02,7.700000000000000000e+01,9.940000000000000000e+02,2.620000000000000000e+02,6.850000000000000000e+02,1.650000000000000000e+02,2.040000000000000000e+02,1.300000000000000000e+01,9.340000000000000000e+02,2.000000000000000000e+02,8.970000000000000000e+02,2.260000000000000000e+02,9.140000000000000000e+02,2.110000000000000000e+02,1.086000000000000000e+03,9.630000000000000000e+02,1.072000000000000000e+03,8.800000000000000000e+02,2.900000000000000000e+01,9.780000000000000000e+02,2.660000000000000000e+02,4.360000000000000000e+02,8.160000000000000000e+02,4.050000000000000000e+02,1.940000000000000000e+02,1.180000000000000000e+02,1.052000000000000000e+03,2.170000000000000000e+02,2.110000000000000000e+02,1.266000000000000000e+03,1.770000000000000000e+02,9.700000000000000000e+02,9.730000000000000000e+02,3.100000000000000000e+02,8.000000000000000000e+00,9.300000000000000000e+01,1.045000000000000000e+03,2.540000000000000000e+02,4.400000000000000000e+02,1.026000000000000000e+03,1.032000000000000000e+03,1.062000000000000000e+03,9.690000000000000000e+02,4.690000000000000000e+02,1.030000000000000000e+02,1.078000000000000000e+03,1.051000000000000000e+03,9.770000000000000000e+02,9.930000000000000000e+02,2.700000000000000000e+01,3.800000000000000000e+01,9.580000000000000000e+02,7.900000000000000000e+01,9.930000000000000000e+02,1.760000000000000000e+02,1.110000000000000000e+02,6.000000000000000000e+01,6.000000000000000000e+00,1.940000000000000000e+02,1.230000000000000000e+02,1.053000000000000000e+03,1.037000000000000000e+03,1.025000000000000000e+03,3.500000000000000000e+01,4.400000000000000000e+02
8.480000000000000000e+02,9.590000000000000000e+02,2.640000000000000000e+02,1.760000000000000000e+02,2.160000000000000000e+02,1.430000000000000000e+02,2.900000000000000000e+01,1.090000000000000000e+02,3.230000000000000000e+02,1.000000000000000000e+00,1.880000000000000000e+02,1.930000000000000000e+02,4.390000000000000000e+02,8.560000000000000000e+02,9.500000000000000000e+01,3.600000000000000000e+01,1.040000000000000000e+02,6.140000000000000000e+02,5.680000000000000000e+02,5.000000000000000000e+00,1.810000000000000000e+02,1.340000000000000000e+02,6.960000000000000000e+02,9.900000000000000000e+02,9.000000000000000000e+00,2.390000000000000000e+02,1.850000000000000000e+02,7.310000000000000000e+02,9.580000000000000000e+02,1.070000000000000000e+03,6.290000000000000000e+02,6.250000000000000000e+02,1.230000000000000000e+02,7.510000000000000000e+02,8.000000000000000000e+00,3.880000000000000000e+02,1.200000000000000000e+01,6.410000000000000000e+02,1.720000000000000000e+02,1.164000000000000000e+03,7.200000000000000000e+01,8.960000000000000000e+02,4.800000000000000000e+01,8.410000000000000000e+02,2.500000000000000000e+01,1.410000000000000000e+02,6.000000000000000000e+00,1.300000000000000000e+01,9.000000000000000000e+01,1.380000000000000000e+02,1.910000000000000000e+02,1.200000000000000000e+02,2.060000000000000000e+02,1.800000000000000000e+01,7.160000000000000000e+02,7.540000000000000000e+02,1.600000000000000000e+01,7.790000000000000000e+02,2.450000000000000000e+02,1.580000000000000000e+02,1.380000000000000000e+02,1.740000000000000000e+02,1.800000000000000000e+02,4.620000000000000000e+02,7.600000000000000000e+01,1.042000000000000000e+03,6.900000000000000000e+02,4.910000000000000000e+02,2.430000000000000000e+02,1.070000000000000000e+02,7.700000000000000000e+02,2.030000000000000000e+02,6.430000000000000000e+02,6.150000000000000000e+02,6.900000000000000000e+01,6.160000000000000000e+02,9.000000000000000000e+01,9.890000000000000000e+02,1.570000000000000000e+02,1.018000000000000000e+03,1.454000000000000000e+03,3.640000000000000000e+02,4.440000000000000000e+02,1.820000000000000000e+02,1.820000000000000000e+02,8.760000000000000000e+02,5.220000000000000000e+02,9.400000000000000000e+01,7.260000000000000000e+02,9.960000000000000000e+02,1.370000000000000000e+02,1.450000000000000000e+02,9.860000000000000000e+02,6.960000000000000000e+02,1.690000000000000000e+02,1.530000000000000000e+02,7.350000000000000000e+02,1.140000000000000000e+03,2.900000000000000000e+01,2.100000000000000000e+01,8.000000000000000000e+01,1.700000000000000000e+01,9.540000000000000000e+02,1.160000000000000000e+02,8.540000000000000000e+02,7.100000000000000000e+01,0.000000000000000000e+00,4.000000000000000000e+01,1.011000000000000000e+03,4.490000000000000000e+02,9.700000000000000000e+02,9.700000000000000000e+01,9.270000000000000000e+02,2.400000000000000000e+01,1.059000000000000000e+03,1.970000000000000000e+02,1.004000000000000000e+03,2.880000000000000000e+02,9.460000000000000000e+02,9.770000000000000000e+02,1.900000000000000000e+01,1.444000000000000000e+03,2.090000000000000000e+02,1.024000000000000000e+03,1.098000000000000000e+03,7.700000000000000000e+01,6.000000000000000000e+00,1.050000000000000000e+03,7.000000000000000000e+00,2.430000000000000000e+02,4.000000000000000000e+00,2.300000000000000000e+02,1.250000000000000000e+02,3.600000000000000000e+01,7.300000000000000000e+01,2.600000000000000000e+01,9.100000000000000000e+02,2.460000000000000000e+02,8.060000000000000000e+02,1.750000000000000000e+02,2.010000000000000000e+02,9.560000000000000000e+02,6.790000000000000000e+02,3.890000000000000000e+02,1.300000000000000000e+01,8.100000000000000000e+01,8.500000000000000000e+01,9.540000000000000000e+02,1.010000000000000000e+02,2.780000000000000000e+02,8.830000000000000000e+02,9.800000000000000000e+01,1.610000000000000000e+02,1.431000000000000000e+03,2.300000000000000000e+01,4.300000000000000000e+01,1.065000000000000000e+03,1.100000000000000000e+01,1.410000000000000000e+02,2.150000000000000000e+02,8.870000000000000000e+02,7.400000000000000000e+02,7.600000000000000000e+01,9.620000000000000000e+02,1.340000000000000000e+02,2.500000000000000000e+01,9.140000000000000000e+02,6.000000000000000000e+00,1.900000000000000000e+01,4.870000000000000000e+02,1.700000000000000000e+01,1.010000000000000000e+02,6.300000000000000000e+01,1.429000000000000000e+03,9.910000000000000000e+02,1.390000000000000000e+02,2.400000000000000000e+01,1.850000000000000000e+02,1.700000000000000000e+02,3.290000000000000000e+02,1.350000000000000000e+02,1.140000000000000000e+02,2.250000000000000000e+02,2.390000000000000000e+02,1.180000000000000000e+02,2.880000000000000000e+02,4.700000000000000000e+01,0.000000000000000000e+00,1.053000000000000000e+03,9.020000000000000000e+02,1.260000000000000000e+02,1.820000000000000000e+02,1.080000000000000000e+03,3.300000000000000000e+01,2.230000000000000000e+02,9.990000000000000000e+02,3.300000000000000000e+01,5.810000000000000000e+02,1.500000000000000000e+01,8.000000000000000000e+00,2.250000000000000000e+02,8.500000000000000000e+01,8.720000000000000000e+02,7.300000000000000000e+01,3.110000000000000000e+02,1.150000000000000000e+02,9.500000000000000000e+01,6.000000000000000000e+00,6.500000000000000000e+02,1.430000000000000000e+02,5.540000000000000000e+02,1.500000000000000000e+02,5.160000000000000000e+02,1.050000000000000000e+02,1.160000000000000000e+03,6.800000000000000000e+02,1.061000000000000000e+03,5.970000000000000000e+02,1.200000000000000000e+01,3.820000000000000000e+02,2.300000000000000000e+02,4.880000000000000000e+02,4.160000000000000000e+02,4.250000000000000000e+02,1.600000000000000000e+02,1.380000000000000000e+02,9.270000000000000000e+02,9.800000000000000000e+01,1.420000000000000000e+02,1.367000000000000000e+03,1.120000000000000000e+02,5.470000000000000000e+02,9.990000000000000000e+02,2.880000000000000000e+02,8.000000000000000000e+00,5.800000000000000000e+01,7.730000000000000000e+02,2.410000000000000000e+02,4.190000000000000000e+02,8.090000000000000000e+02,1.035000000000000000e+03,9.770000000000000000e+02,8.750000000000000000e+02,4.020000000000000000e+02,7.100000000000000000e+01,1.062000000000000000e+03,1.045000000000000000e+03,7.950000000000000000e+02,8.870000000000000000e+02,1.700000000000000000e+01,1.400000000000000000e+01,7.980000000000000000e+02,5.700000000000000000e+01,9.340000000000000000e+02,6.600000000000000000e+01,4.800000000000000000e+01,2.500000000000000000e+01,4.000000000000000000e+00,9.000000000000000000e+01,5.300000000000000000e+01,1.074000000000000000e+03,9.970000000000000000e+02,1.093000000000000000e+03,1.500000000000000000e+01,4.080000000000000000e+02
8.540000000000000000e+02,8.720000000000000000e+02,2.090000000000000000e+02,2.290000000000000000e+02,2.020000000000000000e+02,2.130000000000000000e+02,1.290000000000000000e+02,2.270000000000000000e+02,2.190000000000000000e+02,2.000000000000000000e+00,1.250000000000000000e+02,1.340000000000000000e+02,7.810000000000000000e+02,8.220000000000000000e+02,5.800000000000000000e+01,3.800000000000000000e+01,1.940000000000000000e+02,7.840000000000000000e+02,7.570000000000000000e+02,4.900000000000000000e+01,1.940000000000000000e+02,1.810000000000000000e+02,8.130000000000000000e+02,8.390000000000000000e+02,2.800000000000000000e+01,2.230000000000000000e+02,2.110000000000000000e+02,8.160000000000000000e+02,8.560000000000000000e+02,8.940000000000000000e+02,8.690000000000000000e+02,7.510000000000000000e+02,1.020000000000000000e+02,8.420000000000000000e+02,2.400000000000000000e+01,3.630000000000000000e+02,4.400000000000000000e+01,8.250000000000000000e+02,2.230000000000000000e+02,8.660000000000000000e+02,6.400000000000000000e+01,8.870000000000000000e+02,1.170000000000000000e+02,8.410000000000000000e+02,9.600000000000000000e+01,1.700000000000000000e+02,3.300000000000000000e+01,3.900000000000000000e+01,1.860000000000000000e+02,1.380000000000000000e+02,1.240000000000000000e+02,1.760000000000000000e+02,2.140000000000000000e+02,7.500000000000000000e+01,7.780000000000000000e+02,8.590000000000000000e+02,4.900000000000000000e+01,7.900000000000000000e+02,2.530000000000000000e+02,1.890000000000000000e+02,1.350000000000000000e+02,2.210000000000000000e+02,1.990000000000000000e+02,7.340000000000000000e+02,1.730000000000000000e+02,8.680000000000000000e+02,8.640000000000000000e+02,7.510000000000000000e+02,6.730000000000000000e+02,1.330000000000000000e+02,8.100000000000000000e+02,2.050000000000000000e+02,8.080000000000000000e+02,7.730000000000000000e+02,1.710000000000000000e+02,8.660000000000000000e+02,1.920000000000000000e+02,9.120000000000000000e+02,2.070000000000000000e+02,8.400000000000000000e+02,1.002000000000000000e+03,3.860000000000000000e+02,3.490000000000000000e+02,2.010000000000000000e+02,1.150000000000000000e+02,8.360000000000000000e+02,8.790000000000000000e+02,1.760000000000000000e+02,7.980000000000000000e+02,8.580000000000000000e+02,1.560000000000000000e+02,1.870000000000000000e+02,7.930000000000000000e+02,8.190000000000000000e+02,2.000000000000000000e+02,1.040000000000000000e+02,8.340000000000000000e+02,8.640000000000000000e+02,7.100000000000000000e+01,5.100000000000000000e+01,1.700000000000000000e+02,7.300000000000000000e+01,8.630000000000000000e+02,2.020000000000000000e+02,8.300000000000000000e+02,2.010000000000000000e+02,1.820000000000000000e+02,0.000000000000000000e+00,8.630000000000000000e+02,3.500000000000000000e+02,7.870000000000000000e+02,1.500000000000000000e+02,8.800000000000000000e+02,6.200000000000000000e+01,8.920000000000000000e+02,1.300000000000000000e+02,8.670000000000000000e+02,2.450000000000000000e+02,9.170000000000000000e+02,8.180000000000000000e+02,4.800000000000000000e+01,1.052000000000000000e+03,1.150000000000000000e+02,8.370000000000000000e+02,8.480000000000000000e+02,2.150000000000000000e+02,2.300000000000000000e+01,8.990000000000000000e+02,5.000000000000000000e+01,2.220000000000000000e+02,1.600000000000000000e+01,5.590000000000000000e+02,1.840000000000000000e+02,1.040000000000000000e+02,1.160000000000000000e+02,4.800000000000000000e+01,8.770000000000000000e+02,8.200000000000000000e+02,8.400000000000000000e+02,1.590000000000000000e+02,2.320000000000000000e+02,8.690000000000000000e+02,8.150000000000000000e+02,3.310000000000000000e+02,5.900000000000000000e+01,1.140000000000000000e+02,1.460000000000000000e+02,8.520000000000000000e+02,2.120000000000000000e+02,2.360000000000000000e+02,8.810000000000000000e+02,1.770000000000000000e+02,1.250000000000000000e+02,1.015000000000000000e+03,8.100000000000000000e+01,9.300000000000000000e+01,8.370000000000000000e+02,1.100000000000000000e+01,1.930000000000000000e+02,2.440000000000000000e+02,9.240000000000000000e+02,7.990000000000000000e+02,7.800000000000000000e+01,8.440000000000000000e+02,1.520000000000000000e+02,8.300000000000000000e+01,8.290000000000000000e+02,2.600000000000000000e+01,6.500000000000000000e+01,8.350000000000000000e+02,4.700000000000000000e+01,1.110000000000000000e+02,1.680000000000000000e+02,1.009000000000000000e+03,9.090000000000000000e+02,1.940000000000000000e+02,7.800000000000000000e+01,2.190000000000000000e+02,2.140000000000000000e+02,6.520000000000000000e+02,2.000000000000000000e+02,1.950000000000000000e+02,2.440000000000000000e+02,2.310000000000000000e+02,1.980000000000000000e+02,2.200000000000000000e+02,1.280000000000000000e+02,1.000000000000000000e+00,8.630000000000000000e+02,7.870000000000000000e+02,1.920000000000000000e+02,2.170000000000000000e+02,8.360000000000000000e+02,1.150000000000000000e+02,2.310000000000000000e+02,8.090000000000000000e+02,1.000000000000000000e+02,8.020000000000000000e+02,7.200000000000000000e+01,2.900000000000000000e+01,2.360000000000000000e+02,5.200000000000000000e+01,8.230000000000000000e+02,2.220000000000000000e+02,6.770000000000000000e+02,1.980000000000000000e+02,1.710000000000000000e+02,2.600000000000000000e+01,7.740000000000000000e+02,1.820000000000000000e+02,7.860000000000000000e+02,1.810000000000000000e+02,7.990000000000000000e+02,1.900000000000000000e+02,9.300000000000000000e+02,8.490000000000000000e+02,8.160000000000000000e+02,7.610000000000000000e+02,5.000000000000000000e+01,8.600000000000000000e+02,1.940000000000000000e+02,3.410000000000000000e+02,7.230000000000000000e+02,3.270000000000000000e+02,1.260000000000000000e+02,1.430000000000000000e+02,8.140000000000000000e+02,1.860000000000000000e+02,1.940000000000000000e+02,9.370000000000000000e+02,2.020000000000000000e+02,8.110000000000000000e+02,8.010000000000000000e+02,2.430000000000000000e+02,7.000000000000000000e+00,1.010000000000000000e+02,7.580000000000000000e+02,1.930000000000000000e+02,3.690000000000000000e+02,8.650000000000000000e+02,8.760000000000000000e+02,8.310000000000000000e+02,8.110000000000000000e+02,3.840000000000000000e+02,1.070000000000000000e+02,8.550000000000000000e+02,8.400000000000000000e+02,8.360000000000000000e+02,8.380000000000000000e+02,2.100000000000000000e+01,5.800000000000000000e+01,8.590000000000000000e+02,1.770000000000000000e+02,8.620000000000000000e+02,1.660000000000000000e+02,1.180000000000000000e+02,8.000000000000000000e+01,1.500000000000000000e+01,1.770000000000000000e+02,1.810000000000000000e+02,8.950000000000000000e+02,8.670000000000000000e+02,8.810000000000000000e+02,3.900000000000000000e+01,3.610000000000000000e+02
1.136000000000000000e+03,1.341000000000000000e+03,6.580000000000000000e+02,2.880000000000000000e+02,3.910000000000000000e+02,1.420000000000000000e+02,6.000000000000000000e+00,5.400000000000000000e+01,8.090000000000000000e+02,1.000000000000000000e+00,5.010000000000000000e+02,3.950000000000000000e+02,1.360000000000000000e+02,1.246000000000000000e+03,2.290000000000000000e+02,2.500000000000000000e+01,2.100000000000000000e+01,4.480000000000000000e+02,2.940000000000000000e+02,5.000000000000000000e+00,1.180000000000000000e+02,1.610000000000000000e+02,5.320000000000000000e+02,1.848000000000000000e+03,2.000000000000000000e+00,6.740000000000000000e+02,3.890000000000000000e+02,2.480000000000000000e+02,1.528000000000000000e+03,1.897000000000000000e+03,3.340000000000000000e+02,1.600000000000000000e+02,1.220000000000000000e+02,7.240000000000000000e+02,1.000000000000000000e+01,8.630000000000000000e+02,2.000000000000000000e+00,2.740000000000000000e+02,2.110000000000000000e+02,2.191000000000000000e+03,1.460000000000000000e+02,4.740000000000000000e+02,2.800000000000000000e+01,8.000000000000000000e+02,1.100000000000000000e+01,5.700000000000000000e+01,1.000000000000000000e+00,1.000000000000000000e+00,5.900000000000000000e+01,2.680000000000000000e+02,4.230000000000000000e+02,4.100000000000000000e+01,4.130000000000000000e+02,3.000000000000000000e+00,6.740000000000000000e+02,7.340000000000000000e+02,6.000000000000000000e+00,7.110000000000000000e+02,5.080000000000000000e+02,2.500000000000000000e+02,8.900000000000000000e+01,1.600000000000000000e+02,2.610000000000000000e+02,2.900000000000000000e+01,1.400000000000000000e+01,2.165000000000000000e+03,3.520000000000000000e+02,2.760000000000000000e+02,6.900000000000000000e+01,4.200000000000000000e+01,2.660000000000000000e+02,4.230000000000000000e+02,5.660000000000000000e+02,4.390000000000000000e+02,1.800000000000000000e+01,2.830000000000000000e+02,4.400000000000000000e+01,1.321000000000000000e+03,1.230000000000000000e+02,1.445000000000000000e+03,4.189000000000000000e+03,7.960000000000000000e+02,8.230000000000000000e+02,1.570000000000000000e+02,4.380000000000000000e+02,1.346000000000000000e+03,1.830000000000000000e+02,2.400000000000000000e+01,7.020000000000000000e+02,1.983000000000000000e+03,4.300000000000000000e+01,1.350000000000000000e+02,1.954000000000000000e+03,2.200000000000000000e+02,7.300000000000000000e+01,1.740000000000000000e+02,4.750000000000000000e+02,1.883000000000000000e+03,3.000000000000000000e+00,1.000000000000000000e+00,4.300000000000000000e+01,8.000000000000000000e+00,1.156000000000000000e+03,1.230000000000000000e+02,6.890000000000000000e+02,3.100000000000000000e+01,2.570000000000000000e+02,1.100000000000000000e+01,0.000000000000000000e+00,9.380000000000000000e+02,1.704000000000000000e+03,5.900000000000000000e+01,9.960000000000000000e+02,0.000000000000000000e+00,2.246000000000000000e+03,3.990000000000000000e+02,1.785000000000000000e+03,7.950000000000000000e+02,1.167000000000000000e+03,1.664000000000000000e+03,6.000000000000000000e+00,4.168000000000000000e+03,4.160000000000000000e+02,1.975000000000000000e+03,1.807000000000000000e+03,2.900000000000000000e+01,0.000000000000000000e+00,1.880000000000000000e+03,3.000000000000000000e+00,5.430000000000000000e+02,2.000000000000000000e+00,5.300000000000000000e+01,8.500000000000000000e+01,1.000000000000000000e+01,2.700000000000000000e+01,1.300000000000000000e+01,1.219000000000000000e+03,6.300000000000000000e+01,8.240000000000000000e+02,3.240000000000000000e+02,3.130000000000000000e+02,9.930000000000000000e+02,2.730000000000000000e+02,8.530000000000000000e+02,9.000000000000000000e+00,4.100000000000000000e+01,1.400000000000000000e+01,1.124000000000000000e+03,2.100000000000000000e+01,7.300000000000000000e+02,1.350000000000000000e+03,6.100000000000000000e+01,4.360000000000000000e+02,4.367000000000000000e+03,1.200000000000000000e+01,1.300000000000000000e+01,2.051000000000000000e+03,7.000000000000000000e+00,1.370000000000000000e+02,3.590000000000000000e+02,1.203000000000000000e+03,6.650000000000000000e+02,1.780000000000000000e+02,1.328000000000000000e+03,1.030000000000000000e+02,6.000000000000000000e+00,1.095000000000000000e+03,5.000000000000000000e+00,1.300000000000000000e+01,2.220000000000000000e+02,0.000000000000000000e+00,4.400000000000000000e+01,2.800000000000000000e+01,4.347000000000000000e+03,1.578000000000000000e+03,2.410000000000000000e+02,2.000000000000000000e+00,3.670000000000000000e+02,3.150000000000000000e+02,2.200000000000000000e+01,9.100000000000000000e+01,4.900000000000000000e+01,1.740000000000000000e+02,5.180000000000000000e+02,2.470000000000000000e+02,1.050000000000000000e+03,1.900000000000000000e+01,1.000000000000000000e+00,2.106000000000000000e+03,6.090000000000000000e+02,9.300000000000000000e+01,1.560000000000000000e+02,2.395000000000000000e+03,4.000000000000000000e+00,3.220000000000000000e+02,1.660000000000000000e+03,6.000000000000000000e+00,4.880000000000000000e+02,3.000000000000000000e+00,1.000000000000000000e+00,4.780000000000000000e+02,1.650000000000000000e+02,1.087000000000000000e+03,4.100000000000000000e+01,1.010000000000000000e+02,5.800000000000000000e+01,5.000000000000000000e+01,0.000000000000000000e+00,5.170000000000000000e+02,8.200000000000000000e+01,2.890000000000000000e+02,2.100000000000000000e+02,1.090000000000000000e+02,6.700000000000000000e+01,2.329000000000000000e+03,6.740000000000000000e+02,2.203000000000000000e+03,3.020000000000000000e+02,5.000000000000000000e+00,8.300000000000000000e+01,7.120000000000000000e+02,7.390000000000000000e+02,1.750000000000000000e+02,8.590000000000000000e+02,1.770000000000000000e+02,1.700000000000000000e+02,1.022000000000000000e+03,9.900000000000000000e+01,4.000000000000000000e+01,4.242000000000000000e+03,7.500000000000000000e+01,2.050000000000000000e+02,1.497000000000000000e+03,7.000000000000000000e+02,1.000000000000000000e+00,2.000000000000000000e+00,5.490000000000000000e+02,3.160000000000000000e+02,7.150000000000000000e+02,5.800000000000000000e+02,1.933000000000000000e+03,1.322000000000000000e+03,1.041000000000000000e+03,7.400000000000000000e+02,1.300000000000000000e+01,1.973000000000000000e+03,1.698000000000000000e+03,7.760000000000000000e+02,1.603000000000000000e+03,7.000000000000000000e+00,7.000000000000000000e+00,1.033000000000000000e+03,1.900000000000000000e+01,1.203000000000000000e+03,8.000000000000000000e+00,4.000000000000000000e+00,4.000000000000000000e+00,0.000000000000000000e+00,6.400000000000000000e+01,1.900000000000000000e+01,2.091000000000000000e+03,2.003000000000000000e+03,2.262000000000000000e+03,3.000000000000000000e+00,7.950000000000000000e+02
5.780000000000000000e+02,6.260000000000000000e+02,2.640000000000000000e+02,1.370000000000000000e+02,1.970000000000000000e+02,4.900000000000000000e+01,1.000000000000000000e+00,3.000000000000000000e+01,4.170000000000000000e+02,0.000000000000000000e+00,2.340000000000000000e+02,2.270000000000000000e+02,8.800000000000000000e+01,5.930000000000000000e+02,1.070000000000000000e+02,1.900000000000000000e+01,6.000000000000000000e+00,1.680000000000000000e+02,1.200000000000000000e+02,0.000000000000000000e+00,9.600000000000000000e+01,5.800000000000000000e+01,2.650000000000000000e+02,9.490000000000000000e+02,1.000000000000000000e+00,2.650000000000000000e+02,1.580000000000000000e+02,3.600000000000000000e+02,7.910000000000000000e+02,1.003000000000000000e+03,1.930000000000000000e+02,2.070000000000000000e+02,3.300000000000000000e+01,4.110000000000000000e+02,0.000000000000000000e+00,0.000000000000000000e+00,1.000000000000000000e+00,3.250000000000000000e+02,1.720000000000000000e+02,1.096000000000000000e+03,7.400000000000000000e+01,6.100000000000000000e+02,3.000000000000000000e+00,4.030000000000000000e+02,3.000000000000000000e+00,5.400000000000000000e+01,0.000000000000000000e+00,1.000000000000000000e+00,1.400000000000000000e+01,1.360000000000000000e+02,2.210000000000000000e+02,1.700000000000000000e+01,1.670000000000000000e+02,1.000000000000000000e+00,3.550000000000000000e+02,3.140000000000000000e+02,1.000000000000000000e+00,3.450000000000000000e+02,2.740000000000000000e+02,1.350000000000000000e+02,2.900000000000000000e+01,6.100000000000000000e+01,1.550000000000000000e+02,1.170000000000000000e+02,3.000000000000000000e+01,1.096000000000000000e+03,1.830000000000000000e+02,1.080000000000000000e+02,8.000000000000000000e+00,4.000000000000000000e+01,4.550000000000000000e+02,1.810000000000000000e+02,3.060000000000000000e+02,1.590000000000000000e+02,6.000000000000000000e+00,1.710000000000000000e+02,1.700000000000000000e+01,6.240000000000000000e+02,5.000000000000000000e+01,7.670000000000000000e+02,0.000000000000000000e+00,0.000000000000000000e+00,0.000000000000000000e+00,5.600000000000000000e+01,1.930000000000000000e+02,6.240000000000000000e+02,1.240000000000000000e+02,1.100000000000000000e+01,3.550000000000000000e+02,1.043000000000000000e+03,5.700000000000000000e+01,1.110000000000000000e+02,1.037000000000000000e+03,3.040000000000000000e+02,1.040000000000000000e+02,1.040000000000000000e+02,2.450000000000000000e+02,9.590000000000000000e+02,0.000000000000000000e+00,3.000000000000000000e+00,2.300000000000000000e+01,2.000000000000000000e+00,9.490000000000000000e+02,3.000000000000000000e+01,3.440000000000000000e+02,1.700000000000000000e+01,1.320000000000000000e+02,1.200000000000000000e+01,9.580000000000000000e+02,0.000000000000000000e+00,8.100000000000000000e+02,1.300000000000000000e+01,5.090000000000000000e+02,4.000000000000000000e+00,1.226000000000000000e+03,2.040000000000000000e+02,8.650000000000000000e+02,4.170000000000000000e+02,5.310000000000000000e+02,8.520000000000000000e+02,4.000000000000000000e+00,0.000000000000000000e+00,2.260000000000000000e+02,1.071000000000000000e+03,8.540000000000000000e+02,2.600000000000000000e+01,1.000000000000000000e+00,9.560000000000000000e+02,1.000000000000000000e+00,2.870000000000000000e+02,2.000000000000000000e+00,2.900000000000000000e+01,3.400000000000000000e+01,1.000000000000000000e+00,1.300000000000000000e+01,1.000000000000000000e+01,5.520000000000000000e+02,3.000000000000000000e+01,3.700000000000000000e+02,1.400000000000000000e+02,1.470000000000000000e+02,4.970000000000000000e+02,1.400000000000000000e+02,0.000000000000000000e+00,4.000000000000000000e+00,1.000000000000000000e+01,7.000000000000000000e+00,6.010000000000000000e+02,2.400000000000000000e+01,3.650000000000000000e+02,6.910000000000000000e+02,2.100000000000000000e+01,1.880000000000000000e+02,0.000000000000000000e+00,6.000000000000000000e+00,4.000000000000000000e+00,1.060000000000000000e+03,0.000000000000000000e+00,5.500000000000000000e+01,2.020000000000000000e+02,8.260000000000000000e+02,2.590000000000000000e+02,9.100000000000000000e+01,7.170000000000000000e+02,4.200000000000000000e+01,1.000000000000000000e+00,6.020000000000000000e+02,4.000000000000000000e+00,0.000000000000000000e+00,1.100000000000000000e+02,8.000000000000000000e+00,2.400000000000000000e+01,1.500000000000000000e+01,0.000000000000000000e+00,9.360000000000000000e+02,1.600000000000000000e+02,1.000000000000000000e+00,1.830000000000000000e+02,1.160000000000000000e+02,6.200000000000000000e+01,6.500000000000000000e+01,3.100000000000000000e+01,2.190000000000000000e+02,2.820000000000000000e+02,1.060000000000000000e+02,5.290000000000000000e+02,1.100000000000000000e+01,0.000000000000000000e+00,1.072000000000000000e+03,5.790000000000000000e+02,4.900000000000000000e+01,6.500000000000000000e+01,1.271000000000000000e+03,1.000000000000000000e+01,1.330000000000000000e+02,8.450000000000000000e+02,5.000000000000000000e+00,2.030000000000000000e+02,2.000000000000000000e+00,0.000000000000000000e+00,2.580000000000000000e+02,9.400000000000000000e+01,5.860000000000000000e+02,1.800000000000000000e+01,2.700000000000000000e+01,2.600000000000000000e+01,2.600000000000000000e+01,1.000000000000000000e+00,2.520000000000000000e+02,3.700000000000000000e+01,1.470000000000000000e+02,1.290000000000000000e+02,7.700000000000000000e+01,2.800000000000000000e+01,1.217000000000000000e+03,2.700000000000000000e+02,1.082000000000000000e+03,1.380000000000000000e+02,1.000000000000000000e+00,6.600000000000000000e+01,2.960000000000000000e+02,0.000000000000000000e+00,7.100000000000000000e+01,0.000000000000000000e+00,9.000000000000000000e+01,7.400000000000000000e+01,5.460000000000000000e+02,3.400000000000000000e+01,2.900000000000000000e+01,0.000000000000000000e+00,2.300000000000000000e+01,1.100000000000000000e+02,9.510000000000000000e+02,3.170000000000000000e+02,0.000000000000000000e+00,1.500000000000000000e+01,5.190000000000000000e+02,1.880000000000000000e+02,0.000000000000000000e+00,5.090000000000000000e+02,1.042000000000000000e+03,6.690000000000000000e+02,5.250000000000000000e+02,0.000000000000000000e+00,5.000000000000000000e+00,9.360000000000000000e+02,8.510000000000000000e+02,3.880000000000000000e+02,8.310000000000000000e+02,2.000000000000000000e+00,1.000000000000000000e+00,5.800000000000000000e+02,8.000000000000000000e+00,6.230000000000000000e+02,2.200000000000000000e+01,9.000000000000000000e+00,3.000000000000000000e+00,0.000000000000000000e+00,1.700000000000000000e+01,1.300000000000000000e+01,1.025000000000000000e+03,9.500000000000000000e+02,1.178000000000000000e+03,1.000000000000000000e+00,0.000000000000000000e+00
1.131000000000000000e+03,1.640000000000000000e+03,7.880000000000000000e+02,4.150000000000000000e+02,5.500000000000000000e+02,1.970000000000000000e+02,7.000000000000000000e+00,6.300000000000000000e+01,9.870000000000000000e+02,0.000000000000000000e+00,5.640000000000000000e+02,4.570000000000000000e+02,2.050000000000000000e+02,1.582000000000000000e+03,2.670000000000000000e+02,6.000000000000000000e+01,5.100000000000000000e+01,6.170000000000000000e+02,4.410000000000000000e+02,4.000000000000000000e+00,3.110000000000000000e+02,1.880000000000000000e+02,6.790000000000000000e+02,2.347000000000000000e+03,1.000000000000000000e+00,8.320000000000000000e+02,4.230000000000000000e+02,9.180000000000000000e+02,2.011000000000000000e+03,2.421000000000000000e+03,5.150000000000000000e+02,5.840000000000000000e+02,1.490000000000000000e+02,5.690000000000000000e+02,4.000000000000000000e+00,9.710000000000000000e+02,9.000000000000000000e+00,8.520000000000000000e+02,4.960000000000000000e+02,2.814000000000000000e+03,2.140000000000000000e+02,1.615000000000000000e+03,3.600000000000000000e+01,9.860000000000000000e+02,3.000000000000000000e+00,1.950000000000000000e+02,5.000000000000000000e+00,0.000000000000000000e+00,9.000000000000000000e+01,3.980000000000000000e+02,4.760000000000000000e+02,5.100000000000000000e+01,3.750000000000000000e+02,1.100000000000000000e+01,9.140000000000000000e+02,9.510000000000000000e+02,1.100000000000000000e+01,4.080000000000000000e+02,6.660000000000000000e+02,3.590000000000000000e+02,1.290000000000000000e+02,2.430000000000000000e+02,5.260000000000000000e+02,3.290000000000000000e+02,9.100000000000000000e+01,2.536000000000000000e+03,4.760000000000000000e+02,3.440000000000000000e+02,1.040000000000000000e+02,1.020000000000000000e+02,1.260000000000000000e+03,5.470000000000000000e+02,4.870000000000000000e+02,6.420000000000000000e+02,3.800000000000000000e+01,4.640000000000000000e+02,1.400000000000000000e+01,1.861000000000000000e+03,1.730000000000000000e+02,1.887000000000000000e+03,4.688000000000000000e+03,8.700000000000000000e+02,1.087000000000000000e+03,1.720000000000000000e+02,5.230000000000000000e+02,1.737000000000000000e+03,2.620000000000000000e+02,3.800000000000000000e+01,9.280000000000000000e+02,2.590000000000000000e+03,1.560000000000000000e+02,2.990000000000000000e+02,2.535000000000000000e+03,8.940000000000000000e+02,2.960000000000000000e+02,3.170000000000000000e+02,6.250000000000000000e+02,2.388000000000000000e+03,9.000000000000000000e+00,5.000000000000000000e+00,1.100000000000000000e+01,0.000000000000000000e+00,2.391000000000000000e+03,1.780000000000000000e+02,1.001000000000000000e+03,3.300000000000000000e+01,3.120000000000000000e+02,1.500000000000000000e+01,2.475000000000000000e+03,1.097000000000000000e+03,0.000000000000000000e+00,8.300000000000000000e+01,1.334000000000000000e+03,5.000000000000000000e+00,2.505000000000000000e+03,5.470000000000000000e+02,2.414000000000000000e+03,1.008000000000000000e+03,1.577000000000000000e+03,2.099000000000000000e+03,1.000000000000000000e+00,4.652000000000000000e+03,5.450000000000000000e+02,2.643000000000000000e+03,2.337000000000000000e+03,4.900000000000000000e+01,1.000000000000000000e+01,2.424000000000000000e+03,6.000000000000000000e+00,6.720000000000000000e+02,5.000000000000000000e+00,1.800000000000000000e+01,1.090000000000000000e+02,1.600000000000000000e+01,1.900000000000000000e+01,2.100000000000000000e+01,1.652000000000000000e+03,7.100000000000000000e+01,7.540000000000000000e+02,4.120000000000000000e+02,4.230000000000000000e+02,1.488000000000000000e+03,4.730000000000000000e+02,1.021000000000000000e+03,7.000000000000000000e+00,3.800000000000000000e+01,2.600000000000000000e+01,1.554000000000000000e+03,4.200000000000000000e+01,9.080000000000000000e+02,1.477000000000000000e+03,1.120000000000000000e+02,5.330000000000000000e+02,4.649000000000000000e+03,1.000000000000000000e+00,1.600000000000000000e+01,2.837000000000000000e+03,8.000000000000000000e+00,1.070000000000000000e+02,5.230000000000000000e+02,1.980000000000000000e+03,8.660000000000000000e+02,2.610000000000000000e+02,1.739000000000000000e+03,1.420000000000000000e+02,9.000000000000000000e+00,1.572000000000000000e+03,8.000000000000000000e+00,9.000000000000000000e+00,2.920000000000000000e+02,1.000000000000000000e+01,5.200000000000000000e+01,1.700000000000000000e+01,4.736000000000000000e+03,2.414000000000000000e+03,3.640000000000000000e+02,1.500000000000000000e+01,4.690000000000000000e+02,3.520000000000000000e+02,1.510000000000000000e+02,7.700000000000000000e+01,3.200000000000000000e+01,5.970000000000000000e+02,7.940000000000000000e+02,1.880000000000000000e+02,1.252000000000000000e+03,1.500000000000000000e+01,0.000000000000000000e+00,2.534000000000000000e+03,1.730000000000000000e+03,5.200000000000000000e+01,2.190000000000000000e+02,3.063000000000000000e+03,2.400000000000000000e+01,4.810000000000000000e+02,2.174000000000000000e+03,1.700000000000000000e+01,6.420000000000000000e+02,5.000000000000000000e+00,4.000000000000000000e+00,6.910000000000000000e+02,2.370000000000000000e+02,1.426000000000000000e+03,5.500000000000000000e+01,1.640000000000000000e+02,1.030000000000000000e+02,7.500000000000000000e+01,0.000000000000000000e+00,2.810000000000000000e+02,1.050000000000000000e+02,1.080000000000000000e+02,3.950000000000000000e+02,1.600000000000000000e+02,9.900000000000000000e+01,2.787000000000000000e+03,8.650000000000000000e+02,2.536000000000000000e+03,4.850000000000000000e+02,1.000000000000000000e+01,1.280000000000000000e+02,1.156000000000000000e+03,1.044000000000000000e+03,5.100000000000000000e+01,9.660000000000000000e+02,2.440000000000000000e+02,2.040000000000000000e+02,1.401000000000000000e+03,1.220000000000000000e+02,7.500000000000000000e+01,4.786000000000000000e+03,8.300000000000000000e+01,2.870000000000000000e+02,2.524000000000000000e+03,9.050000000000000000e+02,0.000000000000000000e+00,2.600000000000000000e+01,1.390000000000000000e+03,5.110000000000000000e+02,1.105000000000000000e+03,1.332000000000000000e+03,2.450000000000000000e+03,1.809000000000000000e+03,1.334000000000000000e+03,1.047000000000000000e+03,1.800000000000000000e+01,2.448000000000000000e+03,2.165000000000000000e+03,7.580000000000000000e+02,2.061000000000000000e+03,9.000000000000000000e+00,9.000000000000000000e+00,9.020000000000000000e+02,1.000000000000000000e+01,1.687000000000000000e+03,5.100000000000000000e+01,3.400000000000000000e+01,1.200000000000000000e+01,2.000000000000000000e+00,9.900000000000000000e+01,3.500000000000000000e+01,2.440000000000000000e+03,2.391000000000000000e+03,2.907000000000000000e+03,8.000000000000000000e+00,1.104000000000000000e+03
1.315000000000000000e+03,1.356000000000000000e+03,3.470000000000000000e+02,2.610000000000000000e+02,3.590000000000000000e+02,2.400000000000000000e+02,5.100000000000000000e+01,1.950000000000000000e+02,3.260000000000000000e+02,7.000000000000000000e+00,2.050000000000000000e+02,2.130000000000000000e+02,8.500000000000000000e+02,1.318000000000000000e+03,8.400000000000000000e+01,4.700000000000000000e+01,2.030000000000000000e+02,1.382000000000000000e+03,1.277000000000000000e+03,2.500000000000000000e+01,2.530000000000000000e+02,2.730000000000000000e+02,1.162000000000000000e+03,1.350000000000000000e+03,8.000000000000000000e+00,3.430000000000000000e+02,2.780000000000000000e+02,1.213000000000000000e+03,1.395000000000000000e+03,1.359000000000000000e+03,1.052000000000000000e+03,1.033000000000000000e+03,1.720000000000000000e+02,1.183000000000000000e+03,1.600000000000000000e+01,5.640000000000000000e+02,2.900000000000000000e+01,1.126000000000000000e+03,2.970000000000000000e+02,1.347000000000000000e+03,8.700000000000000000e+01,1.373000000000000000e+03,1.100000000000000000e+02,1.265000000000000000e+03,5.800000000000000000e+01,2.320000000000000000e+02,2.900000000000000000e+01,2.300000000000000000e+01,1.870000000000000000e+02,1.900000000000000000e+02,2.240000000000000000e+02,2.180000000000000000e+02,2.820000000000000000e+02,5.000000000000000000e+01,1.328000000000000000e+03,1.385000000000000000e+03,1.000000000000000000e+01,1.195000000000000000e+03,3.580000000000000000e+02,2.320000000000000000e+02,1.610000000000000000e+02,2.560000000000000000e+02,3.190000000000000000e+02,8.100000000000000000e+02,1.620000000000000000e+02,1.378000000000000000e+03,1.084000000000000000e+03,1.287000000000000000e+03,4.730000000000000000e+02,1.570000000000000000e+02,1.238000000000000000e+03,2.850000000000000000e+02,1.158000000000000000e+03,1.311000000000000000e+03,8.400000000000000000e+01,1.173000000000000000e+03,1.790000000000000000e+02,1.421000000000000000e+03,2.360000000000000000e+02,1.289000000000000000e+03,1.659000000000000000e+03,5.720000000000000000e+02,6.000000000000000000e+02,2.420000000000000000e+02,2.400000000000000000e+02,1.443000000000000000e+03,9.790000000000000000e+02,2.130000000000000000e+02,1.313000000000000000e+03,1.390000000000000000e+03,2.150000000000000000e+02,2.740000000000000000e+02,1.399000000000000000e+03,1.201000000000000000e+03,3.010000000000000000e+02,2.110000000000000000e+02,1.022000000000000000e+03,1.338000000000000000e+03,6.900000000000000000e+01,3.400000000000000000e+01,1.640000000000000000e+02,3.500000000000000000e+01,1.341000000000000000e+03,2.210000000000000000e+02,1.203000000000000000e+03,1.430000000000000000e+02,2.140000000000000000e+02,8.100000000000000000e+01,1.384000000000000000e+03,6.050000000000000000e+02,1.391000000000000000e+03,0.000000000000000000e+00,1.257000000000000000e+03,3.900000000000000000e+01,1.425000000000000000e+03,2.140000000000000000e+02,1.377000000000000000e+03,3.160000000000000000e+02,1.336000000000000000e+03,1.287000000000000000e+03,3.300000000000000000e+01,1.664000000000000000e+03,2.130000000000000000e+02,1.314000000000000000e+03,1.380000000000000000e+03,1.520000000000000000e+02,3.300000000000000000e+01,1.330000000000000000e+03,4.200000000000000000e+01,3.220000000000000000e+02,2.900000000000000000e+01,3.800000000000000000e+02,2.110000000000000000e+02,9.100000000000000000e+01,1.150000000000000000e+02,5.700000000000000000e+01,1.269000000000000000e+03,4.890000000000000000e+02,1.196000000000000000e+03,1.850000000000000000e+02,3.190000000000000000e+02,1.365000000000000000e+03,1.110000000000000000e+03,6.030000000000000000e+02,4.100000000000000000e+01,1.720000000000000000e+02,1.380000000000000000e+02,1.336000000000000000e+03,1.650000000000000000e+02,3.320000000000000000e+02,1.366000000000000000e+03,2.980000000000000000e+02,2.450000000000000000e+02,1.560000000000000000e+03,5.200000000000000000e+01,7.200000000000000000e+01,1.386000000000000000e+03,1.200000000000000000e+01,2.420000000000000000e+02,2.780000000000000000e+02,1.334000000000000000e+03,1.384000000000000000e+03,1.060000000000000000e+02,1.285000000000000000e+03,2.160000000000000000e+02,4.900000000000000000e+01,1.332000000000000000e+03,2.800000000000000000e+01,3.600000000000000000e+01,9.830000000000000000e+02,4.400000000000000000e+01,1.250000000000000000e+02,1.290000000000000000e+02,1.747000000000000000e+03,1.372000000000000000e+03,2.760000000000000000e+02,3.400000000000000000e+01,3.330000000000000000e+02,2.510000000000000000e+02,6.080000000000000000e+02,2.620000000000000000e+02,2.130000000000000000e+02,3.050000000000000000e+02,3.080000000000000000e+02,2.080000000000000000e+02,3.490000000000000000e+02,1.150000000000000000e+02,9.000000000000000000e+00,1.369000000000000000e+03,1.273000000000000000e+03,2.550000000000000000e+02,2.560000000000000000e+02,1.432000000000000000e+03,6.400000000000000000e+01,3.150000000000000000e+02,1.388000000000000000e+03,7.800000000000000000e+01,1.359000000000000000e+03,4.700000000000000000e+01,2.200000000000000000e+01,2.930000000000000000e+02,1.120000000000000000e+02,1.422000000000000000e+03,1.800000000000000000e+02,6.670000000000000000e+02,2.100000000000000000e+02,2.300000000000000000e+02,8.000000000000000000e+00,1.069000000000000000e+03,2.720000000000000000e+02,1.021000000000000000e+03,2.090000000000000000e+02,9.650000000000000000e+02,2.510000000000000000e+02,1.410000000000000000e+03,1.388000000000000000e+03,1.421000000000000000e+03,9.870000000000000000e+02,4.500000000000000000e+01,7.470000000000000000e+02,3.090000000000000000e+02,5.350000000000000000e+02,8.160000000000000000e+02,5.740000000000000000e+02,1.990000000000000000e+02,2.000000000000000000e+02,1.269000000000000000e+03,2.910000000000000000e+02,2.200000000000000000e+02,1.696000000000000000e+03,3.180000000000000000e+02,9.450000000000000000e+02,1.426000000000000000e+03,3.710000000000000000e+02,1.000000000000000000e+00,7.600000000000000000e+01,1.284000000000000000e+03,3.400000000000000000e+02,5.730000000000000000e+02,1.284000000000000000e+03,1.459000000000000000e+03,1.334000000000000000e+03,1.361000000000000000e+03,5.250000000000000000e+02,1.190000000000000000e+02,1.381000000000000000e+03,1.377000000000000000e+03,1.255000000000000000e+03,1.416000000000000000e+03,2.100000000000000000e+01,4.600000000000000000e+01,1.242000000000000000e+03,8.300000000000000000e+01,1.314000000000000000e+03,1.350000000000000000e+02,8.400000000000000000e+01,5.100000000000000000e+01,7.000000000000000000e+00,2.010000000000000000e+02,9.900000000000000000e+01,1.370000000000000000e+03,1.399000000000000000e+03,1.387000000000000000e+03,2.400000000000000000e+01,5.780000000000000000e+02
1.265000000000000000e+03,1.283000000000000000e+03,6.100000000000000000e+02,3.060000000000000000e+02,4.780000000000000000e+02,2.000000000000000000e+02,6.000000000000000000e+00,9.200000000000000000e+01,6.230000000000000000e+02,1.000000000000000000e+00,3.840000000000000000e+02,3.140000000000000000e+02,2.070000000000000000e+02,1.358000000000000000e+03,1.630000000000000000e+02,3.900000000000000000e+01,6.300000000000000000e+01,6.400000000000000000e+02,4.880000000000000000e+02,0.000000000000000000e+00,2.900000000000000000e+02,2.500000000000000000e+02,2.830000000000000000e+02,1.615000000000000000e+03,4.000000000000000000e+00,6.170000000000000000e+02,3.330000000000000000e+02,8.290000000000000000e+02,1.555000000000000000e+03,1.646000000000000000e+03,5.380000000000000000e+02,5.720000000000000000e+02,1.600000000000000000e+02,9.340000000000000000e+02,6.000000000000000000e+00,6.950000000000000000e+02,8.000000000000000000e+00,8.000000000000000000e+02,4.110000000000000000e+02,1.663000000000000000e+03,1.360000000000000000e+02,1.268000000000000000e+03,1.400000000000000000e+01,1.090000000000000000e+03,9.000000000000000000e+00,1.700000000000000000e+02,0.000000000000000000e+00,7.000000000000000000e+00,8.800000000000000000e+01,3.020000000000000000e+02,3.340000000000000000e+02,1.070000000000000000e+02,4.580000000000000000e+02,1.000000000000000000e+00,8.900000000000000000e+02,8.970000000000000000e+02,4.000000000000000000e+00,9.390000000000000000e+02,7.960000000000000000e+02,2.750000000000000000e+02,1.550000000000000000e+02,1.510000000000000000e+02,4.380000000000000000e+02,2.940000000000000000e+02,1.050000000000000000e+02,1.790000000000000000e+03,5.700000000000000000e+02,3.990000000000000000e+02,2.000000000000000000e+01,9.300000000000000000e+01,9.760000000000000000e+02,3.980000000000000000e+02,6.870000000000000000e+02,6.260000000000000000e+02,5.100000000000000000e+01,5.790000000000000000e+02,8.700000000000000000e+01,1.430000000000000000e+03,1.420000000000000000e+02,1.577000000000000000e+03,2.696000000000000000e+03,7.030000000000000000e+02,8.160000000000000000e+02,2.950000000000000000e+02,3.330000000000000000e+02,1.446000000000000000e+03,3.260000000000000000e+02,8.000000000000000000e+01,8.820000000000000000e+02,1.784000000000000000e+03,1.550000000000000000e+02,2.790000000000000000e+02,1.779000000000000000e+03,8.310000000000000000e+02,2.410000000000000000e+02,2.480000000000000000e+02,2.650000000000000000e+02,1.419000000000000000e+03,2.000000000000000000e+00,1.100000000000000000e+01,5.500000000000000000e+01,1.200000000000000000e+01,1.610000000000000000e+03,1.070000000000000000e+02,5.850000000000000000e+02,5.300000000000000000e+01,2.130000000000000000e+02,2.400000000000000000e+01,1.621000000000000000e+03,7.490000000000000000e+02,1.552000000000000000e+03,1.320000000000000000e+02,0.000000000000000000e+00,1.100000000000000000e+01,1.837000000000000000e+03,2.850000000000000000e+02,1.712000000000000000e+03,5.990000000000000000e+02,1.300000000000000000e+03,1.615000000000000000e+03,1.300000000000000000e+01,2.639000000000000000e+03,3.640000000000000000e+02,1.732000000000000000e+03,1.684000000000000000e+03,4.800000000000000000e+01,0.000000000000000000e+00,1.678000000000000000e+03,4.000000000000000000e+00,5.450000000000000000e+02,3.000000000000000000e+00,1.110000000000000000e+02,6.500000000000000000e+01,0.000000000000000000e+00,4.500000000000000000e+01,2.200000000000000000e+01,1.337000000000000000e+03,9.100000000000000000e+01,9.920000000000000000e+02,3.190000000000000000e+02,3.730000000000000000e+02,1.421000000000000000e+03,5.940000000000000000e+02,7.420000000000000000e+02,9.000000000000000000e+00,4.900000000000000000e+01,4.300000000000000000e+01,1.362000000000000000e+03,7.000000000000000000e+01,6.570000000000000000e+02,1.472000000000000000e+03,1.180000000000000000e+02,3.560000000000000000e+02,2.664000000000000000e+03,2.200000000000000000e+01,2.500000000000000000e+01,1.761000000000000000e+03,5.000000000000000000e+00,1.970000000000000000e+02,4.610000000000000000e+02,1.556000000000000000e+03,9.150000000000000000e+02,1.800000000000000000e+02,1.370000000000000000e+03,1.320000000000000000e+02,1.600000000000000000e+01,1.230000000000000000e+03,1.200000000000000000e+01,1.400000000000000000e+01,3.120000000000000000e+02,6.000000000000000000e+00,7.200000000000000000e+01,5.700000000000000000e+01,2.730000000000000000e+03,1.700000000000000000e+03,3.360000000000000000e+02,1.900000000000000000e+01,4.370000000000000000e+02,3.520000000000000000e+02,1.790000000000000000e+02,1.710000000000000000e+02,9.700000000000000000e+01,4.840000000000000000e+02,6.060000000000000000e+02,2.510000000000000000e+02,7.870000000000000000e+02,2.600000000000000000e+01,3.000000000000000000e+00,1.687000000000000000e+03,1.372000000000000000e+03,1.780000000000000000e+02,2.880000000000000000e+02,2.006000000000000000e+03,2.700000000000000000e+01,4.880000000000000000e+02,1.453000000000000000e+03,1.900000000000000000e+01,6.420000000000000000e+02,1.400000000000000000e+01,0.000000000000000000e+00,5.110000000000000000e+02,1.490000000000000000e+02,1.285000000000000000e+03,6.100000000000000000e+01,3.900000000000000000e+01,4.500000000000000000e+01,9.500000000000000000e+01,2.000000000000000000e+00,6.480000000000000000e+02,1.330000000000000000e+02,5.060000000000000000e+02,3.370000000000000000e+02,2.470000000000000000e+02,1.260000000000000000e+02,1.659000000000000000e+03,8.710000000000000000e+02,1.762000000000000000e+03,1.880000000000000000e+02,0.000000000000000000e+00,1.650000000000000000e+02,6.760000000000000000e+02,7.510000000000000000e+02,2.200000000000000000e+02,7.680000000000000000e+02,2.310000000000000000e+02,1.970000000000000000e+02,1.204000000000000000e+03,1.410000000000000000e+02,1.210000000000000000e+02,2.599000000000000000e+03,1.220000000000000000e+02,2.970000000000000000e+02,1.640000000000000000e+03,7.220000000000000000e+02,2.000000000000000000e+00,4.100000000000000000e+01,1.113000000000000000e+03,5.100000000000000000e+02,7.290000000000000000e+02,1.168000000000000000e+03,1.722000000000000000e+03,1.458000000000000000e+03,1.294000000000000000e+03,7.430000000000000000e+02,3.100000000000000000e+01,1.485000000000000000e+03,1.606000000000000000e+03,1.005000000000000000e+03,1.575000000000000000e+03,8.000000000000000000e+00,5.000000000000000000e+00,1.308000000000000000e+03,4.600000000000000000e+01,9.360000000000000000e+02,4.700000000000000000e+01,4.200000000000000000e+01,1.200000000000000000e+01,5.000000000000000000e+00,1.000000000000000000e+01,1.300000000000000000e+01,1.733000000000000000e+03,1.728000000000000000e+03,1.964000000000000000e+03,9.000000000000000000e+00,7.560000000000000000e+02
3.840000000000000000e+02,3.820000000000000000e+02,1.770000000000000000e+02,1.350000000000000000e+02,1.650000000000000000e+02,1.470000000000000000e+02,0.000000000000000000e+00,1.340000000000000000e+02,1.590000000000000000e+02,0.000000000000000000e+00,0.000000000000000000e+00,0.000000000000000000e+00,3.080000000000000000e+02,3.940000000000000000e+02,0.000000000000000000e+00,0.000000000000000000e+00,1.430000000000000000e+02,3.600000000000000000e+02,3.510000000000000000e+02,0.000000000000000000e+00,1.600000000000000000e+02,1.290000000000000000e+02,3.940000000000000000e+02,4.300000000000000000e+02,0.000000000000000000e+00,1.800000000000000000e+02,1.600000000000000000e+02,4.050000000000000000e+02,4.020000000000000000e+02,3.910000000000000000e+02,3.840000000000000000e+02,3.790000000000000000e+02,0.000000000000000000e+00,3.710000000000000000e+02,0.000000000000000000e+00,1.620000000000000000e+02,0.000000000000000000e+00,4.090000000000000000e+02,1.770000000000000000e+02,4.470000000000000000e+02,0.000000000000000000e+00,3.920000000000000000e+02,0.000000000000000000e+00,3.820000000000000000e+02,0.000000000000000000e+00,1.560000000000000000e+02,0.000000000000000000e+00,0.000000000000000000e+00,1.250000000000000000e+02,0.000000000000000000e+00,0.000000000000000000e+00,1.350000000000000000e+02,1.550000000000000000e+02,0.000000000000000000e+00,4.110000000000000000e+02,3.980000000000000000e+02,0.000000000000000000e+00,4.000000000000000000e+02,1.540000000000000000e+02,1.460000000000000000e+02,0.000000000000000000e+00,1.270000000000000000e+02,1.300000000000000000e+02,4.300000000000000000e+02,1.290000000000000000e+02,4.220000000000000000e+02,4.250000000000000000e+02,3.440000000000000000e+02,3.400000000000000000e+02,0.000000000000000000e+00,3.960000000000000000e+02,1.200000000000000000e+02,4.150000000000000000e+02,3.510000000000000000e+02,9.900000000000000000e+01,4.110000000000000000e+02,1.210000000000000000e+02,4.340000000000000000e+02,1.320000000000000000e+02,4.070000000000000000e+02,5.120000000000000000e+02,1.400000000000000000e+02,1.510000000000000000e+02,1.560000000000000000e+02,0.000000000000000000e+00,3.800000000000000000e+02,3.740000000000000000e+02,1.260000000000000000e+02,3.840000000000000000e+02,4.010000000000000000e+02,1.440000000000000000e+02,1.780000000000000000e+02,3.690000000000000000e+02,4.080000000000000000e+02,1.400000000000000000e+02,0.000000000000000000e+00,4.110000000000000000e+02,4.020000000000000000e+02,0.000000000000000000e+00,0.000000000000000000e+00,1.220000000000000000e+02,0.000000000000000000e+00,4.240000000000000000e+02,1.350000000000000000e+02,4.240000000000000000e+02,1.050000000000000000e+02,1.510000000000000000e+02,9.300000000000000000e+01,4.190000000000000000e+02,1.620000000000000000e+02,3.920000000000000000e+02,1.080000000000000000e+02,4.050000000000000000e+02,0.000000000000000000e+00,4.560000000000000000e+02,0.000000000000000000e+00,3.770000000000000000e+02,1.580000000000000000e+02,4.170000000000000000e+02,3.830000000000000000e+02,0.000000000000000000e+00,4.750000000000000000e+02,0.000000000000000000e+00,3.960000000000000000e+02,3.970000000000000000e+02,1.240000000000000000e+02,0.000000000000000000e+00,4.120000000000000000e+02,0.000000000000000000e+00,1.540000000000000000e+02,0.000000000000000000e+00,2.950000000000000000e+02,1.340000000000000000e+02,1.200000000000000000e+02,0.000000000000000000e+00,0.000000000000000000e+00,3.920000000000000000e+02,3.060000000000000000e+02,4.010000000000000000e+02,0.000000000000000000e+00,1.710000000000000000e+02,4.410000000000000000e+02,4.670000000000000000e+02,1.620000000000000000e+02,0.000000000000000000e+00,0.000000000000000000e+00,1.140000000000000000e+02,3.940000000000000000e+02,1.450000000000000000e+02,1.520000000000000000e+02,4.120000000000000000e+02,1.380000000000000000e+02,0.000000000000000000e+00,4.870000000000000000e+02,8.900000000000000000e+01,0.000000000000000000e+00,4.220000000000000000e+02,0.000000000000000000e+00,1.580000000000000000e+02,1.570000000000000000e+02,4.160000000000000000e+02,3.910000000000000000e+02,0.000000000000000000e+00,3.690000000000000000e+02,0.000000000000000000e+00,0.000000000000000000e+00,4.170000000000000000e+02,0.000000000000000000e+00,0.000000000000000000e+00,3.390000000000000000e+02,0.000000000000000000e+00,0.000000000000000000e+00,1.050000000000000000e+02,4.870000000000000000e+02,4.480000000000000000e+02,1.480000000000000000e+02,0.000000000000000000e+00,1.400000000000000000e+02,1.400000000000000000e+02,4.250000000000000000e+02,1.410000000000000000e+02,1.140000000000000000e+02,1.660000000000000000e+02,1.500000000000000000e+02,1.440000000000000000e+02,1.700000000000000000e+02,0.000000000000000000e+00,0.000000000000000000e+00,4.260000000000000000e+02,4.080000000000000000e+02,1.330000000000000000e+02,1.440000000000000000e+02,3.790000000000000000e+02,0.000000000000000000e+00,1.290000000000000000e+02,3.750000000000000000e+02,0.000000000000000000e+00,3.720000000000000000e+02,0.000000000000000000e+00,0.000000000000000000e+00,1.620000000000000000e+02,0.000000000000000000e+00,3.550000000000000000e+02,1.350000000000000000e+02,3.380000000000000000e+02,1.300000000000000000e+02,1.270000000000000000e+02,0.000000000000000000e+00,3.510000000000000000e+02,1.160000000000000000e+02,3.640000000000000000e+02,1.520000000000000000e+02,3.600000000000000000e+02,1.360000000000000000e+02,3.660000000000000000e+02,4.060000000000000000e+02,4.050000000000000000e+02,3.620000000000000000e+02,0.000000000000000000e+00,3.260000000000000000e+02,1.610000000000000000e+02,2.020000000000000000e+02,3.260000000000000000e+02,1.780000000000000000e+02,0.000000000000000000e+00,0.000000000000000000e+00,4.050000000000000000e+02,1.200000000000000000e+02,1.520000000000000000e+02,4.740000000000000000e+02,1.200000000000000000e+02,3.830000000000000000e+02,4.010000000000000000e+02,1.530000000000000000e+02,0.000000000000000000e+00,0.000000000000000000e+00,4.000000000000000000e+02,1.700000000000000000e+02,2.010000000000000000e+02,3.930000000000000000e+02,4.070000000000000000e+02,4.260000000000000000e+02,4.350000000000000000e+02,1.790000000000000000e+02,0.000000000000000000e+00,3.850000000000000000e+02,4.000000000000000000e+02,3.970000000000000000e+02,3.930000000000000000e+02,0.000000000000000000e+00,0.000000000000000000e+00,3.970000000000000000e+02,1.280000000000000000e+02,4.080000000000000000e+02,1.620000000000000000e+02,1.290000000000000000e+02,0.000000000000000000e+00,0.000000000000000000e+00,1.080000000000000000e+02,1.090000000000000000e+02,3.840000000000000000e+02,3.780000000000000000e+02,4.020000000000000000e+02,0.000000000000000000e+00,1.360000000000000000e+02
4.540000000000000000e+02,9.510000000000000000e+02,3.720000000000000000e+02,2.300000000000000000e+02,2.570000000000000000e+02,9.000000000000000000e+01,6.000000000000000000e+00,4.000000000000000000e+01,5.810000000000000000e+02,0.000000000000000000e+00,4.250000000000000000e+02,2.650000000000000000e+02,1.100000000000000000e+02,9.220000000000000000e+02,2.050000000000000000e+02,3.500000000000000000e+01,2.300000000000000000e+01,2.730000000000000000e+02,1.890000000000000000e+02,3.000000000000000000e+00,1.560000000000000000e+02,7.700000000000000000e+01,3.460000000000000000e+02,1.072000000000000000e+03,0.000000000000000000e+00,5.190000000000000000e+02,2.650000000000000000e+02,4.800000000000000000e+02,1.143000000000000000e+03,1.595000000000000000e+03,2.270000000000000000e+02,2.970000000000000000e+02,5.900000000000000000e+01,1.730000000000000000e+02,1.000000000000000000e+00,6.680000000000000000e+02,1.000000000000000000e+00,4.900000000000000000e+02,2.760000000000000000e+02,1.897000000000000000e+03,1.050000000000000000e+02,9.120000000000000000e+02,1.800000000000000000e+01,4.730000000000000000e+02,1.000000000000000000e+00,7.900000000000000000e+01,4.000000000000000000e+00,0.000000000000000000e+00,3.300000000000000000e+01,1.670000000000000000e+02,3.770000000000000000e+02,1.900000000000000000e+01,1.270000000000000000e+02,1.200000000000000000e+01,4.690000000000000000e+02,4.600000000000000000e+02,6.000000000000000000e+00,1.710000000000000000e+02,3.820000000000000000e+02,2.460000000000000000e+02,4.400000000000000000e+01,1.260000000000000000e+02,2.460000000000000000e+02,1.650000000000000000e+02,4.900000000000000000e+01,1.408000000000000000e+03,2.230000000000000000e+02,1.560000000000000000e+02,5.500000000000000000e+01,5.200000000000000000e+01,7.090000000000000000e+02,3.330000000000000000e+02,1.690000000000000000e+02,3.340000000000000000e+02,1.800000000000000000e+01,1.910000000000000000e+02,7.000000000000000000e+00,7.820000000000000000e+02,9.200000000000000000e+01,1.051000000000000000e+03,4.544000000000000000e+03,5.450000000000000000e+02,6.830000000000000000e+02,5.400000000000000000e+01,3.860000000000000000e+02,9.940000000000000000e+02,1.420000000000000000e+02,1.600000000000000000e+01,4.350000000000000000e+02,1.662000000000000000e+03,9.400000000000000000e+01,1.530000000000000000e+02,1.536000000000000000e+03,4.510000000000000000e+02,1.400000000000000000e+02,1.870000000000000000e+02,3.400000000000000000e+02,1.481000000000000000e+03,7.000000000000000000e+00,4.000000000000000000e+00,6.000000000000000000e+00,0.000000000000000000e+00,1.517000000000000000e+03,6.800000000000000000e+01,5.180000000000000000e+02,1.400000000000000000e+01,1.940000000000000000e+02,4.000000000000000000e+00,1.453000000000000000e+03,7.580000000000000000e+02,6.460000000000000000e+02,4.900000000000000000e+01,6.390000000000000000e+02,5.000000000000000000e+00,0.000000000000000000e+00,3.360000000000000000e+02,1.083000000000000000e+03,6.220000000000000000e+02,8.120000000000000000e+02,1.133000000000000000e+03,0.000000000000000000e+00,4.658000000000000000e+03,3.700000000000000000e+02,1.601000000000000000e+03,1.231000000000000000e+03,1.700000000000000000e+01,2.000000000000000000e+00,1.419000000000000000e+03,0.000000000000000000e+00,3.950000000000000000e+02,0.000000000000000000e+00,1.900000000000000000e+01,6.400000000000000000e+01,1.500000000000000000e+01,8.000000000000000000e+00,4.000000000000000000e+00,8.320000000000000000e+02,3.400000000000000000e+01,3.010000000000000000e+02,2.470000000000000000e+02,1.820000000000000000e+02,6.430000000000000000e+02,1.480000000000000000e+02,6.890000000000000000e+02,1.000000000000000000e+00,1.800000000000000000e+01,1.600000000000000000e+01,8.110000000000000000e+02,1.800000000000000000e+01,5.430000000000000000e+02,6.090000000000000000e+02,5.300000000000000000e+01,4.030000000000000000e+02,4.669000000000000000e+03,1.000000000000000000e+00,1.300000000000000000e+01,1.924000000000000000e+03,6.000000000000000000e+00,4.400000000000000000e+01,2.460000000000000000e+02,1.157000000000000000e+03,4.640000000000000000e+02,1.780000000000000000e+02,9.890000000000000000e+02,7.000000000000000000e+01,1.000000000000000000e+00,7.100000000000000000e+02,8.000000000000000000e+00,1.000000000000000000e+00,1.540000000000000000e+02,5.000000000000000000e+00,2.100000000000000000e+01,4.000000000000000000e+00,4.500000000000000000e+03,1.530000000000000000e+03,2.290000000000000000e+02,4.000000000000000000e+00,2.540000000000000000e+02,1.960000000000000000e+02,7.000000000000000000e+01,2.900000000000000000e+01,8.000000000000000000e+00,3.300000000000000000e+02,4.460000000000000000e+02,1.020000000000000000e+02,9.050000000000000000e+02,9.000000000000000000e+00,0.000000000000000000e+00,1.596000000000000000e+03,9.470000000000000000e+02,2.200000000000000000e+01,6.400000000000000000e+01,2.322000000000000000e+03,6.000000000000000000e+00,2.100000000000000000e+02,1.160000000000000000e+03,3.000000000000000000e+00,3.230000000000000000e+02,6.000000000000000000e+00,0.000000000000000000e+00,4.380000000000000000e+02,1.770000000000000000e+02,7.390000000000000000e+02,1.900000000000000000e+01,6.800000000000000000e+01,4.600000000000000000e+01,3.400000000000000000e+01,2.000000000000000000e+00,1.270000000000000000e+02,5.200000000000000000e+01,5.700000000000000000e+01,2.310000000000000000e+02,8.500000000000000000e+01,5.200000000000000000e+01,1.953000000000000000e+03,4.400000000000000000e+02,1.498000000000000000e+03,2.310000000000000000e+02,4.000000000000000000e+00,7.600000000000000000e+01,4.450000000000000000e+02,7.060000000000000000e+02,3.200000000000000000e+01,6.560000000000000000e+02,1.050000000000000000e+02,1.210000000000000000e+02,7.010000000000000000e+02,5.100000000000000000e+01,3.300000000000000000e+01,4.731000000000000000e+03,4.600000000000000000e+01,1.220000000000000000e+02,1.499000000000000000e+03,5.240000000000000000e+02,1.000000000000000000e+00,2.000000000000000000e+01,7.300000000000000000e+02,2.210000000000000000e+02,7.590000000000000000e+02,6.320000000000000000e+02,1.526000000000000000e+03,1.037000000000000000e+03,7.920000000000000000e+02,7.650000000000000000e+02,7.000000000000000000e+00,1.482000000000000000e+03,1.244000000000000000e+03,2.120000000000000000e+02,1.124000000000000000e+03,5.000000000000000000e+00,1.000000000000000000e+00,3.540000000000000000e+02,4.000000000000000000e+00,9.150000000000000000e+02,3.300000000000000000e+01,1.500000000000000000e+01,5.000000000000000000e+00,1.000000000000000000e+00,4.900000000000000000e+01,6.000000000000000000e+00,1.183000000000000000e+03,1.469000000000000000e+03,2.001000000000000000e+03,1.000000000000000000e+00,7.520000000000000000e+02
1.080000000000000000e+02,1.740000000000000000e+02,6.500000000000000000e+01,4.100000000000000000e+01,5.500000000000000000e+01,1.500000000000000000e+01,0.000000000000000000e+00,6.000000000000000000e+00,1.070000000000000000e+02,0.000000000000000000e+00,0.000000000000000000e+00,0.000000000000000000e+00,3.000000000000000000e+01,1.580000000000000000e+02,0.000000000000000000e+00,0.000000000000000000e+00,1.000000000000000000e+01,6.400000000000000000e+01,4.200000000000000000e+01,0.000000000000000000e+00,1.900000000000000000e+01,1.000000000000000000e+01,6.400000000000000000e+01,2.480000000000000000e+02,0.000000000000000000e+00,7.800000000000000000e+01,4.600000000000000000e+01,1.030000000000000000e+02,1.860000000000000000e+02,2.670000000000000000e+02,4.500000000000000000e+01,5.600000000000000000e+01,0.000000000000000000e+00,8.400000000000000000e+01,0.000000000000000000e+00,1.140000000000000000e+02,0.000000000000000000e+00,9.700000000000000000e+01,3.600000000000000000e+01,3.400000000000000000e+02,0.000000000000000000e+00,1.590000000000000000e+02,0.000000000000000000e+00,1.120000000000000000e+02,0.000000000000000000e+00,2.100000000000000000e+01,0.000000000000000000e+00,0.000000000000000000e+00,1.200000000000000000e+01,0.000000000000000000e+00,0.000000000000000000e+00,6.000000000000000000e+00,3.000000000000000000e+01,0.000000000000000000e+00,9.400000000000000000e+01,8.200000000000000000e+01,0.000000000000000000e+00,7.300000000000000000e+01,5.500000000000000000e+01,3.800000000000000000e+01,0.000000000000000000e+00,1.800000000000000000e+01,3.800000000000000000e+01,3.400000000000000000e+01,6.000000000000000000e+00,3.450000000000000000e+02,4.400000000000000000e+01,3.900000000000000000e+01,2.400000000000000000e+01,0.000000000000000000e+00,1.120000000000000000e+02,6.500000000000000000e+01,6.600000000000000000e+01,6.700000000000000000e+01,7.000000000000000000e+00,4.600000000000000000e+01,6.000000000000000000e+00,1.450000000000000000e+02,2.400000000000000000e+01,1.930000000000000000e+02,6.010000000000000000e+02,8.100000000000000000e+01,9.400000000000000000e+01,2.700000000000000000e+01,0.000000000000000000e+00,1.510000000000000000e+02,2.700000000000000000e+01,8.000000000000000000e+00,8.300000000000000000e+01,2.430000000000000000e+02,1.400000000000000000e+01,3.000000000000000000e+01,2.550000000000000000e+02,7.600000000000000000e+01,2.000000000000000000e+01,0.000000000000000000e+00,7.100000000000000000e+01,2.220000000000000000e+02,0.000000000000000000e+00,0.000000000000000000e+00,4.000000000000000000e+00,0.000000000000000000e+00,2.530000000000000000e+02,1.600000000000000000e+01,1.010000000000000000e+02,2.000000000000000000e+00,3.400000000000000000e+01,4.000000000000000000e+00,2.530000000000000000e+02,1.130000000000000000e+02,1.980000000000000000e+02,1.500000000000000000e+01,1.150000000000000000e+02,0.000000000000000000e+00,3.180000000000000000e+02,0.000000000000000000e+00,2.960000000000000000e+02,9.700000000000000000e+01,1.360000000000000000e+02,2.020000000000000000e+02,0.000000000000000000e+00,6.010000000000000000e+02,0.000000000000000000e+00,2.600000000000000000e+02,2.480000000000000000e+02,1.100000000000000000e+01,0.000000000000000000e+00,2.440000000000000000e+02,0.000000000000000000e+00,5.300000000000000000e+01,0.000000000000000000e+00,7.000000000000000000e+00,1.700000000000000000e+01,3.000000000000000000e+00,0.000000000000000000e+00,0.000000000000000000e+00,1.230000000000000000e+02,1.400000000000000000e+01,1.030000000000000000e+02,0.000000000000000000e+00,3.200000000000000000e+01,1.240000000000000000e+02,4.500000000000000000e+01,1.030000000000000000e+02,0.000000000000000000e+00,0.000000000000000000e+00,2.000000000000000000e+00,1.380000000000000000e+02,5.000000000000000000e+00,8.900000000000000000e+01,1.740000000000000000e+02,1.100000000000000000e+01,0.000000000000000000e+00,5.740000000000000000e+02,5.000000000000000000e+00,0.000000000000000000e+00,3.110000000000000000e+02,0.000000000000000000e+00,9.000000000000000000e+00,4.700000000000000000e+01,2.040000000000000000e+02,9.300000000000000000e+01,0.000000000000000000e+00,1.420000000000000000e+02,0.000000000000000000e+00,0.000000000000000000e+00,1.330000000000000000e+02,0.000000000000000000e+00,0.000000000000000000e+00,3.200000000000000000e+01,0.000000000000000000e+00,0.000000000000000000e+00,7.000000000000000000e+00,5.950000000000000000e+02,2.230000000000000000e+02,4.900000000000000000e+01,0.000000000000000000e+00,3.800000000000000000e+01,3.400000000000000000e+01,1.900000000000000000e+01,1.700000000000000000e+01,6.000000000000000000e+00,5.400000000000000000e+01,8.000000000000000000e+01,3.000000000000000000e+01,1.260000000000000000e+02,0.000000000000000000e+00,0.000000000000000000e+00,2.700000000000000000e+02,1.650000000000000000e+02,8.000000000000000000e+00,1.400000000000000000e+01,3.400000000000000000e+02,0.000000000000000000e+00,3.500000000000000000e+01,1.970000000000000000e+02,0.000000000000000000e+00,5.300000000000000000e+01,0.000000000000000000e+00,0.000000000000000000e+00,5.900000000000000000e+01,0.000000000000000000e+00,1.140000000000000000e+02,4.000000000000000000e+00,1.800000000000000000e+01,1.600000000000000000e+01,9.000000000000000000e+00,0.000000000000000000e+00,6.000000000000000000e+01,1.700000000000000000e+01,3.800000000000000000e+01,3.300000000000000000e+01,4.000000000000000000e+01,1.500000000000000000e+01,3.270000000000000000e+02,8.800000000000000000e+01,3.380000000000000000e+02,5.300000000000000000e+01,0.000000000000000000e+00,2.700000000000000000e+01,9.500000000000000000e+01,8.800000000000000000e+01,1.500000000000000000e+01,8.900000000000000000e+01,0.000000000000000000e+00,0.000000000000000000e+00,1.150000000000000000e+02,1.000000000000000000e+01,6.000000000000000000e+00,6.170000000000000000e+02,6.000000000000000000e+00,3.100000000000000000e+01,2.300000000000000000e+02,7.700000000000000000e+01,0.000000000000000000e+00,0.000000000000000000e+00,1.340000000000000000e+02,2.400000000000000000e+01,1.150000000000000000e+02,1.280000000000000000e+02,2.770000000000000000e+02,1.760000000000000000e+02,1.270000000000000000e+02,1.110000000000000000e+02,0.000000000000000000e+00,2.370000000000000000e+02,2.280000000000000000e+02,1.000000000000000000e+02,1.900000000000000000e+02,0.000000000000000000e+00,0.000000000000000000e+00,1.180000000000000000e+02,4.000000000000000000e+00,1.390000000000000000e+02,6.000000000000000000e+00,2.000000000000000000e+00,0.000000000000000000e+00,0.000000000000000000e+00,1.300000000000000000e+01,5.000000000000000000e+00,3.130000000000000000e+02,2.410000000000000000e+02,3.430000000000000000e+02,0.000000000000000000e+00,1.070000000000000000e+02
3.040000000000000000e+02,7.220000000000000000e+02,3.690000000000000000e+02,1.820000000000000000e+02,2.240000000000000000e+02,7.100000000000000000e+01,4.000000000000000000e+00,3.300000000000000000e+01,4.310000000000000000e+02,0.000000000000000000e+00,3.510000000000000000e+02,2.030000000000000000e+02,5.000000000000000000e+01,6.940000000000000000e+02,1.570000000000000000e+02,2.800000000000000000e+01,1.200000000000000000e+01,2.470000000000000000e+02,1.820000000000000000e+02,5.000000000000000000e+00,1.130000000000000000e+02,5.600000000000000000e+01,2.560000000000000000e+02,1.027000000000000000e+03,0.000000000000000000e+00,3.790000000000000000e+02,1.910000000000000000e+02,3.900000000000000000e+02,9.330000000000000000e+02,1.166000000000000000e+03,1.460000000000000000e+02,2.370000000000000000e+02,5.800000000000000000e+01,1.650000000000000000e+02,2.000000000000000000e+00,4.830000000000000000e+02,0.000000000000000000e+00,4.050000000000000000e+02,2.040000000000000000e+02,1.426000000000000000e+03,8.700000000000000000e+01,7.700000000000000000e+02,1.000000000000000000e+01,4.340000000000000000e+02,0.000000000000000000e+00,6.400000000000000000e+01,2.000000000000000000e+00,0.000000000000000000e+00,2.900000000000000000e+01,1.670000000000000000e+02,2.480000000000000000e+02,1.300000000000000000e+01,1.240000000000000000e+02,2.000000000000000000e+00,3.780000000000000000e+02,3.700000000000000000e+02,0.000000000000000000e+00,1.100000000000000000e+02,2.880000000000000000e+02,1.690000000000000000e+02,3.900000000000000000e+01,7.100000000000000000e+01,1.860000000000000000e+02,1.200000000000000000e+02,3.800000000000000000e+01,1.119000000000000000e+03,1.630000000000000000e+02,1.630000000000000000e+02,4.000000000000000000e+01,2.100000000000000000e+01,5.320000000000000000e+02,2.390000000000000000e+02,1.270000000000000000e+02,2.470000000000000000e+02,1.700000000000000000e+01,1.430000000000000000e+02,6.000000000000000000e+00,7.340000000000000000e+02,7.000000000000000000e+01,8.460000000000000000e+02,2.786000000000000000e+03,4.050000000000000000e+02,5.100000000000000000e+02,6.100000000000000000e+01,2.500000000000000000e+02,7.670000000000000000e+02,1.160000000000000000e+02,1.300000000000000000e+01,3.840000000000000000e+02,1.305000000000000000e+03,6.500000000000000000e+01,1.170000000000000000e+02,1.238000000000000000e+03,3.390000000000000000e+02,1.270000000000000000e+02,1.410000000000000000e+02,2.800000000000000000e+02,1.164000000000000000e+03,3.000000000000000000e+00,4.000000000000000000e+00,3.000000000000000000e+00,1.000000000000000000e+00,1.143000000000000000e+03,5.800000000000000000e+01,4.070000000000000000e+02,5.000000000000000000e+00,1.470000000000000000e+02,8.000000000000000000e+00,1.179000000000000000e+03,5.600000000000000000e+02,6.000000000000000000e+02,4.000000000000000000e+01,5.470000000000000000e+02,4.000000000000000000e+00,1.190000000000000000e+03,2.650000000000000000e+02,0.000000000000000000e+00,5.070000000000000000e+02,6.070000000000000000e+02,9.730000000000000000e+02,0.000000000000000000e+00,2.767000000000000000e+03,2.970000000000000000e+02,1.241000000000000000e+03,1.042000000000000000e+03,1.600000000000000000e+01,0.000000000000000000e+00,1.124000000000000000e+03,0.000000000000000000e+00,3.070000000000000000e+02,1.000000000000000000e+00,1.000000000000000000e+01,3.600000000000000000e+01,9.000000000000000000e+00,6.000000000000000000e+00,5.000000000000000000e+00,5.980000000000000000e+02,1.500000000000000000e+01,2.060000000000000000e+02,2.220000000000000000e+02,1.310000000000000000e+02,5.670000000000000000e+02,1.440000000000000000e+02,5.440000000000000000e+02,4.000000000000000000e+00,8.000000000000000000e+00,4.000000000000000000e+00,6.460000000000000000e+02,1.000000000000000000e+01,4.290000000000000000e+02,5.490000000000000000e+02,3.600000000000000000e+01,2.450000000000000000e+02,2.714000000000000000e+03,0.000000000000000000e+00,7.000000000000000000e+00,1.430000000000000000e+03,1.000000000000000000e+00,1.700000000000000000e+01,2.060000000000000000e+02,9.740000000000000000e+02,4.040000000000000000e+02,1.390000000000000000e+02,7.930000000000000000e+02,6.400000000000000000e+01,2.000000000000000000e+00,6.390000000000000000e+02,3.000000000000000000e+00,7.000000000000000000e+00,1.060000000000000000e+02,3.000000000000000000e+00,1.200000000000000000e+01,0.000000000000000000e+00,2.717000000000000000e+03,1.171000000000000000e+03,1.960000000000000000e+02,2.000000000000000000e+00,2.230000000000000000e+02,1.580000000000000000e+02,6.600000000000000000e+01,1.900000000000000000e+01,6.000000000000000000e+00,2.440000000000000000e+02,3.410000000000000000e+02,8.700000000000000000e+01,6.460000000000000000e+02,1.100000000000000000e+01,0.000000000000000000e+00,1.258000000000000000e+03,7.130000000000000000e+02,2.400000000000000000e+01,5.800000000000000000e+01,1.642000000000000000e+03,9.000000000000000000e+00,1.860000000000000000e+02,9.990000000000000000e+02,3.000000000000000000e+00,2.570000000000000000e+02,2.000000000000000000e+00,0.000000000000000000e+00,3.110000000000000000e+02,1.060000000000000000e+02,6.120000000000000000e+02,1.700000000000000000e+01,4.500000000000000000e+01,4.300000000000000000e+01,2.700000000000000000e+01,0.000000000000000000e+00,8.800000000000000000e+01,4.100000000000000000e+01,4.500000000000000000e+01,1.770000000000000000e+02,7.200000000000000000e+01,3.200000000000000000e+01,1.481000000000000000e+03,3.640000000000000000e+02,1.156000000000000000e+03,1.820000000000000000e+02,1.000000000000000000e+00,4.700000000000000000e+01,5.240000000000000000e+02,4.590000000000000000e+02,2.000000000000000000e+01,4.370000000000000000e+02,8.000000000000000000e+01,9.000000000000000000e+01,5.530000000000000000e+02,4.400000000000000000e+01,2.400000000000000000e+01,2.810000000000000000e+03,5.200000000000000000e+01,9.000000000000000000e+01,1.205000000000000000e+03,4.110000000000000000e+02,0.000000000000000000e+00,1.000000000000000000e+01,5.750000000000000000e+02,2.010000000000000000e+02,5.420000000000000000e+02,5.640000000000000000e+02,1.186000000000000000e+03,8.820000000000000000e+02,5.740000000000000000e+02,5.600000000000000000e+02,4.000000000000000000e+00,1.170000000000000000e+03,9.680000000000000000e+02,2.120000000000000000e+02,9.200000000000000000e+02,6.000000000000000000e+00,2.000000000000000000e+00,2.960000000000000000e+02,2.000000000000000000e+00,7.230000000000000000e+02,1.800000000000000000e+01,1.800000000000000000e+01,3.000000000000000000e+00,0.000000000000000000e+00,2.300000000000000000e+01,8.000000000000000000e+00,1.015000000000000000e+03,1.165000000000000000e+03,1.515000000000000000e+03,4.000000000000000000e+00,6.480000000000000000e+02
7.910000000000000000e+02,8.910000000000000000e+02,2.600000000000000000e+02,1.280000000000000000e+02,1.940000000000000000e+02,9.100000000000000000e+01,9.000000000000000000e+00,4.600000000000000000e+01,3.310000000000000000e+02,2.000000000000000000e+00,3.110000000000000000e+02,2.350000000000000000e+02,1.540000000000000000e+02,9.020000000000000000e+02,1.310000000000000000e+02,3.000000000000000000e+01,3.500000000000000000e+01,3.750000000000000000e+02,2.990000000000000000e+02,0.000000000000000000e+00,1.040000000000000000e+02,8.700000000000000000e+01,3.260000000000000000e+02,1.183000000000000000e+03,3.000000000000000000e+00,3.030000000000000000e+02,1.570000000000000000e+02,4.980000000000000000e+02,1.034000000000000000e+03,1.482000000000000000e+03,3.500000000000000000e+02,3.750000000000000000e+02,7.700000000000000000e+01,6.210000000000000000e+02,6.000000000000000000e+00,5.170000000000000000e+02,8.000000000000000000e+00,4.730000000000000000e+02,1.340000000000000000e+02,1.799000000000000000e+03,8.300000000000000000e+01,8.270000000000000000e+02,1.400000000000000000e+01,6.490000000000000000e+02,5.000000000000000000e+00,5.300000000000000000e+01,1.000000000000000000e+00,5.000000000000000000e+00,3.800000000000000000e+01,1.650000000000000000e+02,2.250000000000000000e+02,5.100000000000000000e+01,1.770000000000000000e+02,3.000000000000000000e+00,5.680000000000000000e+02,5.540000000000000000e+02,1.000000000000000000e+01,6.050000000000000000e+02,2.410000000000000000e+02,1.140000000000000000e+02,7.800000000000000000e+01,6.700000000000000000e+01,1.770000000000000000e+02,2.110000000000000000e+02,4.300000000000000000e+01,1.415000000000000000e+03,3.360000000000000000e+02,2.500000000000000000e+02,4.800000000000000000e+01,3.500000000000000000e+01,6.050000000000000000e+02,2.010000000000000000e+02,4.920000000000000000e+02,3.530000000000000000e+02,1.900000000000000000e+01,3.750000000000000000e+02,4.000000000000000000e+01,8.930000000000000000e+02,5.200000000000000000e+01,1.160000000000000000e+03,2.499000000000000000e+03,5.170000000000000000e+02,5.450000000000000000e+02,1.050000000000000000e+02,2.770000000000000000e+02,9.000000000000000000e+02,2.540000000000000000e+02,3.400000000000000000e+01,5.390000000000000000e+02,1.312000000000000000e+03,5.200000000000000000e+01,1.050000000000000000e+02,1.300000000000000000e+03,5.080000000000000000e+02,8.300000000000000000e+01,1.380000000000000000e+02,3.520000000000000000e+02,1.412000000000000000e+03,5.000000000000000000e+00,1.000000000000000000e+01,3.000000000000000000e+01,8.000000000000000000e+00,1.204000000000000000e+03,5.900000000000000000e+01,5.250000000000000000e+02,3.300000000000000000e+01,1.220000000000000000e+02,1.700000000000000000e+01,1.280000000000000000e+03,5.840000000000000000e+02,1.115000000000000000e+03,5.900000000000000000e+01,7.200000000000000000e+02,6.000000000000000000e+00,1.481000000000000000e+03,2.320000000000000000e+02,1.208000000000000000e+03,0.000000000000000000e+00,8.090000000000000000e+02,1.163000000000000000e+03,9.000000000000000000e+00,2.396000000000000000e+03,2.740000000000000000e+02,1.345000000000000000e+03,1.106000000000000000e+03,2.400000000000000000e+01,1.000000000000000000e+00,1.426000000000000000e+03,6.000000000000000000e+00,2.440000000000000000e+02,4.000000000000000000e+00,8.000000000000000000e+01,4.500000000000000000e+01,4.000000000000000000e+00,2.400000000000000000e+01,4.000000000000000000e+00,8.760000000000000000e+02,8.900000000000000000e+01,6.300000000000000000e+02,1.920000000000000000e+02,1.560000000000000000e+02,8.480000000000000000e+02,3.540000000000000000e+02,5.690000000000000000e+02,4.000000000000000000e+00,3.000000000000000000e+01,2.200000000000000000e+01,8.280000000000000000e+02,2.200000000000000000e+01,2.870000000000000000e+02,9.310000000000000000e+02,4.700000000000000000e+01,2.640000000000000000e+02,2.604000000000000000e+03,1.500000000000000000e+01,2.500000000000000000e+01,1.475000000000000000e+03,1.000000000000000000e+00,7.500000000000000000e+01,1.840000000000000000e+02,9.870000000000000000e+02,5.590000000000000000e+02,1.370000000000000000e+02,1.016000000000000000e+03,1.120000000000000000e+02,2.300000000000000000e+01,8.200000000000000000e+02,1.000000000000000000e+00,1.300000000000000000e+01,2.180000000000000000e+02,5.000000000000000000e+00,5.300000000000000000e+01,2.200000000000000000e+01,2.518000000000000000e+03,1.241000000000000000e+03,1.560000000000000000e+02,3.000000000000000000e+00,1.770000000000000000e+02,1.480000000000000000e+02,1.220000000000000000e+02,6.700000000000000000e+01,5.500000000000000000e+01,1.760000000000000000e+02,2.590000000000000000e+02,1.180000000000000000e+02,4.330000000000000000e+02,2.700000000000000000e+01,2.000000000000000000e+00,1.409000000000000000e+03,8.320000000000000000e+02,6.900000000000000000e+01,1.090000000000000000e+02,1.688000000000000000e+03,1.700000000000000000e+01,1.690000000000000000e+02,1.049000000000000000e+03,1.500000000000000000e+01,3.990000000000000000e+02,8.000000000000000000e+00,0.000000000000000000e+00,2.350000000000000000e+02,1.050000000000000000e+02,8.150000000000000000e+02,3.700000000000000000e+01,6.300000000000000000e+01,2.600000000000000000e+01,3.400000000000000000e+01,2.000000000000000000e+00,4.130000000000000000e+02,5.600000000000000000e+01,2.830000000000000000e+02,1.630000000000000000e+02,1.970000000000000000e+02,5.700000000000000000e+01,1.922000000000000000e+03,5.750000000000000000e+02,1.414000000000000000e+03,2.580000000000000000e+02,2.000000000000000000e+00,1.250000000000000000e+02,3.090000000000000000e+02,5.140000000000000000e+02,1.770000000000000000e+02,5.350000000000000000e+02,1.280000000000000000e+02,1.310000000000000000e+02,7.170000000000000000e+02,5.500000000000000000e+01,4.700000000000000000e+01,2.501000000000000000e+03,4.700000000000000000e+01,2.110000000000000000e+02,1.289000000000000000e+03,3.450000000000000000e+02,3.000000000000000000e+00,1.800000000000000000e+01,6.630000000000000000e+02,1.600000000000000000e+02,5.260000000000000000e+02,7.190000000000000000e+02,1.271000000000000000e+03,1.037000000000000000e+03,8.020000000000000000e+02,5.070000000000000000e+02,1.500000000000000000e+01,1.417000000000000000e+03,1.160000000000000000e+03,5.890000000000000000e+02,1.065000000000000000e+03,6.000000000000000000e+00,4.000000000000000000e+00,8.090000000000000000e+02,2.400000000000000000e+01,7.650000000000000000e+02,2.600000000000000000e+01,1.700000000000000000e+01,9.000000000000000000e+00,1.000000000000000000e+00,1.400000000000000000e+01,1.300000000000000000e+01,1.388000000000000000e+03,1.299000000000000000e+03,1.589000000000000000e+03,1.500000000000000000e+01,5.420000000000000000e+02
9.800000000000000000e+02,1.215000000000000000e+03,7.460000000000000000e+02,2.740000000000000000e+02,3.910000000000000000e+02,1.510000000000000000e+02,6.000000000000000000e+00,2.900000000000000000e+01,6.400000000000000000e+02,2.000000000000000000e+00,3.620000000000000000e+02,3.330000000000000000e+02,4.500000000000000000e+01,1.128000000000000000e+03,1.430000000000000000e+02,4.100000000000000000e+01,3.600000000000000000e+01,4.890000000000000000e+02,3.920000000000000000e+02,6.000000000000000000e+00,2.040000000000000000e+02,2.210000000000000000e+02,4.940000000000000000e+02,1.401000000000000000e+03,2.000000000000000000e+00,5.770000000000000000e+02,3.050000000000000000e+02,7.090000000000000000e+02,1.311000000000000000e+03,1.521000000000000000e+03,1.670000000000000000e+02,4.250000000000000000e+02,1.380000000000000000e+02,7.840000000000000000e+02,2.000000000000000000e+00,6.790000000000000000e+02,2.000000000000000000e+00,6.790000000000000000e+02,3.000000000000000000e+02,1.644000000000000000e+03,1.260000000000000000e+02,1.158000000000000000e+03,1.700000000000000000e+01,6.140000000000000000e+02,1.100000000000000000e+01,1.290000000000000000e+02,3.000000000000000000e+00,5.000000000000000000e+00,7.600000000000000000e+01,2.730000000000000000e+02,3.480000000000000000e+02,6.400000000000000000e+01,3.760000000000000000e+02,2.000000000000000000e+00,7.320000000000000000e+02,7.090000000000000000e+02,4.000000000000000000e+00,7.980000000000000000e+02,4.390000000000000000e+02,2.740000000000000000e+02,1.260000000000000000e+02,2.050000000000000000e+02,3.070000000000000000e+02,2.500000000000000000e+02,8.200000000000000000e+01,1.633000000000000000e+03,2.750000000000000000e+02,3.370000000000000000e+02,7.500000000000000000e+01,6.800000000000000000e+01,8.920000000000000000e+02,3.270000000000000000e+02,5.110000000000000000e+02,4.990000000000000000e+02,2.900000000000000000e+01,3.930000000000000000e+02,5.000000000000000000e+01,1.240000000000000000e+03,1.570000000000000000e+02,1.237000000000000000e+03,2.649000000000000000e+03,5.860000000000000000e+02,7.030000000000000000e+02,1.750000000000000000e+02,3.230000000000000000e+02,1.262000000000000000e+03,6.900000000000000000e+01,2.700000000000000000e+01,7.070000000000000000e+02,1.566000000000000000e+03,1.160000000000000000e+02,2.260000000000000000e+02,1.566000000000000000e+03,6.930000000000000000e+02,2.280000000000000000e+02,2.060000000000000000e+02,4.640000000000000000e+02,1.533000000000000000e+03,8.000000000000000000e+00,1.100000000000000000e+01,3.800000000000000000e+01,1.200000000000000000e+01,1.534000000000000000e+03,1.240000000000000000e+02,6.680000000000000000e+02,8.000000000000000000e+00,1.630000000000000000e+02,4.000000000000000000e+00,1.584000000000000000e+03,7.010000000000000000e+02,1.391000000000000000e+03,7.300000000000000000e+01,1.014000000000000000e+03,8.000000000000000000e+00,1.779000000000000000e+03,2.930000000000000000e+02,1.491000000000000000e+03,7.020000000000000000e+02,0.000000000000000000e+00,1.254000000000000000e+03,6.000000000000000000e+00,2.744000000000000000e+03,3.410000000000000000e+02,1.336000000000000000e+03,1.398000000000000000e+03,1.900000000000000000e+01,3.000000000000000000e+00,1.569000000000000000e+03,1.000000000000000000e+00,4.710000000000000000e+02,0.000000000000000000e+00,8.700000000000000000e+01,8.600000000000000000e+01,1.600000000000000000e+01,2.500000000000000000e+01,1.800000000000000000e+01,1.109000000000000000e+03,2.000000000000000000e+01,8.120000000000000000e+02,2.600000000000000000e+02,2.180000000000000000e+02,1.123000000000000000e+03,3.530000000000000000e+02,6.420000000000000000e+02,0.000000000000000000e+00,2.900000000000000000e+01,2.300000000000000000e+01,1.172000000000000000e+03,1.300000000000000000e+01,5.750000000000000000e+02,1.238000000000000000e+03,8.100000000000000000e+01,3.220000000000000000e+02,2.664000000000000000e+03,1.700000000000000000e+01,1.700000000000000000e+01,1.764000000000000000e+03,3.000000000000000000e+00,1.430000000000000000e+02,4.350000000000000000e+02,1.351000000000000000e+03,7.040000000000000000e+02,1.450000000000000000e+02,1.260000000000000000e+03,1.260000000000000000e+02,8.000000000000000000e+00,9.890000000000000000e+02,5.000000000000000000e+00,8.000000000000000000e+00,8.000000000000000000e+01,1.100000000000000000e+01,5.500000000000000000e+01,5.000000000000000000e+01,2.771000000000000000e+03,1.524000000000000000e+03,3.410000000000000000e+02,1.200000000000000000e+01,3.670000000000000000e+02,2.980000000000000000e+02,1.480000000000000000e+02,1.360000000000000000e+02,7.100000000000000000e+01,4.050000000000000000e+02,5.480000000000000000e+02,1.280000000000000000e+02,7.100000000000000000e+02,1.500000000000000000e+01,0.000000000000000000e+00,1.478000000000000000e+03,1.157000000000000000e+03,1.230000000000000000e+02,1.940000000000000000e+02,1.878000000000000000e+03,1.800000000000000000e+01,3.640000000000000000e+02,1.241000000000000000e+03,1.200000000000000000e+01,5.640000000000000000e+02,5.000000000000000000e+00,2.000000000000000000e+00,4.480000000000000000e+02,1.300000000000000000e+02,1.012000000000000000e+03,3.200000000000000000e+01,1.050000000000000000e+02,8.700000000000000000e+01,7.300000000000000000e+01,1.000000000000000000e+00,5.330000000000000000e+02,9.100000000000000000e+01,3.740000000000000000e+02,3.080000000000000000e+02,1.510000000000000000e+02,8.000000000000000000e+01,1.722000000000000000e+03,6.920000000000000000e+02,1.677000000000000000e+03,3.970000000000000000e+02,3.000000000000000000e+00,4.600000000000000000e+01,6.000000000000000000e+02,5.950000000000000000e+02,1.990000000000000000e+02,6.470000000000000000e+02,2.310000000000000000e+02,1.730000000000000000e+02,1.063000000000000000e+03,1.080000000000000000e+02,6.500000000000000000e+01,2.726000000000000000e+03,8.900000000000000000e+01,1.130000000000000000e+02,1.439000000000000000e+03,6.070000000000000000e+02,1.000000000000000000e+00,4.200000000000000000e+01,9.560000000000000000e+02,3.690000000000000000e+02,6.590000000000000000e+02,1.005000000000000000e+03,1.544000000000000000e+03,1.349000000000000000e+03,9.890000000000000000e+02,7.240000000000000000e+02,2.700000000000000000e+01,1.531000000000000000e+03,1.302000000000000000e+03,8.360000000000000000e+02,1.376000000000000000e+03,8.000000000000000000e+00,0.000000000000000000e+00,9.520000000000000000e+02,3.500000000000000000e+01,1.093000000000000000e+03,4.300000000000000000e+01,3.500000000000000000e+01,1.000000000000000000e+01,1.000000000000000000e+00,7.200000000000000000e+01,1.800000000000000000e+01,1.614000000000000000e+03,1.571000000000000000e+03,1.861000000000000000e+03,9.000000000000000000e+00,7.080000000000000000e+02
1.111000000000000000e+03,1.311000000000000000e+03,8.340000000000000000e+02,2.570000000000000000e+02,4.010000000000000000e+02,9.700000000000000000e+01,0.000000000000000000e+00,7.000000000000000000e+00,8.150000000000000000e+02,0.000000000000000000e+00,4.890000000000000000e+02,3.540000000000000000e+02,2.600000000000000000e+01,1.175000000000000000e+03,2.070000000000000000e+02,4.300000000000000000e+01,1.400000000000000000e+01,3.720000000000000000e+02,3.180000000000000000e+02,2.000000000000000000e+00,1.970000000000000000e+02,1.630000000000000000e+02,4.810000000000000000e+02,1.828000000000000000e+03,1.000000000000000000e+00,6.190000000000000000e+02,3.380000000000000000e+02,6.340000000000000000e+02,1.447000000000000000e+03,1.924000000000000000e+03,1.480000000000000000e+02,3.870000000000000000e+02,9.600000000000000000e+01,6.350000000000000000e+02,3.000000000000000000e+00,8.410000000000000000e+02,3.000000000000000000e+00,6.770000000000000000e+02,3.390000000000000000e+02,2.165000000000000000e+03,1.370000000000000000e+02,1.205000000000000000e+03,9.000000000000000000e+00,3.710000000000000000e+02,4.000000000000000000e+00,1.170000000000000000e+02,9.000000000000000000e+00,5.000000000000000000e+00,4.000000000000000000e+01,2.880000000000000000e+02,4.340000000000000000e+02,1.800000000000000000e+01,3.970000000000000000e+02,4.000000000000000000e+00,6.130000000000000000e+02,6.650000000000000000e+02,2.000000000000000000e+00,7.160000000000000000e+02,5.150000000000000000e+02,3.150000000000000000e+02,7.000000000000000000e+01,1.830000000000000000e+02,3.400000000000000000e+02,2.010000000000000000e+02,6.700000000000000000e+01,2.071000000000000000e+03,1.270000000000000000e+02,2.570000000000000000e+02,4.800000000000000000e+01,4.600000000000000000e+01,9.320000000000000000e+02,4.430000000000000000e+02,4.520000000000000000e+02,4.170000000000000000e+02,2.100000000000000000e+01,3.150000000000000000e+02,2.000000000000000000e+01,1.361000000000000000e+03,1.010000000000000000e+02,1.428000000000000000e+03,3.780000000000000000e+03,6.610000000000000000e+02,8.590000000000000000e+02,1.060000000000000000e+02,3.870000000000000000e+02,1.323000000000000000e+03,5.900000000000000000e+01,1.700000000000000000e+01,6.380000000000000000e+02,1.854000000000000000e+03,9.600000000000000000e+01,1.920000000000000000e+02,1.972000000000000000e+03,6.850000000000000000e+02,2.030000000000000000e+02,2.500000000000000000e+02,4.710000000000000000e+02,1.790000000000000000e+03,6.000000000000000000e+00,6.000000000000000000e+00,3.900000000000000000e+01,1.000000000000000000e+00,1.840000000000000000e+03,1.060000000000000000e+02,7.080000000000000000e+02,1.000000000000000000e+00,2.290000000000000000e+02,1.000000000000000000e+00,1.891000000000000000e+03,8.840000000000000000e+02,1.578000000000000000e+03,5.200000000000000000e+01,9.610000000000000000e+02,2.000000000000000000e+00,2.283000000000000000e+03,3.890000000000000000e+02,1.815000000000000000e+03,7.700000000000000000e+02,9.700000000000000000e+02,0.000000000000000000e+00,1.000000000000000000e+00,3.858000000000000000e+03,4.270000000000000000e+02,1.795000000000000000e+03,1.607000000000000000e+03,1.000000000000000000e+01,9.000000000000000000e+00,1.849000000000000000e+03,0.000000000000000000e+00,4.700000000000000000e+02,0.000000000000000000e+00,2.900000000000000000e+01,6.900000000000000000e+01,1.600000000000000000e+01,2.700000000000000000e+01,7.000000000000000000e+00,9.690000000000000000e+02,8.000000000000000000e+00,7.670000000000000000e+02,3.430000000000000000e+02,2.100000000000000000e+02,1.027000000000000000e+03,2.650000000000000000e+02,7.410000000000000000e+02,1.000000000000000000e+00,1.700000000000000000e+01,1.200000000000000000e+01,1.010000000000000000e+03,1.300000000000000000e+01,6.670000000000000000e+02,1.337000000000000000e+03,6.600000000000000000e+01,4.450000000000000000e+02,3.670000000000000000e+03,6.000000000000000000e+00,1.600000000000000000e+01,2.159000000000000000e+03,6.000000000000000000e+00,9.700000000000000000e+01,3.850000000000000000e+02,1.524000000000000000e+03,5.750000000000000000e+02,1.780000000000000000e+02,1.343000000000000000e+03,7.200000000000000000e+01,6.000000000000000000e+00,8.780000000000000000e+02,5.000000000000000000e+00,5.000000000000000000e+00,4.500000000000000000e+01,5.000000000000000000e+00,4.100000000000000000e+01,3.700000000000000000e+01,3.818000000000000000e+03,1.784000000000000000e+03,3.430000000000000000e+02,2.000000000000000000e+00,3.780000000000000000e+02,2.920000000000000000e+02,1.090000000000000000e+02,9.300000000000000000e+01,5.600000000000000000e+01,4.530000000000000000e+02,5.810000000000000000e+02,1.550000000000000000e+02,9.390000000000000000e+02,7.000000000000000000e+00,0.000000000000000000e+00,1.918000000000000000e+03,1.181000000000000000e+03,8.200000000000000000e+01,1.100000000000000000e+02,2.498000000000000000e+03,1.900000000000000000e+01,3.480000000000000000e+02,1.430000000000000000e+03,4.000000000000000000e+00,4.490000000000000000e+02,6.000000000000000000e+00,0.000000000000000000e+00,4.870000000000000000e+02,1.880000000000000000e+02,9.930000000000000000e+02,7.000000000000000000e+00,6.600000000000000000e+01,6.300000000000000000e+01,5.000000000000000000e+01,0.000000000000000000e+00,4.820000000000000000e+02,6.800000000000000000e+01,2.440000000000000000e+02,2.840000000000000000e+02,7.300000000000000000e+01,6.400000000000000000e+01,2.264000000000000000e+03,6.010000000000000000e+02,2.084000000000000000e+03,2.950000000000000000e+02,5.000000000000000000e+00,1.900000000000000000e+01,6.670000000000000000e+02,8.270000000000000000e+02,1.410000000000000000e+02,7.900000000000000000e+02,1.640000000000000000e+02,1.370000000000000000e+02,9.600000000000000000e+02,7.600000000000000000e+01,3.200000000000000000e+01,3.858000000000000000e+03,6.900000000000000000e+01,4.500000000000000000e+01,1.767000000000000000e+03,7.510000000000000000e+02,0.000000000000000000e+00,1.800000000000000000e+01,9.900000000000000000e+02,3.520000000000000000e+02,9.060000000000000000e+02,1.021000000000000000e+03,1.948000000000000000e+03,1.360000000000000000e+03,1.096000000000000000e+03,8.470000000000000000e+02,6.000000000000000000e+00,1.812000000000000000e+03,1.470000000000000000e+03,7.800000000000000000e+02,1.485000000000000000e+03,9.000000000000000000e+00,2.000000000000000000e+00,9.330000000000000000e+02,5.000000000000000000e+00,1.205000000000000000e+03,3.600000000000000000e+01,2.600000000000000000e+01,5.000000000000000000e+00,0.000000000000000000e+00,5.700000000000000000e+01,1.700000000000000000e+01,1.988000000000000000e+03,1.810000000000000000e+03,2.281000000000000000e+03,9.000000000000000000e+00,9.240000000000000000e+02
4.150000000000000000e+02,3.730000000000000000e+02,1.630000000000000000e+02,1.150000000000000000e+02,1.480000000000000000e+02,1.540000000000000000e+02,0.000000000000000000e+00,1.260000000000000000e+02,1.930000000000000000e+02,0.000000000000000000e+00,0.000000000000000000e+00,0.000000000000000000e+00,3.530000000000000000e+02,3.630000000000000000e+02,0.000000000000000000e+00,0.000000000000000000e+00,1.210000000000000000e+02,3.720000000000000000e+02,3.660000000000000000e+02,0.000000000000000000e+00,1.660000000000000000e+02,1.510000000000000000e+02,3.560000000000000000e+02,3.910000000000000000e+02,0.000000000000000000e+00,1.350000000000000000e+02,1.560000000000000000e+02,4.090000000000000000e+02,4.180000000000000000e+02,4.080000000000000000e+02,3.590000000000000000e+02,3.770000000000000000e+02,0.000000000000000000e+00,3.940000000000000000e+02,0.000000000000000000e+00,1.650000000000000000e+02,0.000000000000000000e+00,3.730000000000000000e+02,1.400000000000000000e+02,4.120000000000000000e+02,0.000000000000000000e+00,3.910000000000000000e+02,0.000000000000000000e+00,3.900000000000000000e+02,0.000000000000000000e+00,1.360000000000000000e+02,0.000000000000000000e+00,0.000000000000000000e+00,1.630000000000000000e+02,0.000000000000000000e+00,0.000000000000000000e+00,1.490000000000000000e+02,1.600000000000000000e+02,0.000000000000000000e+00,3.680000000000000000e+02,3.740000000000000000e+02,0.000000000000000000e+00,3.910000000000000000e+02,1.600000000000000000e+02,1.260000000000000000e+02,0.000000000000000000e+00,1.460000000000000000e+02,1.650000000000000000e+02,4.170000000000000000e+02,1.270000000000000000e+02,3.840000000000000000e+02,3.730000000000000000e+02,3.510000000000000000e+02,3.060000000000000000e+02,0.000000000000000000e+00,3.680000000000000000e+02,1.330000000000000000e+02,4.390000000000000000e+02,3.830000000000000000e+02,1.240000000000000000e+02,4.160000000000000000e+02,1.550000000000000000e+02,4.120000000000000000e+02,1.670000000000000000e+02,4.180000000000000000e+02,4.860000000000000000e+02,1.680000000000000000e+02,1.540000000000000000e+02,1.570000000000000000e+02,0.000000000000000000e+00,4.060000000000000000e+02,3.940000000000000000e+02,1.320000000000000000e+02,3.980000000000000000e+02,4.030000000000000000e+02,1.250000000000000000e+02,1.410000000000000000e+02,4.220000000000000000e+02,4.000000000000000000e+02,1.320000000000000000e+02,0.000000000000000000e+00,3.700000000000000000e+02,4.120000000000000000e+02,0.000000000000000000e+00,0.000000000000000000e+00,1.440000000000000000e+02,0.000000000000000000e+00,3.830000000000000000e+02,1.100000000000000000e+02,4.080000000000000000e+02,1.380000000000000000e+02,1.340000000000000000e+02,1.010000000000000000e+02,3.550000000000000000e+02,1.560000000000000000e+02,4.250000000000000000e+02,1.380000000000000000e+02,3.880000000000000000e+02,0.000000000000000000e+00,3.740000000000000000e+02,0.000000000000000000e+00,4.000000000000000000e+02,1.580000000000000000e+02,3.790000000000000000e+02,3.920000000000000000e+02,0.000000000000000000e+00,4.590000000000000000e+02,0.000000000000000000e+00,3.750000000000000000e+02,3.830000000000000000e+02,1.370000000000000000e+02,0.000000000000000000e+00,4.000000000000000000e+02,0.000000000000000000e+00,1.390000000000000000e+02,0.000000000000000000e+00,3.770000000000000000e+02,1.530000000000000000e+02,9.700000000000000000e+01,0.000000000000000000e+00,0.000000000000000000e+00,3.890000000000000000e+02,3.360000000000000000e+02,3.980000000000000000e+02,0.000000000000000000e+00,1.330000000000000000e+02,4.070000000000000000e+02,4.180000000000000000e+02,1.470000000000000000e+02,0.000000000000000000e+00,0.000000000000000000e+00,1.250000000000000000e+02,4.100000000000000000e+02,1.330000000000000000e+02,1.610000000000000000e+02,3.960000000000000000e+02,1.540000000000000000e+02,0.000000000000000000e+00,4.780000000000000000e+02,9.500000000000000000e+01,0.000000000000000000e+00,3.910000000000000000e+02,0.000000000000000000e+00,1.440000000000000000e+02,1.490000000000000000e+02,3.770000000000000000e+02,3.550000000000000000e+02,0.000000000000000000e+00,3.820000000000000000e+02,0.000000000000000000e+00,0.000000000000000000e+00,3.970000000000000000e+02,0.000000000000000000e+00,0.000000000000000000e+00,3.770000000000000000e+02,0.000000000000000000e+00,0.000000000000000000e+00,1.440000000000000000e+02,4.600000000000000000e+02,4.020000000000000000e+02,1.590000000000000000e+02,0.000000000000000000e+00,1.410000000000000000e+02,1.720000000000000000e+02,2.990000000000000000e+02,1.510000000000000000e+02,1.520000000000000000e+02,1.270000000000000000e+02,1.360000000000000000e+02,1.370000000000000000e+02,1.270000000000000000e+02,0.000000000000000000e+00,0.000000000000000000e+00,4.070000000000000000e+02,4.180000000000000000e+02,1.770000000000000000e+02,1.630000000000000000e+02,4.420000000000000000e+02,0.000000000000000000e+00,1.440000000000000000e+02,3.900000000000000000e+02,0.000000000000000000e+00,3.240000000000000000e+02,0.000000000000000000e+00,0.000000000000000000e+00,1.210000000000000000e+02,0.000000000000000000e+00,3.700000000000000000e+02,1.450000000000000000e+02,3.630000000000000000e+02,1.110000000000000000e+02,1.430000000000000000e+02,0.000000000000000000e+00,4.260000000000000000e+02,1.160000000000000000e+02,4.130000000000000000e+02,1.350000000000000000e+02,3.970000000000000000e+02,1.110000000000000000e+02,3.610000000000000000e+02,3.620000000000000000e+02,4.060000000000000000e+02,3.740000000000000000e+02,0.000000000000000000e+00,3.270000000000000000e+02,1.580000000000000000e+02,1.670000000000000000e+02,4.390000000000000000e+02,2.070000000000000000e+02,0.000000000000000000e+00,0.000000000000000000e+00,4.070000000000000000e+02,1.410000000000000000e+02,1.190000000000000000e+02,4.600000000000000000e+02,1.410000000000000000e+02,3.690000000000000000e+02,3.730000000000000000e+02,1.480000000000000000e+02,0.000000000000000000e+00,0.000000000000000000e+00,4.160000000000000000e+02,1.520000000000000000e+02,1.780000000000000000e+02,3.530000000000000000e+02,4.050000000000000000e+02,3.720000000000000000e+02,4.060000000000000000e+02,1.740000000000000000e+02,0.000000000000000000e+00,4.150000000000000000e+02,3.560000000000000000e+02,4.070000000000000000e+02,4.120000000000000000e+02,0.000000000000000000e+00,0.000000000000000000e+00,3.670000000000000000e+02,1.520000000000000000e+02,3.840000000000000000e+02,1.340000000000000000e+02,1.290000000000000000e+02,0.000000000000000000e+00,0.000000000000000000e+00,1.310000000000000000e+02,1.230000000000000000e+02,4.070000000000000000e+02,4.090000000000000000e+02,4.270000000000000000e+02,0.000000000000000000e+00,1.620000000000000000e+02
7.600000000000000000e+01,9.400000000000000000e+01,4.700000000000000000e+01,2.600000000000000000e+01,1.300000000000000000e+01,5.000000000000000000e+00,0.000000000000000000e+00,0.000000000000000000e+00,6.200000000000000000e+01,0.000000000000000000e+00,7.300000000000000000e+01,2.000000000000000000e+01,9.000000000000000000e+00,5.200000000000000000e+01,3.100000000000000000e+01,2.000000000000000000e+00,3.000000000000000000e+00,1.400000000000000000e+01,1.300000000000000000e+01,0.000000000000000000e+00,1.000000000000000000e+01,4.000000000000000000e+00,3.200000000000000000e+01,1.830000000000000000e+02,0.000000000000000000e+00,4.200000000000000000e+01,2.900000000000000000e+01,3.900000000000000000e+01,7.900000000000000000e+01,1.710000000000000000e+02,1.300000000000000000e+01,2.000000000000000000e+01,1.000000000000000000e+00,3.900000000000000000e+01,0.000000000000000000e+00,0.000000000000000000e+00,0.000000000000000000e+00,5.100000000000000000e+01,2.000000000000000000e+01,2.680000000000000000e+02,9.000000000000000000e+00,1.040000000000000000e+02,0.000000000000000000e+00,3.800000000000000000e+01,0.000000000000000000e+00,8.000000000000000000e+00,0.000000000000000000e+00,0.000000000000000000e+00,1.000000000000000000e+00,1.300000000000000000e+01,3.900000000000000000e+01,0.000000000000000000e+00,2.900000000000000000e+01,0.000000000000000000e+00,3.200000000000000000e+01,3.700000000000000000e+01,0.000000000000000000e+00,4.200000000000000000e+01,5.000000000000000000e+01,2.700000000000000000e+01,5.000000000000000000e+00,8.000000000000000000e+00,1.700000000000000000e+01,9.000000000000000000e+00,3.000000000000000000e+00,2.330000000000000000e+02,1.600000000000000000e+01,9.000000000000000000e+00,4.000000000000000000e+00,3.000000000000000000e+00,5.700000000000000000e+01,3.000000000000000000e+01,2.500000000000000000e+01,1.700000000000000000e+01,0.000000000000000000e+00,1.100000000000000000e+01,0.000000000000000000e+00,4.800000000000000000e+01,4.000000000000000000e+00,1.160000000000000000e+02,0.000000000000000000e+00,0.000000000000000000e+00,0.000000000000000000e+00,2.000000000000000000e+00,4.200000000000000000e+01,7.900000000000000000e+01,1.500000000000000000e+01,1.000000000000000000e+00,2.300000000000000000e+01,1.290000000000000000e+02,9.000000000000000000e+00,1.300000000000000000e+01,1.170000000000000000e+02,3.200000000000000000e+01,6.000000000000000000e+00,1.600000000000000000e+01,2.200000000000000000e+01,1.770000000000000000e+02,0.000000000000000000e+00,1.000000000000000000e+00,4.000000000000000000e+00,0.000000000000000000e+00,1.540000000000000000e+02,1.000000000000000000e+00,6.400000000000000000e+01,4.000000000000000000e+00,1.700000000000000000e+01,0.000000000000000000e+00,1.730000000000000000e+02,0.000000000000000000e+00,1.480000000000000000e+02,3.000000000000000000e+00,6.000000000000000000e+01,1.000000000000000000e+00,2.680000000000000000e+02,2.800000000000000000e+01,1.820000000000000000e+02,1.010000000000000000e+02,7.200000000000000000e+01,1.170000000000000000e+02,0.000000000000000000e+00,0.000000000000000000e+00,4.600000000000000000e+01,2.020000000000000000e+02,1.300000000000000000e+02,2.000000000000000000e+00,1.000000000000000000e+00,1.700000000000000000e+02,0.000000000000000000e+00,4.500000000000000000e+01,0.000000000000000000e+00,1.000000000000000000e+00,6.000000000000000000e+00,0.000000000000000000e+00,2.000000000000000000e+00,1.000000000000000000e+00,5.900000000000000000e+01,1.000000000000000000e+00,3.300000000000000000e+01,2.100000000000000000e+01,1.900000000000000000e+01,3.100000000000000000e+01,7.000000000000000000e+00,0.000000000000000000e+00,0.000000000000000000e+00,1.000000000000000000e+00,1.000000000000000000e+00,6.900000000000000000e+01,0.000000000000000000e+00,2.600000000000000000e+01,1.010000000000000000e+02,4.000000000000000000e+00,3.500000000000000000e+01,0.000000000000000000e+00,0.000000000000000000e+00,0.000000000000000000e+00,2.830000000000000000e+02,0.000000000000000000e+00,3.000000000000000000e+00,2.000000000000000000e+01,1.270000000000000000e+02,2.600000000000000000e+01,2.600000000000000000e+01,1.060000000000000000e+02,5.000000000000000000e+00,0.000000000000000000e+00,7.300000000000000000e+01,0.000000000000000000e+00,0.000000000000000000e+00,6.000000000000000000e+00,2.000000000000000000e+00,4.000000000000000000e+00,2.000000000000000000e+00,0.000000000000000000e+00,2.010000000000000000e+02,2.800000000000000000e+01,0.000000000000000000e+00,1.100000000000000000e+01,2.900000000000000000e+01,8.000000000000000000e+00,7.000000000000000000e+00,2.000000000000000000e+00,4.200000000000000000e+01,4.800000000000000000e+01,2.000000000000000000e+01,8.600000000000000000e+01,1.000000000000000000e+00,0.000000000000000000e+00,1.930000000000000000e+02,7.900000000000000000e+01,5.000000000000000000e+00,3.000000000000000000e+00,3.160000000000000000e+02,1.000000000000000000e+00,6.000000000000000000e+00,1.120000000000000000e+02,0.000000000000000000e+00,1.900000000000000000e+01,0.000000000000000000e+00,0.000000000000000000e+00,5.000000000000000000e+01,3.000000000000000000e+01,6.400000000000000000e+01,2.000000000000000000e+00,3.000000000000000000e+00,4.000000000000000000e+00,1.000000000000000000e+00,0.000000000000000000e+00,1.400000000000000000e+01,1.000000000000000000e+00,1.200000000000000000e+01,2.800000000000000000e+01,4.000000000000000000e+00,5.000000000000000000e+00,2.870000000000000000e+02,2.700000000000000000e+01,2.200000000000000000e+02,1.700000000000000000e+01,0.000000000000000000e+00,5.000000000000000000e+00,5.100000000000000000e+01,0.000000000000000000e+00,4.000000000000000000e+00,0.000000000000000000e+00,7.000000000000000000e+00,4.000000000000000000e+00,6.700000000000000000e+01,5.000000000000000000e+00,1.000000000000000000e+00,0.000000000000000000e+00,0.000000000000000000e+00,8.000000000000000000e+00,2.000000000000000000e+02,6.300000000000000000e+01,0.000000000000000000e+00,1.000000000000000000e+00,6.400000000000000000e+01,1.700000000000000000e+01,0.000000000000000000e+00,8.400000000000000000e+01,1.000000000000000000e+02,1.110000000000000000e+02,4.800000000000000000e+01,0.000000000000000000e+00,2.000000000000000000e+00,1.930000000000000000e+02,1.320000000000000000e+02,4.600000000000000000e+01,6.400000000000000000e+01,0.000000000000000000e+00,0.000000000000000000e+00,6.200000000000000000e+01,0.000000000000000000e+00,9.000000000000000000e+01,0.000000000000000000e+00,1.000000000000000000e+00,0.000000000000000000e+00,0.000000000000000000e+00,6.000000000000000000e+00,1.000000000000000000e+00,1.920000000000000000e+02,1.020000000000000000e+02,3.130000000000000000e+02,0.000000000000000000e+00,0.000000000000000000e+00
1.130000000000000000e+02,1.290000000000000000e+02,7.500000000000000000e+01,3.800000000000000000e+01,5.000000000000000000e+01,6.000000000000000000e+00,0.000000000000000000e+00,7.000000000000000000e+00,8.800000000000000000e+01,0.000000000000000000e+00,0.000000000000000000e+00,0.000000000000000000e+00,1.100000000000000000e+01,1.320000000000000000e+02,0.000000000000000000e+00,0.000000000000000000e+00,1.000000000000000000e+00,3.600000000000000000e+01,3.800000000000000000e+01,0.000000000000000000e+00,1.300000000000000000e+01,1.400000000000000000e+01,6.100000000000000000e+01,2.270000000000000000e+02,0.000000000000000000e+00,7.800000000000000000e+01,3.500000000000000000e+01,6.300000000000000000e+01,1.680000000000000000e+02,2.490000000000000000e+02,2.700000000000000000e+01,4.200000000000000000e+01,0.000000000000000000e+00,6.800000000000000000e+01,0.000000000000000000e+00,1.030000000000000000e+02,0.000000000000000000e+00,7.000000000000000000e+01,3.100000000000000000e+01,3.130000000000000000e+02,0.000000000000000000e+00,1.220000000000000000e+02,0.000000000000000000e+00,5.700000000000000000e+01,0.000000000000000000e+00,1.600000000000000000e+01,0.000000000000000000e+00,0.000000000000000000e+00,5.000000000000000000e+00,0.000000000000000000e+00,0.000000000000000000e+00,5.000000000000000000e+00,2.600000000000000000e+01,0.000000000000000000e+00,7.200000000000000000e+01,8.000000000000000000e+01,0.000000000000000000e+00,6.700000000000000000e+01,5.700000000000000000e+01,4.800000000000000000e+01,0.000000000000000000e+00,2.100000000000000000e+01,4.500000000000000000e+01,2.300000000000000000e+01,7.000000000000000000e+00,2.650000000000000000e+02,2.700000000000000000e+01,3.800000000000000000e+01,1.200000000000000000e+01,0.000000000000000000e+00,9.500000000000000000e+01,4.000000000000000000e+01,3.200000000000000000e+01,5.200000000000000000e+01,8.000000000000000000e+00,3.600000000000000000e+01,9.000000000000000000e+00,1.190000000000000000e+02,1.900000000000000000e+01,2.040000000000000000e+02,7.870000000000000000e+02,7.100000000000000000e+01,9.400000000000000000e+01,7.000000000000000000e+00,0.000000000000000000e+00,1.380000000000000000e+02,1.700000000000000000e+01,6.000000000000000000e+00,6.400000000000000000e+01,2.350000000000000000e+02,8.000000000000000000e+00,1.800000000000000000e+01,2.630000000000000000e+02,7.100000000000000000e+01,1.400000000000000000e+01,0.000000000000000000e+00,6.900000000000000000e+01,2.410000000000000000e+02,0.000000000000000000e+00,0.000000000000000000e+00,7.000000000000000000e+00,0.000000000000000000e+00,2.630000000000000000e+02,1.000000000000000000e+01,7.800000000000000000e+01,2.000000000000000000e+00,2.400000000000000000e+01,0.000000000000000000e+00,2.400000000000000000e+02,1.220000000000000000e+02,1.830000000000000000e+02,4.000000000000000000e+00,1.040000000000000000e+02,0.000000000000000000e+00,3.070000000000000000e+02,0.000000000000000000e+00,2.410000000000000000e+02,9.800000000000000000e+01,9.300000000000000000e+01,1.750000000000000000e+02,0.000000000000000000e+00,7.940000000000000000e+02,0.000000000000000000e+00,2.640000000000000000e+02,1.740000000000000000e+02,3.000000000000000000e+00,0.000000000000000000e+00,2.530000000000000000e+02,0.000000000000000000e+00,3.900000000000000000e+01,0.000000000000000000e+00,1.500000000000000000e+01,9.000000000000000000e+00,1.000000000000000000e+01,0.000000000000000000e+00,0.000000000000000000e+00,9.900000000000000000e+01,1.400000000000000000e+01,8.000000000000000000e+01,0.000000000000000000e+00,2.000000000000000000e+01,1.020000000000000000e+02,4.700000000000000000e+01,9.200000000000000000e+01,0.000000000000000000e+00,0.000000000000000000e+00,7.000000000000000000e+00,1.220000000000000000e+02,7.000000000000000000e+00,8.000000000000000000e+01,1.620000000000000000e+02,5.000000000000000000e+00,0.000000000000000000e+00,7.230000000000000000e+02,4.000000000000000000e+00,0.000000000000000000e+00,3.160000000000000000e+02,0.000000000000000000e+00,8.000000000000000000e+00,2.800000000000000000e+01,1.890000000000000000e+02,5.600000000000000000e+01,0.000000000000000000e+00,1.450000000000000000e+02,0.000000000000000000e+00,0.000000000000000000e+00,1.090000000000000000e+02,0.000000000000000000e+00,0.000000000000000000e+00,1.600000000000000000e+01,0.000000000000000000e+00,0.000000000000000000e+00,5.000000000000000000e+00,7.580000000000000000e+02,2.330000000000000000e+02,3.400000000000000000e+01,0.000000000000000000e+00,4.100000000000000000e+01,3.300000000000000000e+01,1.600000000000000000e+01,2.100000000000000000e+01,5.000000000000000000e+00,3.600000000000000000e+01,6.600000000000000000e+01,2.400000000000000000e+01,1.550000000000000000e+02,0.000000000000000000e+00,0.000000000000000000e+00,2.620000000000000000e+02,1.380000000000000000e+02,9.000000000000000000e+00,1.800000000000000000e+01,3.800000000000000000e+02,0.000000000000000000e+00,1.700000000000000000e+01,1.750000000000000000e+02,0.000000000000000000e+00,5.200000000000000000e+01,0.000000000000000000e+00,0.000000000000000000e+00,5.800000000000000000e+01,0.000000000000000000e+00,1.230000000000000000e+02,0.000000000000000000e+00,1.200000000000000000e+01,8.000000000000000000e+00,9.000000000000000000e+00,0.000000000000000000e+00,3.300000000000000000e+01,1.500000000000000000e+01,2.600000000000000000e+01,3.600000000000000000e+01,1.800000000000000000e+01,1.300000000000000000e+01,3.380000000000000000e+02,6.200000000000000000e+01,2.830000000000000000e+02,3.400000000000000000e+01,0.000000000000000000e+00,1.100000000000000000e+01,7.600000000000000000e+01,1.030000000000000000e+02,2.000000000000000000e+01,1.180000000000000000e+02,0.000000000000000000e+00,0.000000000000000000e+00,1.190000000000000000e+02,4.000000000000000000e+00,8.000000000000000000e+00,7.480000000000000000e+02,8.000000000000000000e+00,2.600000000000000000e+01,2.640000000000000000e+02,6.200000000000000000e+01,0.000000000000000000e+00,0.000000000000000000e+00,1.010000000000000000e+02,3.900000000000000000e+01,1.060000000000000000e+02,1.200000000000000000e+02,2.960000000000000000e+02,1.660000000000000000e+02,1.220000000000000000e+02,1.080000000000000000e+02,0.000000000000000000e+00,2.240000000000000000e+02,1.930000000000000000e+02,8.800000000000000000e+01,1.720000000000000000e+02,0.000000000000000000e+00,0.000000000000000000e+00,1.030000000000000000e+02,1.000000000000000000e+00,1.290000000000000000e+02,4.000000000000000000e+00,4.000000000000000000e+00,0.000000000000000000e+00,0.000000000000000000e+00,7.000000000000000000e+00,3.000000000000000000e+00,2.650000000000000000e+02,2.320000000000000000e+02,3.670000000000000000e+02,0.000000000000000000e+00,1.240000000000000000e+02
9.950000000000000000e+02,1.166000000000000000e+03,5.920000000000000000e+02,2.620000000000000000e+02,3.590000000000000000e+02,8.100000000000000000e+01,1.000000000000000000e+00,1.400000000000000000e+01,7.580000000000000000e+02,0.000000000000000000e+00,5.100000000000000000e+02,3.460000000000000000e+02,5.000000000000000000e+01,1.120000000000000000e+03,2.250000000000000000e+02,3.100000000000000000e+01,2.200000000000000000e+01,4.050000000000000000e+02,2.780000000000000000e+02,2.000000000000000000e+00,1.720000000000000000e+02,1.820000000000000000e+02,4.270000000000000000e+02,1.720000000000000000e+03,0.000000000000000000e+00,5.570000000000000000e+02,3.580000000000000000e+02,5.980000000000000000e+02,1.335000000000000000e+03,1.759000000000000000e+03,1.100000000000000000e+02,3.530000000000000000e+02,1.000000000000000000e+02,6.540000000000000000e+02,9.000000000000000000e+00,8.120000000000000000e+02,0.000000000000000000e+00,5.920000000000000000e+02,2.810000000000000000e+02,2.208000000000000000e+03,1.510000000000000000e+02,1.143000000000000000e+03,2.100000000000000000e+01,3.470000000000000000e+02,9.000000000000000000e+00,9.600000000000000000e+01,6.000000000000000000e+00,7.000000000000000000e+00,4.700000000000000000e+01,2.440000000000000000e+02,3.890000000000000000e+02,2.500000000000000000e+01,3.700000000000000000e+02,9.000000000000000000e+00,6.210000000000000000e+02,6.790000000000000000e+02,2.000000000000000000e+00,7.260000000000000000e+02,4.280000000000000000e+02,3.150000000000000000e+02,8.700000000000000000e+01,1.550000000000000000e+02,2.760000000000000000e+02,2.040000000000000000e+02,5.900000000000000000e+01,2.064000000000000000e+03,1.530000000000000000e+02,2.620000000000000000e+02,7.700000000000000000e+01,5.100000000000000000e+01,8.440000000000000000e+02,4.100000000000000000e+02,4.590000000000000000e+02,4.230000000000000000e+02,1.800000000000000000e+01,2.460000000000000000e+02,4.800000000000000000e+01,1.089000000000000000e+03,1.180000000000000000e+02,1.352000000000000000e+03,4.389000000000000000e+03,6.920000000000000000e+02,8.080000000000000000e+02,1.060000000000000000e+02,4.220000000000000000e+02,1.214000000000000000e+03,5.200000000000000000e+01,3.200000000000000000e+01,6.340000000000000000e+02,1.825000000000000000e+03,9.900000000000000000e+01,1.860000000000000000e+02,1.955000000000000000e+03,6.000000000000000000e+02,1.690000000000000000e+02,2.450000000000000000e+02,4.240000000000000000e+02,1.621000000000000000e+03,6.000000000000000000e+00,6.000000000000000000e+00,3.600000000000000000e+01,5.000000000000000000e+00,1.713000000000000000e+03,9.800000000000000000e+01,6.410000000000000000e+02,8.000000000000000000e+00,2.200000000000000000e+02,2.000000000000000000e+00,1.856000000000000000e+03,1.022000000000000000e+03,1.487000000000000000e+03,6.000000000000000000e+01,8.610000000000000000e+02,5.000000000000000000e+00,2.233000000000000000e+03,3.610000000000000000e+02,1.684000000000000000e+03,7.360000000000000000e+02,6.530000000000000000e+02,1.112000000000000000e+03,1.000000000000000000e+00,4.261000000000000000e+03,5.060000000000000000e+02,0.000000000000000000e+00,1.328000000000000000e+03,9.000000000000000000e+00,5.000000000000000000e+00,1.784000000000000000e+03,0.000000000000000000e+00,3.190000000000000000e+02,1.000000000000000000e+00,5.700000000000000000e+01,5.400000000000000000e+01,1.500000000000000000e+01,2.200000000000000000e+01,1.400000000000000000e+01,7.030000000000000000e+02,5.000000000000000000e+00,7.180000000000000000e+02,3.190000000000000000e+02,1.390000000000000000e+02,9.460000000000000000e+02,2.240000000000000000e+02,7.850000000000000000e+02,0.000000000000000000e+00,1.200000000000000000e+01,1.500000000000000000e+01,7.040000000000000000e+02,1.400000000000000000e+01,7.050000000000000000e+02,1.246000000000000000e+03,6.500000000000000000e+01,4.590000000000000000e+02,4.452000000000000000e+03,1.100000000000000000e+01,1.400000000000000000e+01,2.289000000000000000e+03,4.000000000000000000e+00,1.010000000000000000e+02,2.050000000000000000e+02,1.411000000000000000e+03,5.780000000000000000e+02,1.840000000000000000e+02,1.198000000000000000e+03,8.300000000000000000e+01,1.000000000000000000e+00,6.290000000000000000e+02,6.000000000000000000e+00,5.000000000000000000e+00,5.000000000000000000e+01,3.000000000000000000e+00,6.600000000000000000e+01,2.900000000000000000e+01,4.402000000000000000e+03,1.871000000000000000e+03,3.360000000000000000e+02,7.000000000000000000e+00,3.760000000000000000e+02,3.140000000000000000e+02,8.300000000000000000e+01,1.000000000000000000e+02,6.700000000000000000e+01,4.120000000000000000e+02,5.810000000000000000e+02,1.670000000000000000e+02,9.810000000000000000e+02,4.000000000000000000e+00,0.000000000000000000e+00,1.873000000000000000e+03,1.151000000000000000e+03,8.100000000000000000e+01,1.300000000000000000e+02,2.620000000000000000e+03,2.000000000000000000e+01,2.860000000000000000e+02,1.031000000000000000e+03,6.000000000000000000e+00,3.990000000000000000e+02,8.000000000000000000e+00,3.000000000000000000e+00,4.620000000000000000e+02,1.830000000000000000e+02,9.460000000000000000e+02,1.600000000000000000e+01,8.000000000000000000e+01,7.200000000000000000e+01,5.800000000000000000e+01,0.000000000000000000e+00,4.330000000000000000e+02,6.900000000000000000e+01,2.950000000000000000e+02,3.090000000000000000e+02,8.400000000000000000e+01,8.200000000000000000e+01,2.253000000000000000e+03,6.010000000000000000e+02,2.001000000000000000e+03,3.220000000000000000e+02,4.000000000000000000e+00,2.600000000000000000e+01,6.130000000000000000e+02,7.280000000000000000e+02,1.480000000000000000e+02,8.350000000000000000e+02,1.180000000000000000e+02,1.300000000000000000e+02,9.040000000000000000e+02,6.600000000000000000e+01,2.800000000000000000e+01,4.405000000000000000e+03,6.900000000000000000e+01,6.300000000000000000e+01,1.653000000000000000e+03,6.870000000000000000e+02,0.000000000000000000e+00,1.900000000000000000e+01,9.050000000000000000e+02,3.090000000000000000e+02,8.800000000000000000e+02,8.970000000000000000e+02,1.875000000000000000e+03,1.290000000000000000e+03,9.380000000000000000e+02,8.710000000000000000e+02,6.000000000000000000e+00,1.760000000000000000e+03,1.165000000000000000e+03,7.490000000000000000e+02,1.433000000000000000e+03,1.200000000000000000e+01,2.000000000000000000e+00,9.980000000000000000e+02,2.000000000000000000e+01,1.148000000000000000e+03,3.100000000000000000e+01,1.900000000000000000e+01,8.000000000000000000e+00,0.000000000000000000e+00,6.100000000000000000e+01,2.700000000000000000e+01,1.994000000000000000e+03,1.829000000000000000e+03,2.395000000000000000e+03,6.000000000000000000e+00,9.460000000000000000e+02
7.060000000000000000e+02,9.640000000000000000e+02,5.430000000000000000e+02,1.690000000000000000e+02,2.630000000000000000e+02,5.600000000000000000e+01,0.000000000000000000e+00,9.000000000000000000e+00,5.240000000000000000e+02,0.000000000000000000e+00,3.360000000000000000e+02,2.970000000000000000e+02,1.700000000000000000e+01,7.890000000000000000e+02,1.540000000000000000e+02,3.800000000000000000e+01,1.200000000000000000e+01,2.550000000000000000e+02,1.880000000000000000e+02,1.000000000000000000e+00,1.150000000000000000e+02,9.600000000000000000e+01,3.480000000000000000e+02,1.238000000000000000e+03,1.000000000000000000e+00,4.330000000000000000e+02,2.700000000000000000e+02,4.410000000000000000e+02,9.970000000000000000e+02,1.332000000000000000e+03,8.300000000000000000e+01,2.880000000000000000e+02,6.200000000000000000e+01,4.480000000000000000e+02,2.000000000000000000e+00,6.450000000000000000e+02,1.000000000000000000e+00,3.990000000000000000e+02,2.170000000000000000e+02,1.553000000000000000e+03,9.200000000000000000e+01,8.260000000000000000e+02,1.300000000000000000e+01,2.110000000000000000e+02,3.000000000000000000e+00,6.000000000000000000e+01,6.000000000000000000e+00,2.000000000000000000e+00,2.800000000000000000e+01,2.000000000000000000e+02,2.790000000000000000e+02,1.300000000000000000e+01,2.410000000000000000e+02,3.000000000000000000e+00,4.200000000000000000e+02,4.530000000000000000e+02,0.000000000000000000e+00,4.670000000000000000e+02,3.080000000000000000e+02,1.870000000000000000e+02,5.200000000000000000e+01,1.070000000000000000e+02,2.370000000000000000e+02,1.550000000000000000e+02,3.700000000000000000e+01,1.607000000000000000e+03,8.900000000000000000e+01,1.540000000000000000e+02,4.300000000000000000e+01,4.000000000000000000e+01,5.970000000000000000e+02,2.580000000000000000e+02,2.870000000000000000e+02,3.030000000000000000e+02,1.800000000000000000e+01,1.530000000000000000e+02,2.500000000000000000e+01,7.900000000000000000e+02,8.200000000000000000e+01,9.540000000000000000e+02,3.035000000000000000e+03,4.310000000000000000e+02,6.120000000000000000e+02,8.800000000000000000e+01,3.240000000000000000e+02,8.590000000000000000e+02,2.700000000000000000e+01,2.100000000000000000e+01,4.270000000000000000e+02,1.332000000000000000e+03,6.800000000000000000e+01,1.570000000000000000e+02,1.425000000000000000e+03,4.440000000000000000e+02,1.250000000000000000e+02,1.510000000000000000e+02,3.050000000000000000e+02,1.176000000000000000e+03,2.000000000000000000e+00,1.000000000000000000e+00,2.700000000000000000e+01,0.000000000000000000e+00,1.243000000000000000e+03,7.400000000000000000e+01,4.720000000000000000e+02,6.000000000000000000e+00,1.630000000000000000e+02,2.000000000000000000e+00,1.345000000000000000e+03,6.270000000000000000e+02,1.112000000000000000e+03,4.500000000000000000e+01,6.740000000000000000e+02,7.000000000000000000e+00,1.652000000000000000e+03,3.050000000000000000e+02,1.254000000000000000e+03,5.990000000000000000e+02,6.110000000000000000e+02,9.710000000000000000e+02,4.000000000000000000e+00,3.085000000000000000e+03,2.960000000000000000e+02,1.184000000000000000e+03,0.000000000000000000e+00,3.000000000000000000e+00,1.000000000000000000e+00,1.234000000000000000e+03,0.000000000000000000e+00,3.270000000000000000e+02,0.000000000000000000e+00,3.800000000000000000e+01,4.300000000000000000e+01,1.600000000000000000e+01,1.700000000000000000e+01,1.000000000000000000e+01,5.490000000000000000e+02,7.000000000000000000e+00,5.130000000000000000e+02,2.060000000000000000e+02,1.220000000000000000e+02,6.740000000000000000e+02,1.580000000000000000e+02,5.210000000000000000e+02,0.000000000000000000e+00,1.800000000000000000e+01,1.100000000000000000e+01,5.780000000000000000e+02,1.000000000000000000e+01,4.870000000000000000e+02,8.910000000000000000e+02,4.800000000000000000e+01,2.830000000000000000e+02,3.078000000000000000e+03,8.000000000000000000e+00,4.000000000000000000e+00,1.545000000000000000e+03,4.000000000000000000e+00,7.700000000000000000e+01,1.870000000000000000e+02,1.062000000000000000e+03,4.360000000000000000e+02,1.340000000000000000e+02,9.550000000000000000e+02,6.200000000000000000e+01,5.000000000000000000e+00,5.000000000000000000e+02,4.000000000000000000e+00,4.000000000000000000e+00,2.800000000000000000e+01,3.000000000000000000e+00,3.400000000000000000e+01,1.500000000000000000e+01,3.057000000000000000e+03,1.259000000000000000e+03,2.440000000000000000e+02,5.000000000000000000e+00,2.360000000000000000e+02,1.650000000000000000e+02,9.900000000000000000e+01,5.400000000000000000e+01,3.100000000000000000e+01,3.020000000000000000e+02,4.120000000000000000e+02,1.000000000000000000e+02,7.580000000000000000e+02,3.000000000000000000e+00,0.000000000000000000e+00,1.359000000000000000e+03,8.840000000000000000e+02,5.500000000000000000e+01,7.800000000000000000e+01,1.806000000000000000e+03,5.000000000000000000e+00,2.460000000000000000e+02,9.640000000000000000e+02,1.000000000000000000e+00,3.380000000000000000e+02,3.000000000000000000e+00,1.000000000000000000e+00,3.440000000000000000e+02,1.250000000000000000e+02,6.670000000000000000e+02,4.000000000000000000e+00,7.600000000000000000e+01,4.300000000000000000e+01,3.500000000000000000e+01,0.000000000000000000e+00,3.240000000000000000e+02,4.500000000000000000e+01,1.960000000000000000e+02,2.100000000000000000e+02,6.400000000000000000e+01,2.700000000000000000e+01,1.597000000000000000e+03,3.920000000000000000e+02,1.448000000000000000e+03,1.990000000000000000e+02,3.000000000000000000e+00,1.000000000000000000e+01,4.470000000000000000e+02,5.220000000000000000e+02,1.170000000000000000e+02,5.690000000000000000e+02,1.110000000000000000e+02,9.200000000000000000e+01,6.960000000000000000e+02,3.900000000000000000e+01,2.700000000000000000e+01,2.984000000000000000e+03,2.900000000000000000e+01,2.800000000000000000e+01,1.233000000000000000e+03,4.510000000000000000e+02,0.000000000000000000e+00,2.300000000000000000e+01,6.360000000000000000e+02,2.580000000000000000e+02,6.400000000000000000e+02,6.390000000000000000e+02,1.446000000000000000e+03,9.870000000000000000e+02,6.760000000000000000e+02,5.850000000000000000e+02,1.200000000000000000e+01,1.321000000000000000e+03,8.950000000000000000e+02,4.890000000000000000e+02,1.073000000000000000e+03,6.000000000000000000e+00,0.000000000000000000e+00,6.470000000000000000e+02,1.800000000000000000e+01,7.770000000000000000e+02,3.500000000000000000e+01,1.400000000000000000e+01,5.000000000000000000e+00,1.000000000000000000e+00,4.800000000000000000e+01,1.300000000000000000e+01,1.356000000000000000e+03,1.264000000000000000e+03,1.752000000000000000e+03,1.000000000000000000e+00,6.760000000000000000e+02
5.540000000000000000e+02,6.490000000000000000e+02,1.780000000000000000e+02,1.470000000000000000e+02,1.670000000000000000e+02,1.490000000000000000e+02,2.300000000000000000e+01,1.080000000000000000e+02,1.440000000000000000e+02,1.000000000000000000e+00,1.170000000000000000e+02,9.400000000000000000e+01,5.440000000000000000e+02,6.070000000000000000e+02,5.000000000000000000e+01,2.400000000000000000e+01,9.200000000000000000e+01,5.240000000000000000e+02,5.050000000000000000e+02,1.700000000000000000e+01,1.490000000000000000e+02,1.260000000000000000e+02,5.370000000000000000e+02,6.280000000000000000e+02,1.000000000000000000e+01,1.470000000000000000e+02,1.250000000000000000e+02,5.370000000000000000e+02,5.990000000000000000e+02,5.880000000000000000e+02,6.030000000000000000e+02,5.440000000000000000e+02,7.200000000000000000e+01,5.510000000000000000e+02,6.000000000000000000e+00,2.070000000000000000e+02,6.000000000000000000e+00,5.480000000000000000e+02,1.570000000000000000e+02,5.790000000000000000e+02,4.800000000000000000e+01,5.800000000000000000e+02,5.800000000000000000e+01,6.380000000000000000e+02,4.200000000000000000e+01,1.260000000000000000e+02,1.600000000000000000e+01,1.400000000000000000e+01,9.700000000000000000e+01,8.500000000000000000e+01,1.060000000000000000e+02,1.110000000000000000e+02,1.320000000000000000e+02,2.800000000000000000e+01,5.140000000000000000e+02,5.180000000000000000e+02,1.700000000000000000e+01,6.110000000000000000e+02,1.550000000000000000e+02,1.560000000000000000e+02,8.600000000000000000e+01,1.200000000000000000e+02,1.460000000000000000e+02,4.550000000000000000e+02,8.900000000000000000e+01,6.460000000000000000e+02,6.230000000000000000e+02,4.590000000000000000e+02,2.960000000000000000e+02,7.500000000000000000e+01,5.830000000000000000e+02,1.700000000000000000e+02,5.120000000000000000e+02,5.390000000000000000e+02,5.600000000000000000e+01,6.130000000000000000e+02,1.090000000000000000e+02,6.630000000000000000e+02,1.470000000000000000e+02,6.230000000000000000e+02,6.700000000000000000e+02,2.440000000000000000e+02,2.860000000000000000e+02,1.360000000000000000e+02,1.080000000000000000e+02,5.800000000000000000e+02,5.730000000000000000e+02,1.040000000000000000e+02,5.340000000000000000e+02,6.070000000000000000e+02,1.250000000000000000e+02,1.330000000000000000e+02,6.170000000000000000e+02,5.750000000000000000e+02,1.450000000000000000e+02,9.200000000000000000e+01,5.590000000000000000e+02,6.260000000000000000e+02,3.300000000000000000e+01,2.500000000000000000e+01,9.100000000000000000e+01,2.600000000000000000e+01,6.140000000000000000e+02,1.280000000000000000e+02,5.860000000000000000e+02,5.100000000000000000e+01,1.280000000000000000e+02,1.200000000000000000e+01,6.730000000000000000e+02,2.630000000000000000e+02,6.450000000000000000e+02,1.050000000000000000e+02,6.340000000000000000e+02,1.700000000000000000e+01,6.460000000000000000e+02,1.090000000000000000e+02,6.120000000000000000e+02,1.670000000000000000e+02,6.280000000000000000e+02,6.230000000000000000e+02,1.800000000000000000e+01,7.650000000000000000e+02,8.200000000000000000e+01,6.920000000000000000e+02,5.760000000000000000e+02,0.000000000000000000e+00,1.900000000000000000e+01,6.250000000000000000e+02,7.000000000000000000e+00,1.820000000000000000e+02,1.000000000000000000e+00,2.460000000000000000e+02,1.250000000000000000e+02,5.500000000000000000e+01,6.700000000000000000e+01,2.400000000000000000e+01,5.790000000000000000e+02,2.060000000000000000e+02,5.930000000000000000e+02,1.070000000000000000e+02,1.630000000000000000e+02,6.240000000000000000e+02,6.350000000000000000e+02,2.780000000000000000e+02,5.000000000000000000e+00,7.000000000000000000e+01,9.500000000000000000e+01,6.300000000000000000e+02,1.300000000000000000e+02,1.700000000000000000e+02,6.400000000000000000e+02,1.260000000000000000e+02,9.600000000000000000e+01,7.270000000000000000e+02,3.400000000000000000e+01,5.100000000000000000e+01,6.220000000000000000e+02,6.000000000000000000e+00,1.410000000000000000e+02,1.800000000000000000e+02,6.110000000000000000e+02,5.370000000000000000e+02,4.400000000000000000e+01,6.370000000000000000e+02,8.300000000000000000e+01,3.100000000000000000e+01,6.340000000000000000e+02,1.800000000000000000e+01,2.600000000000000000e+01,5.480000000000000000e+02,2.600000000000000000e+01,7.800000000000000000e+01,7.000000000000000000e+01,7.530000000000000000e+02,6.090000000000000000e+02,1.400000000000000000e+02,3.800000000000000000e+01,1.380000000000000000e+02,1.380000000000000000e+02,3.600000000000000000e+02,1.320000000000000000e+02,9.500000000000000000e+01,1.530000000000000000e+02,1.580000000000000000e+02,1.000000000000000000e+02,1.610000000000000000e+02,7.200000000000000000e+01,0.000000000000000000e+00,6.510000000000000000e+02,6.100000000000000000e+02,1.300000000000000000e+02,1.360000000000000000e+02,6.430000000000000000e+02,3.700000000000000000e+01,1.640000000000000000e+02,6.440000000000000000e+02,5.200000000000000000e+01,5.410000000000000000e+02,3.100000000000000000e+01,1.700000000000000000e+01,1.330000000000000000e+02,4.200000000000000000e+01,5.840000000000000000e+02,1.310000000000000000e+02,3.690000000000000000e+02,1.310000000000000000e+02,1.200000000000000000e+02,4.000000000000000000e+00,5.910000000000000000e+02,9.900000000000000000e+01,5.180000000000000000e+02,1.200000000000000000e+02,5.270000000000000000e+02,1.050000000000000000e+02,5.970000000000000000e+02,5.720000000000000000e+02,6.280000000000000000e+02,5.030000000000000000e+02,2.600000000000000000e+01,4.910000000000000000e+02,1.530000000000000000e+02,2.570000000000000000e+02,4.280000000000000000e+02,2.670000000000000000e+02,9.900000000000000000e+01,8.900000000000000000e+01,5.800000000000000000e+02,1.220000000000000000e+02,1.070000000000000000e+02,7.470000000000000000e+02,1.030000000000000000e+02,5.120000000000000000e+02,6.110000000000000000e+02,1.710000000000000000e+02,7.000000000000000000e+00,4.900000000000000000e+01,6.380000000000000000e+02,1.620000000000000000e+02,2.780000000000000000e+02,5.520000000000000000e+02,6.600000000000000000e+02,5.830000000000000000e+02,5.990000000000000000e+02,2.360000000000000000e+02,5.400000000000000000e+01,6.680000000000000000e+02,6.250000000000000000e+02,6.140000000000000000e+02,6.030000000000000000e+02,1.500000000000000000e+01,9.000000000000000000e+00,5.630000000000000000e+02,4.500000000000000000e+01,6.190000000000000000e+02,1.080000000000000000e+02,5.800000000000000000e+01,3.900000000000000000e+01,5.000000000000000000e+00,1.070000000000000000e+02,7.800000000000000000e+01,6.160000000000000000e+02,5.810000000000000000e+02,6.380000000000000000e+02,1.700000000000000000e+01,2.760000000000000000e+02
4.640000000000000000e+02,4.600000000000000000e+02,1.720000000000000000e+02,1.630000000000000000e+02,1.650000000000000000e+02,1.680000000000000000e+02,0.000000000000000000e+00,1.660000000000000000e+02,1.700000000000000000e+02,0.000000000000000000e+00,0.000000000000000000e+00,0.000000000000000000e+00,4.090000000000000000e+02,4.350000000000000000e+02,0.000000000000000000e+00,0.000000000000000000e+00,1.660000000000000000e+02,4.220000000000000000e+02,4.450000000000000000e+02,0.000000000000000000e+00,1.420000000000000000e+02,1.660000000000000000e+02,5.180000000000000000e+02,5.080000000000000000e+02,0.000000000000000000e+00,1.750000000000000000e+02,1.770000000000000000e+02,4.450000000000000000e+02,4.510000000000000000e+02,5.150000000000000000e+02,4.090000000000000000e+02,4.480000000000000000e+02,0.000000000000000000e+00,4.720000000000000000e+02,0.000000000000000000e+00,1.870000000000000000e+02,0.000000000000000000e+00,3.970000000000000000e+02,1.850000000000000000e+02,4.770000000000000000e+02,0.000000000000000000e+00,4.580000000000000000e+02,0.000000000000000000e+00,4.590000000000000000e+02,0.000000000000000000e+00,1.470000000000000000e+02,0.000000000000000000e+00,0.000000000000000000e+00,1.340000000000000000e+02,0.000000000000000000e+00,0.000000000000000000e+00,1.750000000000000000e+02,1.480000000000000000e+02,0.000000000000000000e+00,4.310000000000000000e+02,4.600000000000000000e+02,0.000000000000000000e+00,4.760000000000000000e+02,1.910000000000000000e+02,1.710000000000000000e+02,0.000000000000000000e+00,1.840000000000000000e+02,1.500000000000000000e+02,4.120000000000000000e+02,1.370000000000000000e+02,4.520000000000000000e+02,4.280000000000000000e+02,3.970000000000000000e+02,4.690000000000000000e+02,0.000000000000000000e+00,4.580000000000000000e+02,1.600000000000000000e+02,4.620000000000000000e+02,4.260000000000000000e+02,1.540000000000000000e+02,4.880000000000000000e+02,1.600000000000000000e+02,5.290000000000000000e+02,1.860000000000000000e+02,4.470000000000000000e+02,5.730000000000000000e+02,2.070000000000000000e+02,1.730000000000000000e+02,1.820000000000000000e+02,0.000000000000000000e+00,4.570000000000000000e+02,4.240000000000000000e+02,1.670000000000000000e+02,4.540000000000000000e+02,4.710000000000000000e+02,1.780000000000000000e+02,1.740000000000000000e+02,4.830000000000000000e+02,3.930000000000000000e+02,1.780000000000000000e+02,0.000000000000000000e+00,4.690000000000000000e+02,4.940000000000000000e+02,0.000000000000000000e+00,0.000000000000000000e+00,1.650000000000000000e+02,0.000000000000000000e+00,5.060000000000000000e+02,1.610000000000000000e+02,4.460000000000000000e+02,1.510000000000000000e+02,1.770000000000000000e+02,1.310000000000000000e+02,4.710000000000000000e+02,1.780000000000000000e+02,4.730000000000000000e+02,1.550000000000000000e+02,4.940000000000000000e+02,0.000000000000000000e+00,4.580000000000000000e+02,0.000000000000000000e+00,4.690000000000000000e+02,2.000000000000000000e+02,4.820000000000000000e+02,4.260000000000000000e+02,0.000000000000000000e+00,5.940000000000000000e+02,0.000000000000000000e+00,4.780000000000000000e+02,4.970000000000000000e+02,1.570000000000000000e+02,0.000000000000000000e+00,4.940000000000000000e+02,0.000000000000000000e+00,1.950000000000000000e+02,0.000000000000000000e+00,3.830000000000000000e+02,1.780000000000000000e+02,1.750000000000000000e+02,0.000000000000000000e+00,0.000000000000000000e+00,5.220000000000000000e+02,4.120000000000000000e+02,4.700000000000000000e+02,0.000000000000000000e+00,1.620000000000000000e+02,5.010000000000000000e+02,4.860000000000000000e+02,1.770000000000000000e+02,0.000000000000000000e+00,0.000000000000000000e+00,1.410000000000000000e+02,4.520000000000000000e+02,1.650000000000000000e+02,1.750000000000000000e+02,4.790000000000000000e+02,1.590000000000000000e+02,0.000000000000000000e+00,5.470000000000000000e+02,1.410000000000000000e+02,0.000000000000000000e+00,4.990000000000000000e+02,0.000000000000000000e+00,1.710000000000000000e+02,1.920000000000000000e+02,4.950000000000000000e+02,4.390000000000000000e+02,0.000000000000000000e+00,5.010000000000000000e+02,0.000000000000000000e+00,0.000000000000000000e+00,4.560000000000000000e+02,0.000000000000000000e+00,0.000000000000000000e+00,4.420000000000000000e+02,0.000000000000000000e+00,0.000000000000000000e+00,1.650000000000000000e+02,5.790000000000000000e+02,5.030000000000000000e+02,1.570000000000000000e+02,0.000000000000000000e+00,1.690000000000000000e+02,1.510000000000000000e+02,4.440000000000000000e+02,1.550000000000000000e+02,1.490000000000000000e+02,1.880000000000000000e+02,2.140000000000000000e+02,1.570000000000000000e+02,2.000000000000000000e+02,0.000000000000000000e+00,0.000000000000000000e+00,4.520000000000000000e+02,4.680000000000000000e+02,1.630000000000000000e+02,1.840000000000000000e+02,4.470000000000000000e+02,0.000000000000000000e+00,1.940000000000000000e+02,4.690000000000000000e+02,0.000000000000000000e+00,4.360000000000000000e+02,0.000000000000000000e+00,0.000000000000000000e+00,1.840000000000000000e+02,0.000000000000000000e+00,4.350000000000000000e+02,1.450000000000000000e+02,4.440000000000000000e+02,1.780000000000000000e+02,1.400000000000000000e+02,0.000000000000000000e+00,4.440000000000000000e+02,1.750000000000000000e+02,4.680000000000000000e+02,1.710000000000000000e+02,4.500000000000000000e+02,1.600000000000000000e+02,4.570000000000000000e+02,4.510000000000000000e+02,4.650000000000000000e+02,5.140000000000000000e+02,0.000000000000000000e+00,4.320000000000000000e+02,1.610000000000000000e+02,1.980000000000000000e+02,4.060000000000000000e+02,2.410000000000000000e+02,0.000000000000000000e+00,0.000000000000000000e+00,4.690000000000000000e+02,1.480000000000000000e+02,1.760000000000000000e+02,5.220000000000000000e+02,1.560000000000000000e+02,4.360000000000000000e+02,4.380000000000000000e+02,1.700000000000000000e+02,0.000000000000000000e+00,0.000000000000000000e+00,4.650000000000000000e+02,1.680000000000000000e+02,2.040000000000000000e+02,4.890000000000000000e+02,4.420000000000000000e+02,5.070000000000000000e+02,4.390000000000000000e+02,2.000000000000000000e+02,0.000000000000000000e+00,5.040000000000000000e+02,4.870000000000000000e+02,4.280000000000000000e+02,4.560000000000000000e+02,0.000000000000000000e+00,0.000000000000000000e+00,4.780000000000000000e+02,1.760000000000000000e+02,4.660000000000000000e+02,1.390000000000000000e+02,1.440000000000000000e+02,0.000000000000000000e+00,0.000000000000000000e+00,1.900000000000000000e+02,1.720000000000000000e+02,4.360000000000000000e+02,4.780000000000000000e+02,4.930000000000000000e+02,0.000000000000000000e+00,1.990000000000000000e+02
9.540000000000000000e+02,7.020000000000000000e+02,4.990000000000000000e+02,2.500000000000000000e+02,3.630000000000000000e+02,1.180000000000000000e+02,8.000000000000000000e+00,5.100000000000000000e+01,6.810000000000000000e+02,1.000000000000000000e+00,4.750000000000000000e+02,3.110000000000000000e+02,1.500000000000000000e+02,1.075000000000000000e+03,1.710000000000000000e+02,4.400000000000000000e+01,4.700000000000000000e+01,4.000000000000000000e+02,2.800000000000000000e+02,0.000000000000000000e+00,2.080000000000000000e+02,1.520000000000000000e+02,1.890000000000000000e+02,1.563000000000000000e+03,2.000000000000000000e+00,5.470000000000000000e+02,2.810000000000000000e+02,5.290000000000000000e+02,1.290000000000000000e+03,1.559000000000000000e+03,2.800000000000000000e+02,4.080000000000000000e+02,1.120000000000000000e+02,6.930000000000000000e+02,6.000000000000000000e+00,6.780000000000000000e+02,4.000000000000000000e+00,5.160000000000000000e+02,2.820000000000000000e+02,1.661000000000000000e+03,1.080000000000000000e+02,9.570000000000000000e+02,1.800000000000000000e+01,6.700000000000000000e+02,8.000000000000000000e+00,1.290000000000000000e+02,0.000000000000000000e+00,8.000000000000000000e+00,4.700000000000000000e+01,2.890000000000000000e+02,3.620000000000000000e+02,5.000000000000000000e+01,3.800000000000000000e+02,2.000000000000000000e+00,5.790000000000000000e+02,6.050000000000000000e+02,4.000000000000000000e+00,6.460000000000000000e+02,4.500000000000000000e+02,2.570000000000000000e+02,8.000000000000000000e+01,1.050000000000000000e+02,2.890000000000000000e+02,2.320000000000000000e+02,5.900000000000000000e+01,1.853000000000000000e+03,3.400000000000000000e+02,2.390000000000000000e+02,2.800000000000000000e+01,4.900000000000000000e+01,7.700000000000000000e+02,3.170000000000000000e+02,4.970000000000000000e+02,3.810000000000000000e+02,2.000000000000000000e+01,3.210000000000000000e+02,4.200000000000000000e+01,1.110000000000000000e+03,6.100000000000000000e+01,1.059000000000000000e+03,3.566000000000000000e+03,6.860000000000000000e+02,7.250000000000000000e+02,1.530000000000000000e+02,3.400000000000000000e+02,1.138000000000000000e+03,2.090000000000000000e+02,3.900000000000000000e+01,6.300000000000000000e+02,1.668000000000000000e+03,9.900000000000000000e+01,1.640000000000000000e+02,1.772000000000000000e+03,6.200000000000000000e+02,1.790000000000000000e+02,2.270000000000000000e+02,1.970000000000000000e+02,1.275000000000000000e+03,8.000000000000000000e+00,5.000000000000000000e+00,4.700000000000000000e+01,8.000000000000000000e+00,1.501000000000000000e+03,4.600000000000000000e+01,3.210000000000000000e+02,3.000000000000000000e+01,1.810000000000000000e+02,1.200000000000000000e+01,1.540000000000000000e+03,7.110000000000000000e+02,1.399000000000000000e+03,6.800000000000000000e+01,5.600000000000000000e+02,3.000000000000000000e+00,1.899000000000000000e+03,2.810000000000000000e+02,1.535000000000000000e+03,5.260000000000000000e+02,9.080000000000000000e+02,1.398000000000000000e+03,3.000000000000000000e+00,3.567000000000000000e+03,3.450000000000000000e+02,1.649000000000000000e+03,1.455000000000000000e+03,3.500000000000000000e+01,2.000000000000000000e+00,0.000000000000000000e+00,2.000000000000000000e+00,4.330000000000000000e+02,3.000000000000000000e+00,7.200000000000000000e+01,3.600000000000000000e+01,2.000000000000000000e+00,1.900000000000000000e+01,2.100000000000000000e+01,9.530000000000000000e+02,4.400000000000000000e+01,6.460000000000000000e+02,2.830000000000000000e+02,2.370000000000000000e+02,9.750000000000000000e+02,2.740000000000000000e+02,7.430000000000000000e+02,4.000000000000000000e+00,4.500000000000000000e+01,2.100000000000000000e+01,9.380000000000000000e+02,3.800000000000000000e+01,5.980000000000000000e+02,1.147000000000000000e+03,6.200000000000000000e+01,3.850000000000000000e+02,3.644000000000000000e+03,1.400000000000000000e+01,1.700000000000000000e+01,1.859000000000000000e+03,2.000000000000000000e+00,1.230000000000000000e+02,2.980000000000000000e+02,1.344000000000000000e+03,6.380000000000000000e+02,1.810000000000000000e+02,8.040000000000000000e+02,8.600000000000000000e+01,7.000000000000000000e+00,9.280000000000000000e+02,6.000000000000000000e+00,5.000000000000000000e+00,2.230000000000000000e+02,1.000000000000000000e+01,3.700000000000000000e+01,4.400000000000000000e+01,3.644000000000000000e+03,1.607000000000000000e+03,3.070000000000000000e+02,7.000000000000000000e+00,3.550000000000000000e+02,3.010000000000000000e+02,1.150000000000000000e+02,1.100000000000000000e+02,5.600000000000000000e+01,3.730000000000000000e+02,4.660000000000000000e+02,2.350000000000000000e+02,8.620000000000000000e+02,2.000000000000000000e+01,2.000000000000000000e+00,1.770000000000000000e+03,9.370000000000000000e+02,9.400000000000000000e+01,1.550000000000000000e+02,2.218000000000000000e+03,2.000000000000000000e+01,2.860000000000000000e+02,1.324000000000000000e+03,1.200000000000000000e+01,4.610000000000000000e+02,3.000000000000000000e+00,0.000000000000000000e+00,4.160000000000000000e+02,1.390000000000000000e+02,9.540000000000000000e+02,4.500000000000000000e+01,2.300000000000000000e+01,4.700000000000000000e+01,5.400000000000000000e+01,0.000000000000000000e+00,4.230000000000000000e+02,8.500000000000000000e+01,3.060000000000000000e+02,2.820000000000000000e+02,1.400000000000000000e+02,7.300000000000000000e+01,2.003000000000000000e+03,5.680000000000000000e+02,1.759000000000000000e+03,1.540000000000000000e+02,5.000000000000000000e+00,1.080000000000000000e+02,5.410000000000000000e+02,6.700000000000000000e+02,1.810000000000000000e+02,7.400000000000000000e+02,1.280000000000000000e+02,1.630000000000000000e+02,5.520000000000000000e+02,8.900000000000000000e+01,6.700000000000000000e+01,3.617000000000000000e+03,5.600000000000000000e+01,1.830000000000000000e+02,1.507000000000000000e+03,6.770000000000000000e+02,1.000000000000000000e+00,1.800000000000000000e+01,8.000000000000000000e+02,2.280000000000000000e+02,6.740000000000000000e+02,8.470000000000000000e+02,1.752000000000000000e+03,9.380000000000000000e+02,8.410000000000000000e+02,7.470000000000000000e+02,1.800000000000000000e+01,1.342000000000000000e+03,1.410000000000000000e+03,6.770000000000000000e+02,1.305000000000000000e+03,8.000000000000000000e+00,6.000000000000000000e+00,9.800000000000000000e+02,2.100000000000000000e+01,4.900000000000000000e+02,5.000000000000000000e+01,2.300000000000000000e+01,1.000000000000000000e+01,0.000000000000000000e+00,1.100000000000000000e+01,1.500000000000000000e+01,1.720000000000000000e+03,1.647000000000000000e+03,2.123000000000000000e+03,3.000000000000000000e+00,8.370000000000000000e+02
3.630000000000000000e+02,3.540000000000000000e+02,1.520000000000000000e+02,1.340000000000000000e+02,1.580000000000000000e+02,1.450000000000000000e+02,0.000000000000000000e+00,1.220000000000000000e+02,1.420000000000000000e+02,0.000000000000000000e+00,0.000000000000000000e+00,0.000000000000000000e+00,3.480000000000000000e+02,3.630000000000000000e+02,0.000000000000000000e+00,0.000000000000000000e+00,1.230000000000000000e+02,3.320000000000000000e+02,3.370000000000000000e+02,0.000000000000000000e+00,1.260000000000000000e+02,1.590000000000000000e+02,3.410000000000000000e+02,3.720000000000000000e+02,0.000000000000000000e+00,1.470000000000000000e+02,1.430000000000000000e+02,3.280000000000000000e+02,3.570000000000000000e+02,3.820000000000000000e+02,3.540000000000000000e+02,3.200000000000000000e+02,0.000000000000000000e+00,3.670000000000000000e+02,0.000000000000000000e+00,1.680000000000000000e+02,0.000000000000000000e+00,3.580000000000000000e+02,1.190000000000000000e+02,3.400000000000000000e+02,0.000000000000000000e+00,3.840000000000000000e+02,0.000000000000000000e+00,3.420000000000000000e+02,0.000000000000000000e+00,1.110000000000000000e+02,0.000000000000000000e+00,0.000000000000000000e+00,1.240000000000000000e+02,0.000000000000000000e+00,0.000000000000000000e+00,1.030000000000000000e+02,1.270000000000000000e+02,0.000000000000000000e+00,3.410000000000000000e+02,3.700000000000000000e+02,0.000000000000000000e+00,3.060000000000000000e+02,1.310000000000000000e+02,1.130000000000000000e+02,0.000000000000000000e+00,1.300000000000000000e+02,1.430000000000000000e+02,3.250000000000000000e+02,9.900000000000000000e+01,3.390000000000000000e+02,3.500000000000000000e+02,3.350000000000000000e+02,3.250000000000000000e+02,0.000000000000000000e+00,3.550000000000000000e+02,1.380000000000000000e+02,3.320000000000000000e+02,3.500000000000000000e+02,9.300000000000000000e+01,3.690000000000000000e+02,9.500000000000000000e+01,3.670000000000000000e+02,1.280000000000000000e+02,3.450000000000000000e+02,4.620000000000000000e+02,1.490000000000000000e+02,1.450000000000000000e+02,1.320000000000000000e+02,0.000000000000000000e+00,3.450000000000000000e+02,3.420000000000000000e+02,1.090000000000000000e+02,3.290000000000000000e+02,3.470000000000000000e+02,1.260000000000000000e+02,1.110000000000000000e+02,3.700000000000000000e+02,3.320000000000000000e+02,1.450000000000000000e+02,0.000000000000000000e+00,3.440000000000000000e+02,3.550000000000000000e+02,0.000000000000000000e+00,0.000000000000000000e+00,1.200000000000000000e+02,0.000000000000000000e+00,3.800000000000000000e+02,1.200000000000000000e+02,3.570000000000000000e+02,1.120000000000000000e+02,1.110000000000000000e+02,1.180000000000000000e+02,3.790000000000000000e+02,1.540000000000000000e+02,3.730000000000000000e+02,1.060000000000000000e+02,3.600000000000000000e+02,0.000000000000000000e+00,3.590000000000000000e+02,0.000000000000000000e+00,3.910000000000000000e+02,1.560000000000000000e+02,3.610000000000000000e+02,3.350000000000000000e+02,0.000000000000000000e+00,4.450000000000000000e+02,0.000000000000000000e+00,3.840000000000000000e+02,3.550000000000000000e+02,1.400000000000000000e+02,0.000000000000000000e+00,3.340000000000000000e+02,0.000000000000000000e+00,1.610000000000000000e+02,0.000000000000000000e+00,2.860000000000000000e+02,1.190000000000000000e+02,1.140000000000000000e+02,0.000000000000000000e+00,0.000000000000000000e+00,3.990000000000000000e+02,3.080000000000000000e+02,3.520000000000000000e+02,0.000000000000000000e+00,1.440000000000000000e+02,4.000000000000000000e+02,3.940000000000000000e+02,1.360000000000000000e+02,0.000000000000000000e+00,0.000000000000000000e+00,1.210000000000000000e+02,3.690000000000000000e+02,1.490000000000000000e+02,1.150000000000000000e+02,3.810000000000000000e+02,1.300000000000000000e+02,0.000000000000000000e+00,3.720000000000000000e+02,1.290000000000000000e+02,0.000000000000000000e+00,3.790000000000000000e+02,0.000000000000000000e+00,1.020000000000000000e+02,1.510000000000000000e+02,3.490000000000000000e+02,3.380000000000000000e+02,0.000000000000000000e+00,3.690000000000000000e+02,0.000000000000000000e+00,0.000000000000000000e+00,3.570000000000000000e+02,0.000000000000000000e+00,0.000000000000000000e+00,3.690000000000000000e+02,0.000000000000000000e+00,0.000000000000000000e+00,9.900000000000000000e+01,4.270000000000000000e+02,3.770000000000000000e+02,1.340000000000000000e+02,0.000000000000000000e+00,1.500000000000000000e+02,1.280000000000000000e+02,2.680000000000000000e+02,1.290000000000000000e+02,1.190000000000000000e+02,1.220000000000000000e+02,1.480000000000000000e+02,1.270000000000000000e+02,1.110000000000000000e+02,0.000000000000000000e+00,0.000000000000000000e+00,3.730000000000000000e+02,3.580000000000000000e+02,1.320000000000000000e+02,1.610000000000000000e+02,3.470000000000000000e+02,0.000000000000000000e+00,1.340000000000000000e+02,3.860000000000000000e+02,0.000000000000000000e+00,3.220000000000000000e+02,0.000000000000000000e+00,0.000000000000000000e+00,1.460000000000000000e+02,0.000000000000000000e+00,3.360000000000000000e+02,1.490000000000000000e+02,2.830000000000000000e+02,1.380000000000000000e+02,1.430000000000000000e+02,0.000000000000000000e+00,3.150000000000000000e+02,1.430000000000000000e+02,3.070000000000000000e+02,1.170000000000000000e+02,3.390000000000000000e+02,1.200000000000000000e+02,3.260000000000000000e+02,3.200000000000000000e+02,3.380000000000000000e+02,3.400000000000000000e+02,0.000000000000000000e+00,3.680000000000000000e+02,1.300000000000000000e+02,1.390000000000000000e+02,3.170000000000000000e+02,1.490000000000000000e+02,0.000000000000000000e+00,0.000000000000000000e+00,3.590000000000000000e+02,1.150000000000000000e+02,1.210000000000000000e+02,4.410000000000000000e+02,1.310000000000000000e+02,3.650000000000000000e+02,3.510000000000000000e+02,1.340000000000000000e+02,0.000000000000000000e+00,0.000000000000000000e+00,3.500000000000000000e+02,1.500000000000000000e+02,1.200000000000000000e+02,3.450000000000000000e+02,4.040000000000000000e+02,3.720000000000000000e+02,3.180000000000000000e+02,1.540000000000000000e+02,0.000000000000000000e+00,3.720000000000000000e+02,3.590000000000000000e+02,3.270000000000000000e+02,3.640000000000000000e+02,0.000000000000000000e+00,0.000000000000000000e+00,3.470000000000000000e+02,1.120000000000000000e+02,3.530000000000000000e+02,1.130000000000000000e+02,1.050000000000000000e+02,0.000000000000000000e+00,0.000000000000000000e+00,1.150000000000000000e+02,9.900000000000000000e+01,3.920000000000000000e+02,3.600000000000000000e+02,3.760000000000000000e+02,0.000000000000000000e+00,1.510000000000000000e+02
8.390000000000000000e+02,9.060000000000000000e+02,3.420000000000000000e+02,1.190000000000000000e+02,2.280000000000000000e+02,9.500000000000000000e+01,8.000000000000000000e+00,1.500000000000000000e+01,3.220000000000000000e+02,0.000000000000000000e+00,2.410000000000000000e+02,2.130000000000000000e+02,1.510000000000000000e+02,8.460000000000000000e+02,1.250000000000000000e+02,2.000000000000000000e+01,3.300000000000000000e+01,4.460000000000000000e+02,3.140000000000000000e+02,0.000000000000000000e+00,1.110000000000000000e+02,1.210000000000000000e+02,4.720000000000000000e+02,1.140000000000000000e+03,2.000000000000000000e+00,2.930000000000000000e+02,1.420000000000000000e+02,5.190000000000000000e+02,1.063000000000000000e+03,1.144000000000000000e+03,3.120000000000000000e+02,4.250000000000000000e+02,1.070000000000000000e+02,6.010000000000000000e+02,5.000000000000000000e+00,5.120000000000000000e+02,4.000000000000000000e+00,5.600000000000000000e+02,1.950000000000000000e+02,1.278000000000000000e+03,1.010000000000000000e+02,8.470000000000000000e+02,3.100000000000000000e+01,6.140000000000000000e+02,1.600000000000000000e+01,7.900000000000000000e+01,5.000000000000000000e+00,9.000000000000000000e+00,4.500000000000000000e+01,1.770000000000000000e+02,2.320000000000000000e+02,4.500000000000000000e+01,1.930000000000000000e+02,1.200000000000000000e+01,6.290000000000000000e+02,5.850000000000000000e+02,5.000000000000000000e+00,6.290000000000000000e+02,2.140000000000000000e+02,1.320000000000000000e+02,9.700000000000000000e+01,1.260000000000000000e+02,1.710000000000000000e+02,2.530000000000000000e+02,4.700000000000000000e+01,1.186000000000000000e+03,3.870000000000000000e+02,2.860000000000000000e+02,1.160000000000000000e+02,5.900000000000000000e+01,7.290000000000000000e+02,1.830000000000000000e+02,5.210000000000000000e+02,4.440000000000000000e+02,2.600000000000000000e+01,3.930000000000000000e+02,4.000000000000000000e+01,1.010000000000000000e+03,7.300000000000000000e+01,9.720000000000000000e+02,1.815000000000000000e+03,4.660000000000000000e+02,5.120000000000000000e+02,9.400000000000000000e+01,2.240000000000000000e+02,8.750000000000000000e+02,1.990000000000000000e+02,3.300000000000000000e+01,5.780000000000000000e+02,1.190000000000000000e+03,7.600000000000000000e+01,1.190000000000000000e+02,1.216000000000000000e+03,5.670000000000000000e+02,1.390000000000000000e+02,1.730000000000000000e+02,4.280000000000000000e+02,1.069000000000000000e+03,1.300000000000000000e+01,6.000000000000000000e+00,2.800000000000000000e+01,4.000000000000000000e+00,1.118000000000000000e+03,8.500000000000000000e+01,6.310000000000000000e+02,9.000000000000000000e+00,1.210000000000000000e+02,5.000000000000000000e+00,1.160000000000000000e+03,4.660000000000000000e+02,1.128000000000000000e+03,6.200000000000000000e+01,7.460000000000000000e+02,3.000000000000000000e+00,1.344000000000000000e+03,1.960000000000000000e+02,1.211000000000000000e+03,2.890000000000000000e+02,1.023000000000000000e+03,1.265000000000000000e+03,7.000000000000000000e+00,1.734000000000000000e+03,2.120000000000000000e+02,1.323000000000000000e+03,1.376000000000000000e+03,2.400000000000000000e+01,7.000000000000000000e+00,1.193000000000000000e+03,4.000000000000000000e+00,0.000000000000000000e+00,0.000000000000000000e+00,8.800000000000000000e+01,5.100000000000000000e+01,2.100000000000000000e+01,2.100000000000000000e+01,2.500000000000000000e+01,1.033000000000000000e+03,5.600000000000000000e+01,7.040000000000000000e+02,1.930000000000000000e+02,1.670000000000000000e+02,9.690000000000000000e+02,4.010000000000000000e+02,4.470000000000000000e+02,3.000000000000000000e+00,4.000000000000000000e+01,2.100000000000000000e+01,1.091000000000000000e+03,1.600000000000000000e+01,2.570000000000000000e+02,9.630000000000000000e+02,5.700000000000000000e+01,2.120000000000000000e+02,1.743000000000000000e+03,8.000000000000000000e+00,2.200000000000000000e+01,1.225000000000000000e+03,7.000000000000000000e+00,7.200000000000000000e+01,2.140000000000000000e+02,1.064000000000000000e+03,6.070000000000000000e+02,1.000000000000000000e+02,1.008000000000000000e+03,1.140000000000000000e+02,1.100000000000000000e+01,9.590000000000000000e+02,7.000000000000000000e+00,1.400000000000000000e+01,1.800000000000000000e+02,8.000000000000000000e+00,5.400000000000000000e+01,2.900000000000000000e+01,1.771000000000000000e+03,1.154000000000000000e+03,1.700000000000000000e+02,8.000000000000000000e+00,1.790000000000000000e+02,1.400000000000000000e+02,1.570000000000000000e+02,8.500000000000000000e+01,6.100000000000000000e+01,1.880000000000000000e+02,2.660000000000000000e+02,7.600000000000000000e+01,3.450000000000000000e+02,1.000000000000000000e+01,0.000000000000000000e+00,1.384000000000000000e+03,9.340000000000000000e+02,7.800000000000000000e+01,1.140000000000000000e+02,1.357000000000000000e+03,9.000000000000000000e+00,1.950000000000000000e+02,1.234000000000000000e+03,6.000000000000000000e+00,4.290000000000000000e+02,4.000000000000000000e+00,2.000000000000000000e+00,1.990000000000000000e+02,9.600000000000000000e+01,7.680000000000000000e+02,2.000000000000000000e+01,1.250000000000000000e+02,7.100000000000000000e+01,5.000000000000000000e+01,1.000000000000000000e+00,4.800000000000000000e+02,5.500000000000000000e+01,2.920000000000000000e+02,1.250000000000000000e+02,2.700000000000000000e+02,6.000000000000000000e+01,1.187000000000000000e+03,5.820000000000000000e+02,1.191000000000000000e+03,3.710000000000000000e+02,1.100000000000000000e+01,1.120000000000000000e+02,2.790000000000000000e+02,4.910000000000000000e+02,1.800000000000000000e+02,4.780000000000000000e+02,1.460000000000000000e+02,1.040000000000000000e+02,7.790000000000000000e+02,6.300000000000000000e+01,5.000000000000000000e+01,1.847000000000000000e+03,6.200000000000000000e+01,1.630000000000000000e+02,1.100000000000000000e+03,2.560000000000000000e+02,0.000000000000000000e+00,1.400000000000000000e+01,7.830000000000000000e+02,1.880000000000000000e+02,4.940000000000000000e+02,7.240000000000000000e+02,1.158000000000000000e+03,1.050000000000000000e+03,8.030000000000000000e+02,4.500000000000000000e+02,3.000000000000000000e+01,1.174000000000000000e+03,1.225000000000000000e+03,7.130000000000000000e+02,1.100000000000000000e+03,1.200000000000000000e+01,3.000000000000000000e+00,7.810000000000000000e+02,2.100000000000000000e+01,9.550000000000000000e+02,2.900000000000000000e+01,1.900000000000000000e+01,1.700000000000000000e+01,2.000000000000000000e+00,5.100000000000000000e+01,2.200000000000000000e+01,1.256000000000000000e+03,1.168000000000000000e+03,1.259000000000000000e+03,9.000000000000000000e+00,5.010000000000000000e+02
4.870000000000000000e+02,4.880000000000000000e+02,1.660000000000000000e+02,1.770000000000000000e+02,1.760000000000000000e+02,1.750000000000000000e+02,0.000000000000000000e+00,1.800000000000000000e+02,2.130000000000000000e+02,0.000000000000000000e+00,0.000000000000000000e+00,0.000000000000000000e+00,4.570000000000000000e+02,4.330000000000000000e+02,0.000000000000000000e+00,0.000000000000000000e+00,1.280000000000000000e+02,4.480000000000000000e+02,4.040000000000000000e+02,0.000000000000000000e+00,1.480000000000000000e+02,1.570000000000000000e+02,4.650000000000000000e+02,4.520000000000000000e+02,0.000000000000000000e+00,1.890000000000000000e+02,1.840000000000000000e+02,4.380000000000000000e+02,4.330000000000000000e+02,4.280000000000000000e+02,4.710000000000000000e+02,4.280000000000000000e+02,0.000000000000000000e+00,4.260000000000000000e+02,0.000000000000000000e+00,1.840000000000000000e+02,0.000000000000000000e+00,4.460000000000000000e+02,1.450000000000000000e+02,4.300000000000000000e+02,0.000000000000000000e+00,4.570000000000000000e+02,0.000000000000000000e+00,4.210000000000000000e+02,0.000000000000000000e+00,1.670000000000000000e+02,0.000000000000000000e+00,0.000000000000000000e+00,1.720000000000000000e+02,0.000000000000000000e+00,0.000000000000000000e+00,1.540000000000000000e+02,2.040000000000000000e+02,0.000000000000000000e+00,4.080000000000000000e+02,4.360000000000000000e+02,0.000000000000000000e+00,4.390000000000000000e+02,1.660000000000000000e+02,1.520000000000000000e+02,0.000000000000000000e+00,1.600000000000000000e+02,1.520000000000000000e+02,3.890000000000000000e+02,1.400000000000000000e+02,4.350000000000000000e+02,4.300000000000000000e+02,4.000000000000000000e+02,3.710000000000000000e+02,0.000000000000000000e+00,4.530000000000000000e+02,1.510000000000000000e+02,4.150000000000000000e+02,4.290000000000000000e+02,1.520000000000000000e+02,4.790000000000000000e+02,1.420000000000000000e+02,4.990000000000000000e+02,1.550000000000000000e+02,4.620000000000000000e+02,5.700000000000000000e+02,1.830000000000000000e+02,1.980000000000000000e+02,1.730000000000000000e+02,0.000000000000000000e+00,4.630000000000000000e+02,4.580000000000000000e+02,1.590000000000000000e+02,4.320000000000000000e+02,4.310000000000000000e+02,1.520000000000000000e+02,1.770000000000000000e+02,4.600000000000000000e+02,4.560000000000000000e+02,1.520000000000000000e+02,0.000000000000000000e+00,4.410000000000000000e+02,4.540000000000000000e+02,0.000000000000000000e+00,0.000000000000000000e+00,1.450000000000000000e+02,0.000000000000000000e+00,4.700000000000000000e+02,1.460000000000000000e+02,4.490000000000000000e+02,1.520000000000000000e+02,1.620000000000000000e+02,1.760000000000000000e+02,4.690000000000000000e+02,2.100000000000000000e+02,4.350000000000000000e+02,1.530000000000000000e+02,4.500000000000000000e+02,0.000000000000000000e+00,4.590000000000000000e+02,0.000000000000000000e+00,4.530000000000000000e+02,1.870000000000000000e+02,5.080000000000000000e+02,4.270000000000000000e+02,0.000000000000000000e+00,5.400000000000000000e+02,0.000000000000000000e+00,4.560000000000000000e+02,4.620000000000000000e+02,2.030000000000000000e+02,0.000000000000000000e+00,4.970000000000000000e+02,0.000000000000000000e+00,1.930000000000000000e+02,0.000000000000000000e+00,4.240000000000000000e+02,1.360000000000000000e+02,1.490000000000000000e+02,0.000000000000000000e+00,0.000000000000000000e+00,4.510000000000000000e+02,4.540000000000000000e+02,4.400000000000000000e+02,0.000000000000000000e+00,1.400000000000000000e+02,5.030000000000000000e+02,4.710000000000000000e+02,2.100000000000000000e+02,0.000000000000000000e+00,0.000000000000000000e+00,1.440000000000000000e+02,4.670000000000000000e+02,1.580000000000000000e+02,1.910000000000000000e+02,4.590000000000000000e+02,1.740000000000000000e+02,0.000000000000000000e+00,5.650000000000000000e+02,1.280000000000000000e+02,0.000000000000000000e+00,4.580000000000000000e+02,0.000000000000000000e+00,1.550000000000000000e+02,1.760000000000000000e+02,4.800000000000000000e+02,4.280000000000000000e+02,0.000000000000000000e+00,4.340000000000000000e+02,0.000000000000000000e+00,0.000000000000000000e+00,4.320000000000000000e+02,0.000000000000000000e+00,0.000000000000000000e+00,4.330000000000000000e+02,0.000000000000000000e+00,0.000000000000000000e+00,1.360000000000000000e+02,5.350000000000000000e+02,4.720000000000000000e+02,1.430000000000000000e+02,0.000000000000000000e+00,1.550000000000000000e+02,1.320000000000000000e+02,4.190000000000000000e+02,1.720000000000000000e+02,1.460000000000000000e+02,1.380000000000000000e+02,1.960000000000000000e+02,1.580000000000000000e+02,1.950000000000000000e+02,0.000000000000000000e+00,0.000000000000000000e+00,4.470000000000000000e+02,3.910000000000000000e+02,1.770000000000000000e+02,1.900000000000000000e+02,4.980000000000000000e+02,0.000000000000000000e+00,1.720000000000000000e+02,4.490000000000000000e+02,0.000000000000000000e+00,4.370000000000000000e+02,0.000000000000000000e+00,0.000000000000000000e+00,1.750000000000000000e+02,0.000000000000000000e+00,4.450000000000000000e+02,1.910000000000000000e+02,4.070000000000000000e+02,1.840000000000000000e+02,1.440000000000000000e+02,0.000000000000000000e+00,4.170000000000000000e+02,1.440000000000000000e+02,4.350000000000000000e+02,1.530000000000000000e+02,4.570000000000000000e+02,1.390000000000000000e+02,4.770000000000000000e+02,4.540000000000000000e+02,4.240000000000000000e+02,4.260000000000000000e+02,0.000000000000000000e+00,4.680000000000000000e+02,1.760000000000000000e+02,1.840000000000000000e+02,4.270000000000000000e+02,1.630000000000000000e+02,0.000000000000000000e+00,0.000000000000000000e+00,4.460000000000000000e+02,1.580000000000000000e+02,1.570000000000000000e+02,5.030000000000000000e+02,1.630000000000000000e+02,4.540000000000000000e+02,5.090000000000000000e+02,1.610000000000000000e+02,0.000000000000000000e+00,0.000000000000000000e+00,4.370000000000000000e+02,1.750000000000000000e+02,1.730000000000000000e+02,4.460000000000000000e+02,4.580000000000000000e+02,4.020000000000000000e+02,4.510000000000000000e+02,1.990000000000000000e+02,0.000000000000000000e+00,4.380000000000000000e+02,4.400000000000000000e+02,4.640000000000000000e+02,4.550000000000000000e+02,0.000000000000000000e+00,0.000000000000000000e+00,4.410000000000000000e+02,1.720000000000000000e+02,4.430000000000000000e+02,1.660000000000000000e+02,1.460000000000000000e+02,0.000000000000000000e+00,0.000000000000000000e+00,1.620000000000000000e+02,1.650000000000000000e+02,5.010000000000000000e+02,4.840000000000000000e+02,4.590000000000000000e+02,0.000000000000000000e+00,1.810000000000000000e+02
1.721000000000000000e+03,2.071000000000000000e+03,8.100000000000000000e+02,7.400000000000000000e+02,8.080000000000000000e+02,7.270000000000000000e+02,1.830000000000000000e+02,5.590000000000000000e+02,8.710000000000000000e+02,1.700000000000000000e+01,3.370000000000000000e+02,3.290000000000000000e+02,1.697000000000000000e+03,2.137000000000000000e+03,1.700000000000000000e+02,1.140000000000000000e+02,6.620000000000000000e+02,1.785000000000000000e+03,1.837000000000000000e+03,5.800000000000000000e+01,7.810000000000000000e+02,8.750000000000000000e+02,1.946000000000000000e+03,1.673000000000000000e+03,5.000000000000000000e+00,8.380000000000000000e+02,8.240000000000000000e+02,1.950000000000000000e+03,2.082000000000000000e+03,2.183000000000000000e+03,1.861000000000000000e+03,1.868000000000000000e+03,3.230000000000000000e+02,1.757000000000000000e+03,4.600000000000000000e+01,9.830000000000000000e+02,8.800000000000000000e+01,2.003000000000000000e+03,8.400000000000000000e+02,2.157000000000000000e+03,1.300000000000000000e+02,2.002000000000000000e+03,3.070000000000000000e+02,1.986000000000000000e+03,1.680000000000000000e+02,6.960000000000000000e+02,8.300000000000000000e+01,5.200000000000000000e+01,6.050000000000000000e+02,3.630000000000000000e+02,3.530000000000000000e+02,6.880000000000000000e+02,8.810000000000000000e+02,1.460000000000000000e+02,1.878000000000000000e+03,1.956000000000000000e+03,9.400000000000000000e+01,1.724000000000000000e+03,8.720000000000000000e+02,7.470000000000000000e+02,3.100000000000000000e+02,7.380000000000000000e+02,7.910000000000000000e+02,1.670000000000000000e+03,5.460000000000000000e+02,1.691000000000000000e+03,1.855000000000000000e+03,1.701000000000000000e+03,1.349000000000000000e+03,2.990000000000000000e+02,1.950000000000000000e+03,8.410000000000000000e+02,1.737000000000000000e+03,1.930000000000000000e+03,4.840000000000000000e+02,2.022000000000000000e+03,7.690000000000000000e+02,2.192000000000000000e+03,7.300000000000000000e+02,2.099000000000000000e+03,2.662000000000000000e+03,9.870000000000000000e+02,9.450000000000000000e+02,7.910000000000000000e+02,3.110000000000000000e+02,2.172000000000000000e+03,1.774000000000000000e+03,6.660000000000000000e+02,1.940000000000000000e+03,2.068000000000000000e+03,6.750000000000000000e+02,7.510000000000000000e+02,2.062000000000000000e+03,1.980000000000000000e+03,7.580000000000000000e+02,3.020000000000000000e+02,1.917000000000000000e+03,2.082000000000000000e+03,1.860000000000000000e+02,9.500000000000000000e+01,7.740000000000000000e+02,7.700000000000000000e+01,2.119000000000000000e+03,7.220000000000000000e+02,2.039000000000000000e+03,5.210000000000000000e+02,6.950000000000000000e+02,3.510000000000000000e+02,2.134000000000000000e+03,8.900000000000000000e+02,1.777000000000000000e+03,6.030000000000000000e+02,2.030000000000000000e+03,1.390000000000000000e+02,1.709000000000000000e+03,3.630000000000000000e+02,1.770000000000000000e+03,9.030000000000000000e+02,1.953000000000000000e+03,2.171000000000000000e+03,5.600000000000000000e+01,2.656000000000000000e+03,3.410000000000000000e+02,2.081000000000000000e+03,2.076000000000000000e+03,6.130000000000000000e+02,8.100000000000000000e+01,2.006000000000000000e+03,1.000000000000000000e+02,8.190000000000000000e+02,7.300000000000000000e+01,0.000000000000000000e+00,7.470000000000000000e+02,2.840000000000000000e+02,3.560000000000000000e+02,1.280000000000000000e+02,2.045000000000000000e+03,1.295000000000000000e+03,1.670000000000000000e+03,3.460000000000000000e+02,8.260000000000000000e+02,2.152000000000000000e+03,1.954000000000000000e+03,9.270000000000000000e+02,1.110000000000000000e+02,2.870000000000000000e+02,5.440000000000000000e+02,2.148000000000000000e+03,6.330000000000000000e+02,8.810000000000000000e+02,1.702000000000000000e+03,6.650000000000000000e+02,3.680000000000000000e+02,2.564000000000000000e+03,3.100000000000000000e+01,2.290000000000000000e+02,2.129000000000000000e+03,3.400000000000000000e+01,7.600000000000000000e+02,8.820000000000000000e+02,2.080000000000000000e+03,2.042000000000000000e+03,1.400000000000000000e+02,2.063000000000000000e+03,3.180000000000000000e+02,2.040000000000000000e+02,2.036000000000000000e+03,6.700000000000000000e+01,1.170000000000000000e+02,1.763000000000000000e+03,1.070000000000000000e+02,3.430000000000000000e+02,6.760000000000000000e+02,2.679000000000000000e+03,2.046000000000000000e+03,7.480000000000000000e+02,1.450000000000000000e+02,8.140000000000000000e+02,7.770000000000000000e+02,1.540000000000000000e+03,8.090000000000000000e+02,8.040000000000000000e+02,8.220000000000000000e+02,8.020000000000000000e+02,7.240000000000000000e+02,8.690000000000000000e+02,2.510000000000000000e+02,1.600000000000000000e+01,2.088000000000000000e+03,2.027000000000000000e+03,8.810000000000000000e+02,8.280000000000000000e+02,2.177000000000000000e+03,2.520000000000000000e+02,8.780000000000000000e+02,2.149000000000000000e+03,1.800000000000000000e+02,1.850000000000000000e+03,1.300000000000000000e+02,4.700000000000000000e+01,7.960000000000000000e+02,1.810000000000000000e+02,1.978000000000000000e+03,6.090000000000000000e+02,1.475000000000000000e+03,6.500000000000000000e+02,5.790000000000000000e+02,3.400000000000000000e+01,1.692000000000000000e+03,6.870000000000000000e+02,1.710000000000000000e+03,7.210000000000000000e+02,1.881000000000000000e+03,6.240000000000000000e+02,2.112000000000000000e+03,2.013000000000000000e+03,1.713000000000000000e+03,1.863000000000000000e+03,8.700000000000000000e+01,1.614000000000000000e+03,8.800000000000000000e+02,9.600000000000000000e+02,1.612000000000000000e+03,9.470000000000000000e+02,3.440000000000000000e+02,3.400000000000000000e+02,2.086000000000000000e+03,7.130000000000000000e+02,7.170000000000000000e+02,2.711000000000000000e+03,6.410000000000000000e+02,1.734000000000000000e+03,2.178000000000000000e+03,8.690000000000000000e+02,2.200000000000000000e+01,2.310000000000000000e+02,2.025000000000000000e+03,7.740000000000000000e+02,8.890000000000000000e+02,2.020000000000000000e+03,2.007000000000000000e+03,2.036000000000000000e+03,1.999000000000000000e+03,8.450000000000000000e+02,2.840000000000000000e+02,1.987000000000000000e+03,2.148000000000000000e+03,1.772000000000000000e+03,2.143000000000000000e+03,7.000000000000000000e+01,1.030000000000000000e+02,1.696000000000000000e+03,3.880000000000000000e+02,1.988000000000000000e+03,6.160000000000000000e+02,4.530000000000000000e+02,1.640000000000000000e+02,3.300000000000000000e+01,6.000000000000000000e+02,4.920000000000000000e+02,1.747000000000000000e+03,2.073000000000000000e+03,2.065000000000000000e+03,1.190000000000000000e+02,9.290000000000000000e+02
4.910000000000000000e+02,4.740000000000000000e+02,1.130000000000000000e+02,9.100000000000000000e+01,1.190000000000000000e+02,9.900000000000000000e+01,1.400000000000000000e+01,6.700000000000000000e+01,1.390000000000000000e+02,4.000000000000000000e+00,9.600000000000000000e+01,6.900000000000000000e+01,2.610000000000000000e+02,4.740000000000000000e+02,3.100000000000000000e+01,1.800000000000000000e+01,7.500000000000000000e+01,3.670000000000000000e+02,3.130000000000000000e+02,2.000000000000000000e+00,8.900000000000000000e+01,9.400000000000000000e+01,4.070000000000000000e+02,4.540000000000000000e+02,2.000000000000000000e+00,1.360000000000000000e+02,9.700000000000000000e+01,3.970000000000000000e+02,4.860000000000000000e+02,5.160000000000000000e+02,3.470000000000000000e+02,3.530000000000000000e+02,6.200000000000000000e+01,4.060000000000000000e+02,8.000000000000000000e+00,1.800000000000000000e+02,7.000000000000000000e+00,3.880000000000000000e+02,1.270000000000000000e+02,5.090000000000000000e+02,3.300000000000000000e+01,4.410000000000000000e+02,3.600000000000000000e+01,4.590000000000000000e+02,2.200000000000000000e+01,7.100000000000000000e+01,2.000000000000000000e+00,1.000000000000000000e+01,5.600000000000000000e+01,6.900000000000000000e+01,6.800000000000000000e+01,8.200000000000000000e+01,1.210000000000000000e+02,4.000000000000000000e+00,3.780000000000000000e+02,4.210000000000000000e+02,1.800000000000000000e+01,3.970000000000000000e+02,1.340000000000000000e+02,9.600000000000000000e+01,6.200000000000000000e+01,8.400000000000000000e+01,8.600000000000000000e+01,2.530000000000000000e+02,4.200000000000000000e+01,5.200000000000000000e+02,3.500000000000000000e+02,2.600000000000000000e+02,9.400000000000000000e+01,5.300000000000000000e+01,4.170000000000000000e+02,1.160000000000000000e+02,4.250000000000000000e+02,3.670000000000000000e+02,2.700000000000000000e+01,4.480000000000000000e+02,4.600000000000000000e+01,5.330000000000000000e+02,9.900000000000000000e+01,5.140000000000000000e+02,5.890000000000000000e+02,2.040000000000000000e+02,1.930000000000000000e+02,9.100000000000000000e+01,7.700000000000000000e+01,4.760000000000000000e+02,2.840000000000000000e+02,6.500000000000000000e+01,4.190000000000000000e+02,4.810000000000000000e+02,7.800000000000000000e+01,1.050000000000000000e+02,5.090000000000000000e+02,3.660000000000000000e+02,1.060000000000000000e+02,7.000000000000000000e+01,4.140000000000000000e+02,5.100000000000000000e+02,1.400000000000000000e+01,1.300000000000000000e+01,6.000000000000000000e+01,1.000000000000000000e+01,4.800000000000000000e+02,9.500000000000000000e+01,5.080000000000000000e+02,3.800000000000000000e+01,8.500000000000000000e+01,1.100000000000000000e+01,4.800000000000000000e+02,2.090000000000000000e+02,5.390000000000000000e+02,7.600000000000000000e+01,5.070000000000000000e+02,9.000000000000000000e+00,4.820000000000000000e+02,7.700000000000000000e+01,4.440000000000000000e+02,1.200000000000000000e+02,4.850000000000000000e+02,4.970000000000000000e+02,8.000000000000000000e+00,5.970000000000000000e+02,7.600000000000000000e+01,5.220000000000000000e+02,4.940000000000000000e+02,4.400000000000000000e+01,1.000000000000000000e+00,5.240000000000000000e+02,1.600000000000000000e+01,1.070000000000000000e+02,1.100000000000000000e+01,1.340000000000000000e+02,0.000000000000000000e+00,5.000000000000000000e+00,3.700000000000000000e+01,1.500000000000000000e+01,4.670000000000000000e+02,1.290000000000000000e+02,4.350000000000000000e+02,7.900000000000000000e+01,1.180000000000000000e+02,5.110000000000000000e+02,4.070000000000000000e+02,2.280000000000000000e+02,6.000000000000000000e+00,3.900000000000000000e+01,5.900000000000000000e+01,4.870000000000000000e+02,4.600000000000000000e+01,1.240000000000000000e+02,4.910000000000000000e+02,7.100000000000000000e+01,7.100000000000000000e+01,6.540000000000000000e+02,2.000000000000000000e+01,3.400000000000000000e+01,5.270000000000000000e+02,8.000000000000000000e+00,8.300000000000000000e+01,1.020000000000000000e+02,4.910000000000000000e+02,4.230000000000000000e+02,4.600000000000000000e+01,5.300000000000000000e+02,5.500000000000000000e+01,2.000000000000000000e+01,4.670000000000000000e+02,1.600000000000000000e+01,1.100000000000000000e+01,2.860000000000000000e+02,1.900000000000000000e+01,5.100000000000000000e+01,4.500000000000000000e+01,6.040000000000000000e+02,5.470000000000000000e+02,8.500000000000000000e+01,1.300000000000000000e+01,1.030000000000000000e+02,8.300000000000000000e+01,1.670000000000000000e+02,8.100000000000000000e+01,6.100000000000000000e+01,1.250000000000000000e+02,1.410000000000000000e+02,8.700000000000000000e+01,1.430000000000000000e+02,3.600000000000000000e+01,5.000000000000000000e+00,4.830000000000000000e+02,4.350000000000000000e+02,8.300000000000000000e+01,1.010000000000000000e+02,4.820000000000000000e+02,1.900000000000000000e+01,1.240000000000000000e+02,4.920000000000000000e+02,1.800000000000000000e+01,3.510000000000000000e+02,1.700000000000000000e+01,3.000000000000000000e+00,1.190000000000000000e+02,3.500000000000000000e+01,4.540000000000000000e+02,5.100000000000000000e+01,1.400000000000000000e+02,5.200000000000000000e+01,5.800000000000000000e+01,4.000000000000000000e+00,3.760000000000000000e+02,7.100000000000000000e+01,3.280000000000000000e+02,8.500000000000000000e+01,3.010000000000000000e+02,4.600000000000000000e+01,5.210000000000000000e+02,4.090000000000000000e+02,4.690000000000000000e+02,3.900000000000000000e+02,6.000000000000000000e+00,2.130000000000000000e+02,1.080000000000000000e+02,2.300000000000000000e+02,2.150000000000000000e+02,2.000000000000000000e+02,6.100000000000000000e+01,6.000000000000000000e+01,5.360000000000000000e+02,6.400000000000000000e+01,8.500000000000000000e+01,6.250000000000000000e+02,7.300000000000000000e+01,3.070000000000000000e+02,4.970000000000000000e+02,1.410000000000000000e+02,1.000000000000000000e+00,3.400000000000000000e+01,4.180000000000000000e+02,1.250000000000000000e+02,2.010000000000000000e+02,4.340000000000000000e+02,4.670000000000000000e+02,5.260000000000000000e+02,4.560000000000000000e+02,1.940000000000000000e+02,3.900000000000000000e+01,5.090000000000000000e+02,5.040000000000000000e+02,4.310000000000000000e+02,4.600000000000000000e+02,8.000000000000000000e+00,1.000000000000000000e+01,4.640000000000000000e+02,3.200000000000000000e+01,4.230000000000000000e+02,3.200000000000000000e+01,2.100000000000000000e+01,2.200000000000000000e+01,2.000000000000000000e+00,5.300000000000000000e+01,2.000000000000000000e+01,5.060000000000000000e+02,5.350000000000000000e+02,5.500000000000000000e+02,1.000000000000000000e+01,1.900000000000000000e+02
8.560000000000000000e+02,8.530000000000000000e+02,2.420000000000000000e+02,2.150000000000000000e+02,2.160000000000000000e+02,2.010000000000000000e+02,1.010000000000000000e+02,1.680000000000000000e+02,2.280000000000000000e+02,1.700000000000000000e+01,1.370000000000000000e+02,1.590000000000000000e+02,7.500000000000000000e+02,8.330000000000000000e+02,6.600000000000000000e+01,4.800000000000000000e+01,1.890000000000000000e+02,7.970000000000000000e+02,7.890000000000000000e+02,1.300000000000000000e+01,2.240000000000000000e+02,1.890000000000000000e+02,8.580000000000000000e+02,8.760000000000000000e+02,1.500000000000000000e+01,1.940000000000000000e+02,2.030000000000000000e+02,7.580000000000000000e+02,8.810000000000000000e+02,8.630000000000000000e+02,8.170000000000000000e+02,7.930000000000000000e+02,1.300000000000000000e+02,8.370000000000000000e+02,2.700000000000000000e+01,3.430000000000000000e+02,4.700000000000000000e+01,7.900000000000000000e+02,2.300000000000000000e+02,8.530000000000000000e+02,4.600000000000000000e+01,8.740000000000000000e+02,1.340000000000000000e+02,8.480000000000000000e+02,8.600000000000000000e+01,1.990000000000000000e+02,1.300000000000000000e+01,4.800000000000000000e+01,1.970000000000000000e+02,1.370000000000000000e+02,1.330000000000000000e+02,2.290000000000000000e+02,2.230000000000000000e+02,9.500000000000000000e+01,7.900000000000000000e+02,8.280000000000000000e+02,4.100000000000000000e+01,8.670000000000000000e+02,2.200000000000000000e+02,2.160000000000000000e+02,1.300000000000000000e+02,2.330000000000000000e+02,2.530000000000000000e+02,7.470000000000000000e+02,1.520000000000000000e+02,8.960000000000000000e+02,7.780000000000000000e+02,7.300000000000000000e+02,8.680000000000000000e+02,1.220000000000000000e+02,8.260000000000000000e+02,2.240000000000000000e+02,7.960000000000000000e+02,7.670000000000000000e+02,1.700000000000000000e+02,8.980000000000000000e+02,1.770000000000000000e+02,9.520000000000000000e+02,2.270000000000000000e+02,8.670000000000000000e+02,1.066000000000000000e+03,3.490000000000000000e+02,3.540000000000000000e+02,1.860000000000000000e+02,1.320000000000000000e+02,8.190000000000000000e+02,7.080000000000000000e+02,1.760000000000000000e+02,7.980000000000000000e+02,8.460000000000000000e+02,1.970000000000000000e+02,2.040000000000000000e+02,8.430000000000000000e+02,8.250000000000000000e+02,2.000000000000000000e+02,1.210000000000000000e+02,8.280000000000000000e+02,8.580000000000000000e+02,1.340000000000000000e+02,4.200000000000000000e+01,1.690000000000000000e+02,7.300000000000000000e+01,8.830000000000000000e+02,2.370000000000000000e+02,8.800000000000000000e+02,1.640000000000000000e+02,2.080000000000000000e+02,1.390000000000000000e+02,8.310000000000000000e+02,3.940000000000000000e+02,8.360000000000000000e+02,1.650000000000000000e+02,9.370000000000000000e+02,6.300000000000000000e+01,8.460000000000000000e+02,1.490000000000000000e+02,9.110000000000000000e+02,2.430000000000000000e+02,8.850000000000000000e+02,9.110000000000000000e+02,5.100000000000000000e+01,1.044000000000000000e+03,1.400000000000000000e+02,8.780000000000000000e+02,8.280000000000000000e+02,1.950000000000000000e+02,1.600000000000000000e+01,8.690000000000000000e+02,6.800000000000000000e+01,2.090000000000000000e+02,3.600000000000000000e+01,5.970000000000000000e+02,1.990000000000000000e+02,0.000000000000000000e+00,9.700000000000000000e+01,5.600000000000000000e+01,8.900000000000000000e+02,6.790000000000000000e+02,8.460000000000000000e+02,1.490000000000000000e+02,2.580000000000000000e+02,9.320000000000000000e+02,8.540000000000000000e+02,3.480000000000000000e+02,7.200000000000000000e+01,1.260000000000000000e+02,1.700000000000000000e+02,8.570000000000000000e+02,1.720000000000000000e+02,2.290000000000000000e+02,8.340000000000000000e+02,1.960000000000000000e+02,1.400000000000000000e+02,9.850000000000000000e+02,8.300000000000000000e+01,1.020000000000000000e+02,8.050000000000000000e+02,1.800000000000000000e+01,1.960000000000000000e+02,2.010000000000000000e+02,8.080000000000000000e+02,8.240000000000000000e+02,6.900000000000000000e+01,8.790000000000000000e+02,1.170000000000000000e+02,1.020000000000000000e+02,8.500000000000000000e+02,3.100000000000000000e+01,7.900000000000000000e+01,7.590000000000000000e+02,4.700000000000000000e+01,1.080000000000000000e+02,1.580000000000000000e+02,1.033000000000000000e+03,9.030000000000000000e+02,1.940000000000000000e+02,8.200000000000000000e+01,2.110000000000000000e+02,1.880000000000000000e+02,7.210000000000000000e+02,2.040000000000000000e+02,1.830000000000000000e+02,2.380000000000000000e+02,2.240000000000000000e+02,1.910000000000000000e+02,2.150000000000000000e+02,1.150000000000000000e+02,1.400000000000000000e+01,9.100000000000000000e+02,8.330000000000000000e+02,2.050000000000000000e+02,2.370000000000000000e+02,8.640000000000000000e+02,9.900000000000000000e+01,2.020000000000000000e+02,8.250000000000000000e+02,8.900000000000000000e+01,7.620000000000000000e+02,9.400000000000000000e+01,3.600000000000000000e+01,2.160000000000000000e+02,5.400000000000000000e+01,8.420000000000000000e+02,2.000000000000000000e+02,8.700000000000000000e+02,2.430000000000000000e+02,1.730000000000000000e+02,2.500000000000000000e+01,8.290000000000000000e+02,1.870000000000000000e+02,7.810000000000000000e+02,2.240000000000000000e+02,8.680000000000000000e+02,2.050000000000000000e+02,8.280000000000000000e+02,7.920000000000000000e+02,8.560000000000000000e+02,9.290000000000000000e+02,2.100000000000000000e+01,7.180000000000000000e+02,2.140000000000000000e+02,3.690000000000000000e+02,6.700000000000000000e+02,3.640000000000000000e+02,1.370000000000000000e+02,1.300000000000000000e+02,8.810000000000000000e+02,2.000000000000000000e+02,2.030000000000000000e+02,9.870000000000000000e+02,1.740000000000000000e+02,7.960000000000000000e+02,8.440000000000000000e+02,2.030000000000000000e+02,1.300000000000000000e+01,7.900000000000000000e+01,8.910000000000000000e+02,2.510000000000000000e+02,3.800000000000000000e+02,8.220000000000000000e+02,9.260000000000000000e+02,8.900000000000000000e+02,8.550000000000000000e+02,3.640000000000000000e+02,1.050000000000000000e+02,9.100000000000000000e+02,8.750000000000000000e+02,8.700000000000000000e+02,8.840000000000000000e+02,3.500000000000000000e+01,5.300000000000000000e+01,8.490000000000000000e+02,1.280000000000000000e+02,9.260000000000000000e+02,1.590000000000000000e+02,1.230000000000000000e+02,1.000000000000000000e+02,1.100000000000000000e+01,2.020000000000000000e+02,2.400000000000000000e+02,8.670000000000000000e+02,8.080000000000000000e+02,8.580000000000000000e+02,6.700000000000000000e+01,3.850000000000000000e+02
2.940000000000000000e+02,2.950000000000000000e+02,1.100000000000000000e+02,9.200000000000000000e+01,1.040000000000000000e+02,9.100000000000000000e+01,0.000000000000000000e+00,7.300000000000000000e+01,1.170000000000000000e+02,0.000000000000000000e+00,0.000000000000000000e+00,0.000000000000000000e+00,1.760000000000000000e+02,2.710000000000000000e+02,0.000000000000000000e+00,0.000000000000000000e+00,6.500000000000000000e+01,2.660000000000000000e+02,2.070000000000000000e+02,0.000000000000000000e+00,8.600000000000000000e+01,1.050000000000000000e+02,2.820000000000000000e+02,3.060000000000000000e+02,0.000000000000000000e+00,1.040000000000000000e+02,9.700000000000000000e+01,2.620000000000000000e+02,2.840000000000000000e+02,2.800000000000000000e+02,2.370000000000000000e+02,2.340000000000000000e+02,0.000000000000000000e+00,2.930000000000000000e+02,0.000000000000000000e+00,1.180000000000000000e+02,0.000000000000000000e+00,2.420000000000000000e+02,7.900000000000000000e+01,2.970000000000000000e+02,0.000000000000000000e+00,2.570000000000000000e+02,0.000000000000000000e+00,2.510000000000000000e+02,0.000000000000000000e+00,7.100000000000000000e+01,0.000000000000000000e+00,0.000000000000000000e+00,6.600000000000000000e+01,0.000000000000000000e+00,0.000000000000000000e+00,8.300000000000000000e+01,1.050000000000000000e+02,0.000000000000000000e+00,2.850000000000000000e+02,2.560000000000000000e+02,0.000000000000000000e+00,2.930000000000000000e+02,9.100000000000000000e+01,7.700000000000000000e+01,0.000000000000000000e+00,8.300000000000000000e+01,8.800000000000000000e+01,1.930000000000000000e+02,4.700000000000000000e+01,3.180000000000000000e+02,2.460000000000000000e+02,2.110000000000000000e+02,1.050000000000000000e+02,0.000000000000000000e+00,2.820000000000000000e+02,1.010000000000000000e+02,3.070000000000000000e+02,2.340000000000000000e+02,4.700000000000000000e+01,3.080000000000000000e+02,6.300000000000000000e+01,3.380000000000000000e+02,9.600000000000000000e+01,2.940000000000000000e+02,3.750000000000000000e+02,1.060000000000000000e+02,1.390000000000000000e+02,1.020000000000000000e+02,0.000000000000000000e+00,2.790000000000000000e+02,2.270000000000000000e+02,6.800000000000000000e+01,2.710000000000000000e+02,2.810000000000000000e+02,7.700000000000000000e+01,1.080000000000000000e+02,2.960000000000000000e+02,2.610000000000000000e+02,8.200000000000000000e+01,0.000000000000000000e+00,2.330000000000000000e+02,2.960000000000000000e+02,0.000000000000000000e+00,0.000000000000000000e+00,5.100000000000000000e+01,0.000000000000000000e+00,3.090000000000000000e+02,8.400000000000000000e+01,2.620000000000000000e+02,4.700000000000000000e+01,7.100000000000000000e+01,3.000000000000000000e+01,2.770000000000000000e+02,1.270000000000000000e+02,2.800000000000000000e+02,6.800000000000000000e+01,2.960000000000000000e+02,0.000000000000000000e+00,3.140000000000000000e+02,0.000000000000000000e+00,3.520000000000000000e+02,1.330000000000000000e+02,2.850000000000000000e+02,2.850000000000000000e+02,0.000000000000000000e+00,3.860000000000000000e+02,0.000000000000000000e+00,2.970000000000000000e+02,3.030000000000000000e+02,4.500000000000000000e+01,0.000000000000000000e+00,2.890000000000000000e+02,0.000000000000000000e+00,1.020000000000000000e+02,0.000000000000000000e+00,9.100000000000000000e+01,7.600000000000000000e+01,2.800000000000000000e+01,0.000000000000000000e+00,0.000000000000000000e+00,2.950000000000000000e+02,1.270000000000000000e+02,3.240000000000000000e+02,0.000000000000000000e+00,1.010000000000000000e+02,3.130000000000000000e+02,2.710000000000000000e+02,1.290000000000000000e+02,0.000000000000000000e+00,0.000000000000000000e+00,6.800000000000000000e+01,3.030000000000000000e+02,5.300000000000000000e+01,1.010000000000000000e+02,3.110000000000000000e+02,7.700000000000000000e+01,0.000000000000000000e+00,3.840000000000000000e+02,1.100000000000000000e+01,0.000000000000000000e+00,3.140000000000000000e+02,0.000000000000000000e+00,9.900000000000000000e+01,1.340000000000000000e+02,3.150000000000000000e+02,2.730000000000000000e+02,0.000000000000000000e+00,2.840000000000000000e+02,0.000000000000000000e+00,0.000000000000000000e+00,3.100000000000000000e+02,0.000000000000000000e+00,0.000000000000000000e+00,2.220000000000000000e+02,0.000000000000000000e+00,0.000000000000000000e+00,4.500000000000000000e+01,3.510000000000000000e+02,2.780000000000000000e+02,1.070000000000000000e+02,0.000000000000000000e+00,9.900000000000000000e+01,9.100000000000000000e+01,1.210000000000000000e+02,1.040000000000000000e+02,8.400000000000000000e+01,1.040000000000000000e+02,1.110000000000000000e+02,7.400000000000000000e+01,1.220000000000000000e+02,0.000000000000000000e+00,0.000000000000000000e+00,2.770000000000000000e+02,2.770000000000000000e+02,9.800000000000000000e+01,9.400000000000000000e+01,3.350000000000000000e+02,0.000000000000000000e+00,1.010000000000000000e+02,3.140000000000000000e+02,0.000000000000000000e+00,2.480000000000000000e+02,0.000000000000000000e+00,0.000000000000000000e+00,9.900000000000000000e+01,0.000000000000000000e+00,2.660000000000000000e+02,6.400000000000000000e+01,1.840000000000000000e+02,8.200000000000000000e+01,6.000000000000000000e+01,0.000000000000000000e+00,2.760000000000000000e+02,7.000000000000000000e+01,2.430000000000000000e+02,7.800000000000000000e+01,2.240000000000000000e+02,7.200000000000000000e+01,2.870000000000000000e+02,2.860000000000000000e+02,3.150000000000000000e+02,2.320000000000000000e+02,0.000000000000000000e+00,1.770000000000000000e+02,1.270000000000000000e+02,1.220000000000000000e+02,1.990000000000000000e+02,1.290000000000000000e+02,0.000000000000000000e+00,0.000000000000000000e+00,3.110000000000000000e+02,7.200000000000000000e+01,8.900000000000000000e+01,3.060000000000000000e+02,5.800000000000000000e+01,2.160000000000000000e+02,3.030000000000000000e+02,1.230000000000000000e+02,0.000000000000000000e+00,0.000000000000000000e+00,2.630000000000000000e+02,1.050000000000000000e+02,1.200000000000000000e+02,2.940000000000000000e+02,3.040000000000000000e+02,2.830000000000000000e+02,2.700000000000000000e+02,1.080000000000000000e+02,0.000000000000000000e+00,2.810000000000000000e+02,3.290000000000000000e+02,3.300000000000000000e+02,2.790000000000000000e+02,0.000000000000000000e+00,0.000000000000000000e+00,2.830000000000000000e+02,3.200000000000000000e+01,2.650000000000000000e+02,4.900000000000000000e+01,3.800000000000000000e+01,0.000000000000000000e+00,0.000000000000000000e+00,7.300000000000000000e+01,3.300000000000000000e+01,2.760000000000000000e+02,2.880000000000000000e+02,3.090000000000000000e+02,0.000000000000000000e+00,1.500000000000000000e+02
2.780000000000000000e+02,2.650000000000000000e+02,1.230000000000000000e+02,6.100000000000000000e+01,9.500000000000000000e+01,8.100000000000000000e+01,0.000000000000000000e+00,5.800000000000000000e+01,1.060000000000000000e+02,0.000000000000000000e+00,0.000000000000000000e+00,0.000000000000000000e+00,1.640000000000000000e+02,2.710000000000000000e+02,0.000000000000000000e+00,0.000000000000000000e+00,5.800000000000000000e+01,2.140000000000000000e+02,1.760000000000000000e+02,0.000000000000000000e+00,8.100000000000000000e+01,1.080000000000000000e+02,2.120000000000000000e+02,2.840000000000000000e+02,0.000000000000000000e+00,9.700000000000000000e+01,8.200000000000000000e+01,2.660000000000000000e+02,2.860000000000000000e+02,2.970000000000000000e+02,2.140000000000000000e+02,2.150000000000000000e+02,0.000000000000000000e+00,2.600000000000000000e+02,0.000000000000000000e+00,1.240000000000000000e+02,0.000000000000000000e+00,2.600000000000000000e+02,1.030000000000000000e+02,2.780000000000000000e+02,0.000000000000000000e+00,2.330000000000000000e+02,0.000000000000000000e+00,2.660000000000000000e+02,0.000000000000000000e+00,6.600000000000000000e+01,0.000000000000000000e+00,0.000000000000000000e+00,5.200000000000000000e+01,0.000000000000000000e+00,0.000000000000000000e+00,8.200000000000000000e+01,1.180000000000000000e+02,0.000000000000000000e+00,2.630000000000000000e+02,2.550000000000000000e+02,0.000000000000000000e+00,2.660000000000000000e+02,9.300000000000000000e+01,7.300000000000000000e+01,0.000000000000000000e+00,7.200000000000000000e+01,9.400000000000000000e+01,1.810000000000000000e+02,5.200000000000000000e+01,2.630000000000000000e+02,2.360000000000000000e+02,1.980000000000000000e+02,1.210000000000000000e+02,0.000000000000000000e+00,2.310000000000000000e+02,7.800000000000000000e+01,2.810000000000000000e+02,2.420000000000000000e+02,3.800000000000000000e+01,2.510000000000000000e+02,4.500000000000000000e+01,2.710000000000000000e+02,7.700000000000000000e+01,2.700000000000000000e+02,3.720000000000000000e+02,1.180000000000000000e+02,1.110000000000000000e+02,8.600000000000000000e+01,0.000000000000000000e+00,2.370000000000000000e+02,1.870000000000000000e+02,7.200000000000000000e+01,2.360000000000000000e+02,2.830000000000000000e+02,5.600000000000000000e+01,7.800000000000000000e+01,2.860000000000000000e+02,2.350000000000000000e+02,9.400000000000000000e+01,0.000000000000000000e+00,2.260000000000000000e+02,2.710000000000000000e+02,0.000000000000000000e+00,0.000000000000000000e+00,3.800000000000000000e+01,0.000000000000000000e+00,2.650000000000000000e+02,8.400000000000000000e+01,2.420000000000000000e+02,4.500000000000000000e+01,6.400000000000000000e+01,2.800000000000000000e+01,2.610000000000000000e+02,1.200000000000000000e+02,2.720000000000000000e+02,5.600000000000000000e+01,2.150000000000000000e+02,0.000000000000000000e+00,2.640000000000000000e+02,0.000000000000000000e+00,2.900000000000000000e+02,1.200000000000000000e+02,2.760000000000000000e+02,2.690000000000000000e+02,0.000000000000000000e+00,3.310000000000000000e+02,0.000000000000000000e+00,2.750000000000000000e+02,2.670000000000000000e+02,4.300000000000000000e+01,0.000000000000000000e+00,2.920000000000000000e+02,0.000000000000000000e+00,1.150000000000000000e+02,0.000000000000000000e+00,1.090000000000000000e+02,5.200000000000000000e+01,2.600000000000000000e+01,0.000000000000000000e+00,0.000000000000000000e+00,2.520000000000000000e+02,1.000000000000000000e+02,3.170000000000000000e+02,0.000000000000000000e+00,1.050000000000000000e+02,2.880000000000000000e+02,2.660000000000000000e+02,1.120000000000000000e+02,0.000000000000000000e+00,0.000000000000000000e+00,4.200000000000000000e+01,2.810000000000000000e+02,4.600000000000000000e+01,8.900000000000000000e+01,2.590000000000000000e+02,6.500000000000000000e+01,0.000000000000000000e+00,3.110000000000000000e+02,1.600000000000000000e+01,0.000000000000000000e+00,2.890000000000000000e+02,0.000000000000000000e+00,8.800000000000000000e+01,8.400000000000000000e+01,2.920000000000000000e+02,2.340000000000000000e+02,0.000000000000000000e+00,2.350000000000000000e+02,0.000000000000000000e+00,0.000000000000000000e+00,2.440000000000000000e+02,0.000000000000000000e+00,0.000000000000000000e+00,1.920000000000000000e+02,0.000000000000000000e+00,0.000000000000000000e+00,4.000000000000000000e+01,3.480000000000000000e+02,2.840000000000000000e+02,7.800000000000000000e+01,0.000000000000000000e+00,8.400000000000000000e+01,8.000000000000000000e+01,1.290000000000000000e+02,1.040000000000000000e+02,6.900000000000000000e+01,9.300000000000000000e+01,8.600000000000000000e+01,6.500000000000000000e+01,1.040000000000000000e+02,0.000000000000000000e+00,0.000000000000000000e+00,2.790000000000000000e+02,2.170000000000000000e+02,1.110000000000000000e+02,9.500000000000000000e+01,2.750000000000000000e+02,0.000000000000000000e+00,9.800000000000000000e+01,2.660000000000000000e+02,0.000000000000000000e+00,2.010000000000000000e+02,0.000000000000000000e+00,0.000000000000000000e+00,1.030000000000000000e+02,0.000000000000000000e+00,2.590000000000000000e+02,4.800000000000000000e+01,1.540000000000000000e+02,5.500000000000000000e+01,6.900000000000000000e+01,0.000000000000000000e+00,2.330000000000000000e+02,6.600000000000000000e+01,2.560000000000000000e+02,6.300000000000000000e+01,1.990000000000000000e+02,5.600000000000000000e+01,2.780000000000000000e+02,2.520000000000000000e+02,2.680000000000000000e+02,2.150000000000000000e+02,0.000000000000000000e+00,1.300000000000000000e+02,8.400000000000000000e+01,1.130000000000000000e+02,1.690000000000000000e+02,1.080000000000000000e+02,0.000000000000000000e+00,0.000000000000000000e+00,2.610000000000000000e+02,5.900000000000000000e+01,6.000000000000000000e+01,3.710000000000000000e+02,5.400000000000000000e+01,1.840000000000000000e+02,2.830000000000000000e+02,1.080000000000000000e+02,0.000000000000000000e+00,0.000000000000000000e+00,2.590000000000000000e+02,9.100000000000000000e+01,1.080000000000000000e+02,2.440000000000000000e+02,2.820000000000000000e+02,2.820000000000000000e+02,2.540000000000000000e+02,9.700000000000000000e+01,0.000000000000000000e+00,2.940000000000000000e+02,2.990000000000000000e+02,2.980000000000000000e+02,2.740000000000000000e+02,0.000000000000000000e+00,0.000000000000000000e+00,2.770000000000000000e+02,2.300000000000000000e+01,2.630000000000000000e+02,4.400000000000000000e+01,4.000000000000000000e+01,0.000000000000000000e+00,0.000000000000000000e+00,4.300000000000000000e+01,3.800000000000000000e+01,3.050000000000000000e+02,2.420000000000000000e+02,2.860000000000000000e+02,0.000000000000000000e+00,1.240000000000000000e+02
8.220000000000000000e+02,1.019000000000000000e+03,6.360000000000000000e+02,2.260000000000000000e+02,3.050000000000000000e+02,9.000000000000000000e+01,0.000000000000000000e+00,1.200000000000000000e+01,4.850000000000000000e+02,0.000000000000000000e+00,2.890000000000000000e+02,2.590000000000000000e+02,1.700000000000000000e+01,8.850000000000000000e+02,1.390000000000000000e+02,2.500000000000000000e+01,2.400000000000000000e+01,3.540000000000000000e+02,2.450000000000000000e+02,3.000000000000000000e+00,1.590000000000000000e+02,1.460000000000000000e+02,3.670000000000000000e+02,1.284000000000000000e+03,2.000000000000000000e+00,4.960000000000000000e+02,2.560000000000000000e+02,5.370000000000000000e+02,1.116000000000000000e+03,1.327000000000000000e+03,9.000000000000000000e+01,3.610000000000000000e+02,1.050000000000000000e+02,5.680000000000000000e+02,3.000000000000000000e+00,5.430000000000000000e+02,1.000000000000000000e+00,5.860000000000000000e+02,2.430000000000000000e+02,1.467000000000000000e+03,8.700000000000000000e+01,8.540000000000000000e+02,2.100000000000000000e+01,3.670000000000000000e+02,2.000000000000000000e+00,8.800000000000000000e+01,1.000000000000000000e+00,2.000000000000000000e+00,3.900000000000000000e+01,2.450000000000000000e+02,2.790000000000000000e+02,2.500000000000000000e+01,3.260000000000000000e+02,2.000000000000000000e+00,5.520000000000000000e+02,5.050000000000000000e+02,7.000000000000000000e+00,5.460000000000000000e+02,3.800000000000000000e+02,2.180000000000000000e+02,1.060000000000000000e+02,1.350000000000000000e+02,2.490000000000000000e+02,1.910000000000000000e+02,4.500000000000000000e+01,1.412000000000000000e+03,1.630000000000000000e+02,2.010000000000000000e+02,4.500000000000000000e+01,5.400000000000000000e+01,6.940000000000000000e+02,2.670000000000000000e+02,4.130000000000000000e+02,3.410000000000000000e+02,1.700000000000000000e+01,2.690000000000000000e+02,3.300000000000000000e+01,9.970000000000000000e+02,9.100000000000000000e+01,1.154000000000000000e+03,2.190000000000000000e+03,4.660000000000000000e+02,5.870000000000000000e+02,1.250000000000000000e+02,2.630000000000000000e+02,9.930000000000000000e+02,4.500000000000000000e+01,1.900000000000000000e+01,5.720000000000000000e+02,1.315000000000000000e+03,9.400000000000000000e+01,1.940000000000000000e+02,1.438000000000000000e+03,5.610000000000000000e+02,1.680000000000000000e+02,1.660000000000000000e+02,3.790000000000000000e+02,1.256000000000000000e+03,5.000000000000000000e+00,7.000000000000000000e+00,2.700000000000000000e+01,3.000000000000000000e+00,1.233000000000000000e+03,1.140000000000000000e+02,5.600000000000000000e+02,1.000000000000000000e+00,1.390000000000000000e+02,1.000000000000000000e+00,1.315000000000000000e+03,6.240000000000000000e+02,1.133000000000000000e+03,4.200000000000000000e+01,7.770000000000000000e+02,7.000000000000000000e+00,1.491000000000000000e+03,2.250000000000000000e+02,1.259000000000000000e+03,5.130000000000000000e+02,8.740000000000000000e+02,1.000000000000000000e+03,6.000000000000000000e+00,2.201000000000000000e+03,2.700000000000000000e+02,1.183000000000000000e+03,1.203000000000000000e+03,7.000000000000000000e+00,4.000000000000000000e+00,1.275000000000000000e+03,0.000000000000000000e+00,3.680000000000000000e+02,0.000000000000000000e+00,4.700000000000000000e+01,7.400000000000000000e+01,9.000000000000000000e+00,1.800000000000000000e+01,1.200000000000000000e+01,0.000000000000000000e+00,1.000000000000000000e+01,6.450000000000000000e+02,2.070000000000000000e+02,1.710000000000000000e+02,9.700000000000000000e+02,2.690000000000000000e+02,5.110000000000000000e+02,0.000000000000000000e+00,2.200000000000000000e+01,9.000000000000000000e+00,9.730000000000000000e+02,5.000000000000000000e+00,5.270000000000000000e+02,1.043000000000000000e+03,5.200000000000000000e+01,3.000000000000000000e+02,2.192000000000000000e+03,5.000000000000000000e+00,1.200000000000000000e+01,1.384000000000000000e+03,7.000000000000000000e+00,8.600000000000000000e+01,3.550000000000000000e+02,1.071000000000000000e+03,5.540000000000000000e+02,1.240000000000000000e+02,8.900000000000000000e+02,7.800000000000000000e+01,5.000000000000000000e+00,6.520000000000000000e+02,8.000000000000000000e+00,1.400000000000000000e+01,1.600000000000000000e+01,1.000000000000000000e+01,3.400000000000000000e+01,1.600000000000000000e+01,2.288000000000000000e+03,1.368000000000000000e+03,2.160000000000000000e+02,3.000000000000000000e+00,3.200000000000000000e+02,2.410000000000000000e+02,9.400000000000000000e+01,1.060000000000000000e+02,4.200000000000000000e+01,3.530000000000000000e+02,4.580000000000000000e+02,1.240000000000000000e+02,6.020000000000000000e+02,6.000000000000000000e+00,0.000000000000000000e+00,1.205000000000000000e+03,8.860000000000000000e+02,8.600000000000000000e+01,1.320000000000000000e+02,1.609000000000000000e+03,6.000000000000000000e+00,2.930000000000000000e+02,9.850000000000000000e+02,1.000000000000000000e+01,4.110000000000000000e+02,1.000000000000000000e+00,2.000000000000000000e+00,3.430000000000000000e+02,1.220000000000000000e+02,8.040000000000000000e+02,2.000000000000000000e+00,7.700000000000000000e+01,5.000000000000000000e+01,3.800000000000000000e+01,0.000000000000000000e+00,3.800000000000000000e+02,5.900000000000000000e+01,2.380000000000000000e+02,2.260000000000000000e+02,9.200000000000000000e+01,6.800000000000000000e+01,1.537000000000000000e+03,5.260000000000000000e+02,1.381000000000000000e+03,2.470000000000000000e+02,2.000000000000000000e+00,1.400000000000000000e+01,4.660000000000000000e+02,5.460000000000000000e+02,1.070000000000000000e+02,5.950000000000000000e+02,1.490000000000000000e+02,1.070000000000000000e+02,8.190000000000000000e+02,6.200000000000000000e+01,3.300000000000000000e+01,2.234000000000000000e+03,6.700000000000000000e+01,3.800000000000000000e+01,1.249000000000000000e+03,4.350000000000000000e+02,2.000000000000000000e+00,1.700000000000000000e+01,8.360000000000000000e+02,2.610000000000000000e+02,6.250000000000000000e+02,7.920000000000000000e+02,1.391000000000000000e+03,1.055000000000000000e+03,7.750000000000000000e+02,5.540000000000000000e+02,2.100000000000000000e+01,1.240000000000000000e+03,9.830000000000000000e+02,6.350000000000000000e+02,1.113000000000000000e+03,1.300000000000000000e+01,0.000000000000000000e+00,7.490000000000000000e+02,1.600000000000000000e+01,8.840000000000000000e+02,3.700000000000000000e+01,2.200000000000000000e+01,3.000000000000000000e+00,1.000000000000000000e+00,6.900000000000000000e+01,1.800000000000000000e+01,1.307000000000000000e+03,1.307000000000000000e+03,1.521000000000000000e+03,4.000000000000000000e+00,6.100000000000000000e+02
2.058000000000000000e+03,2.131000000000000000e+03,8.380000000000000000e+02,7.810000000000000000e+02,7.310000000000000000e+02,8.320000000000000000e+02,1.280000000000000000e+02,7.100000000000000000e+02,7.930000000000000000e+02,4.000000000000000000e+00,3.550000000000000000e+02,3.860000000000000000e+02,1.547000000000000000e+03,1.895000000000000000e+03,1.560000000000000000e+02,7.600000000000000000e+01,5.930000000000000000e+02,1.777000000000000000e+03,1.673000000000000000e+03,5.400000000000000000e+01,7.250000000000000000e+02,7.560000000000000000e+02,1.935000000000000000e+03,2.011000000000000000e+03,3.200000000000000000e+01,8.120000000000000000e+02,7.770000000000000000e+02,1.851000000000000000e+03,1.948000000000000000e+03,2.055000000000000000e+03,1.650000000000000000e+03,1.765000000000000000e+03,2.920000000000000000e+02,1.978000000000000000e+03,3.600000000000000000e+01,9.160000000000000000e+02,5.200000000000000000e+01,1.900000000000000000e+03,7.740000000000000000e+02,2.000000000000000000e+03,1.400000000000000000e+02,1.941000000000000000e+03,2.340000000000000000e+02,1.580000000000000000e+03,1.400000000000000000e+02,6.780000000000000000e+02,5.000000000000000000e+01,6.700000000000000000e+01,5.710000000000000000e+02,3.710000000000000000e+02,3.510000000000000000e+02,6.370000000000000000e+02,8.680000000000000000e+02,1.370000000000000000e+02,1.913000000000000000e+03,1.853000000000000000e+03,5.900000000000000000e+01,2.031000000000000000e+03,7.940000000000000000e+02,7.560000000000000000e+02,3.350000000000000000e+02,7.480000000000000000e+02,7.560000000000000000e+02,1.567000000000000000e+03,5.580000000000000000e+02,2.015000000000000000e+03,1.656000000000000000e+03,1.729000000000000000e+03,1.148000000000000000e+03,2.990000000000000000e+02,1.911000000000000000e+03,7.070000000000000000e+02,1.862000000000000000e+03,1.721000000000000000e+03,4.120000000000000000e+02,2.008000000000000000e+03,5.960000000000000000e+02,2.026000000000000000e+03,7.230000000000000000e+02,1.962000000000000000e+03,2.575000000000000000e+03,9.120000000000000000e+02,8.600000000000000000e+02,7.960000000000000000e+02,3.610000000000000000e+02,2.026000000000000000e+03,1.652000000000000000e+03,6.860000000000000000e+02,1.912000000000000000e+03,1.997000000000000000e+03,6.840000000000000000e+02,7.150000000000000000e+02,2.060000000000000000e+03,1.930000000000000000e+03,6.980000000000000000e+02,3.310000000000000000e+02,1.783000000000000000e+03,2.049000000000000000e+03,1.400000000000000000e+02,9.000000000000000000e+01,5.770000000000000000e+02,1.180000000000000000e+02,2.043000000000000000e+03,6.490000000000000000e+02,1.930000000000000000e+03,5.010000000000000000e+02,8.080000000000000000e+02,9.400000000000000000e+01,2.070000000000000000e+03,8.680000000000000000e+02,2.083000000000000000e+03,5.660000000000000000e+02,1.965000000000000000e+03,9.300000000000000000e+01,1.989000000000000000e+03,3.420000000000000000e+02,2.104000000000000000e+03,8.280000000000000000e+02,1.731000000000000000e+03,1.609000000000000000e+03,8.200000000000000000e+01,2.637000000000000000e+03,3.760000000000000000e+02,1.607000000000000000e+03,1.661000000000000000e+03,7.730000000000000000e+02,7.100000000000000000e+01,2.059000000000000000e+03,5.400000000000000000e+01,8.350000000000000000e+02,1.900000000000000000e+01,8.940000000000000000e+02,6.960000000000000000e+02,2.550000000000000000e+02,2.360000000000000000e+02,1.130000000000000000e+02,1.673000000000000000e+03,0.000000000000000000e+00,2.013000000000000000e+03,3.440000000000000000e+02,8.320000000000000000e+02,2.094000000000000000e+03,2.092000000000000000e+03,8.930000000000000000e+02,5.800000000000000000e+01,2.340000000000000000e+02,5.120000000000000000e+02,1.656000000000000000e+03,7.180000000000000000e+02,8.340000000000000000e+02,2.081000000000000000e+03,6.410000000000000000e+02,3.510000000000000000e+02,2.541000000000000000e+03,1.860000000000000000e+02,1.910000000000000000e+02,1.968000000000000000e+03,4.500000000000000000e+01,7.030000000000000000e+02,8.150000000000000000e+02,2.017000000000000000e+03,1.878000000000000000e+03,1.530000000000000000e+02,2.021000000000000000e+03,3.230000000000000000e+02,1.370000000000000000e+02,1.646000000000000000e+03,5.100000000000000000e+01,1.170000000000000000e+02,1.542000000000000000e+03,1.010000000000000000e+02,2.650000000000000000e+02,4.580000000000000000e+02,2.521000000000000000e+03,2.144000000000000000e+03,7.320000000000000000e+02,1.200000000000000000e+02,7.360000000000000000e+02,6.780000000000000000e+02,1.393000000000000000e+03,7.000000000000000000e+02,6.600000000000000000e+02,7.860000000000000000e+02,8.190000000000000000e+02,6.550000000000000000e+02,8.370000000000000000e+02,3.240000000000000000e+02,7.000000000000000000e+00,1.679000000000000000e+03,1.963000000000000000e+03,7.280000000000000000e+02,7.870000000000000000e+02,2.122000000000000000e+03,2.030000000000000000e+02,8.380000000000000000e+02,1.698000000000000000e+03,1.330000000000000000e+02,1.818000000000000000e+03,1.010000000000000000e+02,6.500000000000000000e+01,8.250000000000000000e+02,1.490000000000000000e+02,2.017000000000000000e+03,7.140000000000000000e+02,1.392000000000000000e+03,6.720000000000000000e+02,6.570000000000000000e+02,1.300000000000000000e+01,1.852000000000000000e+03,5.980000000000000000e+02,1.724000000000000000e+03,6.570000000000000000e+02,1.846000000000000000e+03,6.370000000000000000e+02,2.086000000000000000e+03,1.825000000000000000e+03,2.146000000000000000e+03,1.681000000000000000e+03,7.800000000000000000e+01,1.596000000000000000e+03,8.530000000000000000e+02,8.920000000000000000e+02,1.593000000000000000e+03,9.220000000000000000e+02,3.180000000000000000e+02,3.020000000000000000e+02,2.021000000000000000e+03,6.740000000000000000e+02,6.230000000000000000e+02,2.589000000000000000e+03,5.910000000000000000e+02,1.576000000000000000e+03,2.030000000000000000e+03,9.190000000000000000e+02,2.200000000000000000e+01,2.290000000000000000e+02,1.940000000000000000e+03,8.040000000000000000e+02,8.610000000000000000e+02,1.998000000000000000e+03,1.992000000000000000e+03,1.929000000000000000e+03,1.935000000000000000e+03,9.160000000000000000e+02,2.260000000000000000e+02,2.123000000000000000e+03,1.622000000000000000e+03,1.865000000000000000e+03,1.994000000000000000e+03,5.700000000000000000e+01,6.500000000000000000e+01,1.938000000000000000e+03,3.100000000000000000e+02,1.997000000000000000e+03,4.940000000000000000e+02,3.570000000000000000e+02,1.350000000000000000e+02,2.700000000000000000e+01,5.850000000000000000e+02,4.410000000000000000e+02,2.017000000000000000e+03,2.034000000000000000e+03,2.077000000000000000e+03,1.050000000000000000e+02,9.080000000000000000e+02
1.197000000000000000e+03,1.211000000000000000e+03,5.860000000000000000e+02,3.080000000000000000e+02,4.840000000000000000e+02,2.170000000000000000e+02,1.600000000000000000e+01,1.010000000000000000e+02,5.830000000000000000e+02,3.000000000000000000e+00,3.210000000000000000e+02,3.050000000000000000e+02,2.770000000000000000e+02,1.221000000000000000e+03,1.410000000000000000e+02,4.400000000000000000e+01,7.000000000000000000e+01,6.410000000000000000e+02,4.320000000000000000e+02,5.000000000000000000e+00,3.100000000000000000e+02,2.520000000000000000e+02,7.320000000000000000e+02,1.530000000000000000e+03,0.000000000000000000e+00,6.070000000000000000e+02,3.400000000000000000e+02,8.600000000000000000e+02,1.463000000000000000e+03,1.599000000000000000e+03,5.200000000000000000e+02,6.260000000000000000e+02,1.490000000000000000e+02,9.010000000000000000e+02,2.000000000000000000e+00,7.040000000000000000e+02,8.000000000000000000e+00,8.700000000000000000e+02,4.160000000000000000e+02,1.698000000000000000e+03,9.600000000000000000e+01,1.230000000000000000e+03,2.900000000000000000e+01,9.040000000000000000e+02,5.000000000000000000e+00,1.910000000000000000e+02,1.200000000000000000e+01,2.000000000000000000e+00,1.150000000000000000e+02,2.490000000000000000e+02,2.970000000000000000e+02,8.400000000000000000e+01,5.740000000000000000e+02,1.400000000000000000e+01,8.940000000000000000e+02,8.840000000000000000e+02,1.000000000000000000e+01,7.250000000000000000e+02,4.690000000000000000e+02,3.290000000000000000e+02,1.230000000000000000e+02,2.500000000000000000e+02,4.370000000000000000e+02,3.610000000000000000e+02,1.010000000000000000e+02,1.418000000000000000e+03,5.530000000000000000e+02,4.310000000000000000e+02,1.250000000000000000e+02,1.010000000000000000e+02,1.022000000000000000e+03,3.940000000000000000e+02,6.510000000000000000e+02,5.510000000000000000e+02,6.100000000000000000e+01,6.840000000000000000e+02,4.900000000000000000e+01,1.400000000000000000e+03,1.950000000000000000e+02,1.381000000000000000e+03,2.417000000000000000e+03,6.590000000000000000e+02,7.120000000000000000e+02,2.350000000000000000e+02,2.950000000000000000e+02,1.405000000000000000e+03,3.120000000000000000e+02,8.700000000000000000e+01,9.340000000000000000e+02,1.697000000000000000e+03,1.910000000000000000e+02,3.250000000000000000e+02,1.653000000000000000e+03,9.120000000000000000e+02,2.860000000000000000e+02,2.250000000000000000e+02,6.820000000000000000e+02,1.610000000000000000e+03,1.900000000000000000e+01,1.600000000000000000e+01,1.200000000000000000e+01,1.000000000000000000e+00,1.629000000000000000e+03,1.990000000000000000e+02,9.600000000000000000e+02,7.800000000000000000e+01,2.530000000000000000e+02,2.500000000000000000e+01,1.705000000000000000e+03,7.270000000000000000e+02,1.334000000000000000e+03,1.190000000000000000e+02,1.140000000000000000e+03,1.700000000000000000e+01,1.490000000000000000e+03,3.260000000000000000e+02,1.516000000000000000e+03,6.120000000000000000e+02,1.316000000000000000e+03,1.536000000000000000e+03,0.000000000000000000e+00,2.491000000000000000e+03,3.480000000000000000e+02,1.651000000000000000e+03,1.545000000000000000e+03,5.900000000000000000e+01,1.000000000000000000e+01,1.628000000000000000e+03,1.600000000000000000e+01,4.900000000000000000e+02,4.000000000000000000e+00,2.100000000000000000e+01,1.310000000000000000e+02,2.300000000000000000e+01,3.000000000000000000e+01,2.100000000000000000e+01,1.284000000000000000e+03,1.060000000000000000e+02,0.000000000000000000e+00,3.060000000000000000e+02,4.050000000000000000e+02,1.296000000000000000e+03,6.610000000000000000e+02,6.590000000000000000e+02,6.000000000000000000e+00,4.400000000000000000e+01,2.500000000000000000e+01,1.288000000000000000e+03,5.400000000000000000e+01,6.250000000000000000e+02,1.389000000000000000e+03,1.340000000000000000e+02,3.460000000000000000e+02,2.435000000000000000e+03,2.000000000000000000e+00,2.600000000000000000e+01,1.738000000000000000e+03,5.000000000000000000e+00,1.780000000000000000e+02,4.870000000000000000e+02,1.561000000000000000e+03,8.180000000000000000e+02,1.380000000000000000e+02,1.421000000000000000e+03,1.400000000000000000e+02,6.000000000000000000e+00,1.319000000000000000e+03,1.500000000000000000e+01,1.200000000000000000e+01,3.580000000000000000e+02,1.300000000000000000e+01,8.100000000000000000e+01,2.200000000000000000e+01,2.391000000000000000e+03,1.621000000000000000e+03,3.100000000000000000e+02,1.200000000000000000e+01,4.450000000000000000e+02,2.570000000000000000e+02,1.920000000000000000e+02,1.220000000000000000e+02,3.600000000000000000e+01,4.440000000000000000e+02,5.920000000000000000e+02,1.730000000000000000e+02,7.350000000000000000e+02,2.700000000000000000e+01,4.000000000000000000e+00,1.706000000000000000e+03,1.320000000000000000e+03,9.400000000000000000e+01,3.040000000000000000e+02,1.848000000000000000e+03,2.000000000000000000e+01,4.480000000000000000e+02,1.542000000000000000e+03,2.600000000000000000e+01,6.180000000000000000e+02,1.900000000000000000e+01,5.000000000000000000e+00,5.060000000000000000e+02,1.220000000000000000e+02,1.256000000000000000e+03,7.700000000000000000e+01,1.880000000000000000e+02,1.190000000000000000e+02,8.500000000000000000e+01,2.000000000000000000e+00,4.090000000000000000e+02,1.300000000000000000e+02,1.700000000000000000e+02,2.980000000000000000e+02,2.500000000000000000e+02,1.180000000000000000e+02,1.814000000000000000e+03,8.930000000000000000e+02,1.497000000000000000e+03,5.240000000000000000e+02,8.000000000000000000e+00,2.070000000000000000e+02,7.570000000000000000e+02,6.590000000000000000e+02,8.400000000000000000e+01,6.830000000000000000e+02,2.140000000000000000e+02,1.940000000000000000e+02,1.212000000000000000e+03,1.240000000000000000e+02,9.100000000000000000e+01,2.518000000000000000e+03,1.180000000000000000e+02,3.080000000000000000e+02,1.681000000000000000e+03,6.560000000000000000e+02,0.000000000000000000e+00,3.500000000000000000e+01,1.100000000000000000e+03,4.270000000000000000e+02,7.310000000000000000e+02,1.258000000000000000e+03,1.655000000000000000e+03,1.399000000000000000e+03,1.229000000000000000e+03,6.740000000000000000e+02,4.000000000000000000e+01,1.637000000000000000e+03,1.575000000000000000e+03,1.038000000000000000e+03,1.508000000000000000e+03,5.000000000000000000e+00,1.100000000000000000e+01,1.065000000000000000e+03,2.000000000000000000e+01,1.294000000000000000e+03,6.100000000000000000e+01,4.500000000000000000e+01,2.000000000000000000e+01,3.000000000000000000e+00,9.800000000000000000e+01,5.500000000000000000e+01,1.430000000000000000e+03,1.602000000000000000e+03,1.732000000000000000e+03,1.200000000000000000e+01,7.580000000000000000e+02
2.050000000000000000e+02,2.520000000000000000e+02,8.600000000000000000e+01,5.400000000000000000e+01,6.900000000000000000e+01,2.000000000000000000e+01,0.000000000000000000e+00,2.000000000000000000e+01,1.290000000000000000e+02,0.000000000000000000e+00,0.000000000000000000e+00,0.000000000000000000e+00,3.700000000000000000e+01,2.300000000000000000e+02,0.000000000000000000e+00,0.000000000000000000e+00,1.100000000000000000e+01,8.200000000000000000e+01,7.500000000000000000e+01,0.000000000000000000e+00,4.200000000000000000e+01,3.200000000000000000e+01,8.700000000000000000e+01,3.290000000000000000e+02,0.000000000000000000e+00,7.900000000000000000e+01,8.100000000000000000e+01,1.430000000000000000e+02,2.150000000000000000e+02,3.330000000000000000e+02,9.200000000000000000e+01,8.700000000000000000e+01,0.000000000000000000e+00,1.370000000000000000e+02,0.000000000000000000e+00,1.400000000000000000e+02,0.000000000000000000e+00,1.340000000000000000e+02,8.700000000000000000e+01,4.300000000000000000e+02,0.000000000000000000e+00,2.380000000000000000e+02,0.000000000000000000e+00,1.550000000000000000e+02,0.000000000000000000e+00,2.300000000000000000e+01,0.000000000000000000e+00,0.000000000000000000e+00,7.000000000000000000e+00,0.000000000000000000e+00,0.000000000000000000e+00,1.800000000000000000e+01,7.000000000000000000e+01,0.000000000000000000e+00,1.410000000000000000e+02,1.260000000000000000e+02,0.000000000000000000e+00,1.360000000000000000e+02,8.600000000000000000e+01,7.200000000000000000e+01,0.000000000000000000e+00,3.600000000000000000e+01,7.500000000000000000e+01,4.700000000000000000e+01,1.300000000000000000e+01,3.780000000000000000e+02,9.400000000000000000e+01,6.400000000000000000e+01,2.800000000000000000e+01,0.000000000000000000e+00,1.940000000000000000e+02,6.300000000000000000e+01,1.180000000000000000e+02,9.200000000000000000e+01,9.000000000000000000e+00,7.400000000000000000e+01,1.200000000000000000e+01,2.500000000000000000e+02,2.600000000000000000e+01,2.580000000000000000e+02,6.610000000000000000e+02,1.240000000000000000e+02,1.410000000000000000e+02,3.200000000000000000e+01,0.000000000000000000e+00,2.170000000000000000e+02,6.000000000000000000e+01,1.800000000000000000e+01,1.470000000000000000e+02,3.800000000000000000e+02,3.400000000000000000e+01,4.800000000000000000e+01,3.630000000000000000e+02,1.640000000000000000e+02,3.200000000000000000e+01,0.000000000000000000e+00,1.140000000000000000e+02,3.240000000000000000e+02,0.000000000000000000e+00,0.000000000000000000e+00,6.000000000000000000e+00,0.000000000000000000e+00,3.670000000000000000e+02,2.400000000000000000e+01,1.430000000000000000e+02,8.000000000000000000e+00,5.300000000000000000e+01,3.000000000000000000e+00,3.600000000000000000e+02,1.390000000000000000e+02,3.060000000000000000e+02,2.600000000000000000e+01,1.750000000000000000e+02,0.000000000000000000e+00,4.540000000000000000e+02,0.000000000000000000e+00,3.080000000000000000e+02,1.350000000000000000e+02,1.900000000000000000e+02,3.050000000000000000e+02,0.000000000000000000e+00,6.450000000000000000e+02,0.000000000000000000e+00,4.050000000000000000e+02,3.130000000000000000e+02,5.000000000000000000e+00,0.000000000000000000e+00,3.070000000000000000e+02,0.000000000000000000e+00,1.080000000000000000e+02,0.000000000000000000e+00,2.500000000000000000e+01,3.200000000000000000e+01,7.000000000000000000e+00,0.000000000000000000e+00,0.000000000000000000e+00,2.110000000000000000e+02,2.900000000000000000e+01,1.650000000000000000e+02,0.000000000000000000e+00,5.400000000000000000e+01,1.940000000000000000e+02,8.700000000000000000e+01,1.430000000000000000e+02,0.000000000000000000e+00,0.000000000000000000e+00,6.000000000000000000e+00,2.060000000000000000e+02,8.000000000000000000e+00,1.150000000000000000e+02,2.580000000000000000e+02,2.100000000000000000e+01,0.000000000000000000e+00,6.560000000000000000e+02,6.000000000000000000e+00,0.000000000000000000e+00,4.110000000000000000e+02,0.000000000000000000e+00,2.600000000000000000e+01,7.100000000000000000e+01,2.910000000000000000e+02,1.360000000000000000e+02,0.000000000000000000e+00,2.620000000000000000e+02,0.000000000000000000e+00,0.000000000000000000e+00,2.080000000000000000e+02,0.000000000000000000e+00,0.000000000000000000e+00,4.400000000000000000e+01,0.000000000000000000e+00,0.000000000000000000e+00,1.100000000000000000e+01,6.480000000000000000e+02,3.540000000000000000e+02,5.500000000000000000e+01,0.000000000000000000e+00,5.800000000000000000e+01,5.300000000000000000e+01,4.100000000000000000e+01,2.100000000000000000e+01,2.200000000000000000e+01,7.100000000000000000e+01,9.800000000000000000e+01,4.700000000000000000e+01,1.750000000000000000e+02,0.000000000000000000e+00,0.000000000000000000e+00,4.120000000000000000e+02,2.210000000000000000e+02,2.900000000000000000e+01,3.800000000000000000e+01,4.820000000000000000e+02,0.000000000000000000e+00,6.700000000000000000e+01,3.010000000000000000e+02,0.000000000000000000e+00,9.700000000000000000e+01,0.000000000000000000e+00,0.000000000000000000e+00,1.070000000000000000e+02,0.000000000000000000e+00,2.490000000000000000e+02,1.200000000000000000e+01,4.400000000000000000e+01,1.400000000000000000e+01,2.200000000000000000e+01,0.000000000000000000e+00,1.100000000000000000e+02,1.700000000000000000e+01,8.500000000000000000e+01,6.300000000000000000e+01,5.300000000000000000e+01,1.500000000000000000e+01,4.250000000000000000e+02,1.370000000000000000e+02,4.010000000000000000e+02,7.600000000000000000e+01,0.000000000000000000e+00,3.900000000000000000e+01,1.250000000000000000e+02,1.370000000000000000e+02,5.600000000000000000e+01,1.570000000000000000e+02,0.000000000000000000e+00,0.000000000000000000e+00,2.180000000000000000e+02,2.000000000000000000e+01,1.400000000000000000e+01,6.300000000000000000e+02,1.100000000000000000e+01,5.200000000000000000e+01,3.490000000000000000e+02,1.290000000000000000e+02,0.000000000000000000e+00,0.000000000000000000e+00,1.900000000000000000e+02,6.200000000000000000e+01,1.330000000000000000e+02,2.020000000000000000e+02,3.620000000000000000e+02,2.150000000000000000e+02,1.770000000000000000e+02,1.550000000000000000e+02,0.000000000000000000e+00,3.580000000000000000e+02,2.660000000000000000e+02,1.600000000000000000e+02,2.660000000000000000e+02,0.000000000000000000e+00,0.000000000000000000e+00,1.980000000000000000e+02,6.000000000000000000e+00,2.530000000000000000e+02,1.300000000000000000e+01,9.000000000000000000e+00,0.000000000000000000e+00,0.000000000000000000e+00,2.400000000000000000e+01,6.000000000000000000e+00,3.780000000000000000e+02,3.270000000000000000e+02,4.490000000000000000e+02,0.000000000000000000e+00,1.680000000000000000e+02
6.560000000000000000e+02,7.230000000000000000e+02,2.480000000000000000e+02,1.330000000000000000e+02,1.870000000000000000e+02,7.400000000000000000e+01,3.000000000000000000e+00,1.800000000000000000e+01,2.030000000000000000e+02,0.000000000000000000e+00,1.270000000000000000e+02,1.360000000000000000e+02,9.800000000000000000e+01,7.040000000000000000e+02,6.900000000000000000e+01,2.700000000000000000e+01,3.100000000000000000e+01,3.210000000000000000e+02,3.050000000000000000e+02,5.000000000000000000e+00,1.090000000000000000e+02,9.900000000000000000e+01,4.000000000000000000e+02,8.530000000000000000e+02,3.000000000000000000e+00,1.830000000000000000e+02,1.210000000000000000e+02,4.720000000000000000e+02,7.180000000000000000e+02,8.070000000000000000e+02,3.090000000000000000e+02,3.760000000000000000e+02,8.700000000000000000e+01,5.650000000000000000e+02,2.000000000000000000e+00,3.420000000000000000e+02,2.000000000000000000e+00,4.620000000000000000e+02,1.400000000000000000e+02,8.350000000000000000e+02,6.800000000000000000e+01,7.000000000000000000e+02,2.500000000000000000e+01,6.540000000000000000e+02,9.000000000000000000e+00,7.700000000000000000e+01,7.000000000000000000e+00,7.000000000000000000e+00,4.300000000000000000e+01,1.260000000000000000e+02,1.420000000000000000e+02,4.000000000000000000e+01,1.550000000000000000e+02,5.000000000000000000e+00,5.170000000000000000e+02,5.510000000000000000e+02,7.000000000000000000e+00,5.260000000000000000e+02,2.110000000000000000e+02,1.330000000000000000e+02,1.120000000000000000e+02,1.080000000000000000e+02,1.490000000000000000e+02,2.060000000000000000e+02,4.400000000000000000e+01,8.710000000000000000e+02,3.610000000000000000e+02,2.600000000000000000e+02,1.160000000000000000e+02,4.400000000000000000e+01,5.940000000000000000e+02,1.300000000000000000e+02,4.200000000000000000e+02,3.580000000000000000e+02,2.600000000000000000e+01,3.930000000000000000e+02,4.500000000000000000e+01,7.780000000000000000e+02,8.800000000000000000e+01,8.630000000000000000e+02,1.135000000000000000e+03,3.120000000000000000e+02,3.220000000000000000e+02,8.500000000000000000e+01,1.510000000000000000e+02,7.320000000000000000e+02,1.820000000000000000e+02,3.200000000000000000e+01,5.080000000000000000e+02,8.160000000000000000e+02,5.900000000000000000e+01,1.190000000000000000e+02,8.380000000000000000e+02,4.180000000000000000e+02,9.800000000000000000e+01,1.050000000000000000e+02,4.020000000000000000e+02,8.490000000000000000e+02,1.200000000000000000e+01,1.400000000000000000e+01,2.400000000000000000e+01,1.000000000000000000e+01,7.530000000000000000e+02,6.100000000000000000e+01,5.570000000000000000e+02,1.200000000000000000e+01,7.200000000000000000e+01,4.000000000000000000e+00,8.650000000000000000e+02,3.590000000000000000e+02,7.940000000000000000e+02,4.700000000000000000e+01,6.700000000000000000e+02,1.200000000000000000e+01,9.020000000000000000e+02,1.530000000000000000e+02,8.590000000000000000e+02,2.100000000000000000e+02,8.610000000000000000e+02,9.430000000000000000e+02,5.000000000000000000e+00,1.145000000000000000e+03,1.560000000000000000e+02,9.040000000000000000e+02,9.710000000000000000e+02,1.200000000000000000e+01,5.000000000000000000e+00,8.360000000000000000e+02,3.000000000000000000e+00,1.710000000000000000e+02,0.000000000000000000e+00,8.200000000000000000e+01,5.300000000000000000e+01,1.900000000000000000e+01,2.900000000000000000e+01,1.100000000000000000e+01,8.790000000000000000e+02,3.200000000000000000e+01,6.230000000000000000e+02,1.530000000000000000e+02,0.000000000000000000e+00,7.940000000000000000e+02,3.930000000000000000e+02,3.280000000000000000e+02,0.000000000000000000e+00,2.300000000000000000e+01,3.600000000000000000e+01,9.000000000000000000e+02,1.500000000000000000e+01,2.120000000000000000e+02,7.520000000000000000e+02,6.100000000000000000e+01,1.780000000000000000e+02,1.132000000000000000e+03,1.400000000000000000e+01,2.400000000000000000e+01,8.770000000000000000e+02,5.000000000000000000e+00,8.400000000000000000e+01,1.880000000000000000e+02,7.810000000000000000e+02,4.830000000000000000e+02,6.400000000000000000e+01,8.010000000000000000e+02,6.800000000000000000e+01,1.100000000000000000e+01,7.640000000000000000e+02,7.000000000000000000e+00,1.100000000000000000e+01,1.290000000000000000e+02,1.500000000000000000e+01,4.100000000000000000e+01,2.600000000000000000e+01,1.087000000000000000e+03,8.460000000000000000e+02,1.090000000000000000e+02,1.200000000000000000e+01,1.420000000000000000e+02,1.060000000000000000e+02,1.380000000000000000e+02,7.200000000000000000e+01,4.600000000000000000e+01,1.540000000000000000e+02,2.090000000000000000e+02,7.000000000000000000e+01,2.280000000000000000e+02,2.000000000000000000e+01,0.000000000000000000e+00,9.340000000000000000e+02,7.180000000000000000e+02,5.800000000000000000e+01,1.150000000000000000e+02,9.220000000000000000e+02,1.200000000000000000e+01,1.790000000000000000e+02,8.760000000000000000e+02,9.000000000000000000e+00,3.960000000000000000e+02,1.000000000000000000e+01,4.000000000000000000e+00,1.710000000000000000e+02,6.300000000000000000e+01,5.740000000000000000e+02,2.700000000000000000e+01,1.400000000000000000e+02,5.600000000000000000e+01,4.400000000000000000e+01,0.000000000000000000e+00,4.410000000000000000e+02,5.000000000000000000e+01,3.070000000000000000e+02,1.040000000000000000e+02,2.220000000000000000e+02,3.700000000000000000e+01,8.760000000000000000e+02,4.960000000000000000e+02,8.750000000000000000e+02,3.230000000000000000e+02,7.000000000000000000e+00,1.050000000000000000e+02,2.200000000000000000e+02,3.690000000000000000e+02,1.900000000000000000e+02,3.510000000000000000e+02,1.380000000000000000e+02,8.300000000000000000e+01,6.610000000000000000e+02,6.200000000000000000e+01,5.200000000000000000e+01,1.105000000000000000e+03,5.100000000000000000e+01,1.720000000000000000e+02,7.810000000000000000e+02,2.120000000000000000e+02,4.000000000000000000e+00,2.400000000000000000e+01,6.650000000000000000e+02,1.780000000000000000e+02,3.010000000000000000e+02,5.780000000000000000e+02,8.720000000000000000e+02,7.680000000000000000e+02,6.150000000000000000e+02,3.890000000000000000e+02,2.200000000000000000e+01,8.290000000000000000e+02,8.910000000000000000e+02,6.010000000000000000e+02,7.840000000000000000e+02,1.300000000000000000e+01,2.000000000000000000e+00,6.320000000000000000e+02,1.500000000000000000e+01,7.050000000000000000e+02,3.200000000000000000e+01,2.700000000000000000e+01,1.600000000000000000e+01,2.000000000000000000e+00,4.200000000000000000e+01,2.700000000000000000e+01,8.110000000000000000e+02,8.150000000000000000e+02,8.530000000000000000e+02,1.200000000000000000e+01,3.420000000000000000e+02
2.371000000000000000e+03,2.659000000000000000e+03,1.237000000000000000e+03,6.250000000000000000e+02,8.200000000000000000e+02,3.480000000000000000e+02,1.100000000000000000e+01,1.770000000000000000e+02,1.423000000000000000e+03,2.000000000000000000e+00,6.660000000000000000e+02,6.580000000000000000e+02,4.510000000000000000e+02,2.430000000000000000e+03,3.490000000000000000e+02,8.100000000000000000e+01,9.500000000000000000e+01,1.009000000000000000e+03,7.520000000000000000e+02,7.000000000000000000e+00,5.720000000000000000e+02,4.230000000000000000e+02,1.286000000000000000e+03,3.395000000000000000e+03,4.000000000000000000e+00,1.166000000000000000e+03,7.540000000000000000e+02,1.518000000000000000e+03,2.852000000000000000e+03,3.319000000000000000e+03,9.030000000000000000e+02,1.013000000000000000e+03,2.990000000000000000e+02,1.779000000000000000e+03,1.400000000000000000e+01,1.397000000000000000e+03,1.000000000000000000e+01,1.471000000000000000e+03,8.000000000000000000e+02,3.492000000000000000e+03,2.730000000000000000e+02,2.340000000000000000e+03,6.800000000000000000e+01,1.894000000000000000e+03,1.900000000000000000e+01,2.730000000000000000e+02,1.500000000000000000e+01,7.000000000000000000e+00,1.530000000000000000e+02,6.630000000000000000e+02,6.840000000000000000e+02,1.450000000000000000e+02,8.500000000000000000e+02,2.600000000000000000e+01,1.490000000000000000e+03,1.529000000000000000e+03,9.000000000000000000e+00,1.767000000000000000e+03,1.050000000000000000e+03,5.820000000000000000e+02,1.590000000000000000e+02,3.780000000000000000e+02,7.410000000000000000e+02,4.550000000000000000e+02,1.620000000000000000e+02,3.446000000000000000e+03,9.570000000000000000e+02,6.620000000000000000e+02,2.090000000000000000e+02,1.730000000000000000e+02,1.661000000000000000e+03,8.100000000000000000e+02,1.347000000000000000e+03,9.570000000000000000e+02,6.900000000000000000e+01,9.330000000000000000e+02,1.100000000000000000e+02,3.117000000000000000e+03,3.060000000000000000e+02,2.706000000000000000e+03,5.261000000000000000e+03,1.238000000000000000e+03,1.420000000000000000e+03,4.300000000000000000e+02,6.400000000000000000e+02,2.688000000000000000e+03,6.350000000000000000e+02,1.010000000000000000e+02,1.599000000000000000e+03,3.460000000000000000e+03,2.780000000000000000e+02,5.500000000000000000e+02,3.425000000000000000e+03,1.468000000000000000e+03,3.910000000000000000e+02,4.640000000000000000e+02,1.216000000000000000e+03,3.368000000000000000e+03,2.600000000000000000e+01,1.100000000000000000e+01,1.170000000000000000e+02,2.100000000000000000e+01,3.202000000000000000e+03,3.290000000000000000e+02,1.677000000000000000e+03,1.080000000000000000e+02,5.630000000000000000e+02,3.500000000000000000e+01,3.310000000000000000e+03,1.477000000000000000e+03,3.225000000000000000e+03,1.420000000000000000e+02,2.172000000000000000e+03,1.500000000000000000e+01,3.548000000000000000e+03,7.020000000000000000e+02,3.363000000000000000e+03,1.495000000000000000e+03,2.587000000000000000e+03,3.086000000000000000e+03,1.400000000000000000e+01,5.183000000000000000e+03,6.330000000000000000e+02,3.403000000000000000e+03,3.268000000000000000e+03,9.200000000000000000e+01,1.500000000000000000e+01,3.313000000000000000e+03,1.200000000000000000e+01,1.137000000000000000e+03,4.000000000000000000e+00,1.690000000000000000e+02,2.340000000000000000e+02,4.400000000000000000e+01,6.400000000000000000e+01,4.900000000000000000e+01,2.501000000000000000e+03,1.780000000000000000e+02,1.904000000000000000e+03,6.800000000000000000e+02,7.270000000000000000e+02,0.000000000000000000e+00,9.870000000000000000e+02,1.349000000000000000e+03,1.100000000000000000e+01,7.400000000000000000e+01,4.800000000000000000e+01,2.604000000000000000e+03,1.320000000000000000e+02,1.405000000000000000e+03,2.820000000000000000e+03,1.680000000000000000e+02,7.120000000000000000e+02,5.137000000000000000e+03,3.100000000000000000e+01,3.800000000000000000e+01,3.484000000000000000e+03,3.000000000000000000e+00,3.790000000000000000e+02,9.640000000000000000e+02,2.932000000000000000e+03,1.392000000000000000e+03,2.790000000000000000e+02,2.700000000000000000e+03,2.440000000000000000e+02,2.300000000000000000e+01,2.581000000000000000e+03,2.100000000000000000e+01,1.500000000000000000e+01,5.590000000000000000e+02,2.200000000000000000e+01,1.590000000000000000e+02,7.800000000000000000e+01,5.180000000000000000e+03,3.366000000000000000e+03,5.820000000000000000e+02,2.100000000000000000e+01,8.050000000000000000e+02,6.080000000000000000e+02,3.080000000000000000e+02,3.160000000000000000e+02,1.720000000000000000e+02,9.010000000000000000e+02,1.200000000000000000e+03,4.460000000000000000e+02,1.497000000000000000e+03,5.600000000000000000e+01,3.000000000000000000e+00,3.408000000000000000e+03,2.347000000000000000e+03,2.880000000000000000e+02,4.790000000000000000e+02,3.744000000000000000e+03,4.500000000000000000e+01,8.980000000000000000e+02,3.239000000000000000e+03,2.100000000000000000e+01,1.155000000000000000e+03,2.100000000000000000e+01,8.000000000000000000e+00,9.760000000000000000e+02,3.050000000000000000e+02,2.181000000000000000e+03,1.370000000000000000e+02,2.660000000000000000e+02,2.000000000000000000e+02,1.510000000000000000e+02,2.000000000000000000e+00,1.237000000000000000e+03,2.250000000000000000e+02,8.410000000000000000e+02,5.370000000000000000e+02,3.270000000000000000e+02,2.280000000000000000e+02,3.653000000000000000e+03,1.446000000000000000e+03,3.481000000000000000e+03,8.920000000000000000e+02,1.100000000000000000e+01,3.450000000000000000e+02,1.372000000000000000e+03,1.374000000000000000e+03,4.160000000000000000e+02,1.307000000000000000e+03,4.430000000000000000e+02,3.280000000000000000e+02,2.249000000000000000e+03,2.240000000000000000e+02,1.640000000000000000e+02,5.034000000000000000e+03,1.910000000000000000e+02,5.430000000000000000e+02,3.087000000000000000e+03,1.419000000000000000e+03,6.000000000000000000e+00,7.100000000000000000e+01,2.187000000000000000e+03,8.340000000000000000e+02,1.369000000000000000e+03,2.191000000000000000e+03,3.594000000000000000e+03,2.746000000000000000e+03,2.149000000000000000e+03,1.368000000000000000e+03,5.400000000000000000e+01,3.370000000000000000e+03,3.271000000000000000e+03,1.808000000000000000e+03,2.986000000000000000e+03,2.100000000000000000e+01,6.000000000000000000e+00,2.182000000000000000e+03,5.400000000000000000e+01,2.556000000000000000e+03,1.000000000000000000e+02,6.200000000000000000e+01,2.000000000000000000e+01,7.000000000000000000e+00,1.920000000000000000e+02,8.500000000000000000e+01,3.495000000000000000e+03,3.265000000000000000e+03,3.619000000000000000e+03,9.000000000000000000e+00,1.459000000000000000e+03
1.343000000000000000e+03,1.331000000000000000e+03,4.960000000000000000e+02,2.480000000000000000e+02,4.750000000000000000e+02,2.750000000000000000e+02,1.600000000000000000e+01,1.450000000000000000e+02,5.070000000000000000e+02,2.000000000000000000e+00,2.490000000000000000e+02,2.410000000000000000e+02,2.830000000000000000e+02,1.195000000000000000e+03,1.330000000000000000e+02,3.100000000000000000e+01,8.900000000000000000e+01,6.920000000000000000e+02,4.860000000000000000e+02,1.200000000000000000e+01,3.670000000000000000e+02,3.170000000000000000e+02,8.070000000000000000e+02,1.333000000000000000e+03,4.000000000000000000e+00,4.750000000000000000e+02,3.720000000000000000e+02,9.530000000000000000e+02,1.322000000000000000e+03,1.362000000000000000e+03,6.480000000000000000e+02,7.570000000000000000e+02,1.700000000000000000e+02,1.071000000000000000e+03,9.000000000000000000e+00,5.870000000000000000e+02,7.000000000000000000e+00,8.710000000000000000e+02,4.430000000000000000e+02,1.288000000000000000e+03,9.300000000000000000e+01,1.225000000000000000e+03,5.300000000000000000e+01,1.182000000000000000e+03,1.500000000000000000e+01,2.430000000000000000e+02,1.800000000000000000e+01,6.000000000000000000e+00,1.110000000000000000e+02,2.660000000000000000e+02,2.340000000000000000e+02,1.400000000000000000e+02,5.000000000000000000e+02,2.200000000000000000e+01,9.350000000000000000e+02,9.440000000000000000e+02,8.000000000000000000e+00,1.043000000000000000e+03,6.230000000000000000e+02,3.360000000000000000e+02,1.940000000000000000e+02,3.320000000000000000e+02,4.410000000000000000e+02,4.450000000000000000e+02,1.350000000000000000e+02,1.329000000000000000e+03,7.480000000000000000e+02,4.970000000000000000e+02,1.740000000000000000e+02,1.330000000000000000e+02,1.112000000000000000e+03,4.060000000000000000e+02,8.800000000000000000e+02,7.220000000000000000e+02,5.500000000000000000e+01,1.044000000000000000e+03,1.260000000000000000e+02,1.309000000000000000e+03,2.510000000000000000e+02,1.367000000000000000e+03,1.735000000000000000e+03,5.410000000000000000e+02,5.980000000000000000e+02,4.140000000000000000e+02,2.370000000000000000e+02,1.280000000000000000e+03,4.410000000000000000e+02,1.000000000000000000e+02,9.540000000000000000e+02,1.368000000000000000e+03,2.450000000000000000e+02,3.930000000000000000e+02,1.334000000000000000e+03,1.051000000000000000e+03,3.380000000000000000e+02,2.410000000000000000e+02,8.130000000000000000e+02,1.310000000000000000e+03,1.700000000000000000e+01,2.500000000000000000e+01,8.600000000000000000e+01,1.500000000000000000e+01,1.226000000000000000e+03,2.390000000000000000e+02,1.172000000000000000e+03,6.200000000000000000e+01,2.830000000000000000e+02,3.000000000000000000e+01,1.345000000000000000e+03,5.930000000000000000e+02,1.268000000000000000e+03,1.320000000000000000e+02,1.251000000000000000e+03,1.700000000000000000e+01,1.370000000000000000e+03,2.520000000000000000e+02,1.367000000000000000e+03,4.960000000000000000e+02,1.165000000000000000e+03,1.322000000000000000e+03,1.100000000000000000e+01,1.745000000000000000e+03,2.550000000000000000e+02,1.292000000000000000e+03,1.280000000000000000e+03,7.100000000000000000e+01,1.200000000000000000e+01,1.321000000000000000e+03,8.000000000000000000e+00,5.110000000000000000e+02,3.000000000000000000e+00,1.480000000000000000e+02,1.650000000000000000e+02,4.200000000000000000e+01,5.800000000000000000e+01,4.200000000000000000e+01,1.282000000000000000e+03,1.280000000000000000e+02,1.096000000000000000e+03,2.230000000000000000e+02,4.440000000000000000e+02,1.236000000000000000e+03,0.000000000000000000e+00,5.590000000000000000e+02,1.800000000000000000e+01,5.700000000000000000e+01,5.800000000000000000e+01,1.300000000000000000e+03,7.600000000000000000e+01,5.670000000000000000e+02,1.296000000000000000e+03,1.730000000000000000e+02,2.640000000000000000e+02,1.766000000000000000e+03,3.900000000000000000e+01,3.500000000000000000e+01,1.323000000000000000e+03,1.100000000000000000e+01,2.230000000000000000e+02,4.880000000000000000e+02,1.291000000000000000e+03,8.780000000000000000e+02,1.140000000000000000e+02,1.286000000000000000e+03,1.530000000000000000e+02,1.800000000000000000e+01,1.262000000000000000e+03,1.300000000000000000e+01,1.500000000000000000e+01,4.120000000000000000e+02,2.500000000000000000e+01,8.900000000000000000e+01,7.800000000000000000e+01,1.781000000000000000e+03,1.271000000000000000e+03,3.380000000000000000e+02,2.700000000000000000e+01,4.500000000000000000e+02,3.140000000000000000e+02,2.870000000000000000e+02,2.500000000000000000e+02,1.480000000000000000e+02,4.750000000000000000e+02,5.320000000000000000e+02,2.510000000000000000e+02,5.530000000000000000e+02,4.700000000000000000e+01,3.000000000000000000e+00,1.347000000000000000e+03,1.250000000000000000e+03,2.430000000000000000e+02,4.600000000000000000e+02,1.302000000000000000e+03,3.000000000000000000e+01,4.860000000000000000e+02,1.345000000000000000e+03,2.900000000000000000e+01,7.920000000000000000e+02,2.200000000000000000e+01,5.000000000000000000e+00,4.230000000000000000e+02,9.700000000000000000e+01,1.256000000000000000e+03,1.170000000000000000e+02,2.300000000000000000e+02,1.630000000000000000e+02,1.110000000000000000e+02,1.000000000000000000e+00,8.150000000000000000e+02,1.750000000000000000e+02,5.850000000000000000e+02,2.960000000000000000e+02,3.460000000000000000e+02,1.490000000000000000e+02,1.294000000000000000e+03,9.020000000000000000e+02,1.376000000000000000e+03,6.050000000000000000e+02,1.200000000000000000e+01,2.190000000000000000e+02,5.260000000000000000e+02,5.610000000000000000e+02,3.820000000000000000e+02,5.970000000000000000e+02,2.440000000000000000e+02,1.940000000000000000e+02,1.257000000000000000e+03,1.960000000000000000e+02,1.430000000000000000e+02,1.754000000000000000e+03,1.560000000000000000e+02,4.380000000000000000e+02,1.280000000000000000e+03,5.190000000000000000e+02,4.000000000000000000e+00,4.900000000000000000e+01,1.141000000000000000e+03,5.440000000000000000e+02,5.550000000000000000e+02,1.175000000000000000e+03,1.262000000000000000e+03,1.255000000000000000e+03,1.241000000000000000e+03,5.900000000000000000e+02,4.900000000000000000e+01,1.346000000000000000e+03,1.339000000000000000e+03,1.203000000000000000e+03,1.337000000000000000e+03,9.000000000000000000e+00,1.200000000000000000e+01,1.163000000000000000e+03,5.600000000000000000e+01,1.163000000000000000e+03,8.900000000000000000e+01,6.500000000000000000e+01,2.500000000000000000e+01,4.000000000000000000e+00,1.340000000000000000e+02,6.500000000000000000e+01,1.290000000000000000e+03,1.278000000000000000e+03,1.364000000000000000e+03,2.200000000000000000e+01,5.550000000000000000e+02
7.010000000000000000e+02,8.020000000000000000e+02,3.490000000000000000e+02,1.050000000000000000e+02,2.660000000000000000e+02,6.800000000000000000e+01,1.000000000000000000e+00,1.600000000000000000e+01,4.260000000000000000e+02,0.000000000000000000e+00,2.350000000000000000e+02,2.250000000000000000e+02,6.600000000000000000e+01,7.360000000000000000e+02,1.010000000000000000e+02,1.600000000000000000e+01,2.000000000000000000e+01,2.040000000000000000e+02,1.240000000000000000e+02,1.000000000000000000e+00,1.110000000000000000e+02,1.060000000000000000e+02,3.310000000000000000e+02,1.038000000000000000e+03,1.000000000000000000e+00,3.180000000000000000e+02,1.810000000000000000e+02,3.940000000000000000e+02,8.840000000000000000e+02,1.045000000000000000e+03,1.940000000000000000e+02,2.180000000000000000e+02,5.800000000000000000e+01,4.780000000000000000e+02,0.000000000000000000e+00,0.000000000000000000e+00,1.000000000000000000e+00,3.480000000000000000e+02,1.980000000000000000e+02,1.269000000000000000e+03,7.900000000000000000e+01,7.020000000000000000e+02,1.300000000000000000e+01,3.890000000000000000e+02,2.000000000000000000e+00,7.100000000000000000e+01,1.000000000000000000e+00,3.000000000000000000e+00,2.100000000000000000e+01,1.810000000000000000e+02,2.410000000000000000e+02,2.200000000000000000e+01,2.640000000000000000e+02,5.000000000000000000e+00,4.010000000000000000e+02,3.930000000000000000e+02,0.000000000000000000e+00,4.270000000000000000e+02,2.970000000000000000e+02,1.900000000000000000e+02,3.500000000000000000e+01,1.010000000000000000e+02,1.680000000000000000e+02,1.270000000000000000e+02,4.100000000000000000e+01,1.187000000000000000e+03,1.770000000000000000e+02,1.240000000000000000e+02,3.700000000000000000e+01,3.500000000000000000e+01,4.750000000000000000e+02,2.240000000000000000e+02,2.890000000000000000e+02,2.040000000000000000e+02,2.000000000000000000e+00,1.760000000000000000e+02,1.800000000000000000e+01,7.080000000000000000e+02,5.000000000000000000e+01,8.410000000000000000e+02,0.000000000000000000e+00,0.000000000000000000e+00,0.000000000000000000e+00,6.300000000000000000e+01,2.830000000000000000e+02,8.120000000000000000e+02,9.000000000000000000e+01,1.600000000000000000e+01,3.540000000000000000e+02,1.136000000000000000e+03,5.400000000000000000e+01,1.120000000000000000e+02,1.164000000000000000e+03,3.800000000000000000e+02,1.000000000000000000e+02,1.370000000000000000e+02,3.230000000000000000e+02,1.055000000000000000e+03,6.000000000000000000e+00,2.000000000000000000e+00,2.700000000000000000e+01,3.000000000000000000e+00,1.047000000000000000e+03,6.000000000000000000e+01,4.150000000000000000e+02,5.000000000000000000e+00,1.370000000000000000e+02,2.000000000000000000e+00,1.067000000000000000e+03,0.000000000000000000e+00,9.590000000000000000e+02,1.500000000000000000e+01,6.150000000000000000e+02,3.000000000000000000e+00,1.324000000000000000e+03,1.990000000000000000e+02,1.054000000000000000e+03,4.390000000000000000e+02,6.510000000000000000e+02,9.800000000000000000e+02,4.000000000000000000e+00,0.000000000000000000e+00,2.360000000000000000e+02,1.259000000000000000e+03,9.590000000000000000e+02,9.000000000000000000e+00,1.000000000000000000e+00,1.060000000000000000e+03,0.000000000000000000e+00,2.980000000000000000e+02,1.000000000000000000e+00,2.800000000000000000e+01,5.000000000000000000e+01,1.200000000000000000e+01,1.300000000000000000e+01,1.100000000000000000e+01,7.330000000000000000e+02,7.000000000000000000e+00,4.590000000000000000e+02,1.700000000000000000e+02,1.940000000000000000e+02,5.930000000000000000e+02,1.950000000000000000e+02,0.000000000000000000e+00,2.000000000000000000e+00,4.000000000000000000e+00,9.000000000000000000e+00,7.000000000000000000e+02,1.000000000000000000e+01,3.900000000000000000e+02,7.690000000000000000e+02,1.800000000000000000e+01,2.500000000000000000e+02,0.000000000000000000e+00,1.000000000000000000e+00,6.000000000000000000e+00,1.256000000000000000e+03,2.000000000000000000e+00,5.200000000000000000e+01,2.100000000000000000e+02,9.040000000000000000e+02,2.790000000000000000e+02,1.120000000000000000e+02,8.120000000000000000e+02,5.700000000000000000e+01,1.000000000000000000e+01,7.000000000000000000e+02,1.000000000000000000e+00,0.000000000000000000e+00,8.700000000000000000e+01,4.000000000000000000e+00,2.400000000000000000e+01,1.600000000000000000e+01,0.000000000000000000e+00,1.017000000000000000e+03,1.850000000000000000e+02,1.000000000000000000e+00,2.120000000000000000e+02,1.270000000000000000e+02,6.700000000000000000e+01,6.000000000000000000e+01,3.600000000000000000e+01,2.360000000000000000e+02,3.690000000000000000e+02,1.090000000000000000e+02,5.890000000000000000e+02,4.000000000000000000e+00,0.000000000000000000e+00,1.245000000000000000e+03,7.190000000000000000e+02,4.900000000000000000e+01,1.050000000000000000e+02,1.388000000000000000e+03,1.200000000000000000e+01,1.650000000000000000e+02,9.800000000000000000e+02,1.000000000000000000e+00,2.850000000000000000e+02,4.000000000000000000e+00,2.000000000000000000e+00,2.670000000000000000e+02,1.040000000000000000e+02,5.870000000000000000e+02,2.100000000000000000e+01,7.000000000000000000e+01,3.500000000000000000e+01,1.800000000000000000e+01,2.000000000000000000e+00,3.220000000000000000e+02,2.900000000000000000e+01,1.550000000000000000e+02,1.420000000000000000e+02,5.500000000000000000e+01,3.000000000000000000e+01,1.230000000000000000e+03,3.520000000000000000e+02,1.229000000000000000e+03,2.110000000000000000e+02,1.000000000000000000e+00,4.000000000000000000e+01,3.010000000000000000e+02,0.000000000000000000e+00,7.400000000000000000e+01,0.000000000000000000e+00,9.900000000000000000e+01,8.300000000000000000e+01,5.730000000000000000e+02,3.600000000000000000e+01,2.500000000000000000e+01,0.000000000000000000e+00,2.600000000000000000e+01,8.400000000000000000e+01,1.068000000000000000e+03,4.340000000000000000e+02,0.000000000000000000e+00,1.000000000000000000e+01,5.710000000000000000e+02,1.900000000000000000e+02,0.000000000000000000e+00,6.140000000000000000e+02,1.179000000000000000e+03,7.820000000000000000e+02,6.720000000000000000e+02,0.000000000000000000e+00,5.000000000000000000e+00,1.023000000000000000e+03,9.840000000000000000e+02,4.830000000000000000e+02,9.160000000000000000e+02,8.000000000000000000e+00,3.000000000000000000e+00,6.400000000000000000e+02,6.000000000000000000e+00,7.480000000000000000e+02,2.100000000000000000e+01,1.500000000000000000e+01,1.200000000000000000e+01,2.000000000000000000e+00,4.100000000000000000e+01,1.500000000000000000e+01,1.223000000000000000e+03,1.068000000000000000e+03,1.338000000000000000e+03,0.000000000000000000e+00,0.000000000000000000e+00
3.970000000000000000e+02,3.830000000000000000e+02,1.110000000000000000e+02,1.440000000000000000e+02,1.330000000000000000e+02,1.540000000000000000e+02,0.000000000000000000e+00,1.570000000000000000e+02,1.480000000000000000e+02,0.000000000000000000e+00,0.000000000000000000e+00,0.000000000000000000e+00,3.850000000000000000e+02,3.650000000000000000e+02,0.000000000000000000e+00,0.000000000000000000e+00,1.490000000000000000e+02,3.410000000000000000e+02,3.550000000000000000e+02,0.000000000000000000e+00,1.090000000000000000e+02,1.390000000000000000e+02,3.430000000000000000e+02,3.690000000000000000e+02,0.000000000000000000e+00,1.370000000000000000e+02,1.160000000000000000e+02,3.540000000000000000e+02,3.910000000000000000e+02,4.040000000000000000e+02,3.420000000000000000e+02,3.370000000000000000e+02,0.000000000000000000e+00,3.470000000000000000e+02,0.000000000000000000e+00,1.720000000000000000e+02,0.000000000000000000e+00,3.550000000000000000e+02,1.450000000000000000e+02,3.880000000000000000e+02,0.000000000000000000e+00,4.020000000000000000e+02,0.000000000000000000e+00,4.010000000000000000e+02,0.000000000000000000e+00,1.360000000000000000e+02,0.000000000000000000e+00,0.000000000000000000e+00,1.360000000000000000e+02,0.000000000000000000e+00,0.000000000000000000e+00,1.330000000000000000e+02,1.400000000000000000e+02,0.000000000000000000e+00,3.930000000000000000e+02,3.560000000000000000e+02,0.000000000000000000e+00,3.490000000000000000e+02,1.270000000000000000e+02,1.470000000000000000e+02,0.000000000000000000e+00,1.080000000000000000e+02,1.540000000000000000e+02,3.300000000000000000e+02,1.320000000000000000e+02,4.130000000000000000e+02,4.010000000000000000e+02,3.190000000000000000e+02,3.240000000000000000e+02,0.000000000000000000e+00,3.780000000000000000e+02,1.480000000000000000e+02,3.370000000000000000e+02,3.400000000000000000e+02,1.320000000000000000e+02,4.140000000000000000e+02,1.250000000000000000e+02,3.710000000000000000e+02,1.190000000000000000e+02,3.820000000000000000e+02,4.590000000000000000e+02,1.690000000000000000e+02,1.630000000000000000e+02,1.460000000000000000e+02,0.000000000000000000e+00,3.620000000000000000e+02,3.830000000000000000e+02,1.440000000000000000e+02,3.670000000000000000e+02,3.840000000000000000e+02,1.340000000000000000e+02,1.390000000000000000e+02,3.720000000000000000e+02,3.740000000000000000e+02,1.280000000000000000e+02,0.000000000000000000e+00,3.430000000000000000e+02,3.860000000000000000e+02,0.000000000000000000e+00,0.000000000000000000e+00,1.350000000000000000e+02,0.000000000000000000e+00,3.820000000000000000e+02,1.210000000000000000e+02,3.560000000000000000e+02,1.290000000000000000e+02,1.290000000000000000e+02,1.110000000000000000e+02,3.940000000000000000e+02,1.760000000000000000e+02,3.670000000000000000e+02,1.460000000000000000e+02,3.890000000000000000e+02,0.000000000000000000e+00,3.880000000000000000e+02,0.000000000000000000e+00,3.740000000000000000e+02,1.310000000000000000e+02,4.180000000000000000e+02,3.470000000000000000e+02,0.000000000000000000e+00,4.490000000000000000e+02,0.000000000000000000e+00,3.900000000000000000e+02,3.970000000000000000e+02,1.420000000000000000e+02,0.000000000000000000e+00,3.780000000000000000e+02,0.000000000000000000e+00,1.420000000000000000e+02,0.000000000000000000e+00,3.030000000000000000e+02,1.070000000000000000e+02,8.100000000000000000e+01,0.000000000000000000e+00,0.000000000000000000e+00,4.100000000000000000e+02,3.230000000000000000e+02,3.590000000000000000e+02,0.000000000000000000e+00,1.300000000000000000e+02,4.010000000000000000e+02,4.280000000000000000e+02,1.670000000000000000e+02,0.000000000000000000e+00,0.000000000000000000e+00,1.150000000000000000e+02,3.730000000000000000e+02,1.590000000000000000e+02,1.470000000000000000e+02,4.000000000000000000e+02,1.480000000000000000e+02,0.000000000000000000e+00,4.590000000000000000e+02,7.500000000000000000e+01,0.000000000000000000e+00,4.050000000000000000e+02,0.000000000000000000e+00,1.350000000000000000e+02,1.450000000000000000e+02,3.570000000000000000e+02,3.520000000000000000e+02,0.000000000000000000e+00,3.690000000000000000e+02,0.000000000000000000e+00,0.000000000000000000e+00,3.640000000000000000e+02,0.000000000000000000e+00,0.000000000000000000e+00,3.450000000000000000e+02,0.000000000000000000e+00,0.000000000000000000e+00,1.240000000000000000e+02,3.960000000000000000e+02,3.890000000000000000e+02,1.470000000000000000e+02,0.000000000000000000e+00,1.500000000000000000e+02,1.240000000000000000e+02,3.120000000000000000e+02,1.360000000000000000e+02,1.260000000000000000e+02,1.450000000000000000e+02,1.240000000000000000e+02,1.420000000000000000e+02,1.630000000000000000e+02,0.000000000000000000e+00,0.000000000000000000e+00,3.660000000000000000e+02,4.190000000000000000e+02,1.370000000000000000e+02,1.250000000000000000e+02,3.850000000000000000e+02,0.000000000000000000e+00,1.640000000000000000e+02,4.130000000000000000e+02,0.000000000000000000e+00,3.760000000000000000e+02,0.000000000000000000e+00,0.000000000000000000e+00,1.550000000000000000e+02,0.000000000000000000e+00,3.510000000000000000e+02,1.400000000000000000e+02,3.670000000000000000e+02,1.370000000000000000e+02,1.290000000000000000e+02,0.000000000000000000e+00,3.560000000000000000e+02,1.200000000000000000e+02,3.380000000000000000e+02,1.280000000000000000e+02,4.020000000000000000e+02,1.390000000000000000e+02,3.800000000000000000e+02,3.610000000000000000e+02,3.810000000000000000e+02,3.330000000000000000e+02,0.000000000000000000e+00,3.900000000000000000e+02,1.490000000000000000e+02,1.470000000000000000e+02,3.310000000000000000e+02,1.560000000000000000e+02,0.000000000000000000e+00,0.000000000000000000e+00,3.760000000000000000e+02,1.270000000000000000e+02,1.530000000000000000e+02,4.590000000000000000e+02,1.250000000000000000e+02,3.850000000000000000e+02,4.000000000000000000e+02,1.530000000000000000e+02,0.000000000000000000e+00,0.000000000000000000e+00,3.630000000000000000e+02,1.400000000000000000e+02,1.360000000000000000e+02,3.560000000000000000e+02,3.510000000000000000e+02,3.920000000000000000e+02,3.900000000000000000e+02,1.730000000000000000e+02,0.000000000000000000e+00,3.800000000000000000e+02,3.810000000000000000e+02,3.630000000000000000e+02,4.130000000000000000e+02,0.000000000000000000e+00,0.000000000000000000e+00,4.030000000000000000e+02,8.800000000000000000e+01,3.770000000000000000e+02,1.270000000000000000e+02,1.180000000000000000e+02,0.000000000000000000e+00,0.000000000000000000e+00,1.430000000000000000e+02,1.140000000000000000e+02,4.000000000000000000e+02,3.780000000000000000e+02,4.070000000000000000e+02,0.000000000000000000e+00,1.510000000000000000e+02
2.720000000000000000e+02,2.760000000000000000e+02,1.100000000000000000e+02,9.400000000000000000e+01,1.220000000000000000e+02,8.400000000000000000e+01,0.000000000000000000e+00,6.800000000000000000e+01,9.300000000000000000e+01,0.000000000000000000e+00,0.000000000000000000e+00,0.000000000000000000e+00,2.020000000000000000e+02,2.410000000000000000e+02,0.000000000000000000e+00,0.000000000000000000e+00,5.300000000000000000e+01,2.740000000000000000e+02,2.720000000000000000e+02,0.000000000000000000e+00,8.900000000000000000e+01,9.100000000000000000e+01,2.200000000000000000e+02,3.280000000000000000e+02,0.000000000000000000e+00,1.210000000000000000e+02,9.000000000000000000e+01,2.450000000000000000e+02,3.300000000000000000e+02,2.700000000000000000e+02,2.340000000000000000e+02,2.080000000000000000e+02,0.000000000000000000e+00,3.110000000000000000e+02,0.000000000000000000e+00,1.210000000000000000e+02,0.000000000000000000e+00,2.300000000000000000e+02,9.600000000000000000e+01,2.930000000000000000e+02,0.000000000000000000e+00,2.660000000000000000e+02,0.000000000000000000e+00,2.460000000000000000e+02,0.000000000000000000e+00,7.800000000000000000e+01,0.000000000000000000e+00,0.000000000000000000e+00,6.000000000000000000e+01,0.000000000000000000e+00,0.000000000000000000e+00,7.100000000000000000e+01,9.200000000000000000e+01,0.000000000000000000e+00,2.640000000000000000e+02,2.880000000000000000e+02,0.000000000000000000e+00,2.600000000000000000e+02,9.300000000000000000e+01,5.900000000000000000e+01,0.000000000000000000e+00,9.800000000000000000e+01,9.800000000000000000e+01,2.020000000000000000e+02,6.500000000000000000e+01,2.860000000000000000e+02,2.240000000000000000e+02,2.470000000000000000e+02,1.060000000000000000e+02,0.000000000000000000e+00,2.680000000000000000e+02,1.090000000000000000e+02,2.260000000000000000e+02,2.950000000000000000e+02,4.000000000000000000e+01,2.770000000000000000e+02,5.300000000000000000e+01,3.140000000000000000e+02,6.800000000000000000e+01,2.650000000000000000e+02,3.460000000000000000e+02,1.160000000000000000e+02,1.090000000000000000e+02,9.700000000000000000e+01,0.000000000000000000e+00,3.190000000000000000e+02,2.050000000000000000e+02,4.700000000000000000e+01,2.860000000000000000e+02,3.210000000000000000e+02,7.700000000000000000e+01,9.000000000000000000e+01,3.110000000000000000e+02,2.420000000000000000e+02,8.000000000000000000e+01,0.000000000000000000e+00,2.600000000000000000e+02,2.940000000000000000e+02,0.000000000000000000e+00,0.000000000000000000e+00,6.000000000000000000e+01,0.000000000000000000e+00,2.940000000000000000e+02,8.400000000000000000e+01,2.660000000000000000e+02,5.500000000000000000e+01,5.600000000000000000e+01,3.700000000000000000e+01,3.060000000000000000e+02,1.450000000000000000e+02,3.130000000000000000e+02,6.700000000000000000e+01,2.950000000000000000e+02,0.000000000000000000e+00,3.050000000000000000e+02,0.000000000000000000e+00,2.980000000000000000e+02,8.400000000000000000e+01,2.850000000000000000e+02,2.900000000000000000e+02,0.000000000000000000e+00,4.070000000000000000e+02,0.000000000000000000e+00,2.880000000000000000e+02,2.750000000000000000e+02,5.200000000000000000e+01,0.000000000000000000e+00,2.690000000000000000e+02,0.000000000000000000e+00,8.900000000000000000e+01,0.000000000000000000e+00,1.020000000000000000e+02,9.200000000000000000e+01,3.300000000000000000e+01,0.000000000000000000e+00,0.000000000000000000e+00,2.700000000000000000e+02,1.060000000000000000e+02,2.440000000000000000e+02,0.000000000000000000e+00,1.140000000000000000e+02,3.030000000000000000e+02,2.300000000000000000e+02,1.110000000000000000e+02,0.000000000000000000e+00,0.000000000000000000e+00,5.000000000000000000e+01,2.820000000000000000e+02,5.600000000000000000e+01,1.030000000000000000e+02,2.700000000000000000e+02,6.500000000000000000e+01,0.000000000000000000e+00,3.400000000000000000e+02,2.100000000000000000e+01,0.000000000000000000e+00,3.120000000000000000e+02,0.000000000000000000e+00,7.900000000000000000e+01,1.030000000000000000e+02,3.000000000000000000e+02,2.700000000000000000e+02,0.000000000000000000e+00,2.850000000000000000e+02,0.000000000000000000e+00,0.000000000000000000e+00,2.700000000000000000e+02,0.000000000000000000e+00,0.000000000000000000e+00,2.010000000000000000e+02,0.000000000000000000e+00,0.000000000000000000e+00,5.100000000000000000e+01,3.400000000000000000e+02,2.670000000000000000e+02,8.000000000000000000e+01,0.000000000000000000e+00,9.600000000000000000e+01,7.800000000000000000e+01,1.220000000000000000e+02,7.600000000000000000e+01,8.700000000000000000e+01,8.400000000000000000e+01,1.020000000000000000e+02,8.900000000000000000e+01,1.380000000000000000e+02,0.000000000000000000e+00,0.000000000000000000e+00,3.210000000000000000e+02,2.910000000000000000e+02,9.100000000000000000e+01,9.000000000000000000e+01,2.950000000000000000e+02,0.000000000000000000e+00,9.700000000000000000e+01,2.650000000000000000e+02,0.000000000000000000e+00,2.950000000000000000e+02,0.000000000000000000e+00,0.000000000000000000e+00,1.010000000000000000e+02,0.000000000000000000e+00,2.980000000000000000e+02,6.100000000000000000e+01,1.260000000000000000e+02,7.300000000000000000e+01,8.000000000000000000e+01,0.000000000000000000e+00,2.390000000000000000e+02,8.700000000000000000e+01,2.260000000000000000e+02,8.500000000000000000e+01,2.420000000000000000e+02,8.200000000000000000e+01,2.730000000000000000e+02,3.010000000000000000e+02,3.170000000000000000e+02,2.460000000000000000e+02,0.000000000000000000e+00,1.800000000000000000e+02,1.000000000000000000e+02,1.120000000000000000e+02,1.720000000000000000e+02,1.030000000000000000e+02,0.000000000000000000e+00,0.000000000000000000e+00,2.420000000000000000e+02,8.600000000000000000e+01,7.800000000000000000e+01,3.570000000000000000e+02,8.100000000000000000e+01,2.010000000000000000e+02,2.790000000000000000e+02,1.190000000000000000e+02,0.000000000000000000e+00,0.000000000000000000e+00,2.450000000000000000e+02,9.900000000000000000e+01,1.140000000000000000e+02,2.590000000000000000e+02,2.890000000000000000e+02,2.830000000000000000e+02,3.070000000000000000e+02,1.250000000000000000e+02,0.000000000000000000e+00,2.910000000000000000e+02,2.990000000000000000e+02,2.430000000000000000e+02,2.910000000000000000e+02,0.000000000000000000e+00,0.000000000000000000e+00,2.870000000000000000e+02,4.300000000000000000e+01,2.770000000000000000e+02,6.100000000000000000e+01,4.400000000000000000e+01,0.000000000000000000e+00,0.000000000000000000e+00,5.400000000000000000e+01,4.100000000000000000e+01,2.830000000000000000e+02,3.150000000000000000e+02,2.720000000000000000e+02,0.000000000000000000e+00,1.190000000000000000e+02
9.370000000000000000e+02,9.670000000000000000e+02,1.970000000000000000e+02,1.880000000000000000e+02,2.370000000000000000e+02,2.400000000000000000e+02,6.100000000000000000e+01,1.840000000000000000e+02,2.430000000000000000e+02,1.200000000000000000e+01,1.900000000000000000e+02,1.760000000000000000e+02,6.690000000000000000e+02,9.560000000000000000e+02,5.900000000000000000e+01,3.100000000000000000e+01,2.140000000000000000e+02,8.720000000000000000e+02,8.840000000000000000e+02,3.500000000000000000e+01,2.200000000000000000e+02,2.180000000000000000e+02,9.640000000000000000e+02,9.720000000000000000e+02,8.000000000000000000e+00,2.280000000000000000e+02,2.040000000000000000e+02,9.440000000000000000e+02,9.620000000000000000e+02,8.930000000000000000e+02,8.740000000000000000e+02,8.930000000000000000e+02,1.330000000000000000e+02,9.220000000000000000e+02,1.700000000000000000e+01,4.050000000000000000e+02,2.900000000000000000e+01,8.890000000000000000e+02,1.980000000000000000e+02,9.790000000000000000e+02,4.800000000000000000e+01,9.690000000000000000e+02,1.110000000000000000e+02,9.890000000000000000e+02,4.800000000000000000e+01,2.110000000000000000e+02,3.100000000000000000e+01,2.800000000000000000e+01,1.540000000000000000e+02,1.770000000000000000e+02,1.580000000000000000e+02,2.540000000000000000e+02,2.330000000000000000e+02,4.600000000000000000e+01,9.240000000000000000e+02,8.960000000000000000e+02,2.700000000000000000e+01,9.500000000000000000e+02,2.460000000000000000e+02,1.870000000000000000e+02,1.540000000000000000e+02,2.070000000000000000e+02,2.380000000000000000e+02,7.310000000000000000e+02,1.420000000000000000e+02,1.004000000000000000e+03,9.640000000000000000e+02,8.080000000000000000e+02,4.310000000000000000e+02,1.470000000000000000e+02,9.720000000000000000e+02,1.910000000000000000e+02,9.180000000000000000e+02,8.580000000000000000e+02,1.090000000000000000e+02,1.025000000000000000e+03,1.510000000000000000e+02,1.078000000000000000e+03,1.960000000000000000e+02,9.500000000000000000e+02,1.134000000000000000e+03,4.100000000000000000e+02,4.160000000000000000e+02,2.350000000000000000e+02,1.250000000000000000e+02,9.230000000000000000e+02,8.670000000000000000e+02,2.740000000000000000e+02,9.750000000000000000e+02,9.300000000000000000e+02,2.220000000000000000e+02,2.490000000000000000e+02,1.034000000000000000e+03,9.400000000000000000e+02,2.210000000000000000e+02,1.510000000000000000e+02,9.150000000000000000e+02,9.170000000000000000e+02,5.100000000000000000e+01,4.200000000000000000e+01,1.400000000000000000e+02,4.000000000000000000e+01,8.900000000000000000e+02,2.240000000000000000e+02,9.250000000000000000e+02,1.050000000000000000e+02,1.820000000000000000e+02,5.500000000000000000e+01,9.960000000000000000e+02,3.930000000000000000e+02,9.360000000000000000e+02,1.890000000000000000e+02,9.700000000000000000e+02,4.400000000000000000e+01,9.880000000000000000e+02,1.670000000000000000e+02,9.430000000000000000e+02,2.480000000000000000e+02,8.950000000000000000e+02,9.320000000000000000e+02,3.300000000000000000e+01,1.078000000000000000e+03,1.690000000000000000e+02,9.510000000000000000e+02,9.560000000000000000e+02,1.300000000000000000e+02,1.900000000000000000e+01,9.070000000000000000e+02,3.100000000000000000e+01,2.300000000000000000e+02,2.900000000000000000e+01,3.830000000000000000e+02,1.980000000000000000e+02,9.400000000000000000e+01,1.050000000000000000e+02,4.900000000000000000e+01,9.950000000000000000e+02,4.710000000000000000e+02,9.690000000000000000e+02,1.430000000000000000e+02,2.370000000000000000e+02,1.019000000000000000e+03,1.039000000000000000e+03,4.170000000000000000e+02,4.300000000000000000e+01,9.900000000000000000e+01,0.000000000000000000e+00,9.310000000000000000e+02,1.580000000000000000e+02,2.550000000000000000e+02,9.640000000000000000e+02,2.040000000000000000e+02,1.480000000000000000e+02,1.114000000000000000e+03,5.600000000000000000e+01,5.600000000000000000e+01,9.380000000000000000e+02,1.500000000000000000e+01,2.550000000000000000e+02,2.440000000000000000e+02,9.070000000000000000e+02,9.850000000000000000e+02,6.300000000000000000e+01,9.500000000000000000e+02,1.600000000000000000e+02,5.600000000000000000e+01,9.500000000000000000e+02,1.300000000000000000e+01,5.900000000000000000e+01,8.350000000000000000e+02,3.900000000000000000e+01,1.350000000000000000e+02,1.000000000000000000e+02,1.073000000000000000e+03,9.450000000000000000e+02,1.880000000000000000e+02,4.700000000000000000e+01,1.900000000000000000e+02,2.160000000000000000e+02,5.600000000000000000e+02,2.130000000000000000e+02,1.880000000000000000e+02,2.410000000000000000e+02,2.420000000000000000e+02,1.800000000000000000e+02,1.930000000000000000e+02,1.010000000000000000e+02,7.000000000000000000e+00,9.400000000000000000e+02,1.020000000000000000e+03,2.110000000000000000e+02,2.500000000000000000e+02,9.040000000000000000e+02,6.200000000000000000e+01,2.490000000000000000e+02,9.420000000000000000e+02,7.400000000000000000e+01,9.750000000000000000e+02,3.500000000000000000e+01,3.200000000000000000e+01,2.120000000000000000e+02,7.400000000000000000e+01,9.340000000000000000e+02,1.780000000000000000e+02,5.900000000000000000e+02,2.040000000000000000e+02,1.640000000000000000e+02,1.200000000000000000e+01,9.560000000000000000e+02,2.140000000000000000e+02,8.470000000000000000e+02,1.790000000000000000e+02,9.110000000000000000e+02,1.580000000000000000e+02,9.470000000000000000e+02,8.960000000000000000e+02,9.870000000000000000e+02,9.120000000000000000e+02,3.600000000000000000e+01,6.630000000000000000e+02,2.280000000000000000e+02,4.050000000000000000e+02,7.270000000000000000e+02,3.980000000000000000e+02,1.540000000000000000e+02,1.510000000000000000e+02,1.000000000000000000e+03,1.870000000000000000e+02,2.230000000000000000e+02,1.125000000000000000e+03,1.870000000000000000e+02,8.110000000000000000e+02,9.600000000000000000e+02,2.520000000000000000e+02,5.000000000000000000e+00,8.500000000000000000e+01,9.260000000000000000e+02,2.320000000000000000e+02,4.450000000000000000e+02,9.930000000000000000e+02,9.500000000000000000e+02,1.004000000000000000e+03,9.490000000000000000e+02,4.130000000000000000e+02,1.080000000000000000e+02,9.120000000000000000e+02,9.380000000000000000e+02,9.860000000000000000e+02,9.600000000000000000e+02,2.300000000000000000e+01,2.800000000000000000e+01,9.150000000000000000e+02,8.900000000000000000e+01,9.640000000000000000e+02,1.500000000000000000e+02,1.090000000000000000e+02,5.400000000000000000e+01,1.000000000000000000e+01,1.440000000000000000e+02,1.360000000000000000e+02,9.180000000000000000e+02,9.630000000000000000e+02,9.780000000000000000e+02,3.200000000000000000e+01,4.310000000000000000e+02
8.710000000000000000e+02,1.012000000000000000e+03,6.610000000000000000e+02,2.020000000000000000e+02,3.080000000000000000e+02,8.000000000000000000e+01,0.000000000000000000e+00,7.000000000000000000e+00,5.420000000000000000e+02,0.000000000000000000e+00,2.990000000000000000e+02,2.690000000000000000e+02,2.100000000000000000e+01,9.250000000000000000e+02,1.260000000000000000e+02,2.800000000000000000e+01,1.800000000000000000e+01,3.800000000000000000e+02,2.270000000000000000e+02,2.000000000000000000e+00,1.750000000000000000e+02,1.310000000000000000e+02,4.070000000000000000e+02,1.285000000000000000e+03,0.000000000000000000e+00,4.510000000000000000e+02,2.680000000000000000e+02,5.190000000000000000e+02,1.116000000000000000e+03,1.417000000000000000e+03,1.130000000000000000e+02,3.700000000000000000e+02,1.140000000000000000e+02,5.890000000000000000e+02,3.000000000000000000e+00,6.120000000000000000e+02,0.000000000000000000e+00,5.350000000000000000e+02,2.640000000000000000e+02,1.476000000000000000e+03,9.900000000000000000e+01,9.250000000000000000e+02,1.400000000000000000e+01,3.730000000000000000e+02,4.000000000000000000e+00,9.900000000000000000e+01,3.000000000000000000e+00,6.000000000000000000e+00,4.000000000000000000e+01,2.400000000000000000e+02,2.510000000000000000e+02,2.900000000000000000e+01,3.210000000000000000e+02,8.000000000000000000e+00,6.350000000000000000e+02,5.640000000000000000e+02,4.000000000000000000e+00,5.850000000000000000e+02,3.900000000000000000e+02,2.060000000000000000e+02,8.100000000000000000e+01,1.440000000000000000e+02,2.670000000000000000e+02,1.820000000000000000e+02,4.500000000000000000e+01,1.397000000000000000e+03,1.700000000000000000e+02,2.430000000000000000e+02,7.100000000000000000e+01,5.400000000000000000e+01,7.920000000000000000e+02,3.230000000000000000e+02,4.040000000000000000e+02,3.760000000000000000e+02,3.400000000000000000e+01,3.140000000000000000e+02,3.400000000000000000e+01,1.059000000000000000e+03,9.600000000000000000e+01,1.083000000000000000e+03,2.338000000000000000e+03,5.130000000000000000e+02,5.690000000000000000e+02,1.160000000000000000e+02,2.970000000000000000e+02,9.750000000000000000e+02,5.000000000000000000e+01,1.800000000000000000e+01,5.920000000000000000e+02,1.288000000000000000e+03,9.600000000000000000e+01,1.900000000000000000e+02,1.357000000000000000e+03,5.510000000000000000e+02,1.750000000000000000e+02,1.950000000000000000e+02,3.940000000000000000e+02,1.277000000000000000e+03,8.000000000000000000e+00,5.000000000000000000e+00,3.700000000000000000e+01,5.000000000000000000e+00,1.316000000000000000e+03,1.030000000000000000e+02,5.760000000000000000e+02,7.000000000000000000e+00,1.590000000000000000e+02,4.000000000000000000e+00,1.309000000000000000e+03,6.500000000000000000e+02,1.103000000000000000e+03,5.200000000000000000e+01,7.850000000000000000e+02,5.000000000000000000e+00,1.489000000000000000e+03,2.510000000000000000e+02,1.277000000000000000e+03,5.040000000000000000e+02,8.570000000000000000e+02,1.010000000000000000e+03,9.000000000000000000e+00,2.292000000000000000e+03,2.750000000000000000e+02,1.186000000000000000e+03,1.256000000000000000e+03,1.000000000000000000e+01,3.000000000000000000e+00,1.349000000000000000e+03,1.000000000000000000e+00,3.430000000000000000e+02,1.000000000000000000e+00,5.600000000000000000e+01,5.900000000000000000e+01,1.000000000000000000e+01,1.300000000000000000e+01,7.000000000000000000e+00,9.220000000000000000e+02,1.600000000000000000e+01,6.030000000000000000e+02,2.110000000000000000e+02,1.620000000000000000e+02,9.550000000000000000e+02,2.450000000000000000e+02,5.170000000000000000e+02,0.000000000000000000e+00,1.800000000000000000e+01,1.700000000000000000e+01,0.000000000000000000e+00,1.300000000000000000e+01,5.090000000000000000e+02,1.052000000000000000e+03,7.000000000000000000e+01,2.850000000000000000e+02,2.303000000000000000e+03,9.000000000000000000e+00,1.300000000000000000e+01,1.529000000000000000e+03,3.000000000000000000e+00,1.010000000000000000e+02,3.570000000000000000e+02,1.147000000000000000e+03,5.660000000000000000e+02,1.220000000000000000e+02,1.057000000000000000e+03,1.020000000000000000e+02,8.000000000000000000e+00,7.310000000000000000e+02,5.000000000000000000e+00,7.000000000000000000e+00,2.800000000000000000e+01,6.000000000000000000e+00,3.200000000000000000e+01,2.800000000000000000e+01,2.330000000000000000e+03,1.315000000000000000e+03,2.600000000000000000e+02,1.000000000000000000e+01,3.300000000000000000e+02,2.160000000000000000e+02,8.200000000000000000e+01,1.080000000000000000e+02,5.700000000000000000e+01,3.600000000000000000e+02,4.400000000000000000e+02,1.480000000000000000e+02,6.380000000000000000e+02,5.000000000000000000e+00,0.000000000000000000e+00,1.271000000000000000e+03,1.012000000000000000e+03,9.300000000000000000e+01,1.540000000000000000e+02,1.680000000000000000e+03,1.200000000000000000e+01,3.380000000000000000e+02,1.044000000000000000e+03,9.000000000000000000e+00,4.350000000000000000e+02,8.000000000000000000e+00,0.000000000000000000e+00,3.410000000000000000e+02,1.110000000000000000e+02,8.330000000000000000e+02,1.100000000000000000e+01,7.300000000000000000e+01,5.500000000000000000e+01,5.900000000000000000e+01,1.000000000000000000e+00,4.070000000000000000e+02,6.000000000000000000e+01,2.970000000000000000e+02,2.450000000000000000e+02,6.400000000000000000e+01,6.000000000000000000e+01,1.473000000000000000e+03,5.760000000000000000e+02,1.403000000000000000e+03,3.000000000000000000e+02,3.000000000000000000e+00,2.100000000000000000e+01,5.090000000000000000e+02,5.040000000000000000e+02,1.440000000000000000e+02,5.630000000000000000e+02,1.670000000000000000e+02,1.200000000000000000e+02,7.750000000000000000e+02,6.100000000000000000e+01,3.600000000000000000e+01,2.292000000000000000e+03,6.700000000000000000e+01,3.900000000000000000e+01,1.271000000000000000e+03,5.000000000000000000e+02,2.000000000000000000e+00,1.100000000000000000e+01,8.280000000000000000e+02,3.170000000000000000e+02,5.640000000000000000e+02,7.810000000000000000e+02,1.382000000000000000e+03,1.043000000000000000e+03,7.810000000000000000e+02,5.520000000000000000e+02,9.000000000000000000e+00,1.263000000000000000e+03,1.128000000000000000e+03,6.700000000000000000e+02,1.186000000000000000e+03,1.000000000000000000e+01,0.000000000000000000e+00,8.160000000000000000e+02,1.800000000000000000e+01,9.050000000000000000e+02,4.500000000000000000e+01,2.500000000000000000e+01,4.000000000000000000e+00,1.000000000000000000e+00,6.200000000000000000e+01,2.000000000000000000e+01,1.345000000000000000e+03,1.318000000000000000e+03,1.542000000000000000e+03,5.000000000000000000e+00,6.050000000000000000e+02
6.320000000000000000e+02,6.590000000000000000e+02,1.720000000000000000e+02,1.810000000000000000e+02,1.680000000000000000e+02,1.670000000000000000e+02,2.600000000000000000e+01,1.070000000000000000e+02,1.900000000000000000e+02,0.000000000000000000e+00,1.140000000000000000e+02,1.100000000000000000e+02,5.460000000000000000e+02,6.550000000000000000e+02,6.400000000000000000e+01,1.900000000000000000e+01,1.220000000000000000e+02,5.160000000000000000e+02,5.720000000000000000e+02,1.700000000000000000e+01,1.440000000000000000e+02,1.190000000000000000e+02,6.070000000000000000e+02,5.930000000000000000e+02,9.000000000000000000e+00,1.400000000000000000e+02,1.610000000000000000e+02,6.190000000000000000e+02,6.940000000000000000e+02,6.140000000000000000e+02,6.280000000000000000e+02,5.540000000000000000e+02,1.140000000000000000e+02,6.630000000000000000e+02,7.000000000000000000e+00,2.880000000000000000e+02,1.200000000000000000e+01,5.780000000000000000e+02,1.440000000000000000e+02,6.650000000000000000e+02,5.600000000000000000e+01,6.280000000000000000e+02,6.500000000000000000e+01,6.410000000000000000e+02,3.600000000000000000e+01,1.220000000000000000e+02,1.700000000000000000e+01,2.100000000000000000e+01,1.250000000000000000e+02,9.800000000000000000e+01,1.250000000000000000e+02,1.140000000000000000e+02,1.680000000000000000e+02,4.500000000000000000e+01,6.110000000000000000e+02,5.550000000000000000e+02,1.900000000000000000e+01,6.750000000000000000e+02,1.770000000000000000e+02,1.260000000000000000e+02,8.500000000000000000e+01,1.510000000000000000e+02,1.680000000000000000e+02,5.060000000000000000e+02,1.030000000000000000e+02,6.550000000000000000e+02,6.990000000000000000e+02,4.920000000000000000e+02,2.940000000000000000e+02,9.700000000000000000e+01,5.800000000000000000e+02,1.460000000000000000e+02,5.900000000000000000e+02,5.980000000000000000e+02,7.800000000000000000e+01,6.550000000000000000e+02,1.130000000000000000e+02,7.050000000000000000e+02,1.550000000000000000e+02,6.860000000000000000e+02,7.610000000000000000e+02,2.920000000000000000e+02,2.560000000000000000e+02,1.550000000000000000e+02,1.120000000000000000e+02,6.470000000000000000e+02,6.140000000000000000e+02,1.220000000000000000e+02,6.060000000000000000e+02,6.070000000000000000e+02,1.110000000000000000e+02,1.430000000000000000e+02,6.400000000000000000e+02,6.380000000000000000e+02,1.310000000000000000e+02,8.700000000000000000e+01,5.720000000000000000e+02,6.120000000000000000e+02,4.900000000000000000e+01,2.200000000000000000e+01,8.100000000000000000e+01,3.100000000000000000e+01,6.660000000000000000e+02,1.300000000000000000e+02,6.560000000000000000e+02,5.900000000000000000e+01,1.450000000000000000e+02,1.700000000000000000e+01,7.320000000000000000e+02,2.610000000000000000e+02,7.190000000000000000e+02,1.040000000000000000e+02,6.440000000000000000e+02,2.400000000000000000e+01,6.260000000000000000e+02,1.060000000000000000e+02,6.870000000000000000e+02,1.540000000000000000e+02,7.120000000000000000e+02,6.810000000000000000e+02,2.100000000000000000e+01,7.700000000000000000e+02,1.220000000000000000e+02,6.760000000000000000e+02,7.020000000000000000e+02,1.290000000000000000e+02,1.900000000000000000e+01,6.760000000000000000e+02,9.000000000000000000e+00,1.680000000000000000e+02,1.000000000000000000e+00,2.370000000000000000e+02,1.550000000000000000e+02,3.900000000000000000e+01,6.400000000000000000e+01,3.300000000000000000e+01,6.770000000000000000e+02,2.400000000000000000e+02,6.250000000000000000e+02,1.040000000000000000e+02,1.590000000000000000e+02,6.810000000000000000e+02,6.680000000000000000e+02,2.830000000000000000e+02,5.000000000000000000e+00,7.000000000000000000e+01,1.000000000000000000e+02,6.840000000000000000e+02,0.000000000000000000e+00,1.930000000000000000e+02,6.870000000000000000e+02,1.200000000000000000e+02,1.070000000000000000e+02,7.800000000000000000e+02,3.500000000000000000e+01,4.000000000000000000e+01,6.530000000000000000e+02,4.000000000000000000e+00,1.470000000000000000e+02,1.840000000000000000e+02,6.770000000000000000e+02,6.210000000000000000e+02,5.300000000000000000e+01,6.610000000000000000e+02,9.100000000000000000e+01,3.200000000000000000e+01,6.660000000000000000e+02,1.200000000000000000e+01,3.200000000000000000e+01,6.220000000000000000e+02,2.000000000000000000e+01,7.700000000000000000e+01,7.500000000000000000e+01,7.790000000000000000e+02,6.700000000000000000e+02,1.440000000000000000e+02,2.200000000000000000e+01,1.750000000000000000e+02,1.840000000000000000e+02,3.910000000000000000e+02,1.280000000000000000e+02,1.030000000000000000e+02,1.490000000000000000e+02,1.520000000000000000e+02,1.280000000000000000e+02,1.790000000000000000e+02,1.030000000000000000e+02,0.000000000000000000e+00,6.890000000000000000e+02,6.090000000000000000e+02,1.460000000000000000e+02,1.520000000000000000e+02,6.540000000000000000e+02,3.900000000000000000e+01,1.690000000000000000e+02,6.530000000000000000e+02,3.800000000000000000e+01,5.580000000000000000e+02,3.900000000000000000e+01,8.000000000000000000e+00,1.610000000000000000e+02,4.200000000000000000e+01,5.890000000000000000e+02,1.300000000000000000e+02,4.040000000000000000e+02,1.230000000000000000e+02,1.070000000000000000e+02,5.000000000000000000e+00,6.020000000000000000e+02,1.190000000000000000e+02,5.320000000000000000e+02,1.250000000000000000e+02,5.350000000000000000e+02,9.900000000000000000e+01,6.520000000000000000e+02,6.010000000000000000e+02,6.490000000000000000e+02,5.720000000000000000e+02,2.100000000000000000e+01,5.030000000000000000e+02,1.920000000000000000e+02,2.620000000000000000e+02,4.410000000000000000e+02,2.620000000000000000e+02,1.090000000000000000e+02,1.090000000000000000e+02,6.620000000000000000e+02,1.200000000000000000e+02,1.570000000000000000e+02,8.160000000000000000e+02,1.200000000000000000e+02,5.850000000000000000e+02,6.660000000000000000e+02,1.640000000000000000e+02,3.000000000000000000e+00,4.600000000000000000e+01,6.080000000000000000e+02,1.810000000000000000e+02,2.630000000000000000e+02,6.000000000000000000e+02,7.260000000000000000e+02,6.500000000000000000e+02,6.300000000000000000e+02,3.220000000000000000e+02,5.700000000000000000e+01,6.530000000000000000e+02,7.320000000000000000e+02,6.230000000000000000e+02,6.840000000000000000e+02,1.900000000000000000e+01,5.000000000000000000e+00,6.230000000000000000e+02,4.900000000000000000e+01,6.680000000000000000e+02,8.300000000000000000e+01,7.600000000000000000e+01,2.700000000000000000e+01,1.200000000000000000e+01,1.210000000000000000e+02,7.800000000000000000e+01,6.420000000000000000e+02,6.230000000000000000e+02,6.850000000000000000e+02,2.200000000000000000e+01,2.850000000000000000e+02
5.550000000000000000e+02,7.420000000000000000e+02,2.170000000000000000e+02,9.100000000000000000e+01,1.540000000000000000e+02,5.600000000000000000e+01,5.000000000000000000e+00,3.100000000000000000e+01,2.590000000000000000e+02,2.000000000000000000e+00,2.170000000000000000e+02,2.140000000000000000e+02,1.560000000000000000e+02,6.180000000000000000e+02,9.700000000000000000e+01,2.500000000000000000e+01,2.200000000000000000e+01,2.750000000000000000e+02,2.200000000000000000e+02,5.000000000000000000e+00,8.300000000000000000e+01,7.400000000000000000e+01,3.570000000000000000e+02,9.640000000000000000e+02,2.000000000000000000e+00,2.250000000000000000e+02,1.550000000000000000e+02,3.930000000000000000e+02,8.060000000000000000e+02,9.640000000000000000e+02,2.720000000000000000e+02,2.960000000000000000e+02,3.600000000000000000e+01,4.760000000000000000e+02,4.000000000000000000e+00,4.050000000000000000e+02,5.000000000000000000e+00,4.250000000000000000e+02,1.270000000000000000e+02,1.164000000000000000e+03,8.200000000000000000e+01,7.140000000000000000e+02,1.700000000000000000e+01,4.770000000000000000e+02,1.300000000000000000e+01,4.500000000000000000e+01,7.000000000000000000e+00,8.000000000000000000e+00,1.600000000000000000e+01,1.700000000000000000e+02,2.030000000000000000e+02,3.600000000000000000e+01,1.330000000000000000e+02,9.000000000000000000e+00,4.230000000000000000e+02,3.890000000000000000e+02,4.000000000000000000e+00,4.290000000000000000e+02,1.800000000000000000e+02,1.440000000000000000e+02,4.600000000000000000e+01,7.100000000000000000e+01,1.420000000000000000e+02,1.780000000000000000e+02,4.000000000000000000e+01,1.162000000000000000e+03,2.410000000000000000e+02,1.780000000000000000e+02,6.000000000000000000e+01,4.600000000000000000e+01,5.310000000000000000e+02,1.610000000000000000e+02,3.600000000000000000e+02,2.300000000000000000e+02,1.600000000000000000e+01,2.510000000000000000e+02,2.500000000000000000e+01,7.020000000000000000e+02,7.000000000000000000e+01,7.670000000000000000e+02,1.803000000000000000e+03,3.750000000000000000e+02,4.230000000000000000e+02,6.800000000000000000e+01,1.960000000000000000e+02,7.340000000000000000e+02,2.070000000000000000e+02,2.800000000000000000e+01,3.970000000000000000e+02,1.007000000000000000e+03,6.100000000000000000e+01,9.200000000000000000e+01,1.028000000000000000e+03,4.010000000000000000e+02,9.200000000000000000e+01,1.330000000000000000e+02,3.340000000000000000e+02,9.610000000000000000e+02,6.000000000000000000e+00,5.000000000000000000e+00,1.900000000000000000e+01,3.000000000000000000e+00,8.920000000000000000e+02,5.200000000000000000e+01,4.880000000000000000e+02,2.200000000000000000e+01,1.070000000000000000e+02,8.000000000000000000e+00,9.610000000000000000e+02,4.310000000000000000e+02,8.970000000000000000e+02,2.700000000000000000e+01,5.760000000000000000e+02,1.300000000000000000e+01,1.251000000000000000e+03,1.690000000000000000e+02,9.280000000000000000e+02,2.610000000000000000e+02,6.160000000000000000e+02,8.430000000000000000e+02,1.000000000000000000e+00,1.760000000000000000e+03,2.030000000000000000e+02,1.082000000000000000e+03,9.020000000000000000e+02,1.800000000000000000e+01,6.000000000000000000e+00,9.680000000000000000e+02,5.000000000000000000e+00,2.040000000000000000e+02,4.000000000000000000e+00,6.200000000000000000e+01,4.500000000000000000e+01,1.700000000000000000e+01,1.900000000000000000e+01,1.000000000000000000e+01,6.650000000000000000e+02,7.700000000000000000e+01,4.810000000000000000e+02,1.790000000000000000e+02,9.600000000000000000e+01,6.030000000000000000e+02,2.330000000000000000e+02,4.380000000000000000e+02,9.000000000000000000e+00,1.800000000000000000e+01,2.400000000000000000e+01,6.460000000000000000e+02,2.200000000000000000e+01,0.000000000000000000e+00,7.270000000000000000e+02,3.500000000000000000e+01,2.060000000000000000e+02,1.724000000000000000e+03,8.000000000000000000e+00,1.200000000000000000e+01,1.148000000000000000e+03,4.000000000000000000e+00,5.600000000000000000e+01,1.250000000000000000e+02,8.660000000000000000e+02,3.470000000000000000e+02,1.070000000000000000e+02,7.210000000000000000e+02,6.300000000000000000e+01,3.000000000000000000e+00,6.320000000000000000e+02,0.000000000000000000e+00,3.000000000000000000e+00,1.620000000000000000e+02,1.300000000000000000e+01,3.600000000000000000e+01,2.600000000000000000e+01,1.718000000000000000e+03,1.002000000000000000e+03,1.360000000000000000e+02,1.000000000000000000e+01,8.600000000000000000e+01,1.150000000000000000e+02,1.190000000000000000e+02,4.700000000000000000e+01,4.000000000000000000e+01,1.640000000000000000e+02,2.180000000000000000e+02,8.900000000000000000e+01,3.570000000000000000e+02,1.700000000000000000e+01,2.000000000000000000e+00,1.104000000000000000e+03,7.150000000000000000e+02,4.900000000000000000e+01,6.300000000000000000e+01,1.226000000000000000e+03,1.400000000000000000e+01,1.220000000000000000e+02,8.840000000000000000e+02,6.000000000000000000e+00,3.140000000000000000e+02,8.000000000000000000e+00,2.000000000000000000e+00,2.000000000000000000e+02,6.400000000000000000e+01,5.850000000000000000e+02,3.000000000000000000e+01,1.190000000000000000e+02,4.700000000000000000e+01,2.500000000000000000e+01,2.000000000000000000e+00,2.950000000000000000e+02,4.700000000000000000e+01,2.200000000000000000e+02,1.130000000000000000e+02,1.560000000000000000e+02,3.200000000000000000e+01,1.179000000000000000e+03,3.790000000000000000e+02,1.127000000000000000e+03,2.380000000000000000e+02,1.200000000000000000e+01,9.600000000000000000e+01,2.300000000000000000e+02,4.120000000000000000e+02,1.380000000000000000e+02,3.620000000000000000e+02,1.100000000000000000e+02,6.100000000000000000e+01,5.790000000000000000e+02,3.300000000000000000e+01,4.800000000000000000e+01,1.776000000000000000e+03,4.000000000000000000e+01,1.570000000000000000e+02,9.340000000000000000e+02,2.580000000000000000e+02,1.000000000000000000e+00,1.700000000000000000e+01,5.240000000000000000e+02,1.470000000000000000e+02,4.570000000000000000e+02,6.090000000000000000e+02,1.096000000000000000e+03,7.600000000000000000e+02,5.910000000000000000e+02,4.350000000000000000e+02,1.100000000000000000e+01,9.920000000000000000e+02,8.800000000000000000e+02,4.630000000000000000e+02,8.520000000000000000e+02,8.000000000000000000e+00,4.000000000000000000e+00,5.790000000000000000e+02,1.400000000000000000e+01,7.010000000000000000e+02,3.300000000000000000e+01,1.900000000000000000e+01,1.100000000000000000e+01,1.000000000000000000e+00,5.200000000000000000e+01,1.800000000000000000e+01,1.065000000000000000e+03,9.620000000000000000e+02,1.272000000000000000e+03,0.000000000000000000e+00,4.740000000000000000e+02
8.270000000000000000e+02,1.153000000000000000e+03,5.850000000000000000e+02,2.550000000000000000e+02,3.570000000000000000e+02,1.210000000000000000e+02,8.000000000000000000e+00,5.200000000000000000e+01,6.400000000000000000e+02,0.000000000000000000e+00,3.740000000000000000e+02,3.090000000000000000e+02,1.450000000000000000e+02,1.150000000000000000e+03,1.760000000000000000e+02,3.600000000000000000e+01,2.600000000000000000e+01,4.270000000000000000e+02,2.950000000000000000e+02,1.000000000000000000e+00,2.270000000000000000e+02,9.300000000000000000e+01,4.870000000000000000e+02,1.529000000000000000e+03,0.000000000000000000e+00,5.130000000000000000e+02,3.030000000000000000e+02,6.140000000000000000e+02,1.338000000000000000e+03,1.601000000000000000e+03,3.570000000000000000e+02,4.390000000000000000e+02,1.060000000000000000e+02,4.520000000000000000e+02,5.000000000000000000e+00,6.360000000000000000e+02,3.000000000000000000e+00,6.590000000000000000e+02,3.140000000000000000e+02,1.789000000000000000e+03,1.370000000000000000e+02,1.041000000000000000e+03,1.900000000000000000e+01,7.640000000000000000e+02,1.000000000000000000e+00,1.260000000000000000e+02,4.000000000000000000e+00,2.000000000000000000e+00,4.600000000000000000e+01,2.560000000000000000e+02,3.440000000000000000e+02,3.400000000000000000e+01,3.030000000000000000e+02,9.000000000000000000e+00,6.450000000000000000e+02,6.060000000000000000e+02,6.000000000000000000e+00,3.380000000000000000e+02,4.840000000000000000e+02,2.850000000000000000e+02,8.800000000000000000e+01,1.570000000000000000e+02,3.290000000000000000e+02,2.340000000000000000e+02,6.500000000000000000e+01,1.574000000000000000e+03,3.630000000000000000e+02,2.380000000000000000e+02,6.200000000000000000e+01,5.600000000000000000e+01,8.470000000000000000e+02,3.520000000000000000e+02,3.190000000000000000e+02,3.820000000000000000e+02,1.900000000000000000e+01,3.260000000000000000e+02,1.100000000000000000e+01,1.290000000000000000e+03,1.110000000000000000e+02,1.331000000000000000e+03,2.961000000000000000e+03,6.000000000000000000e+02,6.790000000000000000e+02,1.240000000000000000e+02,3.150000000000000000e+02,1.153000000000000000e+03,2.410000000000000000e+02,3.300000000000000000e+01,6.670000000000000000e+02,1.727000000000000000e+03,1.280000000000000000e+02,1.920000000000000000e+02,1.685000000000000000e+03,6.630000000000000000e+02,1.850000000000000000e+02,2.080000000000000000e+02,4.640000000000000000e+02,1.573000000000000000e+03,8.000000000000000000e+00,4.000000000000000000e+00,1.000000000000000000e+01,4.000000000000000000e+00,1.529000000000000000e+03,1.110000000000000000e+02,6.550000000000000000e+02,2.400000000000000000e+01,2.220000000000000000e+02,1.400000000000000000e+01,1.597000000000000000e+03,7.080000000000000000e+02,1.101000000000000000e+03,5.300000000000000000e+01,9.480000000000000000e+02,6.000000000000000000e+00,1.595000000000000000e+03,3.290000000000000000e+02,1.549000000000000000e+03,7.100000000000000000e+02,1.140000000000000000e+03,1.381000000000000000e+03,2.000000000000000000e+00,2.927000000000000000e+03,3.640000000000000000e+02,1.761000000000000000e+03,1.484000000000000000e+03,4.400000000000000000e+01,4.000000000000000000e+00,1.568000000000000000e+03,6.000000000000000000e+00,4.700000000000000000e+02,5.000000000000000000e+00,9.000000000000000000e+00,6.000000000000000000e+01,1.700000000000000000e+01,1.800000000000000000e+01,1.600000000000000000e+01,1.088000000000000000e+03,5.000000000000000000e+01,5.370000000000000000e+02,3.030000000000000000e+02,2.860000000000000000e+02,9.950000000000000000e+02,3.020000000000000000e+02,7.080000000000000000e+02,5.000000000000000000e+00,3.000000000000000000e+01,1.000000000000000000e+01,1.111000000000000000e+03,4.300000000000000000e+01,6.070000000000000000e+02,0.000000000000000000e+00,8.700000000000000000e+01,3.360000000000000000e+02,2.884000000000000000e+03,2.000000000000000000e+00,1.600000000000000000e+01,1.831000000000000000e+03,2.000000000000000000e+00,6.600000000000000000e+01,3.820000000000000000e+02,1.373000000000000000e+03,5.760000000000000000e+02,1.460000000000000000e+02,1.177000000000000000e+03,9.700000000000000000e+01,2.000000000000000000e+00,1.088000000000000000e+03,1.300000000000000000e+01,6.000000000000000000e+00,2.430000000000000000e+02,9.000000000000000000e+00,3.500000000000000000e+01,9.000000000000000000e+00,2.907000000000000000e+03,1.547000000000000000e+03,2.730000000000000000e+02,4.000000000000000000e+00,3.390000000000000000e+02,1.720000000000000000e+02,1.150000000000000000e+02,6.200000000000000000e+01,1.900000000000000000e+01,4.210000000000000000e+02,5.510000000000000000e+02,1.470000000000000000e+02,8.390000000000000000e+02,1.600000000000000000e+01,0.000000000000000000e+00,1.644000000000000000e+03,1.120000000000000000e+03,4.100000000000000000e+01,1.800000000000000000e+02,1.984000000000000000e+03,1.400000000000000000e+01,3.370000000000000000e+02,1.442000000000000000e+03,1.000000000000000000e+01,4.140000000000000000e+02,6.000000000000000000e+00,5.000000000000000000e+00,4.320000000000000000e+02,1.390000000000000000e+02,9.380000000000000000e+02,2.800000000000000000e+01,9.400000000000000000e+01,8.100000000000000000e+01,5.000000000000000000e+01,0.000000000000000000e+00,1.700000000000000000e+02,6.300000000000000000e+01,8.500000000000000000e+01,2.740000000000000000e+02,1.030000000000000000e+02,5.500000000000000000e+01,1.775000000000000000e+03,6.190000000000000000e+02,1.560000000000000000e+03,3.510000000000000000e+02,5.000000000000000000e+00,1.010000000000000000e+02,7.950000000000000000e+02,6.890000000000000000e+02,2.800000000000000000e+01,6.100000000000000000e+02,1.760000000000000000e+02,1.610000000000000000e+02,1.001000000000000000e+03,7.700000000000000000e+01,5.900000000000000000e+01,2.942000000000000000e+03,6.700000000000000000e+01,2.060000000000000000e+02,1.575000000000000000e+03,6.030000000000000000e+02,0.000000000000000000e+00,2.500000000000000000e+01,8.820000000000000000e+02,3.000000000000000000e+02,6.900000000000000000e+02,9.870000000000000000e+02,1.612000000000000000e+03,1.238000000000000000e+03,9.340000000000000000e+02,7.270000000000000000e+02,1.300000000000000000e+01,1.638000000000000000e+03,1.423000000000000000e+03,5.630000000000000000e+02,1.311000000000000000e+03,3.000000000000000000e+00,4.000000000000000000e+00,6.950000000000000000e+02,5.000000000000000000e+00,1.199000000000000000e+03,4.600000000000000000e+01,3.200000000000000000e+01,1.000000000000000000e+01,2.000000000000000000e+00,5.100000000000000000e+01,2.500000000000000000e+01,1.399000000000000000e+03,1.576000000000000000e+03,1.907000000000000000e+03,5.000000000000000000e+00,7.640000000000000000e+02
7.640000000000000000e+02,7.590000000000000000e+02,1.910000000000000000e+02,1.690000000000000000e+02,2.080000000000000000e+02,1.290000000000000000e+02,2.000000000000000000e+01,1.060000000000000000e+02,2.130000000000000000e+02,2.000000000000000000e+00,1.310000000000000000e+02,1.190000000000000000e+02,4.130000000000000000e+02,7.650000000000000000e+02,6.700000000000000000e+01,1.800000000000000000e+01,1.020000000000000000e+02,7.080000000000000000e+02,6.550000000000000000e+02,6.000000000000000000e+00,1.570000000000000000e+02,1.430000000000000000e+02,6.080000000000000000e+02,7.860000000000000000e+02,5.000000000000000000e+00,1.850000000000000000e+02,1.420000000000000000e+02,6.810000000000000000e+02,7.940000000000000000e+02,7.770000000000000000e+02,5.770000000000000000e+02,6.050000000000000000e+02,8.700000000000000000e+01,6.840000000000000000e+02,6.000000000000000000e+00,3.030000000000000000e+02,1.900000000000000000e+01,6.150000000000000000e+02,1.670000000000000000e+02,8.180000000000000000e+02,6.000000000000000000e+01,7.810000000000000000e+02,5.200000000000000000e+01,6.910000000000000000e+02,3.300000000000000000e+01,1.410000000000000000e+02,1.700000000000000000e+01,9.000000000000000000e+00,7.700000000000000000e+01,1.190000000000000000e+02,1.100000000000000000e+02,1.170000000000000000e+02,1.690000000000000000e+02,2.300000000000000000e+01,8.360000000000000000e+02,7.530000000000000000e+02,2.000000000000000000e+00,7.010000000000000000e+02,2.030000000000000000e+02,1.480000000000000000e+02,1.130000000000000000e+02,1.350000000000000000e+02,1.520000000000000000e+02,4.250000000000000000e+02,9.300000000000000000e+01,7.720000000000000000e+02,5.830000000000000000e+02,6.550000000000000000e+02,2.270000000000000000e+02,1.000000000000000000e+02,7.280000000000000000e+02,1.640000000000000000e+02,6.320000000000000000e+02,6.880000000000000000e+02,3.100000000000000000e+01,6.040000000000000000e+02,8.500000000000000000e+01,8.110000000000000000e+02,1.380000000000000000e+02,7.590000000000000000e+02,9.360000000000000000e+02,3.300000000000000000e+02,3.350000000000000000e+02,1.690000000000000000e+02,1.280000000000000000e+02,8.460000000000000000e+02,5.290000000000000000e+02,9.400000000000000000e+01,7.620000000000000000e+02,8.190000000000000000e+02,1.120000000000000000e+02,1.500000000000000000e+02,8.210000000000000000e+02,5.810000000000000000e+02,1.340000000000000000e+02,1.010000000000000000e+02,5.870000000000000000e+02,7.860000000000000000e+02,2.700000000000000000e+01,2.200000000000000000e+01,7.800000000000000000e+01,2.200000000000000000e+01,8.160000000000000000e+02,1.350000000000000000e+02,6.390000000000000000e+02,5.700000000000000000e+01,1.550000000000000000e+02,3.400000000000000000e+01,7.790000000000000000e+02,3.560000000000000000e+02,7.660000000000000000e+02,7.300000000000000000e+01,7.170000000000000000e+02,1.800000000000000000e+01,8.040000000000000000e+02,1.150000000000000000e+02,7.950000000000000000e+02,1.950000000000000000e+02,7.090000000000000000e+02,8.240000000000000000e+02,1.400000000000000000e+01,9.860000000000000000e+02,1.140000000000000000e+02,8.150000000000000000e+02,7.330000000000000000e+02,8.600000000000000000e+01,1.500000000000000000e+01,8.050000000000000000e+02,1.700000000000000000e+01,1.940000000000000000e+02,1.800000000000000000e+01,1.790000000000000000e+02,1.070000000000000000e+02,4.000000000000000000e+01,6.300000000000000000e+01,2.200000000000000000e+01,7.010000000000000000e+02,2.280000000000000000e+02,6.950000000000000000e+02,1.100000000000000000e+02,1.600000000000000000e+02,7.610000000000000000e+02,6.720000000000000000e+02,3.420000000000000000e+02,1.300000000000000000e+01,6.600000000000000000e+01,5.500000000000000000e+01,7.270000000000000000e+02,7.600000000000000000e+01,2.170000000000000000e+02,7.320000000000000000e+02,0.000000000000000000e+00,1.040000000000000000e+02,9.710000000000000000e+02,2.800000000000000000e+01,1.900000000000000000e+01,8.140000000000000000e+02,6.000000000000000000e+00,1.500000000000000000e+02,1.730000000000000000e+02,7.720000000000000000e+02,7.700000000000000000e+02,5.100000000000000000e+01,7.740000000000000000e+02,1.310000000000000000e+02,3.500000000000000000e+01,7.080000000000000000e+02,1.000000000000000000e+01,1.700000000000000000e+01,5.020000000000000000e+02,1.700000000000000000e+01,8.700000000000000000e+01,5.100000000000000000e+01,9.600000000000000000e+02,7.860000000000000000e+02,1.450000000000000000e+02,2.100000000000000000e+01,1.740000000000000000e+02,1.550000000000000000e+02,2.770000000000000000e+02,1.530000000000000000e+02,9.900000000000000000e+01,1.850000000000000000e+02,2.000000000000000000e+02,1.160000000000000000e+02,2.010000000000000000e+02,5.600000000000000000e+01,5.000000000000000000e+00,8.270000000000000000e+02,6.770000000000000000e+02,1.220000000000000000e+02,1.740000000000000000e+02,8.340000000000000000e+02,2.800000000000000000e+01,1.670000000000000000e+02,7.580000000000000000e+02,3.200000000000000000e+01,7.890000000000000000e+02,1.900000000000000000e+01,6.000000000000000000e+00,1.760000000000000000e+02,4.900000000000000000e+01,8.160000000000000000e+02,8.700000000000000000e+01,3.110000000000000000e+02,1.250000000000000000e+02,1.180000000000000000e+02,1.000000000000000000e+00,5.950000000000000000e+02,1.510000000000000000e+02,5.150000000000000000e+02,1.120000000000000000e+02,4.950000000000000000e+02,9.700000000000000000e+01,8.140000000000000000e+02,7.460000000000000000e+02,7.630000000000000000e+02,5.470000000000000000e+02,2.400000000000000000e+01,3.560000000000000000e+02,2.250000000000000000e+02,3.440000000000000000e+02,4.280000000000000000e+02,3.220000000000000000e+02,1.220000000000000000e+02,9.000000000000000000e+01,6.910000000000000000e+02,1.680000000000000000e+02,1.020000000000000000e+02,9.480000000000000000e+02,1.480000000000000000e+02,4.950000000000000000e+02,8.140000000000000000e+02,1.570000000000000000e+02,1.000000000000000000e+00,4.800000000000000000e+01,7.360000000000000000e+02,1.730000000000000000e+02,3.140000000000000000e+02,7.540000000000000000e+02,8.630000000000000000e+02,7.640000000000000000e+02,8.180000000000000000e+02,3.080000000000000000e+02,6.600000000000000000e+01,8.060000000000000000e+02,7.470000000000000000e+02,6.790000000000000000e+02,8.280000000000000000e+02,1.700000000000000000e+01,2.300000000000000000e+01,7.600000000000000000e+02,5.800000000000000000e+01,6.840000000000000000e+02,6.800000000000000000e+01,4.300000000000000000e+01,2.600000000000000000e+01,2.000000000000000000e+00,8.700000000000000000e+01,4.800000000000000000e+01,8.090000000000000000e+02,8.340000000000000000e+02,8.070000000000000000e+02,8.000000000000000000e+00,3.390000000000000000e+02
1.470000000000000000e+02,1.850000000000000000e+02,8.500000000000000000e+01,5.600000000000000000e+01,3.700000000000000000e+01,2.100000000000000000e+01,0.000000000000000000e+00,1.000000000000000000e+01,1.230000000000000000e+02,0.000000000000000000e+00,0.000000000000000000e+00,0.000000000000000000e+00,2.800000000000000000e+01,1.010000000000000000e+02,0.000000000000000000e+00,0.000000000000000000e+00,6.000000000000000000e+00,3.700000000000000000e+01,2.900000000000000000e+01,0.000000000000000000e+00,2.400000000000000000e+01,2.100000000000000000e+01,7.700000000000000000e+01,2.640000000000000000e+02,0.000000000000000000e+00,4.900000000000000000e+01,5.900000000000000000e+01,9.900000000000000000e+01,1.650000000000000000e+02,3.330000000000000000e+02,4.900000000000000000e+01,6.800000000000000000e+01,0.000000000000000000e+00,9.100000000000000000e+01,0.000000000000000000e+00,1.320000000000000000e+02,0.000000000000000000e+00,7.800000000000000000e+01,3.800000000000000000e+01,3.670000000000000000e+02,0.000000000000000000e+00,1.460000000000000000e+02,0.000000000000000000e+00,9.100000000000000000e+01,0.000000000000000000e+00,1.400000000000000000e+01,0.000000000000000000e+00,0.000000000000000000e+00,1.000000000000000000e+01,0.000000000000000000e+00,0.000000000000000000e+00,1.000000000000000000e+01,4.700000000000000000e+01,0.000000000000000000e+00,5.900000000000000000e+01,6.100000000000000000e+01,0.000000000000000000e+00,9.400000000000000000e+01,6.600000000000000000e+01,4.200000000000000000e+01,0.000000000000000000e+00,2.300000000000000000e+01,4.500000000000000000e+01,2.900000000000000000e+01,1.500000000000000000e+01,3.150000000000000000e+02,4.000000000000000000e+01,2.500000000000000000e+01,1.900000000000000000e+01,0.000000000000000000e+00,1.190000000000000000e+02,5.500000000000000000e+01,7.000000000000000000e+01,6.000000000000000000e+01,1.000000000000000000e+00,4.400000000000000000e+01,8.000000000000000000e+00,1.300000000000000000e+02,1.400000000000000000e+01,2.050000000000000000e+02,9.700000000000000000e+02,1.060000000000000000e+02,1.590000000000000000e+02,1.100000000000000000e+01,0.000000000000000000e+00,1.640000000000000000e+02,3.500000000000000000e+01,1.100000000000000000e+01,6.100000000000000000e+01,3.000000000000000000e+02,1.600000000000000000e+01,2.500000000000000000e+01,3.430000000000000000e+02,7.400000000000000000e+01,2.500000000000000000e+01,0.000000000000000000e+00,6.900000000000000000e+01,2.730000000000000000e+02,0.000000000000000000e+00,0.000000000000000000e+00,1.000000000000000000e+01,0.000000000000000000e+00,2.560000000000000000e+02,8.000000000000000000e+00,9.700000000000000000e+01,0.000000000000000000e+00,3.200000000000000000e+01,5.000000000000000000e+00,2.760000000000000000e+02,1.200000000000000000e+02,2.330000000000000000e+02,1.200000000000000000e+01,1.280000000000000000e+02,0.000000000000000000e+00,4.170000000000000000e+02,0.000000000000000000e+00,2.750000000000000000e+02,1.240000000000000000e+02,1.510000000000000000e+02,2.230000000000000000e+02,0.000000000000000000e+00,9.600000000000000000e+02,0.000000000000000000e+00,3.290000000000000000e+02,2.470000000000000000e+02,5.000000000000000000e+00,0.000000000000000000e+00,2.950000000000000000e+02,0.000000000000000000e+00,7.300000000000000000e+01,0.000000000000000000e+00,9.000000000000000000e+00,1.600000000000000000e+01,5.000000000000000000e+00,0.000000000000000000e+00,0.000000000000000000e+00,1.490000000000000000e+02,1.400000000000000000e+01,9.400000000000000000e+01,0.000000000000000000e+00,3.300000000000000000e+01,1.050000000000000000e+02,3.700000000000000000e+01,1.280000000000000000e+02,0.000000000000000000e+00,0.000000000000000000e+00,2.000000000000000000e+00,1.460000000000000000e+02,3.000000000000000000e+00,8.000000000000000000e+01,1.920000000000000000e+02,1.000000000000000000e+01,0.000000000000000000e+00,9.790000000000000000e+02,3.000000000000000000e+00,0.000000000000000000e+00,3.660000000000000000e+02,0.000000000000000000e+00,2.300000000000000000e+01,4.300000000000000000e+01,2.350000000000000000e+02,7.200000000000000000e+01,0.000000000000000000e+00,1.810000000000000000e+02,0.000000000000000000e+00,0.000000000000000000e+00,1.480000000000000000e+02,0.000000000000000000e+00,0.000000000000000000e+00,4.000000000000000000e+01,0.000000000000000000e+00,0.000000000000000000e+00,6.000000000000000000e+00,9.710000000000000000e+02,2.660000000000000000e+02,4.900000000000000000e+01,0.000000000000000000e+00,3.800000000000000000e+01,3.700000000000000000e+01,1.700000000000000000e+01,1.400000000000000000e+01,9.000000000000000000e+00,5.100000000000000000e+01,8.300000000000000000e+01,4.000000000000000000e+01,2.110000000000000000e+02,0.000000000000000000e+00,0.000000000000000000e+00,3.310000000000000000e+02,1.420000000000000000e+02,1.500000000000000000e+01,1.500000000000000000e+01,5.080000000000000000e+02,0.000000000000000000e+00,4.300000000000000000e+01,2.410000000000000000e+02,0.000000000000000000e+00,4.200000000000000000e+01,0.000000000000000000e+00,0.000000000000000000e+00,7.400000000000000000e+01,0.000000000000000000e+00,1.160000000000000000e+02,5.000000000000000000e+00,2.300000000000000000e+01,5.000000000000000000e+00,8.000000000000000000e+00,0.000000000000000000e+00,6.900000000000000000e+01,1.000000000000000000e+01,3.900000000000000000e+01,4.500000000000000000e+01,3.100000000000000000e+01,7.000000000000000000e+00,3.700000000000000000e+02,6.300000000000000000e+01,3.010000000000000000e+02,4.300000000000000000e+01,0.000000000000000000e+00,2.000000000000000000e+01,1.020000000000000000e+02,1.160000000000000000e+02,4.000000000000000000e+01,8.100000000000000000e+01,0.000000000000000000e+00,0.000000000000000000e+00,1.470000000000000000e+02,7.000000000000000000e+00,1.200000000000000000e+01,9.580000000000000000e+02,8.000000000000000000e+00,4.700000000000000000e+01,3.050000000000000000e+02,1.310000000000000000e+02,0.000000000000000000e+00,0.000000000000000000e+00,1.300000000000000000e+02,3.700000000000000000e+01,1.520000000000000000e+02,1.240000000000000000e+02,2.920000000000000000e+02,1.670000000000000000e+02,1.000000000000000000e+02,1.300000000000000000e+02,0.000000000000000000e+00,2.890000000000000000e+02,2.370000000000000000e+02,1.150000000000000000e+02,1.830000000000000000e+02,0.000000000000000000e+00,0.000000000000000000e+00,1.280000000000000000e+02,6.000000000000000000e+00,1.620000000000000000e+02,1.100000000000000000e+01,5.000000000000000000e+00,0.000000000000000000e+00,0.000000000000000000e+00,6.000000000000000000e+00,9.000000000000000000e+00,3.070000000000000000e+02,2.920000000000000000e+02,3.800000000000000000e+02,0.000000000000000000e+00,1.110000000000000000e+02
6.300000000000000000e+01,6.500000000000000000e+01,4.200000000000000000e+01,1.500000000000000000e+01,1.700000000000000000e+01,5.000000000000000000e+00,0.000000000000000000e+00,0.000000000000000000e+00,6.600000000000000000e+01,0.000000000000000000e+00,4.400000000000000000e+01,2.000000000000000000e+01,6.000000000000000000e+00,9.100000000000000000e+01,1.400000000000000000e+01,2.000000000000000000e+00,0.000000000000000000e+00,2.400000000000000000e+01,2.100000000000000000e+01,0.000000000000000000e+00,9.000000000000000000e+00,3.000000000000000000e+00,2.200000000000000000e+01,1.690000000000000000e+02,0.000000000000000000e+00,5.200000000000000000e+01,1.700000000000000000e+01,4.000000000000000000e+01,1.050000000000000000e+02,1.490000000000000000e+02,9.000000000000000000e+00,1.400000000000000000e+01,6.000000000000000000e+00,3.600000000000000000e+01,0.000000000000000000e+00,0.000000000000000000e+00,0.000000000000000000e+00,4.200000000000000000e+01,8.000000000000000000e+00,1.610000000000000000e+02,6.000000000000000000e+00,8.000000000000000000e+01,0.000000000000000000e+00,3.100000000000000000e+01,0.000000000000000000e+00,5.000000000000000000e+00,0.000000000000000000e+00,0.000000000000000000e+00,1.000000000000000000e+00,1.000000000000000000e+01,4.100000000000000000e+01,1.000000000000000000e+00,1.900000000000000000e+01,0.000000000000000000e+00,4.200000000000000000e+01,3.300000000000000000e+01,1.000000000000000000e+00,3.900000000000000000e+01,1.300000000000000000e+01,1.800000000000000000e+01,2.000000000000000000e+00,6.000000000000000000e+00,1.600000000000000000e+01,1.300000000000000000e+01,3.000000000000000000e+00,1.950000000000000000e+02,1.300000000000000000e+01,1.000000000000000000e+01,2.000000000000000000e+00,0.000000000000000000e+00,5.400000000000000000e+01,3.700000000000000000e+01,1.700000000000000000e+01,1.900000000000000000e+01,2.000000000000000000e+00,2.000000000000000000e+00,1.000000000000000000e+00,5.400000000000000000e+01,2.000000000000000000e+00,8.400000000000000000e+01,0.000000000000000000e+00,0.000000000000000000e+00,0.000000000000000000e+00,3.000000000000000000e+00,5.100000000000000000e+01,9.500000000000000000e+01,7.000000000000000000e+00,3.000000000000000000e+00,2.200000000000000000e+01,1.590000000000000000e+02,8.000000000000000000e+00,7.000000000000000000e+00,1.940000000000000000e+02,3.800000000000000000e+01,7.000000000000000000e+00,2.200000000000000000e+01,1.500000000000000000e+01,1.020000000000000000e+02,0.000000000000000000e+00,1.000000000000000000e+00,1.000000000000000000e+00,0.000000000000000000e+00,1.840000000000000000e+02,2.000000000000000000e+00,2.900000000000000000e+01,0.000000000000000000e+00,7.000000000000000000e+00,0.000000000000000000e+00,1.770000000000000000e+02,0.000000000000000000e+00,1.120000000000000000e+02,0.000000000000000000e+00,3.000000000000000000e+01,0.000000000000000000e+00,2.360000000000000000e+02,3.400000000000000000e+01,1.460000000000000000e+02,7.200000000000000000e+01,8.300000000000000000e+01,1.020000000000000000e+02,0.000000000000000000e+00,0.000000000000000000e+00,4.300000000000000000e+01,2.100000000000000000e+02,1.130000000000000000e+02,3.000000000000000000e+00,0.000000000000000000e+00,1.050000000000000000e+02,0.000000000000000000e+00,3.300000000000000000e+01,1.000000000000000000e+00,3.000000000000000000e+00,0.000000000000000000e+00,0.000000000000000000e+00,2.000000000000000000e+00,0.000000000000000000e+00,5.000000000000000000e+01,3.000000000000000000e+00,4.100000000000000000e+01,2.300000000000000000e+01,1.800000000000000000e+01,2.500000000000000000e+01,1.100000000000000000e+01,0.000000000000000000e+00,0.000000000000000000e+00,2.000000000000000000e+00,2.000000000000000000e+00,6.800000000000000000e+01,1.000000000000000000e+00,3.100000000000000000e+01,9.600000000000000000e+01,1.000000000000000000e+00,6.000000000000000000e+01,0.000000000000000000e+00,4.000000000000000000e+00,0.000000000000000000e+00,2.160000000000000000e+02,0.000000000000000000e+00,6.000000000000000000e+00,1.900000000000000000e+01,1.040000000000000000e+02,2.900000000000000000e+01,2.600000000000000000e+01,8.000000000000000000e+01,7.000000000000000000e+00,0.000000000000000000e+00,6.400000000000000000e+01,0.000000000000000000e+00,0.000000000000000000e+00,9.000000000000000000e+00,0.000000000000000000e+00,5.000000000000000000e+00,0.000000000000000000e+00,0.000000000000000000e+00,1.720000000000000000e+02,2.200000000000000000e+01,0.000000000000000000e+00,1.700000000000000000e+01,1.800000000000000000e+01,1.000000000000000000e+00,6.000000000000000000e+00,4.000000000000000000e+00,3.300000000000000000e+01,4.500000000000000000e+01,2.200000000000000000e+01,8.800000000000000000e+01,1.000000000000000000e+00,0.000000000000000000e+00,1.770000000000000000e+02,7.600000000000000000e+01,6.000000000000000000e+00,4.000000000000000000e+00,3.360000000000000000e+02,0.000000000000000000e+00,4.000000000000000000e+00,1.420000000000000000e+02,0.000000000000000000e+00,2.500000000000000000e+01,0.000000000000000000e+00,2.000000000000000000e+00,4.800000000000000000e+01,2.100000000000000000e+01,5.900000000000000000e+01,2.000000000000000000e+00,7.000000000000000000e+00,0.000000000000000000e+00,1.000000000000000000e+00,0.000000000000000000e+00,2.200000000000000000e+01,1.000000000000000000e+00,8.000000000000000000e+00,2.400000000000000000e+01,1.000000000000000000e+00,5.000000000000000000e+00,2.140000000000000000e+02,2.700000000000000000e+01,1.820000000000000000e+02,1.000000000000000000e+01,0.000000000000000000e+00,2.000000000000000000e+00,4.400000000000000000e+01,0.000000000000000000e+00,4.000000000000000000e+00,0.000000000000000000e+00,7.000000000000000000e+00,6.000000000000000000e+00,5.400000000000000000e+01,2.000000000000000000e+00,1.000000000000000000e+00,0.000000000000000000e+00,1.000000000000000000e+00,4.000000000000000000e+00,1.880000000000000000e+02,3.200000000000000000e+01,0.000000000000000000e+00,2.000000000000000000e+00,5.300000000000000000e+01,1.000000000000000000e+01,0.000000000000000000e+00,6.000000000000000000e+01,1.640000000000000000e+02,6.400000000000000000e+01,6.400000000000000000e+01,0.000000000000000000e+00,0.000000000000000000e+00,1.250000000000000000e+02,1.210000000000000000e+02,2.700000000000000000e+01,1.050000000000000000e+02,0.000000000000000000e+00,0.000000000000000000e+00,5.400000000000000000e+01,1.000000000000000000e+00,5.100000000000000000e+01,1.000000000000000000e+00,1.000000000000000000e+00,2.000000000000000000e+00,0.000000000000000000e+00,1.000000000000000000e+00,2.000000000000000000e+00,1.870000000000000000e+02,1.760000000000000000e+02,2.620000000000000000e+02,0.000000000000000000e+00,0.000000000000000000e+00
8.920000000000000000e+02,9.050000000000000000e+02,2.370000000000000000e+02,2.200000000000000000e+02,2.260000000000000000e+02,2.070000000000000000e+02,1.110000000000000000e+02,1.700000000000000000e+02,2.320000000000000000e+02,1.400000000000000000e+01,1.460000000000000000e+02,1.450000000000000000e+02,8.060000000000000000e+02,8.820000000000000000e+02,5.900000000000000000e+01,5.400000000000000000e+01,1.690000000000000000e+02,8.000000000000000000e+02,7.890000000000000000e+02,5.100000000000000000e+01,2.280000000000000000e+02,2.220000000000000000e+02,8.740000000000000000e+02,9.170000000000000000e+02,1.700000000000000000e+01,2.380000000000000000e+02,2.240000000000000000e+02,8.220000000000000000e+02,8.640000000000000000e+02,8.820000000000000000e+02,8.180000000000000000e+02,8.240000000000000000e+02,1.480000000000000000e+02,8.840000000000000000e+02,3.800000000000000000e+01,3.770000000000000000e+02,6.800000000000000000e+01,8.000000000000000000e+02,1.970000000000000000e+02,9.400000000000000000e+02,7.200000000000000000e+01,8.730000000000000000e+02,1.290000000000000000e+02,9.290000000000000000e+02,1.120000000000000000e+02,2.210000000000000000e+02,4.900000000000000000e+01,4.800000000000000000e+01,1.980000000000000000e+02,1.460000000000000000e+02,1.740000000000000000e+02,1.960000000000000000e+02,2.500000000000000000e+02,9.400000000000000000e+01,8.520000000000000000e+02,8.080000000000000000e+02,6.100000000000000000e+01,8.830000000000000000e+02,2.300000000000000000e+02,2.290000000000000000e+02,1.340000000000000000e+02,2.070000000000000000e+02,2.370000000000000000e+02,8.090000000000000000e+02,2.160000000000000000e+02,9.040000000000000000e+02,8.170000000000000000e+02,7.850000000000000000e+02,6.750000000000000000e+02,1.520000000000000000e+02,8.440000000000000000e+02,2.060000000000000000e+02,9.170000000000000000e+02,7.820000000000000000e+02,1.690000000000000000e+02,8.600000000000000000e+02,2.410000000000000000e+02,9.960000000000000000e+02,2.180000000000000000e+02,8.790000000000000000e+02,1.074000000000000000e+03,3.710000000000000000e+02,3.570000000000000000e+02,2.230000000000000000e+02,1.940000000000000000e+02,8.160000000000000000e+02,8.050000000000000000e+02,1.680000000000000000e+02,8.260000000000000000e+02,9.000000000000000000e+02,1.680000000000000000e+02,1.880000000000000000e+02,8.560000000000000000e+02,8.040000000000000000e+02,2.170000000000000000e+02,1.320000000000000000e+02,8.110000000000000000e+02,8.830000000000000000e+02,1.130000000000000000e+02,7.100000000000000000e+01,2.150000000000000000e+02,8.700000000000000000e+01,8.960000000000000000e+02,1.850000000000000000e+02,8.570000000000000000e+02,1.840000000000000000e+02,2.030000000000000000e+02,1.680000000000000000e+02,9.100000000000000000e+02,3.670000000000000000e+02,9.120000000000000000e+02,1.980000000000000000e+02,8.870000000000000000e+02,8.800000000000000000e+01,8.610000000000000000e+02,1.520000000000000000e+02,8.860000000000000000e+02,2.260000000000000000e+02,9.000000000000000000e+02,8.560000000000000000e+02,4.800000000000000000e+01,1.054000000000000000e+03,1.430000000000000000e+02,9.030000000000000000e+02,8.960000000000000000e+02,1.740000000000000000e+02,3.800000000000000000e+01,8.630000000000000000e+02,6.400000000000000000e+01,2.400000000000000000e+02,4.800000000000000000e+01,8.930000000000000000e+02,1.830000000000000000e+02,1.790000000000000000e+02,1.290000000000000000e+02,5.500000000000000000e+01,8.430000000000000000e+02,7.370000000000000000e+02,8.720000000000000000e+02,1.390000000000000000e+02,2.650000000000000000e+02,1.003000000000000000e+03,8.930000000000000000e+02,3.600000000000000000e+02,7.500000000000000000e+01,1.450000000000000000e+02,1.750000000000000000e+02,9.640000000000000000e+02,1.840000000000000000e+02,2.420000000000000000e+02,8.470000000000000000e+02,1.870000000000000000e+02,1.640000000000000000e+02,1.025000000000000000e+03,0.000000000000000000e+00,1.100000000000000000e+02,9.450000000000000000e+02,2.100000000000000000e+01,2.030000000000000000e+02,2.220000000000000000e+02,9.040000000000000000e+02,8.260000000000000000e+02,5.800000000000000000e+01,8.600000000000000000e+02,1.480000000000000000e+02,1.260000000000000000e+02,8.860000000000000000e+02,2.900000000000000000e+01,1.030000000000000000e+02,7.210000000000000000e+02,7.500000000000000000e+01,1.640000000000000000e+02,2.340000000000000000e+02,1.078000000000000000e+03,9.060000000000000000e+02,2.430000000000000000e+02,1.170000000000000000e+02,2.190000000000000000e+02,2.340000000000000000e+02,8.090000000000000000e+02,2.340000000000000000e+02,2.350000000000000000e+02,2.310000000000000000e+02,2.240000000000000000e+02,2.370000000000000000e+02,2.360000000000000000e+02,1.190000000000000000e+02,9.000000000000000000e+00,8.980000000000000000e+02,8.800000000000000000e+02,2.390000000000000000e+02,2.390000000000000000e+02,8.950000000000000000e+02,1.020000000000000000e+02,2.230000000000000000e+02,8.830000000000000000e+02,9.100000000000000000e+01,8.220000000000000000e+02,9.200000000000000000e+01,5.400000000000000000e+01,2.130000000000000000e+02,6.200000000000000000e+01,8.240000000000000000e+02,2.010000000000000000e+02,7.290000000000000000e+02,1.840000000000000000e+02,1.840000000000000000e+02,4.300000000000000000e+01,9.180000000000000000e+02,1.920000000000000000e+02,9.020000000000000000e+02,1.940000000000000000e+02,8.600000000000000000e+02,1.970000000000000000e+02,9.150000000000000000e+02,8.500000000000000000e+02,8.800000000000000000e+02,8.490000000000000000e+02,6.800000000000000000e+01,7.050000000000000000e+02,2.390000000000000000e+02,3.520000000000000000e+02,8.980000000000000000e+02,3.850000000000000000e+02,1.510000000000000000e+02,1.230000000000000000e+02,8.300000000000000000e+02,1.840000000000000000e+02,2.060000000000000000e+02,1.043000000000000000e+03,1.870000000000000000e+02,8.010000000000000000e+02,9.080000000000000000e+02,2.160000000000000000e+02,1.300000000000000000e+01,1.230000000000000000e+02,8.150000000000000000e+02,2.060000000000000000e+02,3.750000000000000000e+02,8.140000000000000000e+02,8.850000000000000000e+02,8.690000000000000000e+02,8.550000000000000000e+02,3.830000000000000000e+02,1.010000000000000000e+02,8.890000000000000000e+02,8.880000000000000000e+02,9.100000000000000000e+02,9.210000000000000000e+02,3.900000000000000000e+01,7.600000000000000000e+01,9.000000000000000000e+02,2.280000000000000000e+02,8.610000000000000000e+02,1.640000000000000000e+02,1.760000000000000000e+02,1.110000000000000000e+02,1.600000000000000000e+01,2.080000000000000000e+02,1.740000000000000000e+02,8.930000000000000000e+02,8.540000000000000000e+02,8.430000000000000000e+02,8.300000000000000000e+01,3.590000000000000000e+02
5.030000000000000000e+02,4.340000000000000000e+02,1.860000000000000000e+02,1.500000000000000000e+02,1.730000000000000000e+02,1.460000000000000000e+02,0.000000000000000000e+00,1.380000000000000000e+02,1.740000000000000000e+02,0.000000000000000000e+00,0.000000000000000000e+00,0.000000000000000000e+00,3.720000000000000000e+02,5.090000000000000000e+02,0.000000000000000000e+00,0.000000000000000000e+00,1.260000000000000000e+02,4.940000000000000000e+02,4.650000000000000000e+02,0.000000000000000000e+00,1.780000000000000000e+02,1.520000000000000000e+02,3.710000000000000000e+02,4.650000000000000000e+02,0.000000000000000000e+00,1.820000000000000000e+02,1.700000000000000000e+02,4.200000000000000000e+02,4.660000000000000000e+02,4.900000000000000000e+02,4.020000000000000000e+02,3.930000000000000000e+02,0.000000000000000000e+00,4.210000000000000000e+02,0.000000000000000000e+00,2.280000000000000000e+02,0.000000000000000000e+00,4.270000000000000000e+02,1.710000000000000000e+02,4.830000000000000000e+02,0.000000000000000000e+00,4.870000000000000000e+02,0.000000000000000000e+00,4.740000000000000000e+02,0.000000000000000000e+00,1.340000000000000000e+02,0.000000000000000000e+00,0.000000000000000000e+00,1.940000000000000000e+02,0.000000000000000000e+00,0.000000000000000000e+00,1.220000000000000000e+02,1.720000000000000000e+02,0.000000000000000000e+00,4.680000000000000000e+02,4.650000000000000000e+02,0.000000000000000000e+00,4.570000000000000000e+02,1.630000000000000000e+02,1.440000000000000000e+02,0.000000000000000000e+00,1.570000000000000000e+02,1.610000000000000000e+02,3.680000000000000000e+02,1.380000000000000000e+02,5.040000000000000000e+02,3.790000000000000000e+02,4.520000000000000000e+02,2.530000000000000000e+02,0.000000000000000000e+00,4.560000000000000000e+02,1.700000000000000000e+02,4.250000000000000000e+02,4.260000000000000000e+02,1.130000000000000000e+02,4.460000000000000000e+02,1.220000000000000000e+02,4.830000000000000000e+02,1.150000000000000000e+02,4.530000000000000000e+02,5.740000000000000000e+02,1.940000000000000000e+02,2.310000000000000000e+02,1.590000000000000000e+02,0.000000000000000000e+00,4.740000000000000000e+02,3.810000000000000000e+02,1.310000000000000000e+02,4.440000000000000000e+02,4.930000000000000000e+02,1.280000000000000000e+02,1.650000000000000000e+02,4.920000000000000000e+02,4.120000000000000000e+02,1.510000000000000000e+02,0.000000000000000000e+00,4.380000000000000000e+02,4.920000000000000000e+02,0.000000000000000000e+00,0.000000000000000000e+00,1.380000000000000000e+02,0.000000000000000000e+00,4.630000000000000000e+02,1.560000000000000000e+02,4.370000000000000000e+02,1.130000000000000000e+02,1.740000000000000000e+02,6.400000000000000000e+01,4.950000000000000000e+02,2.280000000000000000e+02,4.960000000000000000e+02,1.550000000000000000e+02,4.460000000000000000e+02,0.000000000000000000e+00,4.840000000000000000e+02,0.000000000000000000e+00,4.570000000000000000e+02,1.980000000000000000e+02,4.690000000000000000e+02,4.250000000000000000e+02,0.000000000000000000e+00,5.680000000000000000e+02,0.000000000000000000e+00,4.740000000000000000e+02,5.080000000000000000e+02,1.210000000000000000e+02,0.000000000000000000e+00,4.820000000000000000e+02,0.000000000000000000e+00,1.410000000000000000e+02,0.000000000000000000e+00,2.310000000000000000e+02,1.380000000000000000e+02,7.400000000000000000e+01,0.000000000000000000e+00,0.000000000000000000e+00,4.930000000000000000e+02,2.910000000000000000e+02,4.320000000000000000e+02,0.000000000000000000e+00,1.750000000000000000e+02,5.510000000000000000e+02,4.400000000000000000e+02,2.160000000000000000e+02,0.000000000000000000e+00,0.000000000000000000e+00,1.360000000000000000e+02,4.660000000000000000e+02,1.220000000000000000e+02,1.950000000000000000e+02,5.340000000000000000e+02,1.930000000000000000e+02,0.000000000000000000e+00,5.440000000000000000e+02,5.900000000000000000e+01,0.000000000000000000e+00,4.940000000000000000e+02,0.000000000000000000e+00,1.340000000000000000e+02,1.860000000000000000e+02,4.550000000000000000e+02,4.800000000000000000e+02,0.000000000000000000e+00,4.540000000000000000e+02,0.000000000000000000e+00,0.000000000000000000e+00,4.940000000000000000e+02,0.000000000000000000e+00,0.000000000000000000e+00,3.890000000000000000e+02,0.000000000000000000e+00,0.000000000000000000e+00,9.900000000000000000e+01,5.820000000000000000e+02,4.620000000000000000e+02,1.430000000000000000e+02,0.000000000000000000e+00,1.730000000000000000e+02,1.600000000000000000e+02,3.050000000000000000e+02,1.470000000000000000e+02,1.240000000000000000e+02,1.870000000000000000e+02,1.760000000000000000e+02,1.290000000000000000e+02,1.630000000000000000e+02,0.000000000000000000e+00,0.000000000000000000e+00,5.240000000000000000e+02,4.230000000000000000e+02,1.650000000000000000e+02,1.640000000000000000e+02,4.660000000000000000e+02,0.000000000000000000e+00,1.780000000000000000e+02,4.730000000000000000e+02,0.000000000000000000e+00,4.830000000000000000e+02,0.000000000000000000e+00,0.000000000000000000e+00,1.340000000000000000e+02,0.000000000000000000e+00,4.800000000000000000e+02,1.440000000000000000e+02,3.250000000000000000e+02,1.370000000000000000e+02,1.590000000000000000e+02,0.000000000000000000e+00,4.240000000000000000e+02,1.790000000000000000e+02,4.020000000000000000e+02,1.490000000000000000e+02,4.120000000000000000e+02,1.540000000000000000e+02,5.020000000000000000e+02,4.890000000000000000e+02,4.960000000000000000e+02,3.960000000000000000e+02,0.000000000000000000e+00,3.380000000000000000e+02,1.990000000000000000e+02,1.950000000000000000e+02,3.440000000000000000e+02,1.940000000000000000e+02,0.000000000000000000e+00,0.000000000000000000e+00,4.660000000000000000e+02,1.510000000000000000e+02,1.590000000000000000e+02,6.060000000000000000e+02,1.680000000000000000e+02,3.700000000000000000e+02,5.100000000000000000e+02,2.100000000000000000e+02,0.000000000000000000e+00,0.000000000000000000e+00,4.370000000000000000e+02,1.510000000000000000e+02,1.830000000000000000e+02,4.750000000000000000e+02,5.050000000000000000e+02,4.910000000000000000e+02,4.520000000000000000e+02,1.710000000000000000e+02,0.000000000000000000e+00,4.770000000000000000e+02,4.610000000000000000e+02,4.380000000000000000e+02,4.770000000000000000e+02,0.000000000000000000e+00,0.000000000000000000e+00,4.630000000000000000e+02,7.300000000000000000e+01,4.830000000000000000e+02,1.250000000000000000e+02,8.100000000000000000e+01,0.000000000000000000e+00,0.000000000000000000e+00,1.020000000000000000e+02,8.900000000000000000e+01,4.740000000000000000e+02,4.770000000000000000e+02,4.930000000000000000e+02,0.000000000000000000e+00,1.670000000000000000e+02
8.480000000000000000e+02,1.035000000000000000e+03,4.730000000000000000e+02,2.250000000000000000e+02,2.790000000000000000e+02,8.200000000000000000e+01,4.000000000000000000e+00,3.100000000000000000e+01,7.440000000000000000e+02,0.000000000000000000e+00,4.750000000000000000e+02,3.200000000000000000e+02,6.900000000000000000e+01,9.350000000000000000e+02,1.850000000000000000e+02,2.600000000000000000e+01,7.000000000000000000e+00,2.830000000000000000e+02,1.700000000000000000e+02,3.000000000000000000e+00,7.200000000000000000e+01,1.240000000000000000e+02,2.750000000000000000e+02,1.534000000000000000e+03,0.000000000000000000e+00,5.270000000000000000e+02,3.080000000000000000e+02,1.270000000000000000e+02,1.212000000000000000e+03,1.537000000000000000e+03,2.100000000000000000e+02,8.800000000000000000e+01,5.400000000000000000e+01,5.440000000000000000e+02,4.000000000000000000e+00,7.700000000000000000e+02,1.000000000000000000e+00,1.490000000000000000e+02,1.330000000000000000e+02,2.154000000000000000e+03,1.030000000000000000e+02,3.050000000000000000e+02,1.400000000000000000e+01,5.040000000000000000e+02,9.000000000000000000e+00,3.700000000000000000e+01,3.000000000000000000e+00,2.000000000000000000e+00,2.200000000000000000e+01,2.410000000000000000e+02,3.490000000000000000e+02,1.600000000000000000e+01,3.450000000000000000e+02,3.000000000000000000e+00,4.270000000000000000e+02,4.350000000000000000e+02,0.000000000000000000e+00,5.500000000000000000e+02,3.890000000000000000e+02,1.870000000000000000e+02,4.500000000000000000e+01,9.400000000000000000e+01,1.380000000000000000e+02,1.700000000000000000e+01,1.200000000000000000e+01,1.951000000000000000e+03,2.070000000000000000e+02,1.390000000000000000e+02,1.900000000000000000e+01,3.500000000000000000e+01,1.790000000000000000e+02,3.380000000000000000e+02,3.630000000000000000e+02,2.730000000000000000e+02,6.000000000000000000e+00,1.350000000000000000e+02,2.600000000000000000e+01,8.780000000000000000e+02,8.000000000000000000e+01,1.159000000000000000e+03,4.559000000000000000e+03,7.260000000000000000e+02,6.470000000000000000e+02,6.500000000000000000e+01,4.030000000000000000e+02,1.025000000000000000e+03,1.260000000000000000e+02,7.000000000000000000e+00,4.680000000000000000e+02,1.761000000000000000e+03,1.500000000000000000e+01,3.300000000000000000e+01,1.765000000000000000e+03,1.180000000000000000e+02,4.000000000000000000e+01,1.000000000000000000e+02,2.880000000000000000e+02,1.620000000000000000e+03,0.000000000000000000e+00,0.000000000000000000e+00,1.600000000000000000e+01,4.000000000000000000e+00,9.410000000000000000e+02,6.900000000000000000e+01,4.770000000000000000e+02,1.400000000000000000e+01,2.120000000000000000e+02,6.000000000000000000e+00,1.098000000000000000e+03,7.940000000000000000e+02,1.324000000000000000e+03,2.300000000000000000e+01,6.660000000000000000e+02,1.000000000000000000e+00,2.149000000000000000e+03,3.420000000000000000e+02,1.486000000000000000e+03,7.100000000000000000e+02,8.290000000000000000e+02,1.296000000000000000e+03,0.000000000000000000e+00,4.570000000000000000e+03,4.550000000000000000e+02,1.727000000000000000e+03,1.414000000000000000e+03,1.800000000000000000e+01,3.000000000000000000e+00,1.562000000000000000e+03,2.000000000000000000e+00,4.350000000000000000e+02,0.000000000000000000e+00,2.900000000000000000e+01,3.800000000000000000e+01,1.200000000000000000e+01,1.000000000000000000e+01,2.000000000000000000e+01,9.020000000000000000e+02,2.600000000000000000e+01,5.360000000000000000e+02,2.270000000000000000e+02,1.890000000000000000e+02,5.970000000000000000e+02,1.170000000000000000e+02,7.290000000000000000e+02,1.000000000000000000e+00,1.200000000000000000e+01,5.000000000000000000e+00,8.560000000000000000e+02,1.600000000000000000e+01,6.200000000000000000e+02,1.060000000000000000e+03,4.400000000000000000e+01,4.190000000000000000e+02,4.600000000000000000e+03,6.000000000000000000e+00,5.000000000000000000e+00,0.000000000000000000e+00,4.000000000000000000e+00,7.100000000000000000e+01,2.610000000000000000e+02,8.340000000000000000e+02,3.980000000000000000e+02,1.800000000000000000e+02,9.910000000000000000e+02,6.100000000000000000e+01,1.000000000000000000e+00,9.070000000000000000e+02,1.000000000000000000e+00,1.000000000000000000e+00,1.130000000000000000e+02,1.000000000000000000e+00,2.400000000000000000e+01,1.700000000000000000e+01,4.499000000000000000e+03,8.930000000000000000e+02,1.670000000000000000e+02,2.000000000000000000e+00,2.550000000000000000e+02,2.430000000000000000e+02,1.300000000000000000e+01,8.500000000000000000e+01,3.600000000000000000e+01,5.800000000000000000e+01,3.230000000000000000e+02,1.540000000000000000e+02,9.870000000000000000e+02,6.000000000000000000e+00,0.000000000000000000e+00,1.863000000000000000e+03,3.520000000000000000e+02,6.500000000000000000e+01,7.600000000000000000e+01,2.354000000000000000e+03,0.000000000000000000e+00,1.870000000000000000e+02,1.328000000000000000e+03,5.000000000000000000e+00,2.750000000000000000e+02,1.000000000000000000e+00,1.000000000000000000e+00,4.280000000000000000e+02,1.490000000000000000e+02,7.660000000000000000e+02,2.600000000000000000e+01,5.300000000000000000e+01,3.700000000000000000e+01,2.700000000000000000e+01,0.000000000000000000e+00,3.090000000000000000e+02,3.600000000000000000e+01,2.040000000000000000e+02,1.680000000000000000e+02,4.200000000000000000e+01,3.700000000000000000e+01,2.185000000000000000e+03,4.440000000000000000e+02,1.904000000000000000e+03,1.760000000000000000e+02,1.000000000000000000e+00,5.500000000000000000e+01,5.290000000000000000e+02,7.520000000000000000e+02,7.500000000000000000e+01,7.420000000000000000e+02,1.220000000000000000e+02,1.130000000000000000e+02,6.680000000000000000e+02,3.800000000000000000e+01,2.300000000000000000e+01,4.614000000000000000e+03,2.800000000000000000e+01,9.500000000000000000e+01,1.024000000000000000e+03,5.840000000000000000e+02,1.000000000000000000e+00,1.000000000000000000e+00,3.000000000000000000e+02,2.490000000000000000e+02,6.250000000000000000e+02,2.990000000000000000e+02,1.757000000000000000e+03,1.099000000000000000e+03,7.490000000000000000e+02,6.450000000000000000e+02,2.000000000000000000e+00,1.566000000000000000e+03,1.273000000000000000e+03,5.670000000000000000e+02,1.262000000000000000e+03,5.000000000000000000e+00,2.000000000000000000e+00,7.990000000000000000e+02,2.000000000000000000e+01,9.770000000000000000e+02,8.000000000000000000e+00,2.000000000000000000e+00,3.000000000000000000e+00,0.000000000000000000e+00,3.600000000000000000e+01,8.000000000000000000e+00,1.823000000000000000e+03,1.625000000000000000e+03,2.165000000000000000e+03,1.000000000000000000e+00,6.710000000000000000e+02
3.300000000000000000e+02,3.530000000000000000e+02,1.270000000000000000e+02,1.180000000000000000e+02,1.080000000000000000e+02,9.700000000000000000e+01,0.000000000000000000e+00,8.900000000000000000e+01,1.290000000000000000e+02,0.000000000000000000e+00,0.000000000000000000e+00,0.000000000000000000e+00,2.430000000000000000e+02,3.290000000000000000e+02,0.000000000000000000e+00,0.000000000000000000e+00,9.600000000000000000e+01,2.790000000000000000e+02,3.110000000000000000e+02,0.000000000000000000e+00,1.180000000000000000e+02,1.280000000000000000e+02,3.000000000000000000e+02,3.600000000000000000e+02,0.000000000000000000e+00,1.420000000000000000e+02,1.250000000000000000e+02,3.110000000000000000e+02,3.540000000000000000e+02,3.330000000000000000e+02,2.700000000000000000e+02,3.200000000000000000e+02,0.000000000000000000e+00,3.060000000000000000e+02,0.000000000000000000e+00,1.300000000000000000e+02,0.000000000000000000e+00,3.080000000000000000e+02,1.230000000000000000e+02,3.620000000000000000e+02,0.000000000000000000e+00,2.940000000000000000e+02,0.000000000000000000e+00,3.420000000000000000e+02,0.000000000000000000e+00,1.030000000000000000e+02,0.000000000000000000e+00,0.000000000000000000e+00,8.200000000000000000e+01,0.000000000000000000e+00,0.000000000000000000e+00,1.060000000000000000e+02,9.500000000000000000e+01,0.000000000000000000e+00,3.110000000000000000e+02,3.080000000000000000e+02,0.000000000000000000e+00,3.130000000000000000e+02,1.340000000000000000e+02,1.090000000000000000e+02,0.000000000000000000e+00,1.200000000000000000e+02,1.060000000000000000e+02,2.590000000000000000e+02,9.500000000000000000e+01,3.160000000000000000e+02,2.820000000000000000e+02,2.960000000000000000e+02,2.480000000000000000e+02,0.000000000000000000e+00,2.920000000000000000e+02,1.380000000000000000e+02,2.960000000000000000e+02,3.100000000000000000e+02,9.400000000000000000e+01,3.360000000000000000e+02,9.300000000000000000e+01,3.720000000000000000e+02,1.030000000000000000e+02,3.260000000000000000e+02,4.180000000000000000e+02,1.300000000000000000e+02,1.480000000000000000e+02,1.130000000000000000e+02,0.000000000000000000e+00,3.200000000000000000e+02,2.370000000000000000e+02,1.060000000000000000e+02,3.080000000000000000e+02,3.020000000000000000e+02,8.700000000000000000e+01,1.140000000000000000e+02,3.110000000000000000e+02,3.130000000000000000e+02,1.030000000000000000e+02,0.000000000000000000e+00,2.730000000000000000e+02,3.300000000000000000e+02,0.000000000000000000e+00,0.000000000000000000e+00,1.040000000000000000e+02,0.000000000000000000e+00,3.480000000000000000e+02,9.700000000000000000e+01,2.920000000000000000e+02,8.200000000000000000e+01,1.090000000000000000e+02,7.600000000000000000e+01,3.060000000000000000e+02,1.560000000000000000e+02,3.410000000000000000e+02,1.050000000000000000e+02,3.420000000000000000e+02,0.000000000000000000e+00,3.420000000000000000e+02,0.000000000000000000e+00,3.390000000000000000e+02,1.310000000000000000e+02,2.950000000000000000e+02,3.050000000000000000e+02,0.000000000000000000e+00,4.010000000000000000e+02,0.000000000000000000e+00,3.500000000000000000e+02,3.210000000000000000e+02,8.500000000000000000e+01,0.000000000000000000e+00,3.350000000000000000e+02,0.000000000000000000e+00,1.210000000000000000e+02,0.000000000000000000e+00,2.460000000000000000e+02,9.600000000000000000e+01,8.900000000000000000e+01,0.000000000000000000e+00,0.000000000000000000e+00,3.350000000000000000e+02,2.080000000000000000e+02,2.980000000000000000e+02,0.000000000000000000e+00,1.220000000000000000e+02,3.370000000000000000e+02,3.180000000000000000e+02,1.500000000000000000e+02,0.000000000000000000e+00,0.000000000000000000e+00,8.500000000000000000e+01,3.120000000000000000e+02,8.300000000000000000e+01,1.290000000000000000e+02,3.370000000000000000e+02,1.000000000000000000e+02,0.000000000000000000e+00,3.660000000000000000e+02,7.300000000000000000e+01,0.000000000000000000e+00,3.280000000000000000e+02,0.000000000000000000e+00,1.080000000000000000e+02,1.180000000000000000e+02,3.350000000000000000e+02,3.170000000000000000e+02,0.000000000000000000e+00,3.260000000000000000e+02,0.000000000000000000e+00,0.000000000000000000e+00,3.370000000000000000e+02,0.000000000000000000e+00,0.000000000000000000e+00,2.280000000000000000e+02,0.000000000000000000e+00,0.000000000000000000e+00,1.000000000000000000e+02,4.160000000000000000e+02,3.630000000000000000e+02,1.170000000000000000e+02,0.000000000000000000e+00,1.350000000000000000e+02,1.060000000000000000e+02,2.410000000000000000e+02,1.190000000000000000e+02,1.030000000000000000e+02,1.240000000000000000e+02,1.090000000000000000e+02,1.070000000000000000e+02,1.130000000000000000e+02,0.000000000000000000e+00,0.000000000000000000e+00,3.380000000000000000e+02,3.180000000000000000e+02,1.000000000000000000e+02,1.100000000000000000e+02,3.360000000000000000e+02,0.000000000000000000e+00,1.110000000000000000e+02,3.450000000000000000e+02,0.000000000000000000e+00,2.930000000000000000e+02,0.000000000000000000e+00,0.000000000000000000e+00,1.020000000000000000e+02,0.000000000000000000e+00,3.170000000000000000e+02,7.900000000000000000e+01,2.620000000000000000e+02,1.220000000000000000e+02,1.050000000000000000e+02,0.000000000000000000e+00,3.400000000000000000e+02,1.130000000000000000e+02,2.990000000000000000e+02,1.130000000000000000e+02,3.090000000000000000e+02,1.100000000000000000e+02,3.460000000000000000e+02,3.020000000000000000e+02,3.350000000000000000e+02,2.760000000000000000e+02,0.000000000000000000e+00,2.450000000000000000e+02,1.060000000000000000e+02,1.390000000000000000e+02,2.660000000000000000e+02,1.420000000000000000e+02,0.000000000000000000e+00,0.000000000000000000e+00,3.390000000000000000e+02,1.080000000000000000e+02,9.100000000000000000e+01,3.870000000000000000e+02,1.090000000000000000e+02,2.610000000000000000e+02,3.220000000000000000e+02,1.340000000000000000e+02,0.000000000000000000e+00,0.000000000000000000e+00,3.170000000000000000e+02,1.300000000000000000e+02,1.290000000000000000e+02,3.100000000000000000e+02,3.360000000000000000e+02,3.110000000000000000e+02,3.490000000000000000e+02,1.500000000000000000e+02,0.000000000000000000e+00,3.300000000000000000e+02,2.940000000000000000e+02,3.290000000000000000e+02,2.940000000000000000e+02,0.000000000000000000e+00,0.000000000000000000e+00,3.260000000000000000e+02,8.100000000000000000e+01,3.450000000000000000e+02,9.500000000000000000e+01,7.600000000000000000e+01,0.000000000000000000e+00,0.000000000000000000e+00,9.900000000000000000e+01,1.020000000000000000e+02,3.500000000000000000e+02,3.400000000000000000e+02,3.220000000000000000e+02,0.000000000000000000e+00,1.280000000000000000e+02
6.340000000000000000e+02,6.060000000000000000e+02,1.360000000000000000e+02,1.020000000000000000e+02,1.290000000000000000e+02,1.150000000000000000e+02,1.700000000000000000e+01,4.000000000000000000e+01,1.560000000000000000e+02,1.000000000000000000e+00,1.000000000000000000e+02,1.110000000000000000e+02,2.420000000000000000e+02,6.220000000000000000e+02,4.300000000000000000e+01,2.400000000000000000e+01,7.100000000000000000e+01,4.520000000000000000e+02,3.650000000000000000e+02,8.000000000000000000e+00,1.040000000000000000e+02,1.440000000000000000e+02,4.680000000000000000e+02,6.790000000000000000e+02,0.000000000000000000e+00,1.450000000000000000e+02,1.120000000000000000e+02,5.270000000000000000e+02,6.440000000000000000e+02,6.480000000000000000e+02,4.120000000000000000e+02,4.040000000000000000e+02,7.800000000000000000e+01,6.590000000000000000e+02,6.000000000000000000e+00,2.650000000000000000e+02,7.000000000000000000e+00,4.930000000000000000e+02,1.430000000000000000e+02,7.010000000000000000e+02,3.600000000000000000e+01,6.120000000000000000e+02,2.900000000000000000e+01,5.470000000000000000e+02,9.000000000000000000e+00,8.500000000000000000e+01,1.000000000000000000e+01,3.000000000000000000e+00,6.000000000000000000e+01,7.600000000000000000e+01,1.070000000000000000e+02,7.300000000000000000e+01,1.570000000000000000e+02,1.000000000000000000e+01,4.730000000000000000e+02,5.460000000000000000e+02,1.300000000000000000e+01,5.900000000000000000e+02,1.400000000000000000e+02,1.030000000000000000e+02,7.700000000000000000e+01,9.600000000000000000e+01,1.350000000000000000e+02,3.240000000000000000e+02,7.000000000000000000e+01,6.660000000000000000e+02,4.100000000000000000e+02,2.820000000000000000e+02,1.410000000000000000e+02,6.500000000000000000e+01,5.610000000000000000e+02,1.180000000000000000e+02,6.550000000000000000e+02,4.050000000000000000e+02,4.200000000000000000e+01,4.670000000000000000e+02,4.800000000000000000e+01,6.680000000000000000e+02,8.800000000000000000e+01,6.000000000000000000e+02,7.950000000000000000e+02,2.760000000000000000e+02,2.720000000000000000e+02,1.050000000000000000e+02,1.080000000000000000e+02,5.850000000000000000e+02,3.020000000000000000e+02,7.200000000000000000e+01,5.600000000000000000e+02,6.520000000000000000e+02,8.600000000000000000e+01,1.190000000000000000e+02,6.450000000000000000e+02,4.800000000000000000e+02,1.020000000000000000e+02,1.150000000000000000e+02,4.370000000000000000e+02,6.260000000000000000e+02,1.100000000000000000e+01,1.800000000000000000e+01,3.500000000000000000e+01,1.000000000000000000e+00,6.640000000000000000e+02,8.900000000000000000e+01,5.060000000000000000e+02,2.700000000000000000e+01,8.900000000000000000e+01,1.100000000000000000e+01,6.760000000000000000e+02,2.500000000000000000e+02,7.100000000000000000e+02,4.500000000000000000e+01,5.720000000000000000e+02,1.200000000000000000e+01,7.030000000000000000e+02,1.190000000000000000e+02,6.660000000000000000e+02,1.710000000000000000e+02,5.890000000000000000e+02,5.950000000000000000e+02,1.000000000000000000e+00,7.350000000000000000e+02,1.040000000000000000e+02,6.390000000000000000e+02,6.230000000000000000e+02,3.300000000000000000e+01,6.000000000000000000e+00,6.220000000000000000e+02,8.000000000000000000e+00,1.420000000000000000e+02,7.000000000000000000e+00,4.000000000000000000e+01,6.200000000000000000e+01,2.500000000000000000e+01,3.800000000000000000e+01,2.300000000000000000e+01,6.030000000000000000e+02,1.250000000000000000e+02,6.620000000000000000e+02,1.010000000000000000e+02,1.150000000000000000e+02,6.790000000000000000e+02,5.290000000000000000e+02,2.890000000000000000e+02,9.000000000000000000e+00,3.300000000000000000e+01,4.200000000000000000e+01,5.860000000000000000e+02,4.100000000000000000e+01,1.470000000000000000e+02,6.680000000000000000e+02,8.300000000000000000e+01,9.500000000000000000e+01,7.870000000000000000e+02,6.000000000000000000e+00,2.200000000000000000e+01,6.420000000000000000e+02,3.000000000000000000e+00,0.000000000000000000e+00,1.420000000000000000e+02,5.700000000000000000e+02,4.960000000000000000e+02,5.800000000000000000e+01,5.880000000000000000e+02,7.700000000000000000e+01,1.000000000000000000e+01,5.780000000000000000e+02,1.100000000000000000e+01,2.100000000000000000e+01,3.080000000000000000e+02,1.900000000000000000e+01,8.700000000000000000e+01,2.300000000000000000e+01,7.680000000000000000e+02,6.830000000000000000e+02,1.040000000000000000e+02,1.200000000000000000e+01,1.260000000000000000e+02,1.040000000000000000e+02,2.080000000000000000e+02,1.080000000000000000e+02,6.100000000000000000e+01,1.520000000000000000e+02,1.590000000000000000e+02,5.200000000000000000e+01,1.610000000000000000e+02,2.600000000000000000e+01,0.000000000000000000e+00,6.580000000000000000e+02,5.780000000000000000e+02,1.280000000000000000e+02,1.170000000000000000e+02,7.320000000000000000e+02,1.900000000000000000e+01,1.410000000000000000e+02,6.510000000000000000e+02,1.300000000000000000e+01,4.300000000000000000e+02,1.800000000000000000e+01,6.000000000000000000e+00,1.340000000000000000e+02,3.800000000000000000e+01,5.650000000000000000e+02,6.100000000000000000e+01,1.770000000000000000e+02,7.600000000000000000e+01,5.300000000000000000e+01,3.000000000000000000e+00,5.880000000000000000e+02,6.300000000000000000e+01,3.730000000000000000e+02,1.160000000000000000e+02,3.990000000000000000e+02,6.300000000000000000e+01,6.830000000000000000e+02,5.040000000000000000e+02,7.120000000000000000e+02,3.670000000000000000e+02,1.500000000000000000e+01,2.480000000000000000e+02,1.570000000000000000e+02,2.720000000000000000e+02,2.050000000000000000e+02,2.340000000000000000e+02,8.900000000000000000e+01,8.800000000000000000e+01,5.830000000000000000e+02,7.000000000000000000e+01,7.000000000000000000e+01,8.250000000000000000e+02,7.300000000000000000e+01,2.850000000000000000e+02,6.490000000000000000e+02,1.830000000000000000e+02,5.000000000000000000e+00,2.800000000000000000e+01,5.720000000000000000e+02,1.150000000000000000e+02,2.910000000000000000e+02,5.720000000000000000e+02,6.600000000000000000e+02,5.850000000000000000e+02,5.580000000000000000e+02,2.690000000000000000e+02,4.800000000000000000e+01,6.420000000000000000e+02,6.010000000000000000e+02,6.130000000000000000e+02,6.160000000000000000e+02,6.000000000000000000e+00,1.500000000000000000e+01,6.140000000000000000e+02,7.000000000000000000e+00,5.820000000000000000e+02,5.500000000000000000e+01,4.400000000000000000e+01,1.700000000000000000e+01,7.000000000000000000e+00,6.100000000000000000e+01,3.400000000000000000e+01,6.360000000000000000e+02,6.290000000000000000e+02,6.410000000000000000e+02,1.400000000000000000e+01,3.030000000000000000e+02
5.860000000000000000e+02,6.360000000000000000e+02,1.930000000000000000e+02,8.500000000000000000e+01,1.330000000000000000e+02,5.700000000000000000e+01,1.000000000000000000e+01,1.700000000000000000e+01,1.750000000000000000e+02,0.000000000000000000e+00,1.580000000000000000e+02,1.220000000000000000e+02,1.040000000000000000e+02,5.770000000000000000e+02,5.700000000000000000e+01,1.000000000000000000e+01,3.000000000000000000e+01,3.010000000000000000e+02,2.220000000000000000e+02,8.000000000000000000e+00,8.800000000000000000e+01,6.700000000000000000e+01,3.350000000000000000e+02,7.260000000000000000e+02,5.000000000000000000e+00,1.610000000000000000e+02,1.120000000000000000e+02,3.500000000000000000e+02,6.700000000000000000e+02,7.480000000000000000e+02,2.240000000000000000e+02,2.680000000000000000e+02,6.300000000000000000e+01,4.140000000000000000e+02,2.000000000000000000e+00,2.860000000000000000e+02,3.000000000000000000e+00,3.480000000000000000e+02,1.240000000000000000e+02,8.210000000000000000e+02,6.600000000000000000e+01,5.770000000000000000e+02,2.000000000000000000e+01,4.620000000000000000e+02,7.000000000000000000e+00,5.400000000000000000e+01,9.000000000000000000e+00,5.000000000000000000e+00,3.700000000000000000e+01,1.180000000000000000e+02,1.460000000000000000e+02,3.000000000000000000e+01,1.170000000000000000e+02,1.000000000000000000e+01,4.130000000000000000e+02,4.220000000000000000e+02,5.000000000000000000e+00,4.420000000000000000e+02,1.620000000000000000e+02,8.800000000000000000e+01,6.300000000000000000e+01,7.600000000000000000e+01,9.500000000000000000e+01,1.910000000000000000e+02,3.200000000000000000e+01,7.820000000000000000e+02,2.670000000000000000e+02,1.890000000000000000e+02,7.100000000000000000e+01,4.400000000000000000e+01,4.670000000000000000e+02,1.140000000000000000e+02,2.990000000000000000e+02,3.100000000000000000e+02,2.300000000000000000e+01,3.060000000000000000e+02,2.500000000000000000e+01,6.680000000000000000e+02,4.100000000000000000e+01,6.720000000000000000e+02,1.047000000000000000e+03,3.220000000000000000e+02,2.920000000000000000e+02,7.200000000000000000e+01,1.040000000000000000e+02,5.750000000000000000e+02,1.490000000000000000e+02,1.800000000000000000e+01,3.940000000000000000e+02,7.360000000000000000e+02,6.000000000000000000e+01,9.100000000000000000e+01,8.070000000000000000e+02,3.900000000000000000e+02,6.500000000000000000e+01,9.400000000000000000e+01,3.590000000000000000e+02,6.560000000000000000e+02,7.000000000000000000e+00,5.000000000000000000e+00,2.600000000000000000e+01,7.000000000000000000e+00,7.410000000000000000e+02,5.700000000000000000e+01,4.230000000000000000e+02,1.200000000000000000e+01,7.700000000000000000e+01,5.000000000000000000e+00,7.680000000000000000e+02,3.210000000000000000e+02,7.270000000000000000e+02,3.500000000000000000e+01,5.390000000000000000e+02,6.000000000000000000e+00,7.430000000000000000e+02,1.270000000000000000e+02,7.460000000000000000e+02,1.730000000000000000e+02,7.270000000000000000e+02,7.790000000000000000e+02,8.000000000000000000e+00,1.071000000000000000e+03,1.420000000000000000e+02,8.570000000000000000e+02,8.410000000000000000e+02,2.000000000000000000e+01,6.000000000000000000e+00,7.170000000000000000e+02,1.000000000000000000e+00,1.730000000000000000e+02,3.000000000000000000e+00,6.600000000000000000e+01,4.100000000000000000e+01,1.000000000000000000e+01,1.800000000000000000e+01,9.000000000000000000e+00,7.320000000000000000e+02,3.400000000000000000e+01,4.290000000000000000e+02,1.140000000000000000e+02,1.160000000000000000e+02,5.730000000000000000e+02,2.870000000000000000e+02,2.790000000000000000e+02,0.000000000000000000e+00,1.800000000000000000e+01,1.800000000000000000e+01,7.520000000000000000e+02,1.600000000000000000e+01,2.070000000000000000e+02,6.160000000000000000e+02,4.500000000000000000e+01,1.290000000000000000e+02,1.081000000000000000e+03,6.000000000000000000e+00,1.200000000000000000e+01,7.720000000000000000e+02,3.000000000000000000e+00,3.300000000000000000e+01,0.000000000000000000e+00,6.870000000000000000e+02,3.960000000000000000e+02,6.700000000000000000e+01,6.630000000000000000e+02,5.800000000000000000e+01,4.000000000000000000e+00,7.100000000000000000e+02,1.000000000000000000e+00,3.000000000000000000e+00,1.330000000000000000e+02,4.000000000000000000e+00,4.100000000000000000e+01,2.300000000000000000e+01,1.092000000000000000e+03,7.310000000000000000e+02,8.200000000000000000e+01,8.000000000000000000e+00,1.290000000000000000e+02,9.900000000000000000e+01,1.170000000000000000e+02,5.600000000000000000e+01,3.900000000000000000e+01,1.340000000000000000e+02,1.520000000000000000e+02,3.700000000000000000e+01,2.290000000000000000e+02,1.000000000000000000e+01,0.000000000000000000e+00,8.180000000000000000e+02,5.960000000000000000e+02,4.900000000000000000e+01,7.700000000000000000e+01,8.410000000000000000e+02,8.000000000000000000e+00,1.440000000000000000e+02,7.520000000000000000e+02,9.000000000000000000e+00,3.330000000000000000e+02,4.000000000000000000e+00,1.000000000000000000e+00,1.320000000000000000e+02,4.800000000000000000e+01,5.650000000000000000e+02,2.500000000000000000e+01,1.010000000000000000e+02,4.400000000000000000e+01,4.000000000000000000e+01,3.000000000000000000e+00,3.250000000000000000e+02,4.000000000000000000e+01,2.330000000000000000e+02,8.700000000000000000e+01,1.540000000000000000e+02,3.200000000000000000e+01,8.570000000000000000e+02,3.650000000000000000e+02,7.370000000000000000e+02,2.620000000000000000e+02,2.000000000000000000e+00,8.600000000000000000e+01,1.670000000000000000e+02,2.930000000000000000e+02,1.600000000000000000e+02,2.940000000000000000e+02,1.080000000000000000e+02,8.400000000000000000e+01,5.580000000000000000e+02,4.000000000000000000e+01,3.700000000000000000e+01,1.020000000000000000e+03,4.100000000000000000e+01,1.120000000000000000e+02,7.600000000000000000e+02,1.740000000000000000e+02,2.000000000000000000e+00,1.900000000000000000e+01,5.460000000000000000e+02,1.330000000000000000e+02,3.350000000000000000e+02,5.350000000000000000e+02,7.780000000000000000e+02,6.510000000000000000e+02,5.410000000000000000e+02,2.560000000000000000e+02,1.000000000000000000e+01,7.130000000000000000e+02,7.570000000000000000e+02,4.740000000000000000e+02,6.340000000000000000e+02,5.000000000000000000e+00,2.000000000000000000e+00,5.270000000000000000e+02,1.100000000000000000e+01,5.880000000000000000e+02,1.900000000000000000e+01,1.700000000000000000e+01,6.000000000000000000e+00,2.000000000000000000e+00,2.600000000000000000e+01,2.400000000000000000e+01,7.280000000000000000e+02,7.070000000000000000e+02,7.790000000000000000e+02,4.000000000000000000e+00,3.340000000000000000e+02
1.159000000000000000e+03,1.379000000000000000e+03,6.190000000000000000e+02,3.090000000000000000e+02,4.190000000000000000e+02,1.690000000000000000e+02,7.000000000000000000e+00,8.000000000000000000e+01,7.270000000000000000e+02,0.000000000000000000e+00,4.050000000000000000e+02,3.300000000000000000e+02,2.010000000000000000e+02,1.251000000000000000e+03,1.700000000000000000e+02,4.400000000000000000e+01,5.500000000000000000e+01,5.460000000000000000e+02,4.060000000000000000e+02,8.000000000000000000e+00,1.480000000000000000e+02,2.110000000000000000e+02,5.710000000000000000e+02,1.709000000000000000e+03,2.000000000000000000e+00,6.360000000000000000e+02,3.880000000000000000e+02,3.840000000000000000e+02,1.427000000000000000e+03,1.782000000000000000e+03,4.400000000000000000e+02,2.690000000000000000e+02,1.490000000000000000e+02,8.540000000000000000e+02,8.000000000000000000e+00,7.820000000000000000e+02,4.000000000000000000e+00,3.700000000000000000e+02,2.490000000000000000e+02,2.029000000000000000e+03,1.410000000000000000e+02,6.660000000000000000e+02,2.800000000000000000e+01,9.190000000000000000e+02,1.000000000000000000e+01,6.600000000000000000e+01,5.000000000000000000e+00,5.000000000000000000e+00,7.400000000000000000e+01,2.930000000000000000e+02,3.670000000000000000e+02,5.300000000000000000e+01,4.560000000000000000e+02,9.000000000000000000e+00,7.390000000000000000e+02,7.490000000000000000e+02,1.000000000000000000e+01,8.030000000000000000e+02,4.980000000000000000e+02,2.500000000000000000e+02,1.100000000000000000e+02,2.130000000000000000e+02,2.520000000000000000e+02,8.800000000000000000e+01,2.700000000000000000e+01,1.969000000000000000e+03,3.860000000000000000e+02,3.180000000000000000e+02,9.900000000000000000e+01,6.100000000000000000e+01,5.050000000000000000e+02,3.910000000000000000e+02,5.980000000000000000e+02,5.360000000000000000e+02,5.500000000000000000e+01,4.090000000000000000e+02,6.300000000000000000e+01,1.453000000000000000e+03,1.680000000000000000e+02,1.405000000000000000e+03,3.363000000000000000e+03,7.530000000000000000e+02,7.580000000000000000e+02,2.020000000000000000e+02,3.850000000000000000e+02,1.347000000000000000e+03,3.070000000000000000e+02,5.500000000000000000e+01,7.260000000000000000e+02,1.956000000000000000e+03,6.500000000000000000e+01,1.730000000000000000e+02,1.878000000000000000e+03,4.370000000000000000e+02,1.060000000000000000e+02,1.790000000000000000e+02,5.770000000000000000e+02,1.687000000000000000e+03,9.000000000000000000e+00,1.000000000000000000e+00,5.700000000000000000e+01,1.200000000000000000e+01,1.347000000000000000e+03,1.420000000000000000e+02,8.450000000000000000e+02,3.600000000000000000e+01,2.820000000000000000e+02,1.700000000000000000e+01,1.627000000000000000e+03,8.180000000000000000e+02,1.648000000000000000e+03,8.700000000000000000e+01,1.012000000000000000e+03,1.000000000000000000e+00,2.048000000000000000e+03,3.640000000000000000e+02,1.675000000000000000e+03,7.200000000000000000e+02,1.216000000000000000e+03,1.592000000000000000e+03,1.100000000000000000e+01,3.433000000000000000e+03,4.220000000000000000e+02,1.875000000000000000e+03,1.649000000000000000e+03,4.700000000000000000e+01,6.000000000000000000e+00,1.707000000000000000e+03,9.000000000000000000e+00,5.760000000000000000e+02,7.000000000000000000e+00,1.210000000000000000e+02,1.090000000000000000e+02,2.200000000000000000e+01,3.800000000000000000e+01,2.300000000000000000e+01,1.212000000000000000e+03,7.900000000000000000e+01,8.760000000000000000e+02,3.070000000000000000e+02,3.330000000000000000e+02,1.197000000000000000e+03,3.920000000000000000e+02,7.280000000000000000e+02,5.000000000000000000e+00,3.400000000000000000e+01,3.800000000000000000e+01,1.225000000000000000e+03,5.000000000000000000e+01,7.100000000000000000e+02,1.356000000000000000e+03,8.900000000000000000e+01,4.110000000000000000e+02,3.398000000000000000e+03,3.000000000000000000e+01,2.000000000000000000e+01,1.825000000000000000e+03,5.000000000000000000e+00,1.450000000000000000e+02,3.890000000000000000e+02,0.000000000000000000e+00,7.700000000000000000e+02,1.800000000000000000e+02,1.365000000000000000e+03,1.170000000000000000e+02,1.600000000000000000e+01,1.216000000000000000e+03,8.000000000000000000e+00,1.400000000000000000e+01,2.730000000000000000e+02,4.000000000000000000e+00,5.600000000000000000e+01,5.100000000000000000e+01,3.388000000000000000e+03,1.540000000000000000e+03,2.490000000000000000e+02,1.000000000000000000e+00,4.270000000000000000e+02,3.350000000000000000e+02,6.500000000000000000e+01,1.520000000000000000e+02,9.200000000000000000e+01,2.660000000000000000e+02,7.020000000000000000e+02,2.370000000000000000e+02,9.630000000000000000e+02,2.500000000000000000e+01,0.000000000000000000e+00,2.004000000000000000e+03,7.730000000000000000e+02,1.400000000000000000e+02,2.070000000000000000e+02,1.990000000000000000e+03,6.000000000000000000e+00,3.560000000000000000e+02,1.646000000000000000e+03,1.100000000000000000e+01,5.680000000000000000e+02,1.400000000000000000e+01,7.000000000000000000e+00,3.870000000000000000e+02,1.590000000000000000e+02,1.108000000000000000e+03,5.300000000000000000e+01,1.510000000000000000e+02,9.900000000000000000e+01,7.500000000000000000e+01,2.000000000000000000e+00,5.870000000000000000e+02,1.240000000000000000e+02,4.490000000000000000e+02,2.300000000000000000e+02,2.120000000000000000e+02,9.000000000000000000e+01,2.152000000000000000e+03,7.490000000000000000e+02,2.011000000000000000e+03,3.870000000000000000e+02,7.000000000000000000e+00,1.570000000000000000e+02,6.340000000000000000e+02,7.680000000000000000e+02,2.190000000000000000e+02,7.930000000000000000e+02,1.930000000000000000e+02,1.530000000000000000e+02,1.068000000000000000e+03,9.700000000000000000e+01,7.900000000000000000e+01,3.375000000000000000e+03,8.700000000000000000e+01,2.740000000000000000e+02,1.340000000000000000e+03,6.780000000000000000e+02,2.000000000000000000e+00,5.000000000000000000e+00,7.210000000000000000e+02,3.850000000000000000e+02,7.520000000000000000e+02,7.360000000000000000e+02,1.822000000000000000e+03,1.362000000000000000e+03,1.040000000000000000e+03,7.710000000000000000e+02,2.300000000000000000e+01,1.752000000000000000e+03,1.594000000000000000e+03,8.470000000000000000e+02,1.519000000000000000e+03,3.000000000000000000e+00,5.000000000000000000e+00,1.169000000000000000e+03,3.000000000000000000e+01,1.354000000000000000e+03,1.400000000000000000e+01,4.000000000000000000e+00,5.000000000000000000e+00,3.000000000000000000e+00,9.000000000000000000e+01,3.000000000000000000e+01,1.892000000000000000e+03,1.819000000000000000e+03,2.013000000000000000e+03,1.200000000000000000e+01,8.130000000000000000e+02
2.493000000000000000e+03,2.638000000000000000e+03,1.171000000000000000e+03,5.870000000000000000e+02,1.221000000000000000e+03,4.360000000000000000e+02,3.700000000000000000e+01,3.030000000000000000e+02,1.170000000000000000e+03,6.000000000000000000e+00,5.460000000000000000e+02,5.840000000000000000e+02,7.070000000000000000e+02,2.432000000000000000e+03,2.620000000000000000e+02,5.900000000000000000e+01,2.180000000000000000e+02,1.149000000000000000e+03,7.410000000000000000e+02,2.100000000000000000e+01,7.110000000000000000e+02,6.120000000000000000e+02,1.620000000000000000e+03,2.997000000000000000e+03,1.100000000000000000e+01,1.087000000000000000e+03,7.090000000000000000e+02,1.841000000000000000e+03,2.442000000000000000e+03,3.100000000000000000e+03,1.351000000000000000e+03,1.507000000000000000e+03,3.270000000000000000e+02,2.164000000000000000e+03,1.200000000000000000e+01,1.294000000000000000e+03,2.900000000000000000e+01,1.855000000000000000e+03,8.620000000000000000e+02,3.155000000000000000e+03,2.120000000000000000e+02,2.564000000000000000e+03,1.100000000000000000e+02,2.162000000000000000e+03,2.700000000000000000e+01,4.040000000000000000e+02,2.500000000000000000e+01,1.200000000000000000e+01,1.290000000000000000e+02,5.100000000000000000e+02,5.630000000000000000e+02,2.660000000000000000e+02,9.820000000000000000e+02,3.700000000000000000e+01,1.970000000000000000e+03,1.912000000000000000e+03,6.000000000000000000e+00,2.071000000000000000e+03,1.034000000000000000e+03,6.920000000000000000e+02,3.530000000000000000e+02,5.800000000000000000e+02,9.230000000000000000e+02,7.880000000000000000e+02,2.690000000000000000e+02,3.181000000000000000e+03,1.423000000000000000e+03,7.210000000000000000e+02,3.420000000000000000e+02,2.430000000000000000e+02,2.118000000000000000e+03,7.500000000000000000e+02,1.843000000000000000e+03,1.046000000000000000e+03,2.700000000000000000e+01,1.478000000000000000e+03,1.930000000000000000e+02,2.772000000000000000e+03,4.860000000000000000e+02,2.761000000000000000e+03,4.312000000000000000e+03,1.236000000000000000e+03,1.290000000000000000e+03,7.060000000000000000e+02,5.540000000000000000e+02,2.492000000000000000e+03,9.800000000000000000e+02,2.430000000000000000e+02,1.972000000000000000e+03,2.540000000000000000e+03,4.230000000000000000e+02,6.970000000000000000e+02,2.609000000000000000e+03,1.868000000000000000e+03,6.010000000000000000e+02,4.740000000000000000e+02,1.792000000000000000e+03,3.027000000000000000e+03,4.500000000000000000e+01,3.200000000000000000e+01,1.740000000000000000e+02,3.300000000000000000e+01,2.944000000000000000e+03,4.050000000000000000e+02,2.017000000000000000e+03,1.550000000000000000e+02,5.860000000000000000e+02,6.700000000000000000e+01,3.079000000000000000e+03,1.445000000000000000e+03,2.825000000000000000e+03,1.180000000000000000e+02,2.335000000000000000e+03,3.000000000000000000e+01,3.152000000000000000e+03,5.360000000000000000e+02,2.980000000000000000e+03,1.226000000000000000e+03,2.538000000000000000e+03,2.922000000000000000e+03,2.600000000000000000e+01,4.231000000000000000e+03,5.850000000000000000e+02,3.073000000000000000e+03,2.875000000000000000e+03,1.800000000000000000e+02,1.200000000000000000e+01,2.996000000000000000e+03,4.100000000000000000e+01,1.053000000000000000e+03,2.400000000000000000e+01,2.690000000000000000e+02,3.470000000000000000e+02,1.070000000000000000e+02,1.060000000000000000e+02,7.300000000000000000e+01,2.550000000000000000e+03,2.900000000000000000e+02,2.167000000000000000e+03,5.500000000000000000e+02,8.520000000000000000e+02,2.584000000000000000e+03,1.528000000000000000e+03,1.438000000000000000e+03,3.500000000000000000e+01,1.100000000000000000e+02,8.600000000000000000e+01,2.556000000000000000e+03,1.800000000000000000e+02,1.216000000000000000e+03,2.699000000000000000e+03,2.510000000000000000e+02,5.720000000000000000e+02,4.369000000000000000e+03,5.100000000000000000e+01,2.000000000000000000e+01,3.205000000000000000e+03,8.000000000000000000e+00,4.930000000000000000e+02,9.610000000000000000e+02,2.827000000000000000e+03,0.000000000000000000e+00,2.820000000000000000e+02,2.704000000000000000e+03,4.520000000000000000e+02,3.500000000000000000e+01,2.604000000000000000e+03,3.400000000000000000e+01,1.000000000000000000e+01,9.540000000000000000e+02,4.300000000000000000e+01,1.910000000000000000e+02,1.710000000000000000e+02,4.353000000000000000e+03,3.110000000000000000e+03,6.370000000000000000e+02,4.500000000000000000e+01,1.001000000000000000e+03,5.780000000000000000e+02,5.220000000000000000e+02,4.670000000000000000e+02,2.900000000000000000e+02,9.420000000000000000e+02,1.038000000000000000e+03,4.990000000000000000e+02,1.282000000000000000e+03,8.000000000000000000e+01,1.000000000000000000e+01,3.149000000000000000e+03,2.515000000000000000e+03,4.430000000000000000e+02,6.430000000000000000e+02,3.335000000000000000e+03,5.100000000000000000e+01,9.540000000000000000e+02,2.777000000000000000e+03,3.600000000000000000e+01,1.388000000000000000e+03,3.700000000000000000e+01,1.400000000000000000e+01,9.520000000000000000e+02,2.380000000000000000e+02,2.425000000000000000e+03,2.180000000000000000e+02,5.100000000000000000e+02,3.420000000000000000e+02,1.750000000000000000e+02,3.000000000000000000e+00,1.606000000000000000e+03,3.090000000000000000e+02,1.210000000000000000e+03,5.300000000000000000e+02,7.700000000000000000e+02,2.400000000000000000e+02,3.234000000000000000e+03,1.772000000000000000e+03,3.087000000000000000e+03,1.240000000000000000e+03,2.900000000000000000e+01,5.470000000000000000e+02,1.141000000000000000e+03,1.219000000000000000e+03,6.740000000000000000e+02,1.359000000000000000e+03,4.500000000000000000e+02,4.120000000000000000e+02,2.494000000000000000e+03,2.700000000000000000e+02,3.510000000000000000e+02,4.447000000000000000e+03,2.650000000000000000e+02,9.680000000000000000e+02,3.007000000000000000e+03,1.149000000000000000e+03,0.000000000000000000e+00,8.600000000000000000e+01,2.308000000000000000e+03,9.530000000000000000e+02,1.370000000000000000e+03,2.327000000000000000e+03,2.584000000000000000e+03,2.729000000000000000e+03,2.493000000000000000e+03,1.286000000000000000e+03,9.400000000000000000e+01,2.954000000000000000e+03,2.956000000000000000e+03,2.220000000000000000e+03,2.603000000000000000e+03,2.400000000000000000e+01,9.000000000000000000e+00,2.327000000000000000e+03,9.200000000000000000e+01,2.572000000000000000e+03,1.740000000000000000e+02,1.280000000000000000e+02,4.400000000000000000e+01,7.000000000000000000e+00,2.840000000000000000e+02,1.130000000000000000e+02,3.117000000000000000e+03,2.579000000000000000e+03,3.076000000000000000e+03,8.000000000000000000e+00,1.412000000000000000e+03
1.560000000000000000e+02,1.860000000000000000e+02,6.000000000000000000e+01,3.400000000000000000e+01,4.700000000000000000e+01,2.100000000000000000e+01,0.000000000000000000e+00,1.100000000000000000e+01,9.200000000000000000e+01,0.000000000000000000e+00,0.000000000000000000e+00,0.000000000000000000e+00,3.600000000000000000e+01,1.330000000000000000e+02,0.000000000000000000e+00,0.000000000000000000e+00,1.400000000000000000e+01,5.400000000000000000e+01,5.300000000000000000e+01,0.000000000000000000e+00,3.200000000000000000e+01,2.800000000000000000e+01,8.800000000000000000e+01,2.430000000000000000e+02,0.000000000000000000e+00,6.100000000000000000e+01,5.100000000000000000e+01,8.700000000000000000e+01,1.770000000000000000e+02,2.240000000000000000e+02,7.000000000000000000e+01,7.200000000000000000e+01,0.000000000000000000e+00,9.900000000000000000e+01,0.000000000000000000e+00,1.010000000000000000e+02,0.000000000000000000e+00,8.900000000000000000e+01,3.400000000000000000e+01,2.750000000000000000e+02,0.000000000000000000e+00,1.550000000000000000e+02,0.000000000000000000e+00,9.200000000000000000e+01,0.000000000000000000e+00,1.900000000000000000e+01,0.000000000000000000e+00,0.000000000000000000e+00,1.100000000000000000e+01,0.000000000000000000e+00,0.000000000000000000e+00,1.000000000000000000e+01,5.100000000000000000e+01,0.000000000000000000e+00,9.300000000000000000e+01,7.300000000000000000e+01,0.000000000000000000e+00,1.010000000000000000e+02,5.400000000000000000e+01,3.400000000000000000e+01,0.000000000000000000e+00,2.100000000000000000e+01,5.500000000000000000e+01,4.000000000000000000e+01,1.700000000000000000e+01,2.430000000000000000e+02,5.600000000000000000e+01,5.000000000000000000e+01,3.200000000000000000e+01,0.000000000000000000e+00,1.090000000000000000e+02,4.700000000000000000e+01,6.600000000000000000e+01,6.900000000000000000e+01,7.000000000000000000e+00,6.300000000000000000e+01,1.000000000000000000e+01,1.390000000000000000e+02,2.100000000000000000e+01,1.720000000000000000e+02,5.890000000000000000e+02,7.600000000000000000e+01,9.100000000000000000e+01,3.100000000000000000e+01,0.000000000000000000e+00,1.630000000000000000e+02,5.400000000000000000e+01,1.800000000000000000e+01,9.000000000000000000e+01,2.360000000000000000e+02,2.000000000000000000e+01,4.300000000000000000e+01,2.330000000000000000e+02,8.600000000000000000e+01,2.700000000000000000e+01,0.000000000000000000e+00,6.300000000000000000e+01,2.380000000000000000e+02,0.000000000000000000e+00,0.000000000000000000e+00,7.000000000000000000e+00,0.000000000000000000e+00,2.330000000000000000e+02,2.300000000000000000e+01,1.040000000000000000e+02,1.100000000000000000e+01,2.800000000000000000e+01,4.000000000000000000e+00,2.350000000000000000e+02,8.000000000000000000e+01,2.180000000000000000e+02,1.100000000000000000e+01,1.390000000000000000e+02,0.000000000000000000e+00,3.180000000000000000e+02,0.000000000000000000e+00,2.130000000000000000e+02,7.900000000000000000e+01,1.270000000000000000e+02,1.980000000000000000e+02,0.000000000000000000e+00,6.350000000000000000e+02,0.000000000000000000e+00,2.690000000000000000e+02,1.970000000000000000e+02,1.100000000000000000e+01,0.000000000000000000e+00,2.360000000000000000e+02,0.000000000000000000e+00,7.100000000000000000e+01,0.000000000000000000e+00,1.300000000000000000e+01,2.000000000000000000e+01,5.000000000000000000e+00,0.000000000000000000e+00,0.000000000000000000e+00,1.330000000000000000e+02,2.900000000000000000e+01,1.060000000000000000e+02,0.000000000000000000e+00,3.400000000000000000e+01,1.260000000000000000e+02,5.800000000000000000e+01,7.800000000000000000e+01,0.000000000000000000e+00,0.000000000000000000e+00,4.000000000000000000e+00,1.590000000000000000e+02,9.000000000000000000e+00,5.800000000000000000e+01,1.510000000000000000e+02,1.300000000000000000e+01,0.000000000000000000e+00,5.800000000000000000e+02,3.000000000000000000e+00,0.000000000000000000e+00,2.870000000000000000e+02,0.000000000000000000e+00,2.000000000000000000e+01,5.000000000000000000e+01,2.010000000000000000e+02,8.100000000000000000e+01,0.000000000000000000e+00,1.670000000000000000e+02,0.000000000000000000e+00,0.000000000000000000e+00,1.350000000000000000e+02,0.000000000000000000e+00,0.000000000000000000e+00,5.000000000000000000e+01,0.000000000000000000e+00,0.000000000000000000e+00,9.000000000000000000e+00,5.780000000000000000e+02,2.170000000000000000e+02,5.500000000000000000e+01,0.000000000000000000e+00,4.000000000000000000e+01,3.300000000000000000e+01,2.500000000000000000e+01,1.800000000000000000e+01,1.300000000000000000e+01,5.000000000000000000e+01,5.400000000000000000e+01,2.800000000000000000e+01,1.370000000000000000e+02,0.000000000000000000e+00,0.000000000000000000e+00,2.300000000000000000e+02,1.350000000000000000e+02,2.000000000000000000e+01,2.400000000000000000e+01,3.070000000000000000e+02,0.000000000000000000e+00,4.400000000000000000e+01,1.880000000000000000e+02,0.000000000000000000e+00,7.400000000000000000e+01,0.000000000000000000e+00,0.000000000000000000e+00,5.700000000000000000e+01,0.000000000000000000e+00,1.070000000000000000e+02,1.500000000000000000e+01,2.200000000000000000e+01,1.800000000000000000e+01,1.100000000000000000e+01,0.000000000000000000e+00,9.400000000000000000e+01,9.000000000000000000e+00,5.400000000000000000e+01,2.800000000000000000e+01,4.000000000000000000e+01,1.200000000000000000e+01,2.780000000000000000e+02,8.800000000000000000e+01,2.660000000000000000e+02,5.300000000000000000e+01,0.000000000000000000e+00,3.200000000000000000e+01,7.100000000000000000e+01,1.000000000000000000e+02,4.000000000000000000e+01,8.700000000000000000e+01,0.000000000000000000e+00,0.000000000000000000e+00,1.260000000000000000e+02,1.400000000000000000e+01,1.600000000000000000e+01,6.490000000000000000e+02,1.100000000000000000e+01,3.200000000000000000e+01,1.890000000000000000e+02,7.700000000000000000e+01,0.000000000000000000e+00,0.000000000000000000e+00,1.060000000000000000e+02,4.900000000000000000e+01,9.100000000000000000e+01,1.170000000000000000e+02,2.340000000000000000e+02,1.790000000000000000e+02,1.140000000000000000e+02,1.000000000000000000e+02,0.000000000000000000e+00,2.450000000000000000e+02,2.020000000000000000e+02,9.900000000000000000e+01,1.550000000000000000e+02,0.000000000000000000e+00,0.000000000000000000e+00,1.150000000000000000e+02,6.000000000000000000e+00,1.520000000000000000e+02,1.500000000000000000e+01,4.000000000000000000e+00,0.000000000000000000e+00,0.000000000000000000e+00,1.100000000000000000e+01,1.400000000000000000e+01,2.350000000000000000e+02,2.170000000000000000e+02,3.160000000000000000e+02,0.000000000000000000e+00,1.130000000000000000e+02
1.247000000000000000e+03,1.229000000000000000e+03,7.050000000000000000e+02,3.530000000000000000e+02,4.610000000000000000e+02,1.810000000000000000e+02,6.000000000000000000e+00,6.900000000000000000e+01,7.510000000000000000e+02,2.000000000000000000e+00,4.290000000000000000e+02,3.440000000000000000e+02,1.960000000000000000e+02,1.310000000000000000e+03,1.860000000000000000e+02,4.400000000000000000e+01,5.700000000000000000e+01,5.740000000000000000e+02,4.560000000000000000e+02,0.000000000000000000e+00,2.510000000000000000e+02,2.080000000000000000e+02,1.970000000000000000e+02,1.772000000000000000e+03,2.000000000000000000e+00,6.570000000000000000e+02,3.170000000000000000e+02,7.010000000000000000e+02,1.506000000000000000e+03,1.745000000000000000e+03,4.360000000000000000e+02,5.060000000000000000e+02,1.330000000000000000e+02,9.640000000000000000e+02,9.000000000000000000e+00,7.840000000000000000e+02,8.000000000000000000e+00,7.140000000000000000e+02,4.210000000000000000e+02,1.854000000000000000e+03,1.450000000000000000e+02,1.267000000000000000e+03,1.000000000000000000e+01,1.028000000000000000e+03,1.100000000000000000e+01,1.370000000000000000e+02,0.000000000000000000e+00,1.300000000000000000e+01,8.500000000000000000e+01,3.130000000000000000e+02,3.670000000000000000e+02,8.200000000000000000e+01,4.260000000000000000e+02,4.000000000000000000e+00,8.430000000000000000e+02,8.580000000000000000e+02,9.000000000000000000e+00,8.350000000000000000e+02,7.090000000000000000e+02,2.670000000000000000e+02,1.100000000000000000e+02,1.460000000000000000e+02,3.990000000000000000e+02,2.720000000000000000e+02,8.000000000000000000e+01,2.002000000000000000e+03,5.080000000000000000e+02,4.110000000000000000e+02,1.200000000000000000e+01,7.000000000000000000e+01,9.610000000000000000e+02,3.910000000000000000e+02,7.250000000000000000e+02,6.480000000000000000e+02,4.000000000000000000e+01,4.800000000000000000e+02,5.800000000000000000e+01,1.505000000000000000e+03,1.180000000000000000e+02,1.581000000000000000e+03,3.231000000000000000e+03,7.400000000000000000e+02,7.870000000000000000e+02,2.410000000000000000e+02,3.820000000000000000e+02,1.402000000000000000e+03,2.630000000000000000e+02,6.100000000000000000e+01,8.530000000000000000e+02,1.933000000000000000e+03,1.610000000000000000e+02,2.570000000000000000e+02,1.881000000000000000e+03,7.510000000000000000e+02,2.170000000000000000e+02,2.250000000000000000e+02,2.730000000000000000e+02,1.550000000000000000e+03,3.000000000000000000e+00,1.100000000000000000e+01,6.100000000000000000e+01,1.000000000000000000e+01,1.718000000000000000e+03,8.000000000000000000e+01,4.520000000000000000e+02,4.600000000000000000e+01,2.440000000000000000e+02,2.300000000000000000e+01,1.885000000000000000e+03,8.350000000000000000e+02,1.656000000000000000e+03,1.000000000000000000e+02,8.050000000000000000e+02,8.000000000000000000e+00,2.070000000000000000e+03,3.700000000000000000e+02,1.818000000000000000e+03,5.600000000000000000e+02,1.287000000000000000e+03,1.701000000000000000e+03,9.000000000000000000e+00,3.236000000000000000e+03,4.140000000000000000e+02,1.895000000000000000e+03,1.725000000000000000e+03,5.300000000000000000e+01,4.000000000000000000e+00,1.729000000000000000e+03,8.000000000000000000e+00,5.680000000000000000e+02,9.000000000000000000e+00,9.200000000000000000e+01,5.600000000000000000e+01,2.000000000000000000e+00,3.400000000000000000e+01,2.200000000000000000e+01,1.399000000000000000e+03,7.700000000000000000e+01,9.680000000000000000e+02,3.080000000000000000e+02,3.940000000000000000e+02,1.361000000000000000e+03,4.880000000000000000e+02,8.670000000000000000e+02,1.000000000000000000e+01,3.600000000000000000e+01,3.200000000000000000e+01,1.368000000000000000e+03,4.600000000000000000e+01,7.280000000000000000e+02,1.419000000000000000e+03,1.050000000000000000e+02,4.400000000000000000e+02,3.233000000000000000e+03,3.800000000000000000e+01,2.100000000000000000e+01,2.102000000000000000e+03,1.000000000000000000e+00,1.690000000000000000e+02,4.720000000000000000e+02,1.496000000000000000e+03,8.380000000000000000e+02,1.810000000000000000e+02,0.000000000000000000e+00,1.490000000000000000e+02,1.600000000000000000e+01,1.290000000000000000e+03,6.000000000000000000e+00,1.800000000000000000e+01,2.920000000000000000e+02,6.000000000000000000e+00,6.200000000000000000e+01,4.800000000000000000e+01,3.219000000000000000e+03,1.892000000000000000e+03,3.280000000000000000e+02,9.000000000000000000e+00,4.330000000000000000e+02,3.750000000000000000e+02,1.590000000000000000e+02,1.520000000000000000e+02,8.200000000000000000e+01,4.610000000000000000e+02,6.050000000000000000e+02,2.520000000000000000e+02,8.690000000000000000e+02,2.500000000000000000e+01,4.000000000000000000e+00,2.027000000000000000e+03,1.272000000000000000e+03,1.390000000000000000e+02,2.420000000000000000e+02,2.263000000000000000e+03,1.700000000000000000e+01,4.640000000000000000e+02,1.665000000000000000e+03,1.600000000000000000e+01,6.000000000000000000e+02,3.000000000000000000e+00,3.000000000000000000e+00,5.220000000000000000e+02,1.610000000000000000e+02,1.183000000000000000e+03,7.000000000000000000e+01,2.400000000000000000e+01,2.700000000000000000e+01,7.200000000000000000e+01,1.000000000000000000e+00,5.860000000000000000e+02,1.170000000000000000e+02,4.270000000000000000e+02,3.400000000000000000e+02,2.040000000000000000e+02,1.240000000000000000e+02,1.999000000000000000e+03,7.720000000000000000e+02,1.945000000000000000e+03,2.160000000000000000e+02,0.000000000000000000e+00,1.590000000000000000e+02,6.590000000000000000e+02,7.320000000000000000e+02,2.810000000000000000e+02,8.480000000000000000e+02,2.200000000000000000e+02,1.890000000000000000e+02,9.560000000000000000e+02,1.110000000000000000e+02,1.060000000000000000e+02,3.226000000000000000e+03,1.150000000000000000e+02,2.980000000000000000e+02,1.801000000000000000e+03,9.350000000000000000e+02,2.000000000000000000e+00,2.800000000000000000e+01,1.098000000000000000e+03,3.410000000000000000e+02,7.850000000000000000e+02,1.082000000000000000e+03,1.879000000000000000e+03,1.453000000000000000e+03,1.171000000000000000e+03,8.190000000000000000e+02,2.900000000000000000e+01,1.780000000000000000e+03,1.725000000000000000e+03,9.410000000000000000e+02,1.639000000000000000e+03,7.000000000000000000e+00,7.000000000000000000e+00,1.239000000000000000e+03,2.100000000000000000e+01,8.430000000000000000e+02,6.100000000000000000e+01,3.000000000000000000e+01,8.000000000000000000e+00,1.000000000000000000e+00,8.000000000000000000e+00,2.200000000000000000e+01,1.981000000000000000e+03,1.851000000000000000e+03,2.178000000000000000e+03,1.300000000000000000e+01,8.800000000000000000e+02
1.970000000000000000e+02,1.870000000000000000e+02,7.500000000000000000e+01,3.600000000000000000e+01,7.200000000000000000e+01,3.900000000000000000e+01,0.000000000000000000e+00,2.000000000000000000e+01,7.400000000000000000e+01,0.000000000000000000e+00,0.000000000000000000e+00,0.000000000000000000e+00,7.100000000000000000e+01,1.770000000000000000e+02,0.000000000000000000e+00,0.000000000000000000e+00,3.100000000000000000e+01,1.490000000000000000e+02,1.120000000000000000e+02,0.000000000000000000e+00,6.000000000000000000e+01,4.100000000000000000e+01,1.430000000000000000e+02,2.080000000000000000e+02,0.000000000000000000e+00,7.700000000000000000e+01,5.200000000000000000e+01,1.560000000000000000e+02,2.080000000000000000e+02,2.220000000000000000e+02,1.250000000000000000e+02,1.370000000000000000e+02,0.000000000000000000e+00,1.840000000000000000e+02,0.000000000000000000e+00,7.800000000000000000e+01,0.000000000000000000e+00,1.310000000000000000e+02,7.600000000000000000e+01,2.420000000000000000e+02,0.000000000000000000e+00,1.930000000000000000e+02,0.000000000000000000e+00,1.710000000000000000e+02,0.000000000000000000e+00,3.000000000000000000e+01,0.000000000000000000e+00,0.000000000000000000e+00,2.700000000000000000e+01,0.000000000000000000e+00,0.000000000000000000e+00,2.900000000000000000e+01,6.800000000000000000e+01,0.000000000000000000e+00,1.690000000000000000e+02,1.840000000000000000e+02,0.000000000000000000e+00,1.490000000000000000e+02,7.200000000000000000e+01,6.300000000000000000e+01,0.000000000000000000e+00,5.100000000000000000e+01,6.500000000000000000e+01,9.200000000000000000e+01,3.700000000000000000e+01,2.370000000000000000e+02,1.140000000000000000e+02,9.500000000000000000e+01,4.400000000000000000e+01,0.000000000000000000e+00,1.780000000000000000e+02,6.400000000000000000e+01,1.300000000000000000e+02,1.710000000000000000e+02,1.000000000000000000e+01,1.370000000000000000e+02,2.200000000000000000e+01,2.280000000000000000e+02,4.400000000000000000e+01,2.020000000000000000e+02,2.750000000000000000e+02,8.700000000000000000e+01,1.030000000000000000e+02,5.700000000000000000e+01,0.000000000000000000e+00,2.230000000000000000e+02,9.600000000000000000e+01,2.900000000000000000e+01,2.160000000000000000e+02,2.660000000000000000e+02,4.300000000000000000e+01,5.600000000000000000e+01,2.260000000000000000e+02,1.390000000000000000e+02,5.200000000000000000e+01,0.000000000000000000e+00,1.450000000000000000e+02,2.220000000000000000e+02,0.000000000000000000e+00,0.000000000000000000e+00,1.500000000000000000e+01,0.000000000000000000e+00,2.380000000000000000e+02,3.400000000000000000e+01,1.740000000000000000e+02,1.400000000000000000e+01,4.500000000000000000e+01,1.200000000000000000e+01,2.030000000000000000e+02,7.800000000000000000e+01,2.010000000000000000e+02,2.300000000000000000e+01,1.850000000000000000e+02,0.000000000000000000e+00,2.240000000000000000e+02,0.000000000000000000e+00,2.230000000000000000e+02,7.600000000000000000e+01,1.830000000000000000e+02,2.240000000000000000e+02,0.000000000000000000e+00,3.140000000000000000e+02,0.000000000000000000e+00,2.100000000000000000e+02,2.320000000000000000e+02,9.000000000000000000e+00,0.000000000000000000e+00,2.360000000000000000e+02,0.000000000000000000e+00,8.400000000000000000e+01,0.000000000000000000e+00,4.300000000000000000e+01,2.600000000000000000e+01,8.000000000000000000e+00,0.000000000000000000e+00,0.000000000000000000e+00,1.880000000000000000e+02,3.700000000000000000e+01,1.480000000000000000e+02,0.000000000000000000e+00,6.700000000000000000e+01,2.090000000000000000e+02,1.290000000000000000e+02,8.100000000000000000e+01,0.000000000000000000e+00,0.000000000000000000e+00,1.500000000000000000e+01,1.920000000000000000e+02,1.900000000000000000e+01,7.600000000000000000e+01,2.190000000000000000e+02,3.900000000000000000e+01,0.000000000000000000e+00,3.110000000000000000e+02,5.000000000000000000e+00,0.000000000000000000e+00,2.270000000000000000e+02,0.000000000000000000e+00,3.900000000000000000e+01,7.500000000000000000e+01,2.080000000000000000e+02,1.710000000000000000e+02,0.000000000000000000e+00,2.070000000000000000e+02,0.000000000000000000e+00,0.000000000000000000e+00,2.180000000000000000e+02,0.000000000000000000e+00,0.000000000000000000e+00,9.400000000000000000e+01,0.000000000000000000e+00,0.000000000000000000e+00,1.600000000000000000e+01,2.910000000000000000e+02,2.260000000000000000e+02,5.100000000000000000e+01,0.000000000000000000e+00,6.500000000000000000e+01,5.000000000000000000e+01,5.500000000000000000e+01,3.400000000000000000e+01,2.900000000000000000e+01,5.800000000000000000e+01,7.300000000000000000e+01,4.700000000000000000e+01,8.700000000000000000e+01,0.000000000000000000e+00,0.000000000000000000e+00,2.190000000000000000e+02,2.070000000000000000e+02,2.900000000000000000e+01,5.700000000000000000e+01,2.250000000000000000e+02,0.000000000000000000e+00,7.400000000000000000e+01,2.100000000000000000e+02,0.000000000000000000e+00,1.260000000000000000e+02,0.000000000000000000e+00,0.000000000000000000e+00,7.800000000000000000e+01,0.000000000000000000e+00,2.120000000000000000e+02,2.200000000000000000e+01,6.100000000000000000e+01,3.100000000000000000e+01,1.900000000000000000e+01,0.000000000000000000e+00,1.530000000000000000e+02,1.800000000000000000e+01,1.250000000000000000e+02,5.600000000000000000e+01,9.900000000000000000e+01,1.700000000000000000e+01,2.420000000000000000e+02,1.790000000000000000e+02,2.260000000000000000e+02,1.140000000000000000e+02,0.000000000000000000e+00,5.000000000000000000e+01,8.600000000000000000e+01,1.180000000000000000e+02,7.800000000000000000e+01,8.100000000000000000e+01,0.000000000000000000e+00,0.000000000000000000e+00,1.790000000000000000e+02,2.100000000000000000e+01,3.300000000000000000e+01,3.040000000000000000e+02,2.600000000000000000e+01,8.100000000000000000e+01,2.290000000000000000e+02,9.300000000000000000e+01,0.000000000000000000e+00,0.000000000000000000e+00,1.790000000000000000e+02,6.100000000000000000e+01,9.500000000000000000e+01,1.760000000000000000e+02,2.340000000000000000e+02,1.920000000000000000e+02,2.010000000000000000e+02,9.800000000000000000e+01,0.000000000000000000e+00,2.200000000000000000e+02,2.020000000000000000e+02,1.780000000000000000e+02,2.520000000000000000e+02,0.000000000000000000e+00,0.000000000000000000e+00,1.800000000000000000e+02,1.400000000000000000e+01,2.200000000000000000e+02,1.900000000000000000e+01,1.700000000000000000e+01,0.000000000000000000e+00,0.000000000000000000e+00,3.600000000000000000e+01,1.100000000000000000e+01,2.080000000000000000e+02,2.440000000000000000e+02,2.660000000000000000e+02,0.000000000000000000e+00,7.500000000000000000e+01
2.870000000000000000e+02,2.650000000000000000e+02,1.190000000000000000e+02,8.600000000000000000e+01,9.600000000000000000e+01,7.800000000000000000e+01,0.000000000000000000e+00,6.300000000000000000e+01,8.600000000000000000e+01,0.000000000000000000e+00,0.000000000000000000e+00,0.000000000000000000e+00,1.970000000000000000e+02,2.820000000000000000e+02,0.000000000000000000e+00,0.000000000000000000e+00,9.500000000000000000e+01,2.450000000000000000e+02,2.610000000000000000e+02,0.000000000000000000e+00,1.030000000000000000e+02,1.030000000000000000e+02,2.170000000000000000e+02,2.740000000000000000e+02,0.000000000000000000e+00,1.130000000000000000e+02,1.050000000000000000e+02,2.540000000000000000e+02,2.950000000000000000e+02,2.540000000000000000e+02,2.590000000000000000e+02,2.680000000000000000e+02,0.000000000000000000e+00,2.680000000000000000e+02,0.000000000000000000e+00,1.180000000000000000e+02,0.000000000000000000e+00,2.550000000000000000e+02,9.000000000000000000e+01,2.890000000000000000e+02,0.000000000000000000e+00,2.800000000000000000e+02,0.000000000000000000e+00,2.410000000000000000e+02,0.000000000000000000e+00,8.000000000000000000e+01,0.000000000000000000e+00,0.000000000000000000e+00,8.000000000000000000e+01,0.000000000000000000e+00,0.000000000000000000e+00,1.030000000000000000e+02,1.210000000000000000e+02,0.000000000000000000e+00,2.650000000000000000e+02,2.340000000000000000e+02,0.000000000000000000e+00,2.690000000000000000e+02,9.400000000000000000e+01,8.700000000000000000e+01,0.000000000000000000e+00,8.500000000000000000e+01,1.150000000000000000e+02,2.500000000000000000e+02,8.000000000000000000e+01,2.410000000000000000e+02,2.680000000000000000e+02,2.190000000000000000e+02,2.060000000000000000e+02,0.000000000000000000e+00,2.680000000000000000e+02,9.900000000000000000e+01,2.720000000000000000e+02,2.310000000000000000e+02,5.700000000000000000e+01,2.410000000000000000e+02,9.400000000000000000e+01,2.940000000000000000e+02,9.000000000000000000e+01,2.710000000000000000e+02,3.250000000000000000e+02,8.300000000000000000e+01,1.060000000000000000e+02,9.300000000000000000e+01,0.000000000000000000e+00,2.870000000000000000e+02,2.360000000000000000e+02,9.600000000000000000e+01,2.690000000000000000e+02,2.630000000000000000e+02,9.500000000000000000e+01,1.050000000000000000e+02,2.890000000000000000e+02,2.470000000000000000e+02,1.160000000000000000e+02,0.000000000000000000e+00,2.750000000000000000e+02,2.790000000000000000e+02,0.000000000000000000e+00,0.000000000000000000e+00,9.000000000000000000e+01,0.000000000000000000e+00,2.780000000000000000e+02,9.900000000000000000e+01,2.750000000000000000e+02,8.900000000000000000e+01,8.400000000000000000e+01,5.900000000000000000e+01,2.350000000000000000e+02,1.180000000000000000e+02,2.670000000000000000e+02,9.900000000000000000e+01,2.520000000000000000e+02,0.000000000000000000e+00,2.540000000000000000e+02,0.000000000000000000e+00,2.830000000000000000e+02,1.140000000000000000e+02,2.800000000000000000e+02,2.570000000000000000e+02,0.000000000000000000e+00,2.980000000000000000e+02,0.000000000000000000e+00,2.510000000000000000e+02,2.710000000000000000e+02,7.600000000000000000e+01,0.000000000000000000e+00,2.790000000000000000e+02,0.000000000000000000e+00,1.140000000000000000e+02,0.000000000000000000e+00,2.310000000000000000e+02,7.900000000000000000e+01,6.300000000000000000e+01,0.000000000000000000e+00,0.000000000000000000e+00,2.750000000000000000e+02,2.100000000000000000e+02,2.740000000000000000e+02,0.000000000000000000e+00,8.900000000000000000e+01,2.920000000000000000e+02,2.720000000000000000e+02,1.180000000000000000e+02,0.000000000000000000e+00,0.000000000000000000e+00,9.300000000000000000e+01,2.600000000000000000e+02,9.300000000000000000e+01,1.240000000000000000e+02,2.760000000000000000e+02,9.600000000000000000e+01,0.000000000000000000e+00,3.240000000000000000e+02,3.300000000000000000e+01,0.000000000000000000e+00,3.060000000000000000e+02,0.000000000000000000e+00,1.080000000000000000e+02,9.700000000000000000e+01,2.690000000000000000e+02,2.420000000000000000e+02,0.000000000000000000e+00,2.360000000000000000e+02,0.000000000000000000e+00,0.000000000000000000e+00,2.810000000000000000e+02,0.000000000000000000e+00,0.000000000000000000e+00,2.510000000000000000e+02,0.000000000000000000e+00,0.000000000000000000e+00,8.900000000000000000e+01,3.310000000000000000e+02,2.730000000000000000e+02,9.200000000000000000e+01,0.000000000000000000e+00,8.800000000000000000e+01,8.800000000000000000e+01,2.030000000000000000e+02,1.060000000000000000e+02,9.800000000000000000e+01,9.200000000000000000e+01,8.000000000000000000e+01,1.060000000000000000e+02,9.700000000000000000e+01,0.000000000000000000e+00,0.000000000000000000e+00,2.950000000000000000e+02,2.620000000000000000e+02,1.080000000000000000e+02,9.500000000000000000e+01,2.820000000000000000e+02,0.000000000000000000e+00,1.010000000000000000e+02,2.670000000000000000e+02,0.000000000000000000e+00,2.290000000000000000e+02,0.000000000000000000e+00,0.000000000000000000e+00,9.900000000000000000e+01,0.000000000000000000e+00,2.730000000000000000e+02,7.900000000000000000e+01,2.290000000000000000e+02,9.000000000000000000e+01,8.200000000000000000e+01,0.000000000000000000e+00,2.560000000000000000e+02,7.500000000000000000e+01,2.480000000000000000e+02,9.200000000000000000e+01,2.330000000000000000e+02,6.400000000000000000e+01,2.770000000000000000e+02,2.580000000000000000e+02,2.750000000000000000e+02,2.350000000000000000e+02,0.000000000000000000e+00,2.070000000000000000e+02,1.200000000000000000e+02,1.210000000000000000e+02,2.220000000000000000e+02,1.390000000000000000e+02,0.000000000000000000e+00,0.000000000000000000e+00,2.990000000000000000e+02,8.000000000000000000e+01,8.600000000000000000e+01,3.260000000000000000e+02,9.200000000000000000e+01,2.450000000000000000e+02,2.590000000000000000e+02,9.500000000000000000e+01,0.000000000000000000e+00,0.000000000000000000e+00,2.810000000000000000e+02,1.150000000000000000e+02,1.200000000000000000e+02,2.850000000000000000e+02,2.660000000000000000e+02,2.780000000000000000e+02,2.450000000000000000e+02,1.120000000000000000e+02,0.000000000000000000e+00,2.670000000000000000e+02,2.690000000000000000e+02,2.920000000000000000e+02,2.720000000000000000e+02,0.000000000000000000e+00,0.000000000000000000e+00,2.840000000000000000e+02,5.700000000000000000e+01,2.760000000000000000e+02,6.300000000000000000e+01,7.100000000000000000e+01,0.000000000000000000e+00,0.000000000000000000e+00,8.900000000000000000e+01,6.200000000000000000e+01,2.630000000000000000e+02,2.830000000000000000e+02,2.690000000000000000e+02,0.000000000000000000e+00,9.700000000000000000e+01
1.279000000000000000e+03,1.508000000000000000e+03,8.370000000000000000e+02,3.330000000000000000e+02,4.710000000000000000e+02,1.620000000000000000e+02,5.000000000000000000e+00,3.700000000000000000e+01,7.900000000000000000e+02,0.000000000000000000e+00,3.540000000000000000e+02,3.290000000000000000e+02,6.500000000000000000e+01,1.373000000000000000e+03,1.820000000000000000e+02,3.300000000000000000e+01,5.800000000000000000e+01,5.630000000000000000e+02,4.130000000000000000e+02,6.000000000000000000e+00,2.580000000000000000e+02,2.210000000000000000e+02,6.000000000000000000e+02,1.824000000000000000e+03,2.000000000000000000e+00,6.900000000000000000e+02,3.660000000000000000e+02,8.530000000000000000e+02,1.651000000000000000e+03,1.787000000000000000e+03,1.540000000000000000e+02,5.290000000000000000e+02,1.800000000000000000e+02,9.330000000000000000e+02,7.000000000000000000e+00,7.820000000000000000e+02,2.000000000000000000e+00,7.890000000000000000e+02,3.940000000000000000e+02,2.047000000000000000e+03,1.580000000000000000e+02,1.376000000000000000e+03,2.000000000000000000e+01,6.850000000000000000e+02,5.000000000000000000e+00,1.230000000000000000e+02,6.000000000000000000e+00,6.000000000000000000e+00,6.700000000000000000e+01,3.270000000000000000e+02,3.730000000000000000e+02,5.500000000000000000e+01,4.230000000000000000e+02,3.000000000000000000e+00,8.280000000000000000e+02,8.940000000000000000e+02,1.000000000000000000e+01,8.730000000000000000e+02,5.380000000000000000e+02,3.070000000000000000e+02,1.390000000000000000e+02,2.310000000000000000e+02,4.020000000000000000e+02,3.330000000000000000e+02,7.300000000000000000e+01,1.925000000000000000e+03,3.040000000000000000e+02,3.510000000000000000e+02,1.040000000000000000e+02,9.800000000000000000e+01,9.920000000000000000e+02,3.970000000000000000e+02,6.470000000000000000e+02,5.720000000000000000e+02,3.700000000000000000e+01,4.860000000000000000e+02,5.700000000000000000e+01,1.499000000000000000e+03,1.580000000000000000e+02,1.580000000000000000e+03,2.974000000000000000e+03,7.110000000000000000e+02,7.940000000000000000e+02,2.380000000000000000e+02,3.740000000000000000e+02,1.412000000000000000e+03,8.800000000000000000e+01,5.300000000000000000e+01,8.600000000000000000e+02,1.813000000000000000e+03,1.470000000000000000e+02,2.480000000000000000e+02,1.934000000000000000e+03,8.500000000000000000e+02,2.660000000000000000e+02,2.560000000000000000e+02,5.520000000000000000e+02,1.824000000000000000e+03,3.000000000000000000e+00,7.000000000000000000e+00,5.900000000000000000e+01,1.400000000000000000e+01,1.778000000000000000e+03,1.610000000000000000e+02,8.370000000000000000e+02,6.000000000000000000e+00,2.060000000000000000e+02,3.000000000000000000e+00,1.823000000000000000e+03,8.810000000000000000e+02,1.622000000000000000e+03,9.300000000000000000e+01,1.181000000000000000e+03,5.000000000000000000e+00,2.026000000000000000e+03,3.510000000000000000e+02,1.777000000000000000e+03,7.240000000000000000e+02,1.331000000000000000e+03,1.538000000000000000e+03,1.100000000000000000e+01,2.928000000000000000e+03,3.940000000000000000e+02,1.589000000000000000e+03,1.676000000000000000e+03,1.800000000000000000e+01,1.000000000000000000e+00,1.862000000000000000e+03,1.000000000000000000e+00,5.370000000000000000e+02,1.000000000000000000e+00,9.500000000000000000e+01,1.010000000000000000e+02,2.200000000000000000e+01,4.000000000000000000e+01,2.300000000000000000e+01,1.411000000000000000e+03,1.600000000000000000e+01,9.450000000000000000e+02,3.300000000000000000e+02,3.790000000000000000e+02,1.387000000000000000e+03,4.900000000000000000e+02,7.530000000000000000e+02,1.000000000000000000e+00,4.500000000000000000e+01,3.000000000000000000e+01,1.453000000000000000e+03,1.300000000000000000e+01,7.190000000000000000e+02,1.539000000000000000e+03,1.030000000000000000e+02,4.030000000000000000e+02,3.042000000000000000e+03,2.200000000000000000e+01,2.200000000000000000e+01,2.043000000000000000e+03,8.000000000000000000e+00,1.750000000000000000e+02,4.960000000000000000e+02,1.606000000000000000e+03,8.260000000000000000e+02,1.810000000000000000e+02,1.523000000000000000e+03,1.330000000000000000e+02,1.300000000000000000e+01,0.000000000000000000e+00,1.100000000000000000e+01,1.400000000000000000e+01,5.400000000000000000e+01,1.500000000000000000e+01,6.800000000000000000e+01,4.500000000000000000e+01,2.919000000000000000e+03,1.803000000000000000e+03,3.810000000000000000e+02,1.100000000000000000e+01,4.470000000000000000e+02,3.550000000000000000e+02,1.660000000000000000e+02,1.560000000000000000e+02,9.300000000000000000e+01,4.740000000000000000e+02,6.540000000000000000e+02,2.010000000000000000e+02,8.410000000000000000e+02,4.000000000000000000e+00,0.000000000000000000e+00,1.741000000000000000e+03,1.376000000000000000e+03,1.580000000000000000e+02,2.410000000000000000e+02,2.090000000000000000e+03,1.900000000000000000e+01,4.690000000000000000e+02,1.478000000000000000e+03,1.200000000000000000e+01,6.570000000000000000e+02,1.600000000000000000e+01,2.000000000000000000e+00,5.040000000000000000e+02,1.730000000000000000e+02,1.175000000000000000e+03,2.800000000000000000e+01,1.380000000000000000e+02,8.600000000000000000e+01,9.000000000000000000e+01,0.000000000000000000e+00,6.740000000000000000e+02,1.050000000000000000e+02,4.190000000000000000e+02,3.250000000000000000e+02,1.850000000000000000e+02,1.130000000000000000e+02,2.053000000000000000e+03,7.700000000000000000e+02,1.895000000000000000e+03,4.540000000000000000e+02,2.000000000000000000e+00,3.000000000000000000e+01,6.970000000000000000e+02,8.690000000000000000e+02,2.110000000000000000e+02,7.600000000000000000e+02,2.500000000000000000e+02,1.750000000000000000e+02,1.173000000000000000e+03,1.100000000000000000e+02,8.400000000000000000e+01,2.975000000000000000e+03,1.060000000000000000e+02,8.800000000000000000e+01,1.703000000000000000e+03,6.730000000000000000e+02,1.000000000000000000e+00,2.500000000000000000e+01,1.121000000000000000e+03,4.460000000000000000e+02,7.940000000000000000e+02,1.195000000000000000e+03,1.897000000000000000e+03,1.578000000000000000e+03,1.236000000000000000e+03,8.440000000000000000e+02,1.900000000000000000e+01,1.773000000000000000e+03,1.491000000000000000e+03,9.820000000000000000e+02,1.674000000000000000e+03,6.000000000000000000e+00,2.000000000000000000e+00,1.136000000000000000e+03,3.800000000000000000e+01,1.286000000000000000e+03,7.200000000000000000e+01,4.500000000000000000e+01,1.000000000000000000e+01,1.000000000000000000e+00,9.400000000000000000e+01,2.800000000000000000e+01,1.831000000000000000e+03,1.881000000000000000e+03,2.081000000000000000e+03,9.000000000000000000e+00,8.720000000000000000e+02
2.670000000000000000e+02,2.560000000000000000e+02,1.000000000000000000e+02,7.800000000000000000e+01,6.800000000000000000e+01,8.700000000000000000e+01,0.000000000000000000e+00,7.600000000000000000e+01,7.400000000000000000e+01,0.000000000000000000e+00,0.000000000000000000e+00,0.000000000000000000e+00,1.980000000000000000e+02,2.750000000000000000e+02,0.000000000000000000e+00,0.000000000000000000e+00,6.800000000000000000e+01,2.040000000000000000e+02,1.980000000000000000e+02,0.000000000000000000e+00,7.700000000000000000e+01,8.700000000000000000e+01,2.370000000000000000e+02,2.730000000000000000e+02,0.000000000000000000e+00,8.200000000000000000e+01,7.800000000000000000e+01,2.460000000000000000e+02,2.430000000000000000e+02,2.440000000000000000e+02,2.320000000000000000e+02,2.120000000000000000e+02,0.000000000000000000e+00,2.580000000000000000e+02,0.000000000000000000e+00,8.300000000000000000e+01,0.000000000000000000e+00,2.400000000000000000e+02,1.110000000000000000e+02,2.790000000000000000e+02,0.000000000000000000e+00,2.560000000000000000e+02,0.000000000000000000e+00,2.970000000000000000e+02,0.000000000000000000e+00,9.800000000000000000e+01,0.000000000000000000e+00,0.000000000000000000e+00,6.500000000000000000e+01,0.000000000000000000e+00,0.000000000000000000e+00,7.400000000000000000e+01,1.070000000000000000e+02,0.000000000000000000e+00,2.290000000000000000e+02,2.140000000000000000e+02,0.000000000000000000e+00,2.540000000000000000e+02,1.010000000000000000e+02,9.000000000000000000e+01,0.000000000000000000e+00,8.200000000000000000e+01,8.500000000000000000e+01,2.180000000000000000e+02,7.100000000000000000e+01,2.540000000000000000e+02,2.150000000000000000e+02,1.820000000000000000e+02,2.000000000000000000e+02,0.000000000000000000e+00,2.170000000000000000e+02,8.900000000000000000e+01,2.080000000000000000e+02,2.300000000000000000e+02,5.400000000000000000e+01,2.330000000000000000e+02,5.300000000000000000e+01,2.820000000000000000e+02,7.900000000000000000e+01,2.360000000000000000e+02,3.060000000000000000e+02,9.700000000000000000e+01,1.030000000000000000e+02,6.500000000000000000e+01,0.000000000000000000e+00,2.250000000000000000e+02,2.080000000000000000e+02,6.500000000000000000e+01,2.320000000000000000e+02,2.460000000000000000e+02,9.100000000000000000e+01,8.600000000000000000e+01,2.670000000000000000e+02,2.380000000000000000e+02,9.500000000000000000e+01,0.000000000000000000e+00,2.560000000000000000e+02,2.440000000000000000e+02,0.000000000000000000e+00,0.000000000000000000e+00,6.400000000000000000e+01,0.000000000000000000e+00,2.450000000000000000e+02,7.200000000000000000e+01,2.190000000000000000e+02,7.200000000000000000e+01,9.300000000000000000e+01,6.000000000000000000e+01,2.500000000000000000e+02,9.500000000000000000e+01,2.590000000000000000e+02,6.100000000000000000e+01,2.630000000000000000e+02,0.000000000000000000e+00,2.730000000000000000e+02,0.000000000000000000e+00,2.660000000000000000e+02,9.500000000000000000e+01,2.480000000000000000e+02,2.760000000000000000e+02,0.000000000000000000e+00,3.330000000000000000e+02,0.000000000000000000e+00,2.560000000000000000e+02,2.320000000000000000e+02,7.600000000000000000e+01,0.000000000000000000e+00,2.740000000000000000e+02,0.000000000000000000e+00,9.100000000000000000e+01,0.000000000000000000e+00,1.520000000000000000e+02,7.600000000000000000e+01,6.700000000000000000e+01,0.000000000000000000e+00,0.000000000000000000e+00,2.360000000000000000e+02,1.890000000000000000e+02,2.330000000000000000e+02,0.000000000000000000e+00,9.100000000000000000e+01,2.850000000000000000e+02,2.690000000000000000e+02,1.160000000000000000e+02,0.000000000000000000e+00,0.000000000000000000e+00,7.100000000000000000e+01,2.690000000000000000e+02,6.200000000000000000e+01,8.400000000000000000e+01,2.350000000000000000e+02,7.000000000000000000e+01,0.000000000000000000e+00,3.000000000000000000e+02,6.300000000000000000e+01,0.000000000000000000e+00,2.230000000000000000e+02,0.000000000000000000e+00,7.200000000000000000e+01,9.300000000000000000e+01,2.670000000000000000e+02,2.390000000000000000e+02,0.000000000000000000e+00,2.600000000000000000e+02,0.000000000000000000e+00,0.000000000000000000e+00,2.580000000000000000e+02,0.000000000000000000e+00,0.000000000000000000e+00,2.180000000000000000e+02,0.000000000000000000e+00,0.000000000000000000e+00,6.100000000000000000e+01,3.380000000000000000e+02,2.810000000000000000e+02,7.600000000000000000e+01,0.000000000000000000e+00,8.500000000000000000e+01,8.400000000000000000e+01,2.100000000000000000e+02,8.600000000000000000e+01,6.000000000000000000e+01,8.300000000000000000e+01,1.250000000000000000e+02,8.500000000000000000e+01,1.030000000000000000e+02,0.000000000000000000e+00,0.000000000000000000e+00,2.670000000000000000e+02,2.770000000000000000e+02,7.700000000000000000e+01,1.070000000000000000e+02,2.700000000000000000e+02,0.000000000000000000e+00,9.100000000000000000e+01,2.570000000000000000e+02,0.000000000000000000e+00,2.170000000000000000e+02,0.000000000000000000e+00,0.000000000000000000e+00,1.000000000000000000e+02,0.000000000000000000e+00,2.670000000000000000e+02,6.400000000000000000e+01,1.960000000000000000e+02,8.100000000000000000e+01,6.500000000000000000e+01,0.000000000000000000e+00,2.130000000000000000e+02,6.200000000000000000e+01,2.080000000000000000e+02,8.400000000000000000e+01,2.250000000000000000e+02,6.600000000000000000e+01,2.620000000000000000e+02,2.370000000000000000e+02,2.260000000000000000e+02,2.010000000000000000e+02,0.000000000000000000e+00,1.790000000000000000e+02,1.000000000000000000e+02,1.080000000000000000e+02,1.690000000000000000e+02,1.110000000000000000e+02,0.000000000000000000e+00,0.000000000000000000e+00,2.400000000000000000e+02,7.900000000000000000e+01,7.900000000000000000e+01,3.060000000000000000e+02,5.500000000000000000e+01,2.070000000000000000e+02,2.710000000000000000e+02,1.010000000000000000e+02,0.000000000000000000e+00,0.000000000000000000e+00,2.720000000000000000e+02,9.100000000000000000e+01,1.000000000000000000e+02,2.380000000000000000e+02,2.660000000000000000e+02,2.560000000000000000e+02,2.260000000000000000e+02,1.170000000000000000e+02,0.000000000000000000e+00,2.560000000000000000e+02,2.620000000000000000e+02,2.610000000000000000e+02,2.260000000000000000e+02,0.000000000000000000e+00,0.000000000000000000e+00,2.460000000000000000e+02,6.300000000000000000e+01,2.450000000000000000e+02,7.800000000000000000e+01,6.000000000000000000e+01,0.000000000000000000e+00,0.000000000000000000e+00,6.600000000000000000e+01,8.800000000000000000e+01,2.580000000000000000e+02,2.370000000000000000e+02,2.670000000000000000e+02,0.000000000000000000e+00,1.250000000000000000e+02
3.730000000000000000e+02,3.600000000000000000e+02,1.290000000000000000e+02,1.530000000000000000e+02,1.460000000000000000e+02,1.350000000000000000e+02,0.000000000000000000e+00,1.290000000000000000e+02,1.150000000000000000e+02,0.000000000000000000e+00,0.000000000000000000e+00,0.000000000000000000e+00,3.230000000000000000e+02,3.270000000000000000e+02,0.000000000000000000e+00,0.000000000000000000e+00,1.240000000000000000e+02,3.460000000000000000e+02,3.910000000000000000e+02,0.000000000000000000e+00,1.440000000000000000e+02,1.400000000000000000e+02,3.440000000000000000e+02,3.930000000000000000e+02,0.000000000000000000e+00,1.470000000000000000e+02,1.200000000000000000e+02,3.500000000000000000e+02,3.940000000000000000e+02,3.490000000000000000e+02,3.490000000000000000e+02,3.390000000000000000e+02,0.000000000000000000e+00,3.380000000000000000e+02,0.000000000000000000e+00,1.500000000000000000e+02,0.000000000000000000e+00,3.820000000000000000e+02,1.360000000000000000e+02,3.580000000000000000e+02,0.000000000000000000e+00,3.960000000000000000e+02,0.000000000000000000e+00,3.430000000000000000e+02,0.000000000000000000e+00,1.220000000000000000e+02,0.000000000000000000e+00,0.000000000000000000e+00,1.380000000000000000e+02,0.000000000000000000e+00,0.000000000000000000e+00,1.190000000000000000e+02,1.140000000000000000e+02,0.000000000000000000e+00,3.710000000000000000e+02,3.660000000000000000e+02,0.000000000000000000e+00,3.620000000000000000e+02,1.340000000000000000e+02,1.260000000000000000e+02,0.000000000000000000e+00,1.430000000000000000e+02,1.210000000000000000e+02,2.860000000000000000e+02,1.170000000000000000e+02,3.620000000000000000e+02,3.050000000000000000e+02,3.590000000000000000e+02,2.980000000000000000e+02,0.000000000000000000e+00,3.540000000000000000e+02,1.380000000000000000e+02,3.790000000000000000e+02,3.930000000000000000e+02,1.370000000000000000e+02,3.750000000000000000e+02,1.010000000000000000e+02,4.190000000000000000e+02,1.400000000000000000e+02,3.610000000000000000e+02,4.030000000000000000e+02,1.630000000000000000e+02,1.660000000000000000e+02,1.410000000000000000e+02,0.000000000000000000e+00,3.670000000000000000e+02,3.270000000000000000e+02,1.390000000000000000e+02,3.820000000000000000e+02,3.620000000000000000e+02,9.500000000000000000e+01,1.220000000000000000e+02,3.300000000000000000e+02,3.760000000000000000e+02,1.150000000000000000e+02,0.000000000000000000e+00,3.410000000000000000e+02,3.990000000000000000e+02,0.000000000000000000e+00,0.000000000000000000e+00,1.050000000000000000e+02,0.000000000000000000e+00,3.550000000000000000e+02,1.290000000000000000e+02,3.460000000000000000e+02,1.050000000000000000e+02,1.220000000000000000e+02,1.000000000000000000e+02,3.520000000000000000e+02,1.420000000000000000e+02,3.690000000000000000e+02,1.250000000000000000e+02,3.630000000000000000e+02,0.000000000000000000e+00,3.700000000000000000e+02,0.000000000000000000e+00,3.760000000000000000e+02,1.420000000000000000e+02,3.890000000000000000e+02,3.780000000000000000e+02,0.000000000000000000e+00,4.190000000000000000e+02,0.000000000000000000e+00,3.490000000000000000e+02,3.460000000000000000e+02,1.090000000000000000e+02,0.000000000000000000e+00,3.670000000000000000e+02,0.000000000000000000e+00,1.630000000000000000e+02,0.000000000000000000e+00,2.810000000000000000e+02,1.250000000000000000e+02,7.900000000000000000e+01,0.000000000000000000e+00,0.000000000000000000e+00,3.590000000000000000e+02,3.160000000000000000e+02,3.560000000000000000e+02,0.000000000000000000e+00,1.450000000000000000e+02,4.110000000000000000e+02,3.990000000000000000e+02,1.750000000000000000e+02,0.000000000000000000e+00,0.000000000000000000e+00,1.260000000000000000e+02,3.290000000000000000e+02,1.250000000000000000e+02,1.290000000000000000e+02,3.760000000000000000e+02,1.410000000000000000e+02,0.000000000000000000e+00,4.510000000000000000e+02,8.100000000000000000e+01,0.000000000000000000e+00,3.520000000000000000e+02,0.000000000000000000e+00,1.150000000000000000e+02,1.410000000000000000e+02,3.560000000000000000e+02,3.440000000000000000e+02,0.000000000000000000e+00,3.600000000000000000e+02,0.000000000000000000e+00,0.000000000000000000e+00,3.800000000000000000e+02,0.000000000000000000e+00,0.000000000000000000e+00,3.690000000000000000e+02,0.000000000000000000e+00,0.000000000000000000e+00,1.150000000000000000e+02,4.620000000000000000e+02,4.050000000000000000e+02,1.340000000000000000e+02,0.000000000000000000e+00,1.710000000000000000e+02,1.580000000000000000e+02,3.160000000000000000e+02,1.310000000000000000e+02,1.220000000000000000e+02,1.610000000000000000e+02,1.370000000000000000e+02,1.100000000000000000e+02,1.420000000000000000e+02,0.000000000000000000e+00,0.000000000000000000e+00,3.500000000000000000e+02,3.780000000000000000e+02,1.180000000000000000e+02,1.360000000000000000e+02,3.890000000000000000e+02,0.000000000000000000e+00,1.420000000000000000e+02,3.590000000000000000e+02,0.000000000000000000e+00,3.870000000000000000e+02,0.000000000000000000e+00,0.000000000000000000e+00,1.490000000000000000e+02,0.000000000000000000e+00,3.740000000000000000e+02,1.160000000000000000e+02,2.900000000000000000e+02,1.260000000000000000e+02,1.360000000000000000e+02,0.000000000000000000e+00,3.610000000000000000e+02,1.580000000000000000e+02,3.390000000000000000e+02,1.270000000000000000e+02,3.900000000000000000e+02,1.430000000000000000e+02,3.730000000000000000e+02,3.820000000000000000e+02,3.740000000000000000e+02,3.010000000000000000e+02,0.000000000000000000e+00,3.130000000000000000e+02,1.550000000000000000e+02,1.670000000000000000e+02,3.390000000000000000e+02,1.560000000000000000e+02,0.000000000000000000e+00,0.000000000000000000e+00,3.700000000000000000e+02,1.300000000000000000e+02,1.310000000000000000e+02,4.280000000000000000e+02,1.390000000000000000e+02,3.460000000000000000e+02,3.960000000000000000e+02,1.370000000000000000e+02,0.000000000000000000e+00,0.000000000000000000e+00,3.680000000000000000e+02,1.390000000000000000e+02,1.420000000000000000e+02,3.490000000000000000e+02,3.630000000000000000e+02,3.600000000000000000e+02,3.430000000000000000e+02,1.680000000000000000e+02,0.000000000000000000e+00,3.820000000000000000e+02,3.570000000000000000e+02,3.720000000000000000e+02,3.610000000000000000e+02,0.000000000000000000e+00,0.000000000000000000e+00,3.880000000000000000e+02,7.300000000000000000e+01,4.030000000000000000e+02,1.320000000000000000e+02,1.150000000000000000e+02,0.000000000000000000e+00,0.000000000000000000e+00,1.290000000000000000e+02,1.140000000000000000e+02,3.480000000000000000e+02,3.850000000000000000e+02,3.530000000000000000e+02,0.000000000000000000e+00,1.610000000000000000e+02
2.147000000000000000e+03,2.195000000000000000e+03,9.620000000000000000e+02,6.700000000000000000e+02,8.360000000000000000e+02,8.690000000000000000e+02,4.200000000000000000e+01,3.730000000000000000e+02,9.740000000000000000e+02,0.000000000000000000e+00,4.220000000000000000e+02,4.250000000000000000e+02,8.190000000000000000e+02,2.237000000000000000e+03,1.970000000000000000e+02,5.300000000000000000e+01,4.680000000000000000e+02,1.751000000000000000e+03,1.402000000000000000e+03,2.800000000000000000e+01,7.420000000000000000e+02,6.600000000000000000e+02,1.706000000000000000e+03,2.319000000000000000e+03,1.100000000000000000e+01,9.000000000000000000e+02,6.270000000000000000e+02,1.882000000000000000e+03,2.344000000000000000e+03,2.355000000000000000e+03,1.842000000000000000e+03,1.721000000000000000e+03,3.000000000000000000e+02,1.952000000000000000e+03,2.100000000000000000e+01,9.940000000000000000e+02,1.600000000000000000e+01,1.845000000000000000e+03,7.650000000000000000e+02,2.304000000000000000e+03,1.910000000000000000e+02,2.213000000000000000e+03,1.480000000000000000e+02,1.896000000000000000e+03,6.300000000000000000e+01,5.330000000000000000e+02,2.300000000000000000e+01,2.800000000000000000e+01,3.450000000000000000e+02,3.860000000000000000e+02,3.990000000000000000e+02,4.770000000000000000e+02,9.290000000000000000e+02,5.200000000000000000e+01,1.949000000000000000e+03,1.945000000000000000e+03,4.500000000000000000e+01,1.992000000000000000e+03,9.180000000000000000e+02,5.800000000000000000e+02,3.220000000000000000e+02,6.970000000000000000e+02,8.010000000000000000e+02,1.114000000000000000e+03,3.750000000000000000e+02,2.311000000000000000e+03,1.853000000000000000e+03,1.322000000000000000e+03,4.700000000000000000e+02,2.880000000000000000e+02,1.991000000000000000e+03,6.890000000000000000e+02,1.916000000000000000e+03,1.765000000000000000e+03,2.020000000000000000e+02,1.934000000000000000e+03,2.940000000000000000e+02,2.368000000000000000e+03,6.020000000000000000e+02,2.239000000000000000e+03,2.992000000000000000e+03,1.127000000000000000e+03,1.026000000000000000e+03,7.100000000000000000e+02,4.090000000000000000e+02,2.199000000000000000e+03,1.334000000000000000e+03,5.090000000000000000e+02,1.898000000000000000e+03,2.349000000000000000e+03,5.410000000000000000e+02,7.080000000000000000e+02,2.380000000000000000e+03,1.996000000000000000e+03,6.800000000000000000e+02,4.130000000000000000e+02,1.794000000000000000e+03,2.358000000000000000e+03,5.900000000000000000e+01,3.900000000000000000e+01,2.750000000000000000e+02,5.000000000000000000e+01,2.312000000000000000e+03,5.650000000000000000e+02,2.081000000000000000e+03,7.900000000000000000e+01,5.790000000000000000e+02,3.500000000000000000e+01,2.315000000000000000e+03,1.044000000000000000e+03,2.336000000000000000e+03,3.390000000000000000e+02,2.199000000000000000e+03,4.500000000000000000e+01,2.411000000000000000e+03,3.970000000000000000e+02,2.327000000000000000e+03,8.910000000000000000e+02,1.831000000000000000e+03,1.922000000000000000e+03,3.600000000000000000e+01,3.088000000000000000e+03,3.730000000000000000e+02,1.909000000000000000e+03,1.895000000000000000e+03,2.250000000000000000e+02,2.700000000000000000e+01,2.299000000000000000e+03,1.100000000000000000e+01,8.670000000000000000e+02,5.000000000000000000e+00,4.030000000000000000e+02,4.890000000000000000e+02,1.270000000000000000e+02,1.370000000000000000e+02,9.700000000000000000e+01,1.933000000000000000e+03,1.530000000000000000e+02,2.182000000000000000e+03,4.530000000000000000e+02,8.780000000000000000e+02,2.339000000000000000e+03,1.935000000000000000e+03,1.026000000000000000e+03,4.000000000000000000e+00,1.790000000000000000e+02,2.840000000000000000e+02,1.911000000000000000e+03,2.210000000000000000e+02,8.840000000000000000e+02,2.252000000000000000e+03,4.010000000000000000e+02,3.920000000000000000e+02,2.982000000000000000e+03,8.900000000000000000e+01,9.100000000000000000e+01,2.273000000000000000e+03,2.200000000000000000e+01,5.670000000000000000e+02,9.500000000000000000e+02,2.296000000000000000e+03,1.991000000000000000e+03,1.940000000000000000e+02,2.360000000000000000e+03,2.980000000000000000e+02,7.600000000000000000e+01,1.899000000000000000e+03,3.100000000000000000e+01,5.400000000000000000e+01,0.000000000000000000e+00,4.800000000000000000e+01,2.480000000000000000e+02,2.510000000000000000e+02,3.056000000000000000e+03,2.354000000000000000e+03,5.810000000000000000e+02,6.600000000000000000e+01,8.130000000000000000e+02,5.800000000000000000e+02,6.930000000000000000e+02,5.280000000000000000e+02,4.160000000000000000e+02,8.790000000000000000e+02,8.940000000000000000e+02,5.130000000000000000e+02,9.500000000000000000e+02,9.200000000000000000e+01,0.000000000000000000e+00,1.945000000000000000e+03,2.218000000000000000e+03,5.720000000000000000e+02,7.890000000000000000e+02,2.384000000000000000e+03,9.000000000000000000e+01,9.760000000000000000e+02,1.878000000000000000e+03,6.100000000000000000e+01,1.779000000000000000e+03,6.400000000000000000e+01,2.300000000000000000e+01,8.470000000000000000e+02,1.810000000000000000e+02,2.151000000000000000e+03,3.030000000000000000e+02,7.770000000000000000e+02,4.300000000000000000e+02,3.570000000000000000e+02,5.000000000000000000e+00,1.804000000000000000e+03,4.380000000000000000e+02,1.391000000000000000e+03,5.450000000000000000e+02,1.274000000000000000e+03,4.410000000000000000e+02,2.391000000000000000e+03,1.962000000000000000e+03,2.403000000000000000e+03,1.549000000000000000e+03,5.500000000000000000e+01,5.840000000000000000e+02,8.820000000000000000e+02,1.019000000000000000e+03,9.850000000000000000e+02,9.920000000000000000e+02,4.410000000000000000e+02,3.580000000000000000e+02,2.175000000000000000e+03,4.870000000000000000e+02,5.290000000000000000e+02,2.935000000000000000e+03,4.600000000000000000e+02,1.099000000000000000e+03,2.384000000000000000e+03,9.520000000000000000e+02,8.000000000000000000e+00,1.140000000000000000e+02,2.101000000000000000e+03,8.200000000000000000e+02,1.019000000000000000e+03,2.122000000000000000e+03,2.360000000000000000e+03,2.249000000000000000e+03,2.121000000000000000e+03,1.045000000000000000e+03,1.760000000000000000e+02,2.313000000000000000e+03,1.930000000000000000e+03,2.053000000000000000e+03,2.228000000000000000e+03,4.600000000000000000e+01,1.900000000000000000e+01,2.127000000000000000e+03,1.360000000000000000e+02,2.252000000000000000e+03,2.660000000000000000e+02,2.000000000000000000e+02,8.400000000000000000e+01,1.500000000000000000e+01,3.460000000000000000e+02,1.630000000000000000e+02,2.293000000000000000e+03,2.286000000000000000e+03,2.347000000000000000e+03,4.700000000000000000e+01,1.156000000000000000e+03
4.430000000000000000e+02,4.440000000000000000e+02,2.000000000000000000e+02,1.510000000000000000e+02,1.590000000000000000e+02,1.520000000000000000e+02,0.000000000000000000e+00,1.380000000000000000e+02,1.610000000000000000e+02,0.000000000000000000e+00,0.000000000000000000e+00,0.000000000000000000e+00,3.630000000000000000e+02,4.700000000000000000e+02,0.000000000000000000e+00,0.000000000000000000e+00,1.350000000000000000e+02,3.930000000000000000e+02,4.020000000000000000e+02,0.000000000000000000e+00,1.660000000000000000e+02,1.520000000000000000e+02,4.030000000000000000e+02,4.120000000000000000e+02,0.000000000000000000e+00,1.780000000000000000e+02,1.410000000000000000e+02,4.610000000000000000e+02,4.390000000000000000e+02,4.580000000000000000e+02,4.100000000000000000e+02,4.180000000000000000e+02,0.000000000000000000e+00,3.910000000000000000e+02,0.000000000000000000e+00,1.940000000000000000e+02,0.000000000000000000e+00,4.710000000000000000e+02,1.620000000000000000e+02,4.410000000000000000e+02,0.000000000000000000e+00,4.360000000000000000e+02,0.000000000000000000e+00,3.990000000000000000e+02,0.000000000000000000e+00,1.770000000000000000e+02,0.000000000000000000e+00,0.000000000000000000e+00,1.530000000000000000e+02,0.000000000000000000e+00,0.000000000000000000e+00,1.570000000000000000e+02,1.600000000000000000e+02,0.000000000000000000e+00,3.990000000000000000e+02,3.870000000000000000e+02,0.000000000000000000e+00,3.920000000000000000e+02,1.750000000000000000e+02,1.670000000000000000e+02,0.000000000000000000e+00,1.410000000000000000e+02,1.550000000000000000e+02,4.430000000000000000e+02,1.710000000000000000e+02,4.470000000000000000e+02,3.800000000000000000e+02,3.930000000000000000e+02,3.370000000000000000e+02,0.000000000000000000e+00,4.350000000000000000e+02,1.590000000000000000e+02,3.860000000000000000e+02,4.610000000000000000e+02,1.170000000000000000e+02,4.180000000000000000e+02,1.260000000000000000e+02,5.060000000000000000e+02,1.500000000000000000e+02,4.440000000000000000e+02,5.330000000000000000e+02,2.080000000000000000e+02,1.850000000000000000e+02,1.650000000000000000e+02,0.000000000000000000e+00,4.620000000000000000e+02,3.830000000000000000e+02,1.210000000000000000e+02,4.020000000000000000e+02,4.520000000000000000e+02,1.920000000000000000e+02,1.670000000000000000e+02,4.240000000000000000e+02,4.240000000000000000e+02,1.860000000000000000e+02,0.000000000000000000e+00,4.100000000000000000e+02,4.290000000000000000e+02,0.000000000000000000e+00,0.000000000000000000e+00,1.340000000000000000e+02,0.000000000000000000e+00,4.670000000000000000e+02,1.550000000000000000e+02,4.250000000000000000e+02,1.280000000000000000e+02,1.450000000000000000e+02,1.250000000000000000e+02,4.680000000000000000e+02,1.770000000000000000e+02,3.990000000000000000e+02,1.350000000000000000e+02,4.250000000000000000e+02,0.000000000000000000e+00,4.440000000000000000e+02,0.000000000000000000e+00,4.330000000000000000e+02,1.690000000000000000e+02,3.880000000000000000e+02,4.430000000000000000e+02,0.000000000000000000e+00,5.140000000000000000e+02,0.000000000000000000e+00,4.400000000000000000e+02,4.770000000000000000e+02,1.380000000000000000e+02,0.000000000000000000e+00,4.130000000000000000e+02,0.000000000000000000e+00,1.590000000000000000e+02,0.000000000000000000e+00,3.310000000000000000e+02,1.500000000000000000e+02,1.280000000000000000e+02,0.000000000000000000e+00,0.000000000000000000e+00,4.200000000000000000e+02,3.440000000000000000e+02,4.250000000000000000e+02,0.000000000000000000e+00,1.760000000000000000e+02,4.690000000000000000e+02,4.800000000000000000e+02,1.500000000000000000e+02,0.000000000000000000e+00,0.000000000000000000e+00,1.440000000000000000e+02,4.350000000000000000e+02,1.410000000000000000e+02,1.580000000000000000e+02,4.470000000000000000e+02,1.370000000000000000e+02,0.000000000000000000e+00,5.750000000000000000e+02,1.030000000000000000e+02,0.000000000000000000e+00,4.740000000000000000e+02,0.000000000000000000e+00,1.370000000000000000e+02,1.750000000000000000e+02,4.760000000000000000e+02,3.770000000000000000e+02,0.000000000000000000e+00,4.500000000000000000e+02,0.000000000000000000e+00,0.000000000000000000e+00,4.450000000000000000e+02,0.000000000000000000e+00,0.000000000000000000e+00,3.810000000000000000e+02,0.000000000000000000e+00,0.000000000000000000e+00,1.300000000000000000e+02,4.900000000000000000e+02,4.610000000000000000e+02,1.500000000000000000e+02,0.000000000000000000e+00,1.740000000000000000e+02,1.540000000000000000e+02,4.270000000000000000e+02,1.400000000000000000e+02,1.260000000000000000e+02,1.600000000000000000e+02,1.580000000000000000e+02,1.540000000000000000e+02,1.700000000000000000e+02,0.000000000000000000e+00,0.000000000000000000e+00,4.720000000000000000e+02,4.430000000000000000e+02,1.400000000000000000e+02,1.560000000000000000e+02,4.640000000000000000e+02,0.000000000000000000e+00,1.660000000000000000e+02,4.790000000000000000e+02,0.000000000000000000e+00,3.610000000000000000e+02,0.000000000000000000e+00,0.000000000000000000e+00,1.430000000000000000e+02,0.000000000000000000e+00,4.030000000000000000e+02,1.560000000000000000e+02,3.780000000000000000e+02,1.520000000000000000e+02,1.340000000000000000e+02,0.000000000000000000e+00,4.180000000000000000e+02,1.450000000000000000e+02,4.320000000000000000e+02,1.690000000000000000e+02,4.090000000000000000e+02,1.420000000000000000e+02,4.210000000000000000e+02,3.620000000000000000e+02,4.520000000000000000e+02,4.160000000000000000e+02,0.000000000000000000e+00,3.920000000000000000e+02,1.520000000000000000e+02,1.870000000000000000e+02,3.750000000000000000e+02,1.830000000000000000e+02,0.000000000000000000e+00,0.000000000000000000e+00,3.830000000000000000e+02,1.570000000000000000e+02,1.430000000000000000e+02,5.250000000000000000e+02,1.500000000000000000e+02,3.690000000000000000e+02,4.260000000000000000e+02,1.640000000000000000e+02,0.000000000000000000e+00,0.000000000000000000e+00,4.160000000000000000e+02,1.690000000000000000e+02,1.810000000000000000e+02,4.730000000000000000e+02,4.690000000000000000e+02,4.650000000000000000e+02,4.190000000000000000e+02,1.880000000000000000e+02,0.000000000000000000e+00,4.590000000000000000e+02,4.560000000000000000e+02,4.480000000000000000e+02,4.320000000000000000e+02,0.000000000000000000e+00,0.000000000000000000e+00,4.660000000000000000e+02,1.290000000000000000e+02,4.530000000000000000e+02,1.570000000000000000e+02,1.540000000000000000e+02,0.000000000000000000e+00,0.000000000000000000e+00,1.630000000000000000e+02,1.340000000000000000e+02,4.110000000000000000e+02,4.390000000000000000e+02,4.690000000000000000e+02,0.000000000000000000e+00,1.900000000000000000e+02
2.620000000000000000e+02,2.480000000000000000e+02,9.700000000000000000e+01,8.300000000000000000e+01,9.200000000000000000e+01,7.100000000000000000e+01,0.000000000000000000e+00,4.900000000000000000e+01,9.900000000000000000e+01,0.000000000000000000e+00,0.000000000000000000e+00,0.000000000000000000e+00,1.360000000000000000e+02,2.670000000000000000e+02,0.000000000000000000e+00,0.000000000000000000e+00,5.200000000000000000e+01,1.960000000000000000e+02,1.730000000000000000e+02,0.000000000000000000e+00,7.400000000000000000e+01,1.000000000000000000e+02,2.000000000000000000e+02,3.130000000000000000e+02,0.000000000000000000e+00,9.900000000000000000e+01,1.070000000000000000e+02,2.450000000000000000e+02,2.590000000000000000e+02,3.060000000000000000e+02,2.110000000000000000e+02,2.070000000000000000e+02,0.000000000000000000e+00,2.940000000000000000e+02,0.000000000000000000e+00,1.080000000000000000e+02,0.000000000000000000e+00,2.450000000000000000e+02,1.050000000000000000e+02,3.030000000000000000e+02,0.000000000000000000e+00,2.420000000000000000e+02,0.000000000000000000e+00,2.570000000000000000e+02,0.000000000000000000e+00,5.000000000000000000e+01,0.000000000000000000e+00,0.000000000000000000e+00,3.900000000000000000e+01,0.000000000000000000e+00,0.000000000000000000e+00,6.200000000000000000e+01,1.190000000000000000e+02,0.000000000000000000e+00,2.050000000000000000e+02,2.600000000000000000e+02,0.000000000000000000e+00,2.990000000000000000e+02,1.050000000000000000e+02,8.100000000000000000e+01,0.000000000000000000e+00,9.300000000000000000e+01,1.060000000000000000e+02,1.660000000000000000e+02,3.500000000000000000e+01,2.740000000000000000e+02,2.220000000000000000e+02,1.440000000000000000e+02,8.400000000000000000e+01,0.000000000000000000e+00,2.400000000000000000e+02,7.300000000000000000e+01,2.660000000000000000e+02,2.180000000000000000e+02,3.400000000000000000e+01,2.310000000000000000e+02,4.300000000000000000e+01,2.920000000000000000e+02,8.400000000000000000e+01,3.050000000000000000e+02,3.430000000000000000e+02,1.040000000000000000e+02,1.050000000000000000e+02,7.200000000000000000e+01,0.000000000000000000e+00,2.700000000000000000e+02,1.800000000000000000e+02,5.300000000000000000e+01,2.420000000000000000e+02,2.810000000000000000e+02,7.700000000000000000e+01,9.000000000000000000e+01,2.600000000000000000e+02,2.120000000000000000e+02,7.100000000000000000e+01,0.000000000000000000e+00,1.960000000000000000e+02,2.880000000000000000e+02,0.000000000000000000e+00,0.000000000000000000e+00,3.600000000000000000e+01,0.000000000000000000e+00,2.840000000000000000e+02,6.700000000000000000e+01,2.320000000000000000e+02,3.800000000000000000e+01,7.600000000000000000e+01,1.800000000000000000e+01,2.790000000000000000e+02,1.260000000000000000e+02,2.920000000000000000e+02,4.900000000000000000e+01,2.410000000000000000e+02,0.000000000000000000e+00,2.860000000000000000e+02,0.000000000000000000e+00,3.070000000000000000e+02,1.060000000000000000e+02,2.470000000000000000e+02,2.710000000000000000e+02,0.000000000000000000e+00,3.950000000000000000e+02,0.000000000000000000e+00,3.090000000000000000e+02,3.020000000000000000e+02,3.900000000000000000e+01,0.000000000000000000e+00,2.420000000000000000e+02,0.000000000000000000e+00,8.900000000000000000e+01,0.000000000000000000e+00,5.300000000000000000e+01,5.200000000000000000e+01,2.500000000000000000e+01,0.000000000000000000e+00,0.000000000000000000e+00,2.540000000000000000e+02,8.900000000000000000e+01,2.810000000000000000e+02,0.000000000000000000e+00,8.900000000000000000e+01,2.750000000000000000e+02,2.240000000000000000e+02,1.030000000000000000e+02,0.000000000000000000e+00,0.000000000000000000e+00,4.100000000000000000e+01,2.690000000000000000e+02,3.000000000000000000e+01,1.100000000000000000e+02,2.840000000000000000e+02,6.200000000000000000e+01,0.000000000000000000e+00,3.440000000000000000e+02,1.300000000000000000e+01,0.000000000000000000e+00,2.880000000000000000e+02,0.000000000000000000e+00,8.200000000000000000e+01,1.150000000000000000e+02,2.720000000000000000e+02,2.270000000000000000e+02,0.000000000000000000e+00,2.710000000000000000e+02,0.000000000000000000e+00,0.000000000000000000e+00,2.510000000000000000e+02,0.000000000000000000e+00,0.000000000000000000e+00,1.760000000000000000e+02,0.000000000000000000e+00,0.000000000000000000e+00,3.700000000000000000e+01,3.650000000000000000e+02,2.810000000000000000e+02,8.100000000000000000e+01,0.000000000000000000e+00,7.500000000000000000e+01,8.600000000000000000e+01,9.500000000000000000e+01,8.500000000000000000e+01,5.700000000000000000e+01,8.900000000000000000e+01,9.900000000000000000e+01,4.900000000000000000e+01,1.060000000000000000e+02,0.000000000000000000e+00,0.000000000000000000e+00,2.880000000000000000e+02,2.870000000000000000e+02,7.400000000000000000e+01,8.600000000000000000e+01,3.040000000000000000e+02,0.000000000000000000e+00,1.060000000000000000e+02,2.550000000000000000e+02,0.000000000000000000e+00,1.980000000000000000e+02,0.000000000000000000e+00,0.000000000000000000e+00,8.900000000000000000e+01,0.000000000000000000e+00,2.620000000000000000e+02,5.000000000000000000e+01,1.260000000000000000e+02,5.800000000000000000e+01,4.900000000000000000e+01,0.000000000000000000e+00,2.540000000000000000e+02,4.300000000000000000e+01,1.980000000000000000e+02,7.000000000000000000e+01,1.710000000000000000e+02,5.400000000000000000e+01,2.970000000000000000e+02,2.490000000000000000e+02,2.670000000000000000e+02,1.920000000000000000e+02,0.000000000000000000e+00,1.370000000000000000e+02,1.090000000000000000e+02,1.190000000000000000e+02,1.650000000000000000e+02,1.010000000000000000e+02,0.000000000000000000e+00,0.000000000000000000e+00,2.290000000000000000e+02,4.800000000000000000e+01,7.100000000000000000e+01,3.750000000000000000e+02,4.500000000000000000e+01,1.920000000000000000e+02,2.570000000000000000e+02,9.100000000000000000e+01,0.000000000000000000e+00,0.000000000000000000e+00,2.590000000000000000e+02,1.040000000000000000e+02,9.800000000000000000e+01,2.560000000000000000e+02,2.870000000000000000e+02,2.700000000000000000e+02,2.740000000000000000e+02,1.160000000000000000e+02,0.000000000000000000e+00,2.810000000000000000e+02,2.920000000000000000e+02,2.860000000000000000e+02,2.650000000000000000e+02,0.000000000000000000e+00,0.000000000000000000e+00,2.760000000000000000e+02,1.800000000000000000e+01,2.760000000000000000e+02,3.400000000000000000e+01,2.000000000000000000e+01,0.000000000000000000e+00,0.000000000000000000e+00,4.900000000000000000e+01,3.100000000000000000e+01,3.370000000000000000e+02,2.670000000000000000e+02,2.930000000000000000e+02,0.000000000000000000e+00,1.280000000000000000e+02
6.970000000000000000e+02,6.750000000000000000e+02,1.900000000000000000e+02,1.530000000000000000e+02,1.750000000000000000e+02,1.660000000000000000e+02,5.600000000000000000e+01,1.130000000000000000e+02,1.870000000000000000e+02,4.000000000000000000e+00,1.150000000000000000e+02,1.210000000000000000e+02,5.050000000000000000e+02,6.630000000000000000e+02,5.100000000000000000e+01,3.000000000000000000e+01,1.380000000000000000e+02,6.060000000000000000e+02,5.500000000000000000e+02,2.200000000000000000e+01,1.560000000000000000e+02,2.040000000000000000e+02,6.890000000000000000e+02,7.760000000000000000e+02,2.000000000000000000e+00,1.870000000000000000e+02,1.690000000000000000e+02,6.930000000000000000e+02,7.090000000000000000e+02,7.310000000000000000e+02,6.320000000000000000e+02,5.960000000000000000e+02,8.700000000000000000e+01,7.740000000000000000e+02,8.000000000000000000e+00,3.120000000000000000e+02,2.900000000000000000e+01,6.420000000000000000e+02,1.770000000000000000e+02,6.870000000000000000e+02,4.500000000000000000e+01,6.370000000000000000e+02,7.700000000000000000e+01,6.250000000000000000e+02,3.800000000000000000e+01,1.760000000000000000e+02,2.500000000000000000e+01,5.000000000000000000e+00,1.210000000000000000e+02,1.080000000000000000e+02,1.260000000000000000e+02,1.190000000000000000e+02,1.960000000000000000e+02,4.100000000000000000e+01,6.810000000000000000e+02,6.300000000000000000e+02,1.900000000000000000e+01,7.210000000000000000e+02,1.620000000000000000e+02,1.740000000000000000e+02,1.060000000000000000e+02,1.460000000000000000e+02,1.900000000000000000e+02,5.300000000000000000e+02,1.330000000000000000e+02,7.700000000000000000e+02,6.440000000000000000e+02,5.220000000000000000e+02,3.990000000000000000e+02,9.900000000000000000e+01,6.780000000000000000e+02,1.470000000000000000e+02,7.060000000000000000e+02,6.100000000000000000e+02,8.200000000000000000e+01,7.010000000000000000e+02,1.740000000000000000e+02,7.580000000000000000e+02,1.620000000000000000e+02,7.030000000000000000e+02,8.220000000000000000e+02,3.100000000000000000e+02,3.380000000000000000e+02,1.660000000000000000e+02,9.800000000000000000e+01,6.440000000000000000e+02,5.440000000000000000e+02,1.300000000000000000e+02,6.800000000000000000e+02,7.570000000000000000e+02,1.510000000000000000e+02,1.690000000000000000e+02,7.220000000000000000e+02,6.170000000000000000e+02,1.790000000000000000e+02,9.500000000000000000e+01,6.180000000000000000e+02,7.100000000000000000e+02,4.200000000000000000e+01,2.100000000000000000e+01,1.120000000000000000e+02,7.000000000000000000e+00,7.300000000000000000e+02,1.410000000000000000e+02,6.400000000000000000e+02,9.600000000000000000e+01,1.370000000000000000e+02,5.900000000000000000e+01,7.200000000000000000e+02,2.640000000000000000e+02,6.880000000000000000e+02,1.150000000000000000e+02,6.720000000000000000e+02,3.200000000000000000e+01,7.430000000000000000e+02,1.140000000000000000e+02,7.120000000000000000e+02,1.850000000000000000e+02,6.790000000000000000e+02,7.410000000000000000e+02,5.000000000000000000e+00,8.650000000000000000e+02,1.220000000000000000e+02,7.340000000000000000e+02,7.120000000000000000e+02,1.210000000000000000e+02,2.000000000000000000e+01,6.840000000000000000e+02,2.200000000000000000e+01,1.650000000000000000e+02,1.300000000000000000e+01,2.400000000000000000e+02,1.540000000000000000e+02,5.600000000000000000e+01,9.100000000000000000e+01,3.600000000000000000e+01,6.790000000000000000e+02,3.980000000000000000e+02,7.630000000000000000e+02,9.900000000000000000e+01,1.990000000000000000e+02,7.070000000000000000e+02,7.310000000000000000e+02,3.030000000000000000e+02,2.900000000000000000e+01,7.700000000000000000e+01,9.400000000000000000e+01,6.860000000000000000e+02,1.360000000000000000e+02,1.840000000000000000e+02,7.120000000000000000e+02,1.540000000000000000e+02,1.030000000000000000e+02,8.250000000000000000e+02,1.000000000000000000e+01,6.400000000000000000e+01,7.090000000000000000e+02,4.000000000000000000e+00,1.680000000000000000e+02,1.740000000000000000e+02,7.050000000000000000e+02,6.440000000000000000e+02,5.000000000000000000e+01,7.190000000000000000e+02,9.000000000000000000e+01,3.600000000000000000e+01,7.080000000000000000e+02,1.500000000000000000e+01,3.500000000000000000e+01,5.540000000000000000e+02,3.100000000000000000e+01,1.040000000000000000e+02,0.000000000000000000e+00,8.590000000000000000e+02,6.940000000000000000e+02,1.670000000000000000e+02,3.200000000000000000e+01,1.640000000000000000e+02,1.540000000000000000e+02,4.810000000000000000e+02,1.570000000000000000e+02,1.780000000000000000e+02,1.850000000000000000e+02,1.840000000000000000e+02,1.430000000000000000e+02,2.100000000000000000e+02,7.400000000000000000e+01,3.000000000000000000e+00,6.930000000000000000e+02,6.670000000000000000e+02,1.820000000000000000e+02,1.590000000000000000e+02,7.430000000000000000e+02,7.300000000000000000e+01,1.600000000000000000e+02,7.060000000000000000e+02,3.700000000000000000e+01,6.060000000000000000e+02,3.800000000000000000e+01,1.400000000000000000e+01,1.670000000000000000e+02,4.300000000000000000e+01,6.890000000000000000e+02,1.340000000000000000e+02,4.660000000000000000e+02,1.320000000000000000e+02,1.210000000000000000e+02,6.000000000000000000e+00,7.220000000000000000e+02,1.020000000000000000e+02,6.690000000000000000e+02,1.310000000000000000e+02,5.980000000000000000e+02,1.330000000000000000e+02,7.920000000000000000e+02,6.610000000000000000e+02,7.610000000000000000e+02,5.830000000000000000e+02,3.200000000000000000e+01,4.560000000000000000e+02,1.780000000000000000e+02,2.810000000000000000e+02,5.950000000000000000e+02,3.310000000000000000e+02,9.300000000000000000e+01,1.190000000000000000e+02,6.600000000000000000e+02,1.220000000000000000e+02,1.370000000000000000e+02,8.390000000000000000e+02,1.450000000000000000e+02,5.680000000000000000e+02,7.190000000000000000e+02,1.790000000000000000e+02,1.200000000000000000e+01,6.900000000000000000e+01,6.760000000000000000e+02,1.810000000000000000e+02,3.070000000000000000e+02,6.630000000000000000e+02,6.750000000000000000e+02,6.590000000000000000e+02,6.550000000000000000e+02,2.920000000000000000e+02,5.400000000000000000e+01,7.090000000000000000e+02,7.170000000000000000e+02,7.270000000000000000e+02,6.830000000000000000e+02,2.400000000000000000e+01,3.900000000000000000e+01,7.260000000000000000e+02,6.100000000000000000e+01,7.070000000000000000e+02,9.800000000000000000e+01,9.500000000000000000e+01,5.500000000000000000e+01,7.000000000000000000e+00,1.310000000000000000e+02,1.020000000000000000e+02,7.250000000000000000e+02,6.980000000000000000e+02,7.390000000000000000e+02,3.300000000000000000e+01,2.940000000000000000e+02
7.000000000000000000e+01,8.200000000000000000e+01,3.300000000000000000e+01,2.100000000000000000e+01,2.500000000000000000e+01,6.000000000000000000e+00,0.000000000000000000e+00,4.000000000000000000e+00,5.400000000000000000e+01,0.000000000000000000e+00,5.800000000000000000e+01,2.300000000000000000e+01,4.000000000000000000e+00,8.800000000000000000e+01,3.100000000000000000e+01,3.000000000000000000e+00,0.000000000000000000e+00,2.000000000000000000e+01,2.000000000000000000e+01,0.000000000000000000e+00,1.200000000000000000e+01,7.000000000000000000e+00,3.300000000000000000e+01,1.620000000000000000e+02,0.000000000000000000e+00,6.000000000000000000e+01,4.200000000000000000e+01,4.400000000000000000e+01,1.020000000000000000e+02,1.370000000000000000e+02,1.600000000000000000e+01,1.300000000000000000e+01,1.000000000000000000e+00,4.700000000000000000e+01,0.000000000000000000e+00,0.000000000000000000e+00,0.000000000000000000e+00,4.100000000000000000e+01,1.500000000000000000e+01,2.450000000000000000e+02,2.000000000000000000e+00,8.500000000000000000e+01,0.000000000000000000e+00,2.500000000000000000e+01,0.000000000000000000e+00,4.000000000000000000e+00,0.000000000000000000e+00,0.000000000000000000e+00,2.000000000000000000e+00,1.100000000000000000e+01,3.000000000000000000e+01,0.000000000000000000e+00,2.700000000000000000e+01,0.000000000000000000e+00,2.900000000000000000e+01,3.600000000000000000e+01,1.000000000000000000e+00,3.200000000000000000e+01,3.100000000000000000e+01,2.300000000000000000e+01,0.000000000000000000e+00,4.000000000000000000e+00,2.300000000000000000e+01,8.000000000000000000e+00,2.000000000000000000e+00,2.040000000000000000e+02,1.400000000000000000e+01,9.000000000000000000e+00,3.000000000000000000e+00,7.000000000000000000e+00,6.100000000000000000e+01,3.100000000000000000e+01,2.700000000000000000e+01,2.200000000000000000e+01,2.000000000000000000e+00,6.000000000000000000e+00,0.000000000000000000e+00,5.300000000000000000e+01,3.000000000000000000e+00,1.030000000000000000e+02,0.000000000000000000e+00,0.000000000000000000e+00,0.000000000000000000e+00,2.000000000000000000e+00,5.500000000000000000e+01,9.000000000000000000e+01,1.400000000000000000e+01,2.000000000000000000e+00,2.900000000000000000e+01,1.890000000000000000e+02,1.200000000000000000e+01,5.000000000000000000e+00,1.800000000000000000e+02,3.600000000000000000e+01,3.000000000000000000e+00,2.100000000000000000e+01,2.600000000000000000e+01,1.540000000000000000e+02,0.000000000000000000e+00,1.000000000000000000e+00,6.000000000000000000e+00,0.000000000000000000e+00,1.570000000000000000e+02,2.000000000000000000e+00,4.400000000000000000e+01,0.000000000000000000e+00,1.600000000000000000e+01,0.000000000000000000e+00,1.660000000000000000e+02,0.000000000000000000e+00,1.440000000000000000e+02,3.000000000000000000e+00,5.500000000000000000e+01,0.000000000000000000e+00,2.950000000000000000e+02,3.600000000000000000e+01,1.670000000000000000e+02,8.100000000000000000e+01,5.500000000000000000e+01,1.020000000000000000e+02,1.000000000000000000e+00,0.000000000000000000e+00,3.400000000000000000e+01,1.490000000000000000e+02,1.100000000000000000e+02,1.000000000000000000e+00,0.000000000000000000e+00,1.430000000000000000e+02,0.000000000000000000e+00,3.500000000000000000e+01,0.000000000000000000e+00,2.000000000000000000e+00,5.000000000000000000e+00,1.000000000000000000e+00,0.000000000000000000e+00,1.000000000000000000e+00,3.300000000000000000e+01,0.000000000000000000e+00,5.000000000000000000e+01,1.800000000000000000e+01,9.000000000000000000e+00,2.400000000000000000e+01,1.100000000000000000e+01,0.000000000000000000e+00,0.000000000000000000e+00,0.000000000000000000e+00,0.000000000000000000e+00,4.600000000000000000e+01,0.000000000000000000e+00,2.000000000000000000e+01,6.800000000000000000e+01,3.000000000000000000e+00,4.500000000000000000e+01,0.000000000000000000e+00,1.000000000000000000e+00,0.000000000000000000e+00,2.450000000000000000e+02,0.000000000000000000e+00,7.000000000000000000e+00,1.100000000000000000e+01,1.140000000000000000e+02,3.900000000000000000e+01,2.900000000000000000e+01,9.300000000000000000e+01,2.000000000000000000e+00,0.000000000000000000e+00,4.100000000000000000e+01,0.000000000000000000e+00,1.000000000000000000e+00,8.000000000000000000e+00,0.000000000000000000e+00,0.000000000000000000e+00,0.000000000000000000e+00,0.000000000000000000e+00,1.540000000000000000e+02,2.500000000000000000e+01,0.000000000000000000e+00,2.400000000000000000e+01,2.700000000000000000e+01,6.000000000000000000e+00,7.000000000000000000e+00,6.000000000000000000e+00,2.900000000000000000e+01,5.800000000000000000e+01,1.100000000000000000e+01,7.500000000000000000e+01,0.000000000000000000e+00,0.000000000000000000e+00,1.530000000000000000e+02,6.300000000000000000e+01,6.000000000000000000e+00,1.000000000000000000e+00,3.490000000000000000e+02,0.000000000000000000e+00,1.100000000000000000e+01,9.200000000000000000e+01,0.000000000000000000e+00,3.100000000000000000e+01,0.000000000000000000e+00,0.000000000000000000e+00,3.800000000000000000e+01,2.200000000000000000e+01,8.100000000000000000e+01,0.000000000000000000e+00,8.000000000000000000e+00,5.000000000000000000e+00,1.000000000000000000e+00,0.000000000000000000e+00,1.900000000000000000e+01,4.000000000000000000e+00,1.500000000000000000e+01,2.300000000000000000e+01,4.000000000000000000e+00,6.000000000000000000e+00,2.400000000000000000e+02,4.100000000000000000e+01,2.000000000000000000e+02,2.100000000000000000e+01,0.000000000000000000e+00,8.000000000000000000e+00,4.600000000000000000e+01,0.000000000000000000e+00,8.000000000000000000e+00,0.000000000000000000e+00,6.000000000000000000e+00,7.000000000000000000e+00,7.000000000000000000e+01,1.000000000000000000e+00,0.000000000000000000e+00,0.000000000000000000e+00,3.000000000000000000e+00,3.000000000000000000e+00,1.850000000000000000e+02,7.000000000000000000e+01,0.000000000000000000e+00,0.000000000000000000e+00,6.600000000000000000e+01,1.200000000000000000e+01,0.000000000000000000e+00,5.000000000000000000e+01,1.590000000000000000e+02,8.100000000000000000e+01,7.800000000000000000e+01,0.000000000000000000e+00,2.000000000000000000e+00,1.720000000000000000e+02,1.100000000000000000e+02,5.000000000000000000e+01,9.200000000000000000e+01,0.000000000000000000e+00,0.000000000000000000e+00,6.500000000000000000e+01,3.000000000000000000e+00,6.500000000000000000e+01,1.000000000000000000e+00,0.000000000000000000e+00,0.000000000000000000e+00,0.000000000000000000e+00,5.000000000000000000e+00,0.000000000000000000e+00,1.870000000000000000e+02,1.430000000000000000e+02,2.680000000000000000e+02,0.000000000000000000e+00,0.000000000000000000e+00
1.075000000000000000e+03,1.295000000000000000e+03,6.940000000000000000e+02,3.380000000000000000e+02,3.640000000000000000e+02,1.220000000000000000e+02,5.000000000000000000e+00,4.000000000000000000e+01,8.320000000000000000e+02,0.000000000000000000e+00,5.030000000000000000e+02,3.540000000000000000e+02,1.240000000000000000e+02,1.261000000000000000e+03,2.380000000000000000e+02,2.000000000000000000e+01,1.500000000000000000e+01,4.180000000000000000e+02,2.820000000000000000e+02,4.000000000000000000e+00,1.310000000000000000e+02,1.750000000000000000e+02,5.160000000000000000e+02,1.825000000000000000e+03,3.000000000000000000e+00,6.460000000000000000e+02,3.750000000000000000e+02,2.460000000000000000e+02,1.543000000000000000e+03,2.013000000000000000e+03,3.080000000000000000e+02,1.740000000000000000e+02,1.130000000000000000e+02,8.030000000000000000e+02,3.000000000000000000e+00,8.520000000000000000e+02,0.000000000000000000e+00,2.170000000000000000e+02,2.130000000000000000e+02,2.338000000000000000e+03,1.320000000000000000e+02,5.680000000000000000e+02,1.200000000000000000e+01,7.570000000000000000e+02,4.000000000000000000e+00,5.400000000000000000e+01,5.000000000000000000e+00,3.000000000000000000e+00,5.100000000000000000e+01,3.040000000000000000e+02,4.360000000000000000e+02,3.500000000000000000e+01,4.240000000000000000e+02,5.000000000000000000e+00,6.480000000000000000e+02,6.870000000000000000e+02,4.000000000000000000e+00,7.860000000000000000e+02,5.220000000000000000e+02,2.510000000000000000e+02,8.000000000000000000e+01,1.420000000000000000e+02,2.540000000000000000e+02,3.200000000000000000e+01,1.200000000000000000e+01,2.219000000000000000e+03,3.580000000000000000e+02,2.420000000000000000e+02,5.800000000000000000e+01,4.300000000000000000e+01,3.220000000000000000e+02,4.000000000000000000e+02,5.340000000000000000e+02,3.750000000000000000e+02,2.000000000000000000e+01,2.550000000000000000e+02,3.800000000000000000e+01,1.308000000000000000e+03,9.400000000000000000e+01,1.446000000000000000e+03,4.440000000000000000e+03,7.850000000000000000e+02,8.070000000000000000e+02,1.370000000000000000e+02,4.530000000000000000e+02,1.371000000000000000e+03,1.770000000000000000e+02,1.800000000000000000e+01,6.590000000000000000e+02,2.053000000000000000e+03,3.900000000000000000e+01,1.370000000000000000e+02,2.083000000000000000e+03,2.480000000000000000e+02,7.800000000000000000e+01,1.380000000000000000e+02,4.440000000000000000e+02,1.873000000000000000e+03,7.000000000000000000e+00,1.000000000000000000e+00,4.100000000000000000e+01,5.000000000000000000e+00,1.426000000000000000e+03,9.200000000000000000e+01,6.400000000000000000e+02,1.900000000000000000e+01,2.340000000000000000e+02,3.000000000000000000e+00,1.683000000000000000e+03,9.260000000000000000e+02,1.717000000000000000e+03,6.500000000000000000e+01,9.860000000000000000e+02,1.000000000000000000e+00,2.451000000000000000e+03,4.060000000000000000e+02,2.019000000000000000e+03,8.400000000000000000e+02,1.154000000000000000e+03,1.643000000000000000e+03,8.000000000000000000e+00,4.363000000000000000e+03,4.610000000000000000e+02,2.087000000000000000e+03,1.804000000000000000e+03,2.900000000000000000e+01,3.000000000000000000e+00,1.923000000000000000e+03,1.000000000000000000e+00,5.810000000000000000e+02,8.000000000000000000e+00,4.500000000000000000e+01,7.900000000000000000e+01,9.000000000000000000e+00,2.400000000000000000e+01,1.900000000000000000e+01,1.169000000000000000e+03,3.500000000000000000e+01,8.150000000000000000e+02,3.070000000000000000e+02,3.290000000000000000e+02,9.570000000000000000e+02,2.890000000000000000e+02,8.750000000000000000e+02,5.000000000000000000e+00,2.000000000000000000e+01,1.300000000000000000e+01,1.132000000000000000e+03,3.400000000000000000e+01,7.830000000000000000e+02,1.371000000000000000e+03,7.000000000000000000e+01,4.490000000000000000e+02,4.364000000000000000e+03,1.300000000000000000e+01,7.000000000000000000e+00,2.223000000000000000e+03,7.000000000000000000e+00,1.280000000000000000e+02,3.920000000000000000e+02,1.306000000000000000e+03,6.870000000000000000e+02,2.220000000000000000e+02,1.313000000000000000e+03,9.700000000000000000e+01,8.000000000000000000e+00,1.167000000000000000e+03,4.000000000000000000e+00,4.000000000000000000e+00,2.050000000000000000e+02,2.000000000000000000e+00,4.500000000000000000e+01,3.600000000000000000e+01,4.461000000000000000e+03,0.000000000000000000e+00,2.200000000000000000e+02,2.000000000000000000e+00,3.960000000000000000e+02,3.280000000000000000e+02,1.400000000000000000e+01,1.020000000000000000e+02,4.600000000000000000e+01,1.680000000000000000e+02,6.060000000000000000e+02,2.140000000000000000e+02,1.045000000000000000e+03,1.900000000000000000e+01,0.000000000000000000e+00,2.182000000000000000e+03,6.000000000000000000e+02,1.020000000000000000e+02,1.270000000000000000e+02,2.462000000000000000e+03,0.000000000000000000e+00,2.970000000000000000e+02,1.712000000000000000e+03,9.000000000000000000e+00,4.260000000000000000e+02,7.000000000000000000e+00,1.000000000000000000e+00,5.190000000000000000e+02,1.940000000000000000e+02,1.123000000000000000e+03,3.900000000000000000e+01,8.000000000000000000e+01,6.200000000000000000e+01,4.600000000000000000e+01,0.000000000000000000e+00,4.720000000000000000e+02,6.800000000000000000e+01,3.350000000000000000e+02,1.930000000000000000e+02,1.160000000000000000e+02,7.600000000000000000e+01,2.489000000000000000e+03,6.090000000000000000e+02,2.194000000000000000e+03,3.070000000000000000e+02,2.000000000000000000e+00,1.070000000000000000e+02,6.830000000000000000e+02,8.400000000000000000e+02,1.620000000000000000e+02,8.870000000000000000e+02,1.890000000000000000e+02,1.590000000000000000e+02,9.530000000000000000e+02,6.400000000000000000e+01,3.600000000000000000e+01,4.370000000000000000e+03,5.900000000000000000e+01,1.550000000000000000e+02,1.637000000000000000e+03,7.410000000000000000e+02,1.000000000000000000e+00,5.000000000000000000e+00,5.180000000000000000e+02,3.320000000000000000e+02,8.040000000000000000e+02,6.210000000000000000e+02,2.092000000000000000e+03,1.364000000000000000e+03,1.012000000000000000e+03,8.320000000000000000e+02,1.000000000000000000e+01,1.958000000000000000e+03,1.727000000000000000e+03,8.200000000000000000e+02,1.618000000000000000e+03,7.000000000000000000e+00,4.000000000000000000e+00,1.081000000000000000e+03,1.500000000000000000e+01,1.329000000000000000e+03,6.000000000000000000e+00,7.000000000000000000e+00,3.000000000000000000e+00,0.000000000000000000e+00,4.400000000000000000e+01,1.900000000000000000e+01,2.243000000000000000e+03,1.985000000000000000e+03,2.398000000000000000e+03,6.000000000000000000e+00,8.510000000000000000e+02
1.241000000000000000e+03,1.258000000000000000e+03,3.410000000000000000e+02,2.400000000000000000e+02,2.990000000000000000e+02,1.720000000000000000e+02,3.500000000000000000e+01,1.200000000000000000e+02,3.890000000000000000e+02,5.000000000000000000e+00,2.810000000000000000e+02,2.650000000000000000e+02,4.990000000000000000e+02,1.275000000000000000e+03,1.120000000000000000e+02,4.200000000000000000e+01,1.150000000000000000e+02,7.950000000000000000e+02,6.810000000000000000e+02,9.000000000000000000e+00,2.200000000000000000e+02,2.580000000000000000e+02,8.290000000000000000e+02,1.590000000000000000e+03,2.000000000000000000e+00,3.590000000000000000e+02,2.480000000000000000e+02,9.980000000000000000e+02,1.265000000000000000e+03,1.527000000000000000e+03,7.080000000000000000e+02,8.840000000000000000e+02,1.570000000000000000e+02,1.069000000000000000e+03,1.100000000000000000e+01,6.360000000000000000e+02,1.800000000000000000e+01,9.880000000000000000e+02,2.600000000000000000e+02,1.565000000000000000e+03,1.220000000000000000e+02,1.329000000000000000e+03,6.300000000000000000e+01,1.033000000000000000e+03,2.300000000000000000e+01,1.680000000000000000e+02,1.200000000000000000e+01,1.400000000000000000e+01,1.150000000000000000e+02,2.370000000000000000e+02,2.820000000000000000e+02,1.250000000000000000e+02,3.090000000000000000e+02,2.800000000000000000e+01,9.590000000000000000e+02,9.490000000000000000e+02,2.000000000000000000e+01,1.134000000000000000e+03,2.830000000000000000e+02,2.040000000000000000e+02,1.500000000000000000e+02,1.870000000000000000e+02,2.800000000000000000e+02,6.170000000000000000e+02,7.900000000000000000e+01,1.654000000000000000e+03,6.890000000000000000e+02,5.620000000000000000e+02,2.490000000000000000e+02,1.290000000000000000e+02,1.136000000000000000e+03,2.800000000000000000e+02,9.480000000000000000e+02,7.870000000000000000e+02,5.400000000000000000e+01,8.310000000000000000e+02,9.400000000000000000e+01,1.383000000000000000e+03,1.750000000000000000e+02,1.332000000000000000e+03,2.208000000000000000e+03,5.440000000000000000e+02,7.370000000000000000e+02,2.360000000000000000e+02,2.890000000000000000e+02,1.195000000000000000e+03,5.380000000000000000e+02,1.000000000000000000e+02,9.450000000000000000e+02,1.542000000000000000e+03,1.800000000000000000e+02,2.540000000000000000e+02,1.454000000000000000e+03,1.004000000000000000e+03,2.060000000000000000e+02,2.110000000000000000e+02,8.210000000000000000e+02,1.405000000000000000e+03,2.400000000000000000e+01,8.000000000000000000e+00,1.140000000000000000e+02,2.000000000000000000e+01,1.510000000000000000e+03,1.680000000000000000e+02,9.690000000000000000e+02,9.800000000000000000e+01,2.100000000000000000e+02,5.700000000000000000e+01,1.662000000000000000e+03,6.390000000000000000e+02,1.541000000000000000e+03,1.120000000000000000e+02,1.118000000000000000e+03,9.000000000000000000e+00,1.685000000000000000e+03,2.660000000000000000e+02,1.475000000000000000e+03,3.880000000000000000e+02,1.113000000000000000e+03,1.312000000000000000e+03,1.100000000000000000e+01,2.028000000000000000e+03,2.690000000000000000e+02,1.449000000000000000e+03,1.356000000000000000e+03,1.090000000000000000e+02,1.500000000000000000e+01,1.435000000000000000e+03,2.400000000000000000e+01,3.060000000000000000e+02,1.400000000000000000e+01,2.220000000000000000e+02,1.430000000000000000e+02,4.600000000000000000e+01,9.300000000000000000e+01,4.600000000000000000e+01,1.187000000000000000e+03,2.770000000000000000e+02,1.100000000000000000e+03,2.280000000000000000e+02,2.480000000000000000e+02,1.244000000000000000e+03,8.290000000000000000e+02,5.870000000000000000e+02,2.000000000000000000e+01,6.400000000000000000e+01,6.900000000000000000e+01,1.229000000000000000e+03,9.100000000000000000e+01,3.680000000000000000e+02,1.355000000000000000e+03,1.350000000000000000e+02,2.790000000000000000e+02,2.129000000000000000e+03,2.000000000000000000e+01,5.500000000000000000e+01,1.647000000000000000e+03,6.000000000000000000e+00,2.030000000000000000e+02,3.060000000000000000e+02,1.424000000000000000e+03,8.660000000000000000e+02,1.170000000000000000e+02,1.250000000000000000e+03,1.670000000000000000e+02,2.400000000000000000e+01,1.139000000000000000e+03,5.000000000000000000e+00,2.900000000000000000e+01,5.820000000000000000e+02,7.000000000000000000e+00,1.230000000000000000e+02,9.000000000000000000e+01,2.171000000000000000e+03,1.436000000000000000e+03,0.000000000000000000e+00,2.600000000000000000e+01,2.610000000000000000e+02,2.040000000000000000e+02,3.440000000000000000e+02,1.850000000000000000e+02,1.420000000000000000e+02,2.900000000000000000e+02,3.200000000000000000e+02,1.890000000000000000e+02,4.340000000000000000e+02,6.400000000000000000e+01,6.000000000000000000e+00,1.576000000000000000e+03,1.346000000000000000e+03,2.050000000000000000e+02,2.240000000000000000e+02,1.724000000000000000e+03,2.800000000000000000e+01,3.060000000000000000e+02,1.282000000000000000e+03,5.000000000000000000e+01,7.800000000000000000e+02,3.100000000000000000e+01,1.400000000000000000e+01,2.820000000000000000e+02,1.250000000000000000e+02,1.138000000000000000e+03,1.260000000000000000e+02,3.620000000000000000e+02,1.270000000000000000e+02,1.140000000000000000e+02,1.000000000000000000e+01,8.610000000000000000e+02,1.320000000000000000e+02,7.430000000000000000e+02,1.970000000000000000e+02,6.080000000000000000e+02,1.250000000000000000e+02,1.602000000000000000e+03,9.170000000000000000e+02,1.672000000000000000e+03,6.640000000000000000e+02,2.800000000000000000e+01,4.120000000000000000e+02,4.060000000000000000e+02,5.850000000000000000e+02,5.280000000000000000e+02,5.850000000000000000e+02,1.910000000000000000e+02,1.730000000000000000e+02,1.101000000000000000e+03,1.290000000000000000e+02,1.390000000000000000e+02,2.278000000000000000e+03,1.110000000000000000e+02,5.740000000000000000e+02,1.520000000000000000e+03,3.370000000000000000e+02,7.000000000000000000e+00,5.200000000000000000e+01,1.175000000000000000e+03,2.590000000000000000e+02,5.890000000000000000e+02,1.293000000000000000e+03,1.478000000000000000e+03,1.251000000000000000e+03,1.176000000000000000e+03,6.070000000000000000e+02,7.200000000000000000e+01,1.485000000000000000e+03,1.407000000000000000e+03,1.130000000000000000e+03,1.342000000000000000e+03,8.000000000000000000e+00,2.400000000000000000e+01,1.195000000000000000e+03,3.800000000000000000e+01,1.173000000000000000e+03,7.100000000000000000e+01,4.100000000000000000e+01,3.200000000000000000e+01,2.000000000000000000e+00,9.500000000000000000e+01,7.700000000000000000e+01,1.682000000000000000e+03,1.447000000000000000e+03,1.688000000000000000e+03,3.600000000000000000e+01,6.170000000000000000e+02
3.070000000000000000e+02,3.210000000000000000e+02,1.350000000000000000e+02,1.080000000000000000e+02,1.320000000000000000e+02,1.030000000000000000e+02,0.000000000000000000e+00,9.400000000000000000e+01,1.190000000000000000e+02,0.000000000000000000e+00,0.000000000000000000e+00,0.000000000000000000e+00,3.080000000000000000e+02,3.280000000000000000e+02,0.000000000000000000e+00,0.000000000000000000e+00,1.050000000000000000e+02,2.760000000000000000e+02,2.780000000000000000e+02,0.000000000000000000e+00,1.240000000000000000e+02,1.290000000000000000e+02,2.910000000000000000e+02,3.320000000000000000e+02,0.000000000000000000e+00,1.290000000000000000e+02,1.020000000000000000e+02,3.300000000000000000e+02,3.310000000000000000e+02,3.240000000000000000e+02,3.270000000000000000e+02,3.290000000000000000e+02,0.000000000000000000e+00,3.420000000000000000e+02,0.000000000000000000e+00,1.530000000000000000e+02,0.000000000000000000e+00,3.440000000000000000e+02,1.100000000000000000e+02,3.500000000000000000e+02,0.000000000000000000e+00,3.000000000000000000e+02,0.000000000000000000e+00,3.430000000000000000e+02,0.000000000000000000e+00,1.220000000000000000e+02,0.000000000000000000e+00,0.000000000000000000e+00,1.100000000000000000e+02,0.000000000000000000e+00,0.000000000000000000e+00,1.010000000000000000e+02,1.150000000000000000e+02,0.000000000000000000e+00,3.070000000000000000e+02,3.110000000000000000e+02,0.000000000000000000e+00,3.080000000000000000e+02,1.420000000000000000e+02,1.340000000000000000e+02,0.000000000000000000e+00,1.100000000000000000e+02,1.200000000000000000e+02,3.670000000000000000e+02,1.200000000000000000e+02,2.970000000000000000e+02,2.900000000000000000e+02,2.760000000000000000e+02,2.320000000000000000e+02,0.000000000000000000e+00,3.250000000000000000e+02,1.220000000000000000e+02,3.030000000000000000e+02,3.360000000000000000e+02,9.400000000000000000e+01,3.180000000000000000e+02,1.250000000000000000e+02,3.390000000000000000e+02,1.000000000000000000e+02,3.350000000000000000e+02,4.050000000000000000e+02,1.350000000000000000e+02,1.560000000000000000e+02,1.290000000000000000e+02,0.000000000000000000e+00,3.130000000000000000e+02,2.900000000000000000e+02,1.150000000000000000e+02,3.280000000000000000e+02,3.360000000000000000e+02,1.260000000000000000e+02,1.380000000000000000e+02,3.440000000000000000e+02,3.370000000000000000e+02,1.160000000000000000e+02,0.000000000000000000e+00,2.580000000000000000e+02,3.570000000000000000e+02,0.000000000000000000e+00,0.000000000000000000e+00,8.300000000000000000e+01,0.000000000000000000e+00,3.280000000000000000e+02,1.340000000000000000e+02,3.090000000000000000e+02,9.800000000000000000e+01,9.700000000000000000e+01,6.400000000000000000e+01,3.490000000000000000e+02,1.430000000000000000e+02,3.340000000000000000e+02,9.700000000000000000e+01,3.070000000000000000e+02,0.000000000000000000e+00,3.460000000000000000e+02,0.000000000000000000e+00,3.050000000000000000e+02,1.280000000000000000e+02,3.210000000000000000e+02,3.190000000000000000e+02,0.000000000000000000e+00,3.900000000000000000e+02,0.000000000000000000e+00,3.290000000000000000e+02,3.170000000000000000e+02,9.000000000000000000e+01,0.000000000000000000e+00,3.820000000000000000e+02,0.000000000000000000e+00,1.220000000000000000e+02,0.000000000000000000e+00,2.360000000000000000e+02,1.000000000000000000e+02,7.600000000000000000e+01,0.000000000000000000e+00,0.000000000000000000e+00,3.700000000000000000e+02,2.400000000000000000e+02,3.210000000000000000e+02,0.000000000000000000e+00,1.140000000000000000e+02,3.500000000000000000e+02,3.260000000000000000e+02,1.530000000000000000e+02,0.000000000000000000e+00,0.000000000000000000e+00,1.110000000000000000e+02,3.510000000000000000e+02,9.200000000000000000e+01,1.180000000000000000e+02,3.220000000000000000e+02,1.100000000000000000e+02,0.000000000000000000e+00,4.190000000000000000e+02,7.300000000000000000e+01,0.000000000000000000e+00,3.160000000000000000e+02,0.000000000000000000e+00,1.110000000000000000e+02,1.300000000000000000e+02,3.500000000000000000e+02,2.990000000000000000e+02,0.000000000000000000e+00,3.150000000000000000e+02,0.000000000000000000e+00,0.000000000000000000e+00,3.210000000000000000e+02,0.000000000000000000e+00,0.000000000000000000e+00,2.780000000000000000e+02,0.000000000000000000e+00,0.000000000000000000e+00,1.180000000000000000e+02,3.860000000000000000e+02,3.380000000000000000e+02,1.200000000000000000e+02,0.000000000000000000e+00,1.170000000000000000e+02,1.110000000000000000e+02,3.220000000000000000e+02,1.150000000000000000e+02,1.150000000000000000e+02,1.500000000000000000e+02,1.340000000000000000e+02,1.230000000000000000e+02,1.170000000000000000e+02,0.000000000000000000e+00,0.000000000000000000e+00,3.140000000000000000e+02,3.400000000000000000e+02,1.120000000000000000e+02,1.140000000000000000e+02,3.650000000000000000e+02,0.000000000000000000e+00,1.190000000000000000e+02,3.240000000000000000e+02,0.000000000000000000e+00,2.880000000000000000e+02,0.000000000000000000e+00,0.000000000000000000e+00,1.490000000000000000e+02,0.000000000000000000e+00,3.090000000000000000e+02,9.700000000000000000e+01,2.460000000000000000e+02,1.100000000000000000e+02,1.030000000000000000e+02,0.000000000000000000e+00,2.900000000000000000e+02,9.500000000000000000e+01,2.670000000000000000e+02,1.210000000000000000e+02,2.930000000000000000e+02,1.040000000000000000e+02,3.640000000000000000e+02,3.010000000000000000e+02,3.680000000000000000e+02,3.150000000000000000e+02,0.000000000000000000e+00,2.760000000000000000e+02,1.250000000000000000e+02,1.180000000000000000e+02,2.500000000000000000e+02,1.270000000000000000e+02,0.000000000000000000e+00,0.000000000000000000e+00,3.110000000000000000e+02,9.800000000000000000e+01,1.010000000000000000e+02,3.770000000000000000e+02,1.000000000000000000e+02,3.050000000000000000e+02,3.120000000000000000e+02,1.130000000000000000e+02,0.000000000000000000e+00,0.000000000000000000e+00,3.200000000000000000e+02,1.300000000000000000e+02,1.140000000000000000e+02,2.990000000000000000e+02,3.320000000000000000e+02,3.550000000000000000e+02,3.090000000000000000e+02,1.160000000000000000e+02,0.000000000000000000e+00,3.450000000000000000e+02,3.130000000000000000e+02,3.000000000000000000e+02,3.220000000000000000e+02,0.000000000000000000e+00,0.000000000000000000e+00,3.160000000000000000e+02,9.800000000000000000e+01,3.260000000000000000e+02,1.290000000000000000e+02,1.020000000000000000e+02,0.000000000000000000e+00,0.000000000000000000e+00,1.050000000000000000e+02,1.070000000000000000e+02,3.190000000000000000e+02,3.470000000000000000e+02,3.560000000000000000e+02,0.000000000000000000e+00,1.410000000000000000e+02
8.690000000000000000e+02,9.830000000000000000e+02,2.410000000000000000e+02,1.840000000000000000e+02,2.690000000000000000e+02,1.290000000000000000e+02,2.200000000000000000e+01,8.100000000000000000e+01,3.140000000000000000e+02,0.000000000000000000e+00,2.140000000000000000e+02,1.720000000000000000e+02,3.580000000000000000e+02,1.172000000000000000e+03,9.200000000000000000e+01,3.100000000000000000e+01,8.800000000000000000e+01,5.910000000000000000e+02,4.740000000000000000e+02,1.600000000000000000e+01,1.690000000000000000e+02,1.460000000000000000e+02,6.040000000000000000e+02,1.106000000000000000e+03,5.000000000000000000e+00,3.290000000000000000e+02,1.760000000000000000e+02,7.260000000000000000e+02,1.129000000000000000e+03,1.107000000000000000e+03,5.820000000000000000e+02,5.950000000000000000e+02,1.020000000000000000e+02,8.210000000000000000e+02,7.000000000000000000e+00,4.820000000000000000e+02,1.600000000000000000e+01,7.350000000000000000e+02,2.090000000000000000e+02,1.253000000000000000e+03,8.300000000000000000e+01,8.940000000000000000e+02,4.700000000000000000e+01,8.560000000000000000e+02,2.000000000000000000e+01,1.030000000000000000e+02,1.000000000000000000e+01,1.700000000000000000e+01,8.000000000000000000e+01,1.540000000000000000e+02,1.860000000000000000e+02,1.050000000000000000e+02,2.280000000000000000e+02,1.900000000000000000e+01,8.080000000000000000e+02,8.790000000000000000e+02,7.000000000000000000e+00,7.570000000000000000e+02,2.280000000000000000e+02,1.990000000000000000e+02,1.240000000000000000e+02,1.360000000000000000e+02,2.020000000000000000e+02,3.870000000000000000e+02,7.300000000000000000e+01,1.163000000000000000e+03,5.680000000000000000e+02,4.230000000000000000e+02,2.230000000000000000e+02,8.600000000000000000e+01,8.390000000000000000e+02,1.900000000000000000e+02,6.750000000000000000e+02,6.040000000000000000e+02,3.400000000000000000e+01,6.060000000000000000e+02,7.200000000000000000e+01,1.057000000000000000e+03,1.100000000000000000e+02,9.890000000000000000e+02,1.584000000000000000e+03,4.620000000000000000e+02,4.640000000000000000e+02,1.680000000000000000e+02,1.940000000000000000e+02,1.168000000000000000e+03,4.200000000000000000e+02,8.900000000000000000e+01,8.490000000000000000e+02,1.289000000000000000e+03,1.360000000000000000e+02,1.630000000000000000e+02,1.238000000000000000e+03,8.240000000000000000e+02,1.540000000000000000e+02,1.430000000000000000e+02,7.020000000000000000e+02,1.106000000000000000e+03,2.600000000000000000e+01,2.000000000000000000e+01,7.500000000000000000e+01,2.200000000000000000e+01,1.124000000000000000e+03,1.180000000000000000e+02,8.160000000000000000e+02,5.700000000000000000e+01,1.540000000000000000e+02,4.200000000000000000e+01,1.157000000000000000e+03,5.310000000000000000e+02,1.141000000000000000e+03,6.600000000000000000e+01,8.420000000000000000e+02,1.700000000000000000e+01,1.222000000000000000e+03,1.840000000000000000e+02,1.166000000000000000e+03,2.520000000000000000e+02,9.810000000000000000e+02,1.135000000000000000e+03,1.200000000000000000e+01,1.626000000000000000e+03,1.920000000000000000e+02,1.122000000000000000e+03,1.102000000000000000e+03,7.300000000000000000e+01,1.700000000000000000e+01,1.131000000000000000e+03,2.300000000000000000e+01,2.540000000000000000e+02,1.200000000000000000e+01,2.100000000000000000e+02,1.010000000000000000e+02,3.800000000000000000e+01,5.400000000000000000e+01,3.200000000000000000e+01,9.460000000000000000e+02,2.490000000000000000e+02,8.210000000000000000e+02,1.690000000000000000e+02,2.070000000000000000e+02,9.600000000000000000e+02,6.190000000000000000e+02,5.100000000000000000e+02,3.100000000000000000e+01,6.300000000000000000e+01,5.400000000000000000e+01,9.420000000000000000e+02,5.200000000000000000e+01,3.130000000000000000e+02,1.028000000000000000e+03,1.040000000000000000e+02,1.920000000000000000e+02,1.562000000000000000e+03,2.900000000000000000e+01,3.700000000000000000e+01,1.172000000000000000e+03,8.000000000000000000e+00,1.330000000000000000e+02,2.050000000000000000e+02,9.560000000000000000e+02,8.250000000000000000e+02,9.400000000000000000e+01,1.004000000000000000e+03,1.470000000000000000e+02,2.700000000000000000e+01,9.460000000000000000e+02,1.500000000000000000e+01,6.000000000000000000e+00,4.460000000000000000e+02,1.400000000000000000e+01,7.100000000000000000e+01,6.400000000000000000e+01,1.545000000000000000e+03,1.067000000000000000e+03,1.660000000000000000e+02,2.600000000000000000e+01,0.000000000000000000e+00,1.870000000000000000e+02,2.660000000000000000e+02,1.110000000000000000e+02,9.400000000000000000e+01,2.230000000000000000e+02,2.440000000000000000e+02,1.340000000000000000e+02,3.130000000000000000e+02,6.100000000000000000e+01,5.000000000000000000e+00,1.120000000000000000e+03,9.070000000000000000e+02,1.240000000000000000e+02,1.510000000000000000e+02,1.218000000000000000e+03,3.900000000000000000e+01,2.380000000000000000e+02,1.080000000000000000e+03,2.500000000000000000e+01,6.730000000000000000e+02,1.700000000000000000e+01,7.000000000000000000e+00,2.010000000000000000e+02,9.700000000000000000e+01,1.130000000000000000e+03,7.500000000000000000e+01,2.760000000000000000e+02,9.800000000000000000e+01,8.400000000000000000e+01,1.400000000000000000e+01,6.170000000000000000e+02,9.200000000000000000e+01,5.070000000000000000e+02,1.640000000000000000e+02,4.230000000000000000e+02,9.200000000000000000e+01,1.216000000000000000e+03,7.820000000000000000e+02,1.112000000000000000e+03,5.120000000000000000e+02,2.200000000000000000e+01,2.770000000000000000e+02,2.850000000000000000e+02,4.290000000000000000e+02,3.410000000000000000e+02,4.550000000000000000e+02,1.530000000000000000e+02,1.550000000000000000e+02,8.240000000000000000e+02,1.130000000000000000e+02,1.050000000000000000e+02,1.492000000000000000e+03,8.100000000000000000e+01,4.280000000000000000e+02,1.103000000000000000e+03,3.090000000000000000e+02,4.000000000000000000e+00,4.000000000000000000e+01,8.410000000000000000e+02,2.240000000000000000e+02,4.650000000000000000e+02,8.630000000000000000e+02,1.219000000000000000e+03,1.016000000000000000e+03,1.113000000000000000e+03,4.740000000000000000e+02,4.600000000000000000e+01,1.168000000000000000e+03,1.063000000000000000e+03,8.350000000000000000e+02,1.149000000000000000e+03,1.900000000000000000e+01,1.900000000000000000e+01,8.990000000000000000e+02,4.500000000000000000e+01,9.740000000000000000e+02,6.400000000000000000e+01,6.700000000000000000e+01,2.900000000000000000e+01,9.000000000000000000e+00,9.300000000000000000e+01,5.700000000000000000e+01,1.130000000000000000e+03,1.210000000000000000e+03,1.252000000000000000e+03,1.000000000000000000e+01,5.130000000000000000e+02
1.401000000000000000e+03,1.347000000000000000e+03,4.010000000000000000e+02,2.230000000000000000e+02,3.410000000000000000e+02,2.170000000000000000e+02,2.900000000000000000e+01,1.240000000000000000e+02,4.220000000000000000e+02,5.000000000000000000e+00,3.040000000000000000e+02,2.600000000000000000e+02,5.960000000000000000e+02,1.447000000000000000e+03,1.390000000000000000e+02,4.100000000000000000e+01,1.100000000000000000e+02,9.810000000000000000e+02,8.850000000000000000e+02,1.600000000000000000e+01,2.520000000000000000e+02,3.130000000000000000e+02,9.850000000000000000e+02,1.741000000000000000e+03,4.000000000000000000e+00,3.800000000000000000e+02,2.760000000000000000e+02,1.056000000000000000e+03,1.608000000000000000e+03,1.472000000000000000e+03,8.060000000000000000e+02,8.610000000000000000e+02,1.500000000000000000e+02,1.243000000000000000e+03,9.000000000000000000e+00,6.710000000000000000e+02,2.600000000000000000e+01,9.920000000000000000e+02,2.690000000000000000e+02,1.722000000000000000e+03,1.340000000000000000e+02,1.279000000000000000e+03,7.600000000000000000e+01,1.111000000000000000e+03,4.100000000000000000e+01,1.880000000000000000e+02,1.500000000000000000e+01,1.100000000000000000e+01,1.290000000000000000e+02,2.460000000000000000e+02,3.080000000000000000e+02,1.470000000000000000e+02,3.560000000000000000e+02,2.900000000000000000e+01,1.178000000000000000e+03,1.216000000000000000e+03,1.300000000000000000e+01,1.263000000000000000e+03,3.420000000000000000e+02,2.780000000000000000e+02,1.840000000000000000e+02,2.180000000000000000e+02,2.840000000000000000e+02,6.300000000000000000e+02,1.160000000000000000e+02,1.695000000000000000e+03,8.080000000000000000e+02,7.490000000000000000e+02,3.380000000000000000e+02,1.540000000000000000e+02,1.216000000000000000e+03,3.040000000000000000e+02,1.090000000000000000e+03,9.800000000000000000e+02,7.200000000000000000e+01,9.100000000000000000e+02,1.270000000000000000e+02,1.605000000000000000e+03,2.080000000000000000e+02,1.468000000000000000e+03,2.317000000000000000e+03,5.940000000000000000e+02,7.270000000000000000e+02,2.150000000000000000e+02,2.960000000000000000e+02,1.538000000000000000e+03,6.900000000000000000e+02,1.370000000000000000e+02,1.178000000000000000e+03,1.719000000000000000e+03,1.630000000000000000e+02,2.450000000000000000e+02,1.758000000000000000e+03,1.089000000000000000e+03,2.270000000000000000e+02,2.360000000000000000e+02,9.940000000000000000e+02,1.595000000000000000e+03,4.600000000000000000e+01,2.500000000000000000e+01,1.160000000000000000e+02,2.600000000000000000e+01,1.513000000000000000e+03,2.010000000000000000e+02,1.123000000000000000e+03,1.010000000000000000e+02,2.190000000000000000e+02,5.600000000000000000e+01,1.643000000000000000e+03,6.830000000000000000e+02,1.608000000000000000e+03,1.170000000000000000e+02,1.259000000000000000e+03,2.200000000000000000e+01,1.882000000000000000e+03,2.740000000000000000e+02,1.734000000000000000e+03,4.220000000000000000e+02,1.313000000000000000e+03,1.509000000000000000e+03,1.300000000000000000e+01,2.339000000000000000e+03,3.010000000000000000e+02,1.670000000000000000e+03,1.519000000000000000e+03,1.070000000000000000e+02,2.400000000000000000e+01,1.645000000000000000e+03,2.300000000000000000e+01,3.410000000000000000e+02,1.400000000000000000e+01,2.320000000000000000e+02,1.360000000000000000e+02,5.500000000000000000e+01,7.000000000000000000e+01,5.300000000000000000e+01,1.339000000000000000e+03,3.060000000000000000e+02,1.362000000000000000e+03,3.130000000000000000e+02,2.790000000000000000e+02,1.517000000000000000e+03,8.740000000000000000e+02,6.580000000000000000e+02,1.900000000000000000e+01,9.300000000000000000e+01,9.800000000000000000e+01,1.374000000000000000e+03,1.270000000000000000e+02,4.590000000000000000e+02,1.521000000000000000e+03,1.430000000000000000e+02,2.870000000000000000e+02,2.336000000000000000e+03,1.800000000000000000e+01,3.600000000000000000e+01,1.715000000000000000e+03,8.000000000000000000e+00,2.200000000000000000e+02,3.080000000000000000e+02,1.503000000000000000e+03,1.193000000000000000e+03,1.270000000000000000e+02,1.420000000000000000e+03,2.160000000000000000e+02,3.600000000000000000e+01,1.420000000000000000e+03,2.500000000000000000e+01,2.500000000000000000e+01,6.590000000000000000e+02,3.200000000000000000e+01,1.580000000000000000e+02,7.100000000000000000e+01,2.395000000000000000e+03,1.630000000000000000e+03,2.600000000000000000e+02,3.000000000000000000e+01,2.760000000000000000e+02,0.000000000000000000e+00,4.150000000000000000e+02,1.970000000000000000e+02,1.460000000000000000e+02,2.950000000000000000e+02,3.650000000000000000e+02,2.110000000000000000e+02,4.720000000000000000e+02,8.700000000000000000e+01,5.000000000000000000e+00,1.656000000000000000e+03,1.282000000000000000e+03,1.980000000000000000e+02,2.520000000000000000e+02,1.803000000000000000e+03,4.000000000000000000e+01,3.250000000000000000e+02,1.483000000000000000e+03,3.300000000000000000e+01,9.510000000000000000e+02,3.700000000000000000e+01,1.900000000000000000e+01,3.100000000000000000e+02,1.470000000000000000e+02,1.390000000000000000e+03,1.270000000000000000e+02,4.400000000000000000e+02,1.500000000000000000e+02,1.310000000000000000e+02,5.000000000000000000e+00,1.087000000000000000e+03,1.720000000000000000e+02,8.520000000000000000e+02,2.310000000000000000e+02,6.790000000000000000e+02,1.480000000000000000e+02,1.727000000000000000e+03,1.160000000000000000e+03,1.796000000000000000e+03,8.290000000000000000e+02,3.200000000000000000e+01,4.620000000000000000e+02,4.350000000000000000e+02,6.310000000000000000e+02,5.770000000000000000e+02,7.760000000000000000e+02,2.000000000000000000e+02,2.340000000000000000e+02,1.262000000000000000e+03,1.690000000000000000e+02,1.650000000000000000e+02,2.413000000000000000e+03,1.330000000000000000e+02,6.370000000000000000e+02,1.601000000000000000e+03,4.120000000000000000e+02,1.000000000000000000e+00,7.600000000000000000e+01,1.218000000000000000e+03,3.390000000000000000e+02,6.750000000000000000e+02,1.258000000000000000e+03,1.772000000000000000e+03,1.438000000000000000e+03,1.414000000000000000e+03,6.250000000000000000e+02,7.400000000000000000e+01,1.595000000000000000e+03,1.580000000000000000e+03,1.332000000000000000e+03,1.663000000000000000e+03,2.100000000000000000e+01,2.600000000000000000e+01,1.411000000000000000e+03,4.800000000000000000e+01,1.408000000000000000e+03,1.080000000000000000e+02,7.100000000000000000e+01,3.900000000000000000e+01,1.100000000000000000e+01,1.410000000000000000e+02,8.400000000000000000e+01,1.719000000000000000e+03,1.805000000000000000e+03,1.822000000000000000e+03,1.600000000000000000e+01,7.290000000000000000e+02
1.635000000000000000e+03,1.630000000000000000e+03,6.680000000000000000e+02,5.300000000000000000e+02,6.320000000000000000e+02,5.870000000000000000e+02,9.200000000000000000e+01,4.210000000000000000e+02,7.320000000000000000e+02,9.000000000000000000e+00,3.060000000000000000e+02,2.610000000000000000e+02,1.069000000000000000e+03,1.593000000000000000e+03,1.330000000000000000e+02,6.200000000000000000e+01,4.350000000000000000e+02,1.354000000000000000e+03,1.323000000000000000e+03,4.100000000000000000e+01,6.290000000000000000e+02,5.480000000000000000e+02,1.506000000000000000e+03,1.652000000000000000e+03,1.500000000000000000e+01,6.110000000000000000e+02,5.450000000000000000e+02,1.334000000000000000e+03,1.647000000000000000e+03,1.643000000000000000e+03,1.372000000000000000e+03,1.378000000000000000e+03,2.460000000000000000e+02,1.535000000000000000e+03,4.500000000000000000e+01,7.600000000000000000e+02,6.200000000000000000e+01,1.263000000000000000e+03,6.580000000000000000e+02,1.627000000000000000e+03,1.260000000000000000e+02,1.364000000000000000e+03,1.970000000000000000e+02,1.620000000000000000e+03,7.600000000000000000e+01,5.760000000000000000e+02,4.300000000000000000e+01,6.300000000000000000e+01,3.930000000000000000e+02,2.710000000000000000e+02,3.040000000000000000e+02,4.950000000000000000e+02,6.230000000000000000e+02,7.300000000000000000e+01,1.461000000000000000e+03,1.464000000000000000e+03,4.300000000000000000e+01,1.581000000000000000e+03,6.540000000000000000e+02,4.860000000000000000e+02,2.440000000000000000e+02,5.690000000000000000e+02,6.830000000000000000e+02,1.083000000000000000e+03,3.670000000000000000e+02,1.680000000000000000e+03,1.373000000000000000e+03,1.235000000000000000e+03,7.360000000000000000e+02,2.610000000000000000e+02,1.252000000000000000e+03,6.510000000000000000e+02,1.488000000000000000e+03,1.394000000000000000e+03,2.670000000000000000e+02,1.483000000000000000e+03,4.360000000000000000e+02,1.646000000000000000e+03,5.500000000000000000e+02,1.587000000000000000e+03,2.106000000000000000e+03,7.300000000000000000e+02,7.880000000000000000e+02,6.180000000000000000e+02,3.100000000000000000e+02,1.589000000000000000e+03,1.216000000000000000e+03,4.290000000000000000e+02,1.526000000000000000e+03,1.648000000000000000e+03,5.910000000000000000e+02,6.700000000000000000e+02,1.665000000000000000e+03,1.368000000000000000e+03,5.700000000000000000e+02,2.430000000000000000e+02,1.467000000000000000e+03,1.636000000000000000e+03,9.100000000000000000e+01,1.800000000000000000e+01,3.770000000000000000e+02,8.600000000000000000e+01,1.405000000000000000e+03,5.120000000000000000e+02,1.425000000000000000e+03,3.370000000000000000e+02,5.350000000000000000e+02,1.710000000000000000e+02,1.390000000000000000e+03,7.440000000000000000e+02,1.704000000000000000e+03,4.390000000000000000e+02,1.625000000000000000e+03,2.500000000000000000e+01,1.730000000000000000e+03,2.930000000000000000e+02,1.689000000000000000e+03,6.440000000000000000e+02,1.641000000000000000e+03,1.670000000000000000e+03,4.700000000000000000e+01,2.182000000000000000e+03,2.950000000000000000e+02,1.756000000000000000e+03,1.602000000000000000e+03,3.730000000000000000e+02,4.200000000000000000e+01,1.633000000000000000e+03,4.500000000000000000e+01,7.100000000000000000e+02,5.600000000000000000e+01,6.070000000000000000e+02,4.870000000000000000e+02,1.580000000000000000e+02,1.920000000000000000e+02,8.100000000000000000e+01,1.564000000000000000e+03,7.770000000000000000e+02,1.533000000000000000e+03,2.860000000000000000e+02,6.510000000000000000e+02,1.759000000000000000e+03,1.452000000000000000e+03,7.050000000000000000e+02,6.900000000000000000e+01,1.830000000000000000e+02,3.220000000000000000e+02,1.695000000000000000e+03,3.910000000000000000e+02,6.560000000000000000e+02,1.607000000000000000e+03,4.270000000000000000e+02,2.980000000000000000e+02,2.190000000000000000e+03,1.320000000000000000e+02,1.250000000000000000e+02,1.391000000000000000e+03,2.900000000000000000e+01,5.250000000000000000e+02,6.560000000000000000e+02,1.453000000000000000e+03,1.447000000000000000e+03,1.390000000000000000e+02,1.619000000000000000e+03,2.650000000000000000e+02,9.900000000000000000e+01,1.656000000000000000e+03,2.700000000000000000e+01,8.200000000000000000e+01,1.183000000000000000e+03,3.000000000000000000e+01,2.240000000000000000e+02,2.950000000000000000e+02,2.171000000000000000e+03,1.471000000000000000e+03,5.590000000000000000e+02,4.600000000000000000e+01,6.120000000000000000e+02,5.720000000000000000e+02,0.000000000000000000e+00,4.750000000000000000e+02,3.890000000000000000e+02,6.240000000000000000e+02,7.260000000000000000e+02,4.940000000000000000e+02,7.250000000000000000e+02,1.870000000000000000e+02,1.500000000000000000e+01,1.669000000000000000e+03,1.359000000000000000e+03,4.690000000000000000e+02,6.180000000000000000e+02,1.439000000000000000e+03,7.300000000000000000e+01,6.530000000000000000e+02,1.657000000000000000e+03,9.200000000000000000e+01,1.339000000000000000e+03,5.400000000000000000e+01,2.600000000000000000e+01,6.200000000000000000e+02,1.020000000000000000e+02,1.576000000000000000e+03,4.500000000000000000e+02,9.460000000000000000e+02,4.400000000000000000e+02,4.520000000000000000e+02,1.300000000000000000e+01,1.406000000000000000e+03,4.780000000000000000e+02,1.294000000000000000e+03,4.600000000000000000e+02,1.321000000000000000e+03,4.310000000000000000e+02,1.670000000000000000e+03,1.443000000000000000e+03,1.688000000000000000e+03,1.313000000000000000e+03,5.500000000000000000e+01,1.050000000000000000e+03,6.490000000000000000e+02,7.110000000000000000e+02,1.098000000000000000e+03,7.320000000000000000e+02,2.950000000000000000e+02,2.480000000000000000e+02,1.682000000000000000e+03,4.790000000000000000e+02,5.250000000000000000e+02,2.037000000000000000e+03,4.810000000000000000e+02,1.189000000000000000e+03,1.435000000000000000e+03,7.190000000000000000e+02,1.300000000000000000e+01,1.180000000000000000e+02,1.379000000000000000e+03,6.410000000000000000e+02,7.500000000000000000e+02,1.411000000000000000e+03,1.592000000000000000e+03,1.655000000000000000e+03,1.584000000000000000e+03,7.600000000000000000e+02,1.640000000000000000e+02,1.701000000000000000e+03,1.672000000000000000e+03,1.466000000000000000e+03,1.654000000000000000e+03,2.400000000000000000e+01,5.200000000000000000e+01,1.582000000000000000e+03,2.010000000000000000e+02,1.630000000000000000e+03,3.170000000000000000e+02,1.280000000000000000e+02,7.500000000000000000e+01,1.000000000000000000e+00,4.180000000000000000e+02,2.710000000000000000e+02,1.701000000000000000e+03,1.721000000000000000e+03,1.388000000000000000e+03,8.500000000000000000e+01,7.630000000000000000e+02
9.060000000000000000e+02,7.770000000000000000e+02,2.280000000000000000e+02,1.520000000000000000e+02,1.940000000000000000e+02,1.520000000000000000e+02,1.800000000000000000e+01,9.200000000000000000e+01,2.150000000000000000e+02,4.000000000000000000e+00,1.710000000000000000e+02,1.500000000000000000e+02,3.740000000000000000e+02,8.310000000000000000e+02,7.200000000000000000e+01,2.200000000000000000e+01,9.000000000000000000e+01,5.970000000000000000e+02,4.840000000000000000e+02,9.000000000000000000e+00,1.580000000000000000e+02,2.220000000000000000e+02,6.510000000000000000e+02,9.910000000000000000e+02,4.000000000000000000e+00,2.170000000000000000e+02,1.520000000000000000e+02,6.740000000000000000e+02,8.830000000000000000e+02,8.820000000000000000e+02,6.470000000000000000e+02,5.810000000000000000e+02,1.000000000000000000e+02,8.850000000000000000e+02,1.000000000000000000e+01,3.640000000000000000e+02,1.700000000000000000e+01,6.950000000000000000e+02,2.080000000000000000e+02,9.430000000000000000e+02,6.000000000000000000e+01,8.120000000000000000e+02,5.800000000000000000e+01,7.430000000000000000e+02,1.400000000000000000e+01,1.230000000000000000e+02,1.500000000000000000e+01,0.000000000000000000e+00,8.100000000000000000e+01,1.410000000000000000e+02,1.430000000000000000e+02,1.130000000000000000e+02,1.960000000000000000e+02,1.800000000000000000e+01,7.060000000000000000e+02,7.310000000000000000e+02,7.000000000000000000e+00,8.250000000000000000e+02,1.900000000000000000e+02,1.450000000000000000e+02,1.250000000000000000e+02,1.610000000000000000e+02,1.730000000000000000e+02,4.130000000000000000e+02,8.200000000000000000e+01,9.460000000000000000e+02,5.900000000000000000e+02,5.000000000000000000e+02,2.070000000000000000e+02,8.600000000000000000e+01,7.370000000000000000e+02,1.610000000000000000e+02,8.240000000000000000e+02,6.210000000000000000e+02,4.600000000000000000e+01,7.260000000000000000e+02,7.100000000000000000e+01,8.960000000000000000e+02,1.430000000000000000e+02,8.440000000000000000e+02,1.052000000000000000e+03,3.840000000000000000e+02,3.780000000000000000e+02,1.740000000000000000e+02,1.750000000000000000e+02,8.300000000000000000e+02,4.810000000000000000e+02,7.700000000000000000e+01,7.180000000000000000e+02,8.760000000000000000e+02,1.250000000000000000e+02,1.660000000000000000e+02,9.270000000000000000e+02,7.060000000000000000e+02,1.600000000000000000e+02,1.270000000000000000e+02,6.610000000000000000e+02,8.610000000000000000e+02,2.400000000000000000e+01,2.600000000000000000e+01,4.600000000000000000e+01,5.000000000000000000e+00,8.560000000000000000e+02,1.090000000000000000e+02,7.200000000000000000e+02,6.300000000000000000e+01,1.330000000000000000e+02,3.700000000000000000e+01,9.260000000000000000e+02,3.890000000000000000e+02,9.220000000000000000e+02,8.600000000000000000e+01,8.340000000000000000e+02,2.200000000000000000e+01,9.610000000000000000e+02,1.330000000000000000e+02,9.250000000000000000e+02,2.290000000000000000e+02,7.850000000000000000e+02,8.370000000000000000e+02,6.000000000000000000e+00,1.087000000000000000e+03,1.700000000000000000e+02,9.500000000000000000e+02,9.590000000000000000e+02,6.500000000000000000e+01,7.000000000000000000e+00,8.450000000000000000e+02,1.400000000000000000e+01,2.010000000000000000e+02,1.100000000000000000e+01,1.250000000000000000e+02,1.090000000000000000e+02,2.800000000000000000e+01,6.900000000000000000e+01,5.500000000000000000e+01,8.330000000000000000e+02,2.140000000000000000e+02,8.860000000000000000e+02,1.320000000000000000e+02,1.740000000000000000e+02,9.170000000000000000e+02,7.200000000000000000e+02,3.530000000000000000e+02,1.600000000000000000e+01,4.600000000000000000e+01,6.200000000000000000e+01,8.790000000000000000e+02,7.700000000000000000e+01,2.310000000000000000e+02,9.910000000000000000e+02,1.220000000000000000e+02,1.550000000000000000e+02,1.111000000000000000e+03,5.000000000000000000e+00,3.100000000000000000e+01,8.960000000000000000e+02,3.000000000000000000e+00,1.770000000000000000e+02,2.060000000000000000e+02,8.770000000000000000e+02,7.130000000000000000e+02,6.300000000000000000e+01,8.270000000000000000e+02,1.110000000000000000e+02,1.200000000000000000e+01,8.440000000000000000e+02,9.000000000000000000e+00,1.700000000000000000e+01,4.250000000000000000e+02,2.000000000000000000e+01,1.170000000000000000e+02,4.700000000000000000e+01,1.128000000000000000e+03,8.810000000000000000e+02,1.550000000000000000e+02,2.700000000000000000e+01,2.040000000000000000e+02,1.180000000000000000e+02,2.680000000000000000e+02,0.000000000000000000e+00,9.500000000000000000e+01,2.180000000000000000e+02,1.890000000000000000e+02,1.110000000000000000e+02,2.420000000000000000e+02,5.300000000000000000e+01,0.000000000000000000e+00,9.130000000000000000e+02,8.150000000000000000e+02,1.380000000000000000e+02,1.610000000000000000e+02,9.640000000000000000e+02,3.700000000000000000e+01,1.970000000000000000e+02,8.700000000000000000e+02,2.400000000000000000e+01,6.570000000000000000e+02,1.900000000000000000e+01,9.000000000000000000e+00,1.860000000000000000e+02,5.100000000000000000e+01,7.670000000000000000e+02,8.600000000000000000e+01,2.730000000000000000e+02,8.900000000000000000e+01,8.900000000000000000e+01,6.000000000000000000e+00,8.720000000000000000e+02,1.310000000000000000e+02,5.730000000000000000e+02,1.240000000000000000e+02,5.640000000000000000e+02,9.800000000000000000e+01,9.100000000000000000e+02,7.170000000000000000e+02,9.600000000000000000e+02,5.740000000000000000e+02,1.300000000000000000e+01,2.880000000000000000e+02,2.410000000000000000e+02,3.730000000000000000e+02,3.460000000000000000e+02,3.890000000000000000e+02,1.300000000000000000e+02,1.070000000000000000e+02,8.430000000000000000e+02,1.230000000000000000e+02,1.330000000000000000e+02,1.147000000000000000e+03,1.130000000000000000e+02,4.290000000000000000e+02,8.130000000000000000e+02,2.200000000000000000e+02,3.000000000000000000e+00,4.400000000000000000e+01,7.880000000000000000e+02,1.890000000000000000e+02,3.670000000000000000e+02,8.190000000000000000e+02,8.680000000000000000e+02,8.760000000000000000e+02,7.770000000000000000e+02,3.630000000000000000e+02,6.000000000000000000e+01,8.830000000000000000e+02,8.380000000000000000e+02,9.200000000000000000e+02,8.510000000000000000e+02,8.000000000000000000e+00,1.700000000000000000e+01,8.840000000000000000e+02,2.300000000000000000e+01,8.280000000000000000e+02,5.100000000000000000e+01,4.900000000000000000e+01,3.200000000000000000e+01,8.000000000000000000e+00,7.700000000000000000e+01,5.400000000000000000e+01,9.670000000000000000e+02,8.920000000000000000e+02,9.330000000000000000e+02,2.400000000000000000e+01,3.800000000000000000e+02
7.230000000000000000e+02,6.880000000000000000e+02,1.900000000000000000e+02,1.250000000000000000e+02,1.250000000000000000e+02,1.190000000000000000e+02,2.900000000000000000e+01,9.200000000000000000e+01,1.620000000000000000e+02,4.000000000000000000e+00,1.310000000000000000e+02,1.040000000000000000e+02,3.760000000000000000e+02,7.010000000000000000e+02,5.000000000000000000e+01,2.000000000000000000e+01,1.050000000000000000e+02,5.340000000000000000e+02,4.820000000000000000e+02,6.000000000000000000e+00,1.620000000000000000e+02,1.590000000000000000e+02,5.770000000000000000e+02,7.620000000000000000e+02,0.000000000000000000e+00,1.580000000000000000e+02,1.520000000000000000e+02,5.940000000000000000e+02,6.880000000000000000e+02,7.530000000000000000e+02,5.400000000000000000e+02,5.600000000000000000e+02,8.800000000000000000e+01,7.480000000000000000e+02,5.000000000000000000e+00,3.260000000000000000e+02,1.400000000000000000e+01,6.100000000000000000e+02,1.820000000000000000e+02,7.660000000000000000e+02,4.500000000000000000e+01,6.730000000000000000e+02,5.000000000000000000e+01,6.610000000000000000e+02,1.900000000000000000e+01,1.350000000000000000e+02,8.000000000000000000e+00,4.000000000000000000e+00,7.700000000000000000e+01,1.320000000000000000e+02,1.200000000000000000e+02,1.340000000000000000e+02,1.600000000000000000e+02,1.800000000000000000e+01,6.250000000000000000e+02,6.130000000000000000e+02,2.100000000000000000e+01,7.270000000000000000e+02,1.700000000000000000e+02,1.550000000000000000e+02,8.600000000000000000e+01,1.190000000000000000e+02,1.520000000000000000e+02,4.230000000000000000e+02,7.800000000000000000e+01,7.620000000000000000e+02,5.300000000000000000e+02,4.410000000000000000e+02,2.280000000000000000e+02,8.500000000000000000e+01,6.160000000000000000e+02,1.430000000000000000e+02,7.320000000000000000e+02,5.080000000000000000e+02,5.900000000000000000e+01,5.670000000000000000e+02,6.000000000000000000e+01,7.680000000000000000e+02,1.250000000000000000e+02,7.120000000000000000e+02,8.280000000000000000e+02,2.970000000000000000e+02,3.280000000000000000e+02,1.580000000000000000e+02,1.090000000000000000e+02,6.810000000000000000e+02,4.920000000000000000e+02,1.020000000000000000e+02,6.240000000000000000e+02,7.360000000000000000e+02,1.220000000000000000e+02,1.380000000000000000e+02,7.270000000000000000e+02,5.920000000000000000e+02,1.540000000000000000e+02,9.100000000000000000e+01,5.080000000000000000e+02,7.400000000000000000e+02,2.500000000000000000e+01,1.400000000000000000e+01,4.900000000000000000e+01,4.000000000000000000e+00,7.230000000000000000e+02,1.330000000000000000e+02,6.460000000000000000e+02,4.800000000000000000e+01,1.520000000000000000e+02,3.800000000000000000e+01,6.730000000000000000e+02,2.940000000000000000e+02,7.750000000000000000e+02,1.180000000000000000e+02,6.450000000000000000e+02,1.700000000000000000e+01,7.340000000000000000e+02,1.140000000000000000e+02,7.250000000000000000e+02,1.980000000000000000e+02,6.960000000000000000e+02,6.700000000000000000e+02,5.000000000000000000e+00,8.440000000000000000e+02,9.800000000000000000e+01,7.190000000000000000e+02,7.340000000000000000e+02,8.900000000000000000e+01,6.000000000000000000e+00,6.890000000000000000e+02,2.400000000000000000e+01,1.630000000000000000e+02,1.700000000000000000e+01,1.220000000000000000e+02,1.000000000000000000e+02,3.500000000000000000e+01,8.400000000000000000e+01,2.500000000000000000e+01,6.990000000000000000e+02,1.970000000000000000e+02,7.460000000000000000e+02,7.700000000000000000e+01,1.700000000000000000e+02,7.240000000000000000e+02,6.080000000000000000e+02,2.800000000000000000e+02,2.600000000000000000e+01,5.300000000000000000e+01,7.200000000000000000e+01,6.970000000000000000e+02,6.800000000000000000e+01,1.850000000000000000e+02,7.260000000000000000e+02,9.200000000000000000e+01,1.040000000000000000e+02,9.060000000000000000e+02,5.000000000000000000e+00,3.700000000000000000e+01,7.280000000000000000e+02,5.000000000000000000e+00,1.820000000000000000e+02,1.730000000000000000e+02,6.670000000000000000e+02,5.720000000000000000e+02,5.300000000000000000e+01,7.030000000000000000e+02,9.800000000000000000e+01,2.700000000000000000e+01,7.030000000000000000e+02,1.700000000000000000e+01,2.000000000000000000e+01,4.770000000000000000e+02,2.100000000000000000e+01,1.340000000000000000e+02,4.100000000000000000e+01,8.650000000000000000e+02,7.070000000000000000e+02,1.380000000000000000e+02,2.300000000000000000e+01,1.760000000000000000e+02,1.550000000000000000e+02,3.000000000000000000e+02,1.380000000000000000e+02,0.000000000000000000e+00,1.710000000000000000e+02,1.720000000000000000e+02,8.500000000000000000e+01,1.880000000000000000e+02,5.100000000000000000e+01,9.000000000000000000e+00,7.360000000000000000e+02,6.760000000000000000e+02,1.290000000000000000e+02,1.520000000000000000e+02,7.510000000000000000e+02,3.300000000000000000e+01,1.990000000000000000e+02,7.200000000000000000e+02,3.200000000000000000e+01,5.830000000000000000e+02,2.200000000000000000e+01,7.000000000000000000e+00,1.580000000000000000e+02,6.500000000000000000e+01,6.340000000000000000e+02,8.500000000000000000e+01,2.950000000000000000e+02,1.060000000000000000e+02,8.500000000000000000e+01,3.000000000000000000e+00,6.680000000000000000e+02,9.500000000000000000e+01,5.580000000000000000e+02,1.330000000000000000e+02,5.020000000000000000e+02,1.110000000000000000e+02,7.200000000000000000e+02,6.210000000000000000e+02,7.650000000000000000e+02,5.070000000000000000e+02,2.700000000000000000e+01,3.410000000000000000e+02,1.820000000000000000e+02,2.730000000000000000e+02,4.190000000000000000e+02,3.000000000000000000e+02,1.020000000000000000e+02,1.080000000000000000e+02,6.580000000000000000e+02,9.900000000000000000e+01,1.250000000000000000e+02,8.810000000000000000e+02,8.900000000000000000e+01,4.500000000000000000e+02,7.150000000000000000e+02,1.780000000000000000e+02,4.000000000000000000e+00,5.000000000000000000e+01,6.550000000000000000e+02,1.820000000000000000e+02,3.020000000000000000e+02,6.600000000000000000e+02,7.310000000000000000e+02,7.160000000000000000e+02,6.550000000000000000e+02,2.810000000000000000e+02,4.700000000000000000e+01,7.350000000000000000e+02,7.410000000000000000e+02,7.570000000000000000e+02,7.370000000000000000e+02,1.400000000000000000e+01,1.200000000000000000e+01,7.090000000000000000e+02,2.300000000000000000e+01,6.530000000000000000e+02,6.600000000000000000e+01,4.600000000000000000e+01,3.700000000000000000e+01,6.000000000000000000e+00,1.000000000000000000e+02,5.800000000000000000e+01,7.740000000000000000e+02,7.510000000000000000e+02,7.300000000000000000e+02,2.700000000000000000e+01,2.950000000000000000e+02
1.160000000000000000e+03,1.272000000000000000e+03,3.380000000000000000e+02,1.970000000000000000e+02,2.710000000000000000e+02,1.440000000000000000e+02,1.000000000000000000e+01,7.400000000000000000e+01,3.880000000000000000e+02,1.000000000000000000e+00,2.690000000000000000e+02,2.520000000000000000e+02,2.910000000000000000e+02,1.193000000000000000e+03,1.210000000000000000e+02,2.700000000000000000e+01,6.500000000000000000e+01,6.120000000000000000e+02,4.450000000000000000e+02,7.000000000000000000e+00,2.030000000000000000e+02,1.570000000000000000e+02,6.920000000000000000e+02,1.442000000000000000e+03,2.000000000000000000e+00,3.640000000000000000e+02,2.230000000000000000e+02,8.220000000000000000e+02,1.336000000000000000e+03,1.486000000000000000e+03,5.750000000000000000e+02,6.110000000000000000e+02,1.310000000000000000e+02,1.035000000000000000e+03,8.000000000000000000e+00,5.400000000000000000e+02,1.000000000000000000e+01,7.480000000000000000e+02,2.530000000000000000e+02,1.619000000000000000e+03,1.170000000000000000e+02,1.410000000000000000e+03,4.700000000000000000e+01,9.360000000000000000e+02,1.700000000000000000e+01,7.400000000000000000e+01,1.100000000000000000e+01,1.300000000000000000e+01,6.000000000000000000e+01,2.150000000000000000e+02,2.700000000000000000e+02,8.900000000000000000e+01,2.700000000000000000e+02,1.800000000000000000e+01,8.220000000000000000e+02,8.750000000000000000e+02,1.400000000000000000e+01,8.950000000000000000e+02,3.240000000000000000e+02,1.370000000000000000e+02,1.210000000000000000e+02,1.460000000000000000e+02,2.820000000000000000e+02,2.250000000000000000e+02,2.200000000000000000e+01,1.517000000000000000e+03,5.480000000000000000e+02,3.930000000000000000e+02,1.690000000000000000e+02,1.010000000000000000e+02,9.070000000000000000e+02,2.430000000000000000e+02,7.440000000000000000e+02,5.710000000000000000e+02,3.700000000000000000e+01,6.070000000000000000e+02,5.200000000000000000e+01,1.377000000000000000e+03,1.280000000000000000e+02,1.342000000000000000e+03,2.235000000000000000e+03,5.590000000000000000e+02,6.540000000000000000e+02,1.730000000000000000e+02,2.810000000000000000e+02,1.218000000000000000e+03,3.610000000000000000e+02,5.300000000000000000e+01,8.230000000000000000e+02,1.568000000000000000e+03,9.400000000000000000e+01,2.010000000000000000e+02,1.516000000000000000e+03,8.660000000000000000e+02,1.590000000000000000e+02,1.910000000000000000e+02,6.590000000000000000e+02,1.436000000000000000e+03,2.300000000000000000e+01,1.000000000000000000e+00,5.500000000000000000e+01,1.700000000000000000e+01,1.668000000000000000e+03,1.170000000000000000e+02,9.160000000000000000e+02,4.600000000000000000e+01,1.470000000000000000e+02,2.300000000000000000e+01,1.749000000000000000e+03,6.200000000000000000e+02,1.337000000000000000e+03,4.900000000000000000e+01,1.087000000000000000e+03,1.000000000000000000e+00,1.632000000000000000e+03,2.400000000000000000e+02,1.440000000000000000e+03,3.960000000000000000e+02,1.153000000000000000e+03,1.393000000000000000e+03,1.000000000000000000e+01,2.126000000000000000e+03,2.860000000000000000e+02,1.472000000000000000e+03,1.456000000000000000e+03,4.000000000000000000e+01,2.000000000000000000e+00,1.406000000000000000e+03,1.100000000000000000e+01,3.350000000000000000e+02,1.300000000000000000e+01,1.330000000000000000e+02,9.100000000000000000e+01,1.300000000000000000e+01,4.700000000000000000e+01,2.300000000000000000e+01,1.170000000000000000e+03,1.480000000000000000e+02,9.450000000000000000e+02,2.710000000000000000e+02,2.480000000000000000e+02,1.274000000000000000e+03,6.070000000000000000e+02,6.500000000000000000e+02,1.600000000000000000e+01,3.700000000000000000e+01,3.500000000000000000e+01,1.244000000000000000e+03,5.800000000000000000e+01,3.980000000000000000e+02,1.273000000000000000e+03,7.300000000000000000e+01,2.880000000000000000e+02,2.190000000000000000e+03,1.200000000000000000e+01,3.500000000000000000e+01,1.851000000000000000e+03,1.300000000000000000e+01,1.270000000000000000e+02,2.390000000000000000e+02,1.704000000000000000e+03,8.390000000000000000e+02,1.520000000000000000e+02,1.281000000000000000e+03,1.350000000000000000e+02,2.200000000000000000e+01,1.210000000000000000e+03,5.000000000000000000e+00,2.800000000000000000e+01,3.920000000000000000e+02,1.000000000000000000e+00,8.400000000000000000e+01,5.300000000000000000e+01,2.080000000000000000e+03,1.698000000000000000e+03,1.680000000000000000e+02,6.000000000000000000e+00,2.880000000000000000e+02,1.930000000000000000e+02,1.230000000000000000e+02,1.220000000000000000e+02,5.300000000000000000e+01,0.000000000000000000e+00,3.880000000000000000e+02,1.530000000000000000e+02,4.140000000000000000e+02,3.800000000000000000e+01,4.000000000000000000e+00,1.590000000000000000e+03,1.547000000000000000e+03,1.330000000000000000e+02,1.900000000000000000e+02,1.691000000000000000e+03,6.000000000000000000e+00,2.840000000000000000e+02,1.400000000000000000e+03,1.800000000000000000e+01,6.300000000000000000e+02,2.000000000000000000e+01,5.000000000000000000e+00,3.120000000000000000e+02,1.280000000000000000e+02,1.089000000000000000e+03,6.700000000000000000e+01,2.040000000000000000e+02,8.200000000000000000e+01,6.600000000000000000e+01,0.000000000000000000e+00,7.140000000000000000e+02,9.100000000000000000e+01,4.760000000000000000e+02,1.210000000000000000e+02,3.640000000000000000e+02,8.300000000000000000e+01,1.636000000000000000e+03,9.040000000000000000e+02,1.583000000000000000e+03,4.870000000000000000e+02,1.500000000000000000e+01,2.440000000000000000e+02,3.230000000000000000e+02,5.470000000000000000e+02,2.780000000000000000e+02,6.050000000000000000e+02,1.830000000000000000e+02,1.740000000000000000e+02,1.136000000000000000e+03,8.400000000000000000e+01,6.400000000000000000e+01,2.162000000000000000e+03,8.300000000000000000e+01,3.860000000000000000e+02,1.633000000000000000e+03,3.760000000000000000e+02,1.000000000000000000e+00,1.300000000000000000e+01,1.291000000000000000e+03,2.630000000000000000e+02,6.960000000000000000e+02,1.325000000000000000e+03,1.469000000000000000e+03,1.261000000000000000e+03,1.096000000000000000e+03,6.320000000000000000e+02,4.700000000000000000e+01,1.495000000000000000e+03,1.296000000000000000e+03,9.260000000000000000e+02,1.357000000000000000e+03,8.000000000000000000e+00,1.300000000000000000e+01,1.081000000000000000e+03,2.900000000000000000e+01,1.254000000000000000e+03,1.700000000000000000e+01,8.000000000000000000e+00,2.100000000000000000e+01,1.000000000000000000e+00,6.600000000000000000e+01,2.600000000000000000e+01,1.626000000000000000e+03,1.541000000000000000e+03,1.794000000000000000e+03,9.000000000000000000e+00,6.780000000000000000e+02
5.110000000000000000e+02,5.770000000000000000e+02,1.340000000000000000e+02,8.600000000000000000e+01,1.050000000000000000e+02,5.500000000000000000e+01,4.000000000000000000e+00,2.100000000000000000e+01,1.710000000000000000e+02,0.000000000000000000e+00,1.320000000000000000e+02,1.450000000000000000e+02,9.400000000000000000e+01,5.290000000000000000e+02,6.700000000000000000e+01,1.300000000000000000e+01,2.000000000000000000e+01,2.340000000000000000e+02,1.690000000000000000e+02,2.000000000000000000e+00,5.600000000000000000e+01,4.000000000000000000e+01,2.310000000000000000e+02,7.200000000000000000e+02,2.000000000000000000e+00,1.560000000000000000e+02,9.200000000000000000e+01,2.340000000000000000e+02,5.970000000000000000e+02,7.360000000000000000e+02,2.140000000000000000e+02,1.830000000000000000e+02,5.900000000000000000e+01,4.030000000000000000e+02,3.000000000000000000e+00,2.640000000000000000e+02,3.000000000000000000e+00,2.250000000000000000e+02,8.100000000000000000e+01,8.630000000000000000e+02,5.200000000000000000e+01,4.480000000000000000e+02,1.500000000000000000e+01,3.680000000000000000e+02,4.000000000000000000e+00,3.100000000000000000e+01,2.000000000000000000e+00,5.000000000000000000e+00,2.200000000000000000e+01,1.030000000000000000e+02,1.410000000000000000e+02,2.500000000000000000e+01,1.330000000000000000e+02,6.000000000000000000e+00,2.730000000000000000e+02,3.360000000000000000e+02,1.200000000000000000e+01,3.710000000000000000e+02,1.300000000000000000e+02,7.300000000000000000e+01,4.700000000000000000e+01,3.800000000000000000e+01,8.800000000000000000e+01,7.600000000000000000e+01,1.100000000000000000e+01,7.740000000000000000e+02,2.260000000000000000e+02,1.510000000000000000e+02,4.700000000000000000e+01,1.900000000000000000e+01,2.690000000000000000e+02,1.100000000000000000e+02,2.510000000000000000e+02,2.190000000000000000e+02,1.200000000000000000e+01,2.220000000000000000e+02,1.500000000000000000e+01,5.900000000000000000e+02,3.200000000000000000e+01,5.660000000000000000e+02,1.187000000000000000e+03,2.800000000000000000e+02,2.710000000000000000e+02,5.600000000000000000e+01,1.100000000000000000e+02,5.320000000000000000e+02,1.470000000000000000e+02,1.500000000000000000e+01,3.290000000000000000e+02,7.070000000000000000e+02,2.100000000000000000e+01,7.200000000000000000e+01,7.500000000000000000e+02,2.550000000000000000e+02,3.000000000000000000e+01,7.300000000000000000e+01,2.560000000000000000e+02,7.500000000000000000e+02,6.000000000000000000e+00,1.000000000000000000e+00,1.200000000000000000e+01,6.000000000000000000e+00,7.370000000000000000e+02,4.900000000000000000e+01,3.210000000000000000e+02,6.000000000000000000e+00,7.400000000000000000e+01,8.000000000000000000e+00,8.560000000000000000e+02,3.490000000000000000e+02,6.590000000000000000e+02,1.900000000000000000e+01,4.100000000000000000e+02,1.000000000000000000e+00,8.190000000000000000e+02,1.410000000000000000e+02,6.600000000000000000e+02,1.930000000000000000e+02,5.290000000000000000e+02,6.370000000000000000e+02,6.000000000000000000e+00,1.186000000000000000e+03,1.530000000000000000e+02,7.550000000000000000e+02,6.300000000000000000e+02,1.700000000000000000e+01,1.000000000000000000e+00,7.110000000000000000e+02,4.000000000000000000e+00,1.450000000000000000e+02,4.000000000000000000e+00,6.300000000000000000e+01,1.800000000000000000e+01,1.000000000000000000e+01,1.900000000000000000e+01,1.300000000000000000e+01,4.890000000000000000e+02,5.600000000000000000e+01,3.930000000000000000e+02,1.180000000000000000e+02,9.300000000000000000e+01,5.000000000000000000e+02,2.120000000000000000e+02,2.960000000000000000e+02,4.000000000000000000e+00,1.200000000000000000e+01,1.000000000000000000e+01,5.290000000000000000e+02,2.000000000000000000e+01,1.530000000000000000e+02,5.880000000000000000e+02,2.200000000000000000e+01,1.760000000000000000e+02,1.192000000000000000e+03,6.000000000000000000e+00,1.000000000000000000e+01,8.810000000000000000e+02,2.000000000000000000e+00,4.800000000000000000e+01,1.130000000000000000e+02,6.440000000000000000e+02,2.930000000000000000e+02,7.100000000000000000e+01,5.410000000000000000e+02,4.200000000000000000e+01,6.000000000000000000e+00,4.780000000000000000e+02,2.000000000000000000e+00,4.000000000000000000e+00,1.440000000000000000e+02,1.000000000000000000e+00,3.100000000000000000e+01,1.000000000000000000e+01,1.280000000000000000e+03,8.540000000000000000e+02,6.500000000000000000e+01,2.000000000000000000e+00,1.070000000000000000e+02,1.140000000000000000e+02,4.500000000000000000e+01,5.300000000000000000e+01,2.700000000000000000e+01,7.100000000000000000e+01,0.000000000000000000e+00,7.300000000000000000e+01,2.010000000000000000e+02,1.200000000000000000e+01,0.000000000000000000e+00,8.300000000000000000e+02,4.870000000000000000e+02,4.200000000000000000e+01,4.000000000000000000e+01,9.830000000000000000e+02,1.000000000000000000e+00,1.110000000000000000e+02,6.600000000000000000e+02,8.000000000000000000e+00,2.290000000000000000e+02,4.000000000000000000e+00,1.000000000000000000e+00,9.500000000000000000e+01,4.000000000000000000e+01,4.940000000000000000e+02,2.500000000000000000e+01,7.300000000000000000e+01,2.500000000000000000e+01,1.800000000000000000e+01,0.000000000000000000e+00,2.630000000000000000e+02,3.500000000000000000e+01,1.830000000000000000e+02,5.600000000000000000e+01,1.080000000000000000e+02,3.500000000000000000e+01,8.470000000000000000e+02,3.460000000000000000e+02,7.970000000000000000e+02,1.680000000000000000e+02,1.000000000000000000e+00,7.500000000000000000e+01,1.690000000000000000e+02,2.990000000000000000e+02,9.400000000000000000e+01,2.990000000000000000e+02,1.010000000000000000e+02,6.200000000000000000e+01,4.510000000000000000e+02,3.900000000000000000e+01,2.900000000000000000e+01,1.271000000000000000e+03,2.700000000000000000e+01,1.080000000000000000e+02,8.140000000000000000e+02,1.920000000000000000e+02,0.000000000000000000e+00,7.000000000000000000e+00,4.190000000000000000e+02,1.090000000000000000e+02,3.130000000000000000e+02,4.070000000000000000e+02,7.250000000000000000e+02,5.550000000000000000e+02,4.080000000000000000e+02,3.050000000000000000e+02,1.100000000000000000e+01,7.150000000000000000e+02,6.050000000000000000e+02,3.750000000000000000e+02,6.570000000000000000e+02,4.000000000000000000e+00,2.000000000000000000e+00,4.650000000000000000e+02,1.300000000000000000e+01,5.710000000000000000e+02,6.000000000000000000e+00,0.000000000000000000e+00,3.000000000000000000e+00,0.000000000000000000e+00,2.000000000000000000e+01,1.000000000000000000e+01,7.190000000000000000e+02,7.260000000000000000e+02,9.630000000000000000e+02,9.000000000000000000e+00,3.090000000000000000e+02
1.228000000000000000e+03,1.143000000000000000e+03,3.230000000000000000e+02,2.270000000000000000e+02,3.040000000000000000e+02,2.410000000000000000e+02,4.200000000000000000e+01,1.430000000000000000e+02,3.480000000000000000e+02,0.000000000000000000e+00,1.920000000000000000e+02,2.280000000000000000e+02,6.560000000000000000e+02,1.225000000000000000e+03,1.010000000000000000e+02,3.800000000000000000e+01,1.600000000000000000e+02,8.850000000000000000e+02,7.670000000000000000e+02,2.100000000000000000e+01,2.530000000000000000e+02,2.170000000000000000e+02,8.520000000000000000e+02,1.397000000000000000e+03,4.000000000000000000e+00,3.050000000000000000e+02,2.350000000000000000e+02,9.540000000000000000e+02,1.200000000000000000e+03,1.290000000000000000e+03,8.800000000000000000e+02,8.480000000000000000e+02,1.700000000000000000e+02,1.181000000000000000e+03,1.300000000000000000e+01,5.090000000000000000e+02,1.500000000000000000e+01,1.018000000000000000e+03,2.260000000000000000e+02,1.369000000000000000e+03,8.100000000000000000e+01,1.130000000000000000e+03,6.900000000000000000e+01,1.141000000000000000e+03,3.100000000000000000e+01,2.050000000000000000e+02,1.900000000000000000e+01,2.200000000000000000e+01,1.330000000000000000e+02,2.190000000000000000e+02,2.430000000000000000e+02,1.560000000000000000e+02,3.280000000000000000e+02,5.100000000000000000e+01,9.760000000000000000e+02,9.830000000000000000e+02,2.400000000000000000e+01,1.147000000000000000e+03,3.550000000000000000e+02,2.390000000000000000e+02,1.630000000000000000e+02,1.970000000000000000e+02,2.410000000000000000e+02,6.500000000000000000e+02,1.330000000000000000e+02,1.350000000000000000e+03,9.650000000000000000e+02,7.210000000000000000e+02,3.570000000000000000e+02,1.530000000000000000e+02,1.032000000000000000e+03,2.480000000000000000e+02,1.100000000000000000e+03,7.710000000000000000e+02,1.050000000000000000e+02,9.810000000000000000e+02,1.260000000000000000e+02,1.356000000000000000e+03,1.870000000000000000e+02,1.178000000000000000e+03,1.734000000000000000e+03,6.020000000000000000e+02,5.780000000000000000e+02,2.270000000000000000e+02,2.600000000000000000e+02,1.229000000000000000e+03,7.720000000000000000e+02,1.530000000000000000e+02,1.061000000000000000e+03,1.287000000000000000e+03,1.760000000000000000e+02,2.170000000000000000e+02,1.341000000000000000e+03,9.540000000000000000e+02,2.000000000000000000e+02,2.060000000000000000e+02,9.170000000000000000e+02,1.284000000000000000e+03,4.100000000000000000e+01,3.000000000000000000e+01,1.180000000000000000e+02,3.400000000000000000e+01,1.395000000000000000e+03,1.630000000000000000e+02,1.050000000000000000e+03,9.500000000000000000e+01,2.090000000000000000e+02,4.600000000000000000e+01,1.331000000000000000e+03,5.670000000000000000e+02,1.434000000000000000e+03,1.470000000000000000e+02,1.134000000000000000e+03,3.600000000000000000e+01,1.423000000000000000e+03,2.390000000000000000e+02,1.430000000000000000e+03,3.470000000000000000e+02,1.272000000000000000e+03,1.246000000000000000e+03,5.000000000000000000e+00,1.796000000000000000e+03,2.470000000000000000e+02,1.426000000000000000e+03,1.358000000000000000e+03,1.400000000000000000e+02,1.600000000000000000e+01,1.311000000000000000e+03,1.600000000000000000e+01,2.960000000000000000e+02,1.500000000000000000e+01,3.140000000000000000e+02,1.720000000000000000e+02,6.300000000000000000e+01,9.400000000000000000e+01,5.600000000000000000e+01,1.273000000000000000e+03,3.520000000000000000e+02,1.133000000000000000e+03,2.490000000000000000e+02,3.020000000000000000e+02,1.346000000000000000e+03,9.290000000000000000e+02,5.650000000000000000e+02,1.900000000000000000e+01,1.020000000000000000e+02,1.160000000000000000e+02,1.226000000000000000e+03,1.230000000000000000e+02,3.800000000000000000e+02,1.324000000000000000e+03,1.310000000000000000e+02,2.420000000000000000e+02,1.780000000000000000e+03,3.600000000000000000e+01,5.600000000000000000e+01,1.443000000000000000e+03,8.000000000000000000e+00,2.320000000000000000e+02,3.500000000000000000e+02,1.188000000000000000e+03,9.650000000000000000e+02,1.060000000000000000e+02,1.154000000000000000e+03,1.680000000000000000e+02,5.400000000000000000e+01,1.206000000000000000e+03,1.400000000000000000e+01,2.800000000000000000e+01,7.220000000000000000e+02,3.000000000000000000e+01,1.260000000000000000e+02,1.190000000000000000e+02,1.833000000000000000e+03,1.304000000000000000e+03,2.680000000000000000e+02,4.100000000000000000e+01,2.500000000000000000e+02,2.290000000000000000e+02,4.880000000000000000e+02,2.240000000000000000e+02,1.640000000000000000e+02,2.800000000000000000e+02,3.360000000000000000e+02,0.000000000000000000e+00,3.570000000000000000e+02,9.100000000000000000e+01,1.000000000000000000e+00,1.475000000000000000e+03,1.185000000000000000e+03,2.070000000000000000e+02,2.580000000000000000e+02,1.362000000000000000e+03,6.700000000000000000e+01,2.770000000000000000e+02,1.345000000000000000e+03,3.000000000000000000e+01,8.170000000000000000e+02,2.800000000000000000e+01,1.600000000000000000e+01,2.850000000000000000e+02,1.120000000000000000e+02,1.147000000000000000e+03,1.330000000000000000e+02,4.690000000000000000e+02,1.510000000000000000e+02,1.400000000000000000e+02,7.000000000000000000e+00,9.570000000000000000e+02,1.540000000000000000e+02,8.230000000000000000e+02,2.030000000000000000e+02,7.710000000000000000e+02,1.630000000000000000e+02,1.458000000000000000e+03,9.230000000000000000e+02,1.511000000000000000e+03,7.300000000000000000e+02,1.900000000000000000e+01,5.910000000000000000e+02,3.690000000000000000e+02,4.720000000000000000e+02,6.350000000000000000e+02,5.580000000000000000e+02,2.060000000000000000e+02,1.970000000000000000e+02,1.105000000000000000e+03,1.780000000000000000e+02,1.570000000000000000e+02,1.755000000000000000e+03,1.380000000000000000e+02,7.620000000000000000e+02,1.251000000000000000e+03,3.680000000000000000e+02,7.000000000000000000e+00,8.400000000000000000e+01,1.066000000000000000e+03,2.880000000000000000e+02,5.460000000000000000e+02,1.114000000000000000e+03,1.301000000000000000e+03,1.154000000000000000e+03,1.078000000000000000e+03,5.580000000000000000e+02,9.900000000000000000e+01,1.325000000000000000e+03,1.344000000000000000e+03,1.187000000000000000e+03,1.305000000000000000e+03,2.100000000000000000e+01,2.300000000000000000e+01,1.298000000000000000e+03,5.400000000000000000e+01,1.231000000000000000e+03,1.060000000000000000e+02,8.500000000000000000e+01,4.800000000000000000e+01,1.300000000000000000e+01,1.160000000000000000e+02,9.100000000000000000e+01,1.420000000000000000e+03,1.274000000000000000e+03,1.445000000000000000e+03,3.000000000000000000e+01,5.440000000000000000e+02
2.050000000000000000e+02,2.940000000000000000e+02,7.700000000000000000e+01,4.300000000000000000e+01,4.800000000000000000e+01,1.500000000000000000e+01,1.000000000000000000e+00,9.000000000000000000e+00,1.050000000000000000e+02,0.000000000000000000e+00,1.110000000000000000e+02,7.500000000000000000e+01,3.600000000000000000e+01,1.890000000000000000e+02,5.400000000000000000e+01,6.000000000000000000e+00,7.000000000000000000e+00,7.600000000000000000e+01,5.100000000000000000e+01,1.000000000000000000e+00,9.000000000000000000e+00,1.500000000000000000e+01,8.200000000000000000e+01,4.490000000000000000e+02,0.000000000000000000e+00,8.500000000000000000e+01,5.400000000000000000e+01,1.140000000000000000e+02,3.020000000000000000e+02,4.310000000000000000e+02,6.100000000000000000e+01,8.300000000000000000e+01,1.300000000000000000e+01,1.410000000000000000e+02,0.000000000000000000e+00,2.140000000000000000e+02,1.000000000000000000e+00,1.000000000000000000e+02,3.600000000000000000e+01,6.390000000000000000e+02,2.300000000000000000e+01,2.500000000000000000e+02,3.000000000000000000e+00,1.550000000000000000e+02,1.000000000000000000e+00,7.000000000000000000e+00,0.000000000000000000e+00,2.000000000000000000e+00,8.000000000000000000e+00,4.200000000000000000e+01,6.800000000000000000e+01,2.000000000000000000e+00,5.500000000000000000e+01,2.000000000000000000e+00,1.010000000000000000e+02,1.150000000000000000e+02,2.000000000000000000e+00,1.330000000000000000e+02,6.800000000000000000e+01,3.900000000000000000e+01,4.000000000000000000e+00,1.100000000000000000e+01,4.300000000000000000e+01,4.100000000000000000e+01,9.000000000000000000e+00,5.120000000000000000e+02,4.200000000000000000e+01,4.400000000000000000e+01,1.500000000000000000e+01,1.100000000000000000e+01,2.000000000000000000e+02,5.100000000000000000e+01,8.700000000000000000e+01,5.100000000000000000e+01,3.000000000000000000e+00,3.700000000000000000e+01,1.000000000000000000e+00,2.180000000000000000e+02,1.100000000000000000e+01,3.380000000000000000e+02,1.528000000000000000e+03,2.020000000000000000e+02,2.010000000000000000e+02,1.300000000000000000e+01,1.020000000000000000e+02,2.500000000000000000e+02,5.600000000000000000e+01,4.000000000000000000e+00,1.140000000000000000e+02,4.360000000000000000e+02,1.000000000000000000e+01,2.400000000000000000e+01,4.860000000000000000e+02,1.350000000000000000e+02,3.100000000000000000e+01,4.000000000000000000e+01,7.800000000000000000e+01,4.520000000000000000e+02,1.000000000000000000e+00,1.000000000000000000e+00,7.000000000000000000e+00,0.000000000000000000e+00,4.370000000000000000e+02,1.100000000000000000e+01,1.280000000000000000e+02,7.000000000000000000e+00,3.200000000000000000e+01,2.000000000000000000e+00,4.500000000000000000e+02,1.910000000000000000e+02,3.760000000000000000e+02,1.200000000000000000e+01,1.810000000000000000e+02,2.000000000000000000e+00,6.310000000000000000e+02,8.400000000000000000e+01,4.380000000000000000e+02,1.390000000000000000e+02,2.200000000000000000e+02,3.480000000000000000e+02,0.000000000000000000e+00,1.425000000000000000e+03,1.180000000000000000e+02,5.150000000000000000e+02,3.920000000000000000e+02,4.000000000000000000e+00,0.000000000000000000e+00,4.570000000000000000e+02,2.000000000000000000e+00,7.300000000000000000e+01,0.000000000000000000e+00,8.000000000000000000e+00,4.000000000000000000e+00,3.000000000000000000e+00,3.000000000000000000e+00,1.000000000000000000e+00,2.300000000000000000e+02,1.300000000000000000e+01,1.540000000000000000e+02,4.300000000000000000e+01,1.600000000000000000e+01,1.470000000000000000e+02,5.200000000000000000e+01,2.060000000000000000e+02,0.000000000000000000e+00,3.000000000000000000e+00,7.000000000000000000e+00,2.310000000000000000e+02,7.000000000000000000e+00,8.200000000000000000e+01,2.520000000000000000e+02,6.000000000000000000e+00,1.090000000000000000e+02,1.533000000000000000e+03,0.000000000000000000e+00,2.000000000000000000e+00,5.560000000000000000e+02,0.000000000000000000e+00,1.400000000000000000e+01,4.500000000000000000e+01,3.260000000000000000e+02,1.020000000000000000e+02,3.700000000000000000e+01,2.800000000000000000e+02,1.500000000000000000e+01,0.000000000000000000e+00,2.050000000000000000e+02,5.000000000000000000e+00,0.000000000000000000e+00,5.100000000000000000e+01,1.000000000000000000e+00,6.000000000000000000e+00,7.000000000000000000e+00,1.506000000000000000e+03,4.280000000000000000e+02,5.900000000000000000e+01,2.000000000000000000e+00,5.000000000000000000e+01,5.300000000000000000e+01,2.200000000000000000e+01,1.200000000000000000e+01,9.000000000000000000e+00,4.900000000000000000e+01,6.300000000000000000e+01,3.300000000000000000e+01,0.000000000000000000e+00,3.000000000000000000e+00,0.000000000000000000e+00,5.360000000000000000e+02,2.480000000000000000e+02,1.500000000000000000e+01,1.600000000000000000e+01,8.730000000000000000e+02,1.000000000000000000e+00,2.500000000000000000e+01,3.330000000000000000e+02,1.000000000000000000e+00,7.900000000000000000e+01,1.000000000000000000e+00,1.000000000000000000e+00,7.500000000000000000e+01,4.400000000000000000e+01,1.750000000000000000e+02,7.000000000000000000e+00,2.800000000000000000e+01,6.000000000000000000e+00,4.000000000000000000e+00,0.000000000000000000e+00,9.200000000000000000e+01,1.100000000000000000e+01,4.600000000000000000e+01,4.400000000000000000e+01,3.200000000000000000e+01,1.000000000000000000e+00,6.300000000000000000e+02,1.270000000000000000e+02,5.910000000000000000e+02,6.900000000000000000e+01,2.000000000000000000e+00,1.900000000000000000e+01,8.600000000000000000e+01,2.120000000000000000e+02,2.800000000000000000e+01,1.660000000000000000e+02,2.500000000000000000e+01,2.000000000000000000e+01,1.920000000000000000e+02,8.000000000000000000e+00,4.000000000000000000e+00,1.465000000000000000e+03,1.600000000000000000e+01,3.100000000000000000e+01,4.660000000000000000e+02,1.090000000000000000e+02,0.000000000000000000e+00,2.000000000000000000e+00,1.980000000000000000e+02,3.000000000000000000e+01,2.190000000000000000e+02,1.910000000000000000e+02,4.910000000000000000e+02,2.760000000000000000e+02,2.110000000000000000e+02,2.080000000000000000e+02,2.000000000000000000e+00,4.400000000000000000e+02,3.380000000000000000e+02,1.540000000000000000e+02,3.360000000000000000e+02,2.000000000000000000e+00,0.000000000000000000e+00,2.260000000000000000e+02,2.000000000000000000e+00,2.630000000000000000e+02,5.000000000000000000e+00,6.000000000000000000e+00,1.000000000000000000e+00,0.000000000000000000e+00,7.000000000000000000e+00,2.000000000000000000e+00,5.270000000000000000e+02,4.550000000000000000e+02,6.480000000000000000e+02,1.000000000000000000e+00,2.490000000000000000e+02
2.610000000000000000e+02,3.000000000000000000e+02,1.210000000000000000e+02,7.500000000000000000e+01,1.140000000000000000e+02,8.200000000000000000e+01,0.000000000000000000e+00,8.400000000000000000e+01,1.090000000000000000e+02,0.000000000000000000e+00,0.000000000000000000e+00,0.000000000000000000e+00,2.290000000000000000e+02,2.690000000000000000e+02,0.000000000000000000e+00,0.000000000000000000e+00,7.200000000000000000e+01,2.510000000000000000e+02,2.130000000000000000e+02,0.000000000000000000e+00,1.030000000000000000e+02,9.100000000000000000e+01,2.410000000000000000e+02,3.120000000000000000e+02,0.000000000000000000e+00,1.100000000000000000e+02,9.500000000000000000e+01,2.420000000000000000e+02,3.160000000000000000e+02,2.920000000000000000e+02,3.020000000000000000e+02,2.700000000000000000e+02,0.000000000000000000e+00,2.930000000000000000e+02,0.000000000000000000e+00,1.160000000000000000e+02,0.000000000000000000e+00,2.160000000000000000e+02,1.180000000000000000e+02,2.840000000000000000e+02,0.000000000000000000e+00,2.940000000000000000e+02,0.000000000000000000e+00,2.830000000000000000e+02,0.000000000000000000e+00,9.500000000000000000e+01,0.000000000000000000e+00,0.000000000000000000e+00,6.500000000000000000e+01,0.000000000000000000e+00,0.000000000000000000e+00,6.000000000000000000e+01,1.050000000000000000e+02,0.000000000000000000e+00,2.710000000000000000e+02,2.700000000000000000e+02,0.000000000000000000e+00,2.640000000000000000e+02,1.240000000000000000e+02,8.100000000000000000e+01,0.000000000000000000e+00,9.200000000000000000e+01,8.900000000000000000e+01,2.290000000000000000e+02,6.800000000000000000e+01,2.890000000000000000e+02,2.870000000000000000e+02,2.450000000000000000e+02,1.340000000000000000e+02,0.000000000000000000e+00,2.610000000000000000e+02,1.040000000000000000e+02,2.630000000000000000e+02,1.980000000000000000e+02,4.300000000000000000e+01,2.670000000000000000e+02,7.200000000000000000e+01,3.050000000000000000e+02,9.200000000000000000e+01,2.950000000000000000e+02,3.170000000000000000e+02,1.320000000000000000e+02,1.170000000000000000e+02,8.900000000000000000e+01,0.000000000000000000e+00,3.080000000000000000e+02,2.660000000000000000e+02,8.300000000000000000e+01,2.530000000000000000e+02,2.700000000000000000e+02,7.400000000000000000e+01,8.600000000000000000e+01,2.690000000000000000e+02,2.390000000000000000e+02,9.400000000000000000e+01,0.000000000000000000e+00,2.440000000000000000e+02,2.920000000000000000e+02,0.000000000000000000e+00,0.000000000000000000e+00,4.900000000000000000e+01,0.000000000000000000e+00,2.610000000000000000e+02,7.500000000000000000e+01,2.850000000000000000e+02,4.000000000000000000e+01,7.800000000000000000e+01,1.600000000000000000e+01,2.820000000000000000e+02,1.180000000000000000e+02,3.030000000000000000e+02,6.000000000000000000e+01,2.460000000000000000e+02,0.000000000000000000e+00,2.990000000000000000e+02,0.000000000000000000e+00,3.060000000000000000e+02,1.240000000000000000e+02,2.930000000000000000e+02,2.830000000000000000e+02,0.000000000000000000e+00,3.230000000000000000e+02,0.000000000000000000e+00,3.020000000000000000e+02,3.000000000000000000e+02,6.000000000000000000e+01,0.000000000000000000e+00,3.070000000000000000e+02,0.000000000000000000e+00,1.010000000000000000e+02,0.000000000000000000e+00,1.110000000000000000e+02,8.600000000000000000e+01,2.500000000000000000e+01,0.000000000000000000e+00,0.000000000000000000e+00,3.070000000000000000e+02,1.030000000000000000e+02,2.870000000000000000e+02,0.000000000000000000e+00,1.160000000000000000e+02,2.830000000000000000e+02,2.910000000000000000e+02,1.240000000000000000e+02,0.000000000000000000e+00,0.000000000000000000e+00,6.100000000000000000e+01,2.840000000000000000e+02,5.700000000000000000e+01,1.070000000000000000e+02,2.890000000000000000e+02,7.900000000000000000e+01,0.000000000000000000e+00,3.360000000000000000e+02,2.700000000000000000e+01,0.000000000000000000e+00,3.310000000000000000e+02,0.000000000000000000e+00,7.000000000000000000e+01,8.900000000000000000e+01,2.780000000000000000e+02,2.720000000000000000e+02,0.000000000000000000e+00,3.180000000000000000e+02,0.000000000000000000e+00,0.000000000000000000e+00,2.490000000000000000e+02,0.000000000000000000e+00,0.000000000000000000e+00,2.650000000000000000e+02,0.000000000000000000e+00,0.000000000000000000e+00,5.000000000000000000e+01,3.310000000000000000e+02,3.020000000000000000e+02,8.100000000000000000e+01,0.000000000000000000e+00,9.800000000000000000e+01,9.600000000000000000e+01,1.450000000000000000e+02,8.600000000000000000e+01,9.600000000000000000e+01,1.070000000000000000e+02,1.150000000000000000e+02,5.900000000000000000e+01,1.210000000000000000e+02,0.000000000000000000e+00,0.000000000000000000e+00,3.030000000000000000e+02,2.790000000000000000e+02,8.900000000000000000e+01,1.160000000000000000e+02,2.880000000000000000e+02,0.000000000000000000e+00,1.080000000000000000e+02,2.960000000000000000e+02,0.000000000000000000e+00,2.310000000000000000e+02,0.000000000000000000e+00,0.000000000000000000e+00,1.010000000000000000e+02,0.000000000000000000e+00,2.420000000000000000e+02,9.900000000000000000e+01,1.540000000000000000e+02,7.700000000000000000e+01,5.400000000000000000e+01,0.000000000000000000e+00,2.580000000000000000e+02,8.200000000000000000e+01,2.260000000000000000e+02,8.200000000000000000e+01,2.360000000000000000e+02,7.600000000000000000e+01,2.970000000000000000e+02,2.580000000000000000e+02,2.970000000000000000e+02,2.400000000000000000e+02,0.000000000000000000e+00,2.110000000000000000e+02,1.050000000000000000e+02,1.290000000000000000e+02,1.670000000000000000e+02,1.340000000000000000e+02,0.000000000000000000e+00,0.000000000000000000e+00,2.450000000000000000e+02,7.700000000000000000e+01,8.200000000000000000e+01,3.290000000000000000e+02,8.300000000000000000e+01,2.430000000000000000e+02,2.570000000000000000e+02,9.500000000000000000e+01,0.000000000000000000e+00,0.000000000000000000e+00,2.890000000000000000e+02,8.900000000000000000e+01,1.420000000000000000e+02,2.690000000000000000e+02,2.690000000000000000e+02,2.660000000000000000e+02,3.100000000000000000e+02,1.240000000000000000e+02,0.000000000000000000e+00,2.720000000000000000e+02,3.070000000000000000e+02,2.810000000000000000e+02,2.910000000000000000e+02,0.000000000000000000e+00,0.000000000000000000e+00,2.730000000000000000e+02,2.800000000000000000e+01,2.820000000000000000e+02,6.400000000000000000e+01,3.300000000000000000e+01,0.000000000000000000e+00,0.000000000000000000e+00,7.900000000000000000e+01,4.600000000000000000e+01,2.700000000000000000e+02,2.730000000000000000e+02,3.270000000000000000e+02,0.000000000000000000e+00,1.380000000000000000e+02
2.580000000000000000e+02,2.750000000000000000e+02,9.800000000000000000e+01,9.600000000000000000e+01,1.020000000000000000e+02,8.700000000000000000e+01,0.000000000000000000e+00,1.030000000000000000e+02,1.140000000000000000e+02,0.000000000000000000e+00,0.000000000000000000e+00,0.000000000000000000e+00,2.810000000000000000e+02,2.640000000000000000e+02,0.000000000000000000e+00,0.000000000000000000e+00,8.000000000000000000e+01,2.450000000000000000e+02,2.410000000000000000e+02,0.000000000000000000e+00,1.090000000000000000e+02,9.200000000000000000e+01,2.810000000000000000e+02,2.380000000000000000e+02,0.000000000000000000e+00,8.700000000000000000e+01,7.000000000000000000e+01,2.320000000000000000e+02,2.600000000000000000e+02,2.430000000000000000e+02,2.590000000000000000e+02,2.360000000000000000e+02,0.000000000000000000e+00,2.340000000000000000e+02,0.000000000000000000e+00,1.250000000000000000e+02,0.000000000000000000e+00,2.440000000000000000e+02,8.200000000000000000e+01,2.550000000000000000e+02,0.000000000000000000e+00,2.710000000000000000e+02,0.000000000000000000e+00,2.650000000000000000e+02,0.000000000000000000e+00,8.400000000000000000e+01,0.000000000000000000e+00,0.000000000000000000e+00,8.300000000000000000e+01,0.000000000000000000e+00,0.000000000000000000e+00,1.080000000000000000e+02,1.080000000000000000e+02,0.000000000000000000e+00,2.290000000000000000e+02,2.460000000000000000e+02,0.000000000000000000e+00,2.700000000000000000e+02,9.000000000000000000e+01,8.500000000000000000e+01,0.000000000000000000e+00,1.110000000000000000e+02,9.900000000000000000e+01,2.390000000000000000e+02,8.400000000000000000e+01,2.580000000000000000e+02,2.430000000000000000e+02,2.320000000000000000e+02,1.910000000000000000e+02,0.000000000000000000e+00,2.370000000000000000e+02,8.500000000000000000e+01,2.520000000000000000e+02,2.500000000000000000e+02,9.000000000000000000e+01,2.720000000000000000e+02,9.000000000000000000e+01,2.490000000000000000e+02,9.700000000000000000e+01,2.230000000000000000e+02,3.370000000000000000e+02,1.070000000000000000e+02,1.110000000000000000e+02,1.000000000000000000e+02,0.000000000000000000e+00,2.090000000000000000e+02,2.430000000000000000e+02,6.900000000000000000e+01,2.380000000000000000e+02,2.550000000000000000e+02,9.200000000000000000e+01,9.400000000000000000e+01,2.760000000000000000e+02,2.590000000000000000e+02,1.010000000000000000e+02,0.000000000000000000e+00,2.570000000000000000e+02,2.480000000000000000e+02,0.000000000000000000e+00,0.000000000000000000e+00,9.000000000000000000e+01,0.000000000000000000e+00,2.800000000000000000e+02,1.010000000000000000e+02,2.590000000000000000e+02,9.800000000000000000e+01,8.400000000000000000e+01,9.400000000000000000e+01,2.690000000000000000e+02,1.020000000000000000e+02,2.590000000000000000e+02,8.800000000000000000e+01,2.670000000000000000e+02,0.000000000000000000e+00,2.600000000000000000e+02,0.000000000000000000e+00,2.560000000000000000e+02,1.060000000000000000e+02,2.130000000000000000e+02,2.660000000000000000e+02,0.000000000000000000e+00,2.630000000000000000e+02,0.000000000000000000e+00,2.410000000000000000e+02,2.600000000000000000e+02,1.080000000000000000e+02,0.000000000000000000e+00,2.510000000000000000e+02,0.000000000000000000e+00,9.900000000000000000e+01,0.000000000000000000e+00,2.110000000000000000e+02,7.800000000000000000e+01,7.400000000000000000e+01,0.000000000000000000e+00,0.000000000000000000e+00,2.660000000000000000e+02,2.530000000000000000e+02,2.730000000000000000e+02,0.000000000000000000e+00,9.600000000000000000e+01,2.770000000000000000e+02,2.750000000000000000e+02,1.310000000000000000e+02,0.000000000000000000e+00,0.000000000000000000e+00,7.000000000000000000e+01,2.840000000000000000e+02,1.030000000000000000e+02,8.600000000000000000e+01,2.760000000000000000e+02,8.100000000000000000e+01,0.000000000000000000e+00,3.080000000000000000e+02,9.000000000000000000e+01,0.000000000000000000e+00,2.730000000000000000e+02,0.000000000000000000e+00,8.100000000000000000e+01,9.600000000000000000e+01,2.580000000000000000e+02,2.400000000000000000e+02,0.000000000000000000e+00,2.460000000000000000e+02,0.000000000000000000e+00,0.000000000000000000e+00,2.590000000000000000e+02,0.000000000000000000e+00,0.000000000000000000e+00,2.580000000000000000e+02,0.000000000000000000e+00,0.000000000000000000e+00,8.800000000000000000e+01,3.050000000000000000e+02,2.320000000000000000e+02,9.300000000000000000e+01,0.000000000000000000e+00,1.100000000000000000e+02,7.300000000000000000e+01,2.360000000000000000e+02,8.400000000000000000e+01,9.100000000000000000e+01,1.010000000000000000e+02,1.020000000000000000e+02,8.800000000000000000e+01,9.500000000000000000e+01,0.000000000000000000e+00,0.000000000000000000e+00,2.690000000000000000e+02,2.690000000000000000e+02,9.900000000000000000e+01,8.900000000000000000e+01,2.330000000000000000e+02,0.000000000000000000e+00,1.080000000000000000e+02,2.550000000000000000e+02,0.000000000000000000e+00,2.380000000000000000e+02,0.000000000000000000e+00,0.000000000000000000e+00,8.900000000000000000e+01,0.000000000000000000e+00,2.380000000000000000e+02,1.020000000000000000e+02,2.380000000000000000e+02,9.300000000000000000e+01,9.300000000000000000e+01,0.000000000000000000e+00,2.710000000000000000e+02,9.800000000000000000e+01,2.570000000000000000e+02,1.050000000000000000e+02,2.590000000000000000e+02,9.400000000000000000e+01,2.410000000000000000e+02,2.690000000000000000e+02,2.440000000000000000e+02,2.360000000000000000e+02,0.000000000000000000e+00,2.640000000000000000e+02,1.080000000000000000e+02,9.300000000000000000e+01,2.360000000000000000e+02,8.800000000000000000e+01,0.000000000000000000e+00,0.000000000000000000e+00,2.440000000000000000e+02,7.900000000000000000e+01,9.400000000000000000e+01,2.980000000000000000e+02,7.800000000000000000e+01,2.730000000000000000e+02,2.430000000000000000e+02,1.050000000000000000e+02,0.000000000000000000e+00,0.000000000000000000e+00,2.300000000000000000e+02,9.700000000000000000e+01,1.140000000000000000e+02,2.810000000000000000e+02,2.620000000000000000e+02,2.800000000000000000e+02,2.570000000000000000e+02,1.070000000000000000e+02,0.000000000000000000e+00,2.700000000000000000e+02,2.230000000000000000e+02,2.250000000000000000e+02,2.590000000000000000e+02,0.000000000000000000e+00,0.000000000000000000e+00,2.420000000000000000e+02,7.600000000000000000e+01,2.430000000000000000e+02,9.300000000000000000e+01,7.300000000000000000e+01,0.000000000000000000e+00,0.000000000000000000e+00,7.700000000000000000e+01,8.100000000000000000e+01,2.630000000000000000e+02,2.390000000000000000e+02,2.540000000000000000e+02,0.000000000000000000e+00,1.020000000000000000e+02
7.090000000000000000e+02,9.550000000000000000e+02,4.650000000000000000e+02,1.840000000000000000e+02,2.500000000000000000e+02,4.400000000000000000e+01,2.000000000000000000e+00,5.000000000000000000e+00,5.150000000000000000e+02,0.000000000000000000e+00,3.830000000000000000e+02,2.800000000000000000e+02,2.800000000000000000e+01,7.950000000000000000e+02,1.540000000000000000e+02,3.700000000000000000e+01,1.000000000000000000e+01,3.140000000000000000e+02,1.940000000000000000e+02,0.000000000000000000e+00,1.460000000000000000e+02,9.000000000000000000e+01,3.290000000000000000e+02,1.323000000000000000e+03,1.000000000000000000e+00,4.570000000000000000e+02,2.780000000000000000e+02,4.560000000000000000e+02,1.045000000000000000e+03,1.463000000000000000e+03,8.000000000000000000e+01,2.650000000000000000e+02,5.300000000000000000e+01,4.020000000000000000e+02,0.000000000000000000e+00,7.130000000000000000e+02,0.000000000000000000e+00,4.360000000000000000e+02,2.400000000000000000e+02,1.733000000000000000e+03,1.130000000000000000e+02,8.710000000000000000e+02,8.000000000000000000e+00,1.570000000000000000e+02,2.000000000000000000e+00,6.400000000000000000e+01,0.000000000000000000e+00,2.000000000000000000e+00,2.000000000000000000e+01,2.010000000000000000e+02,3.490000000000000000e+02,8.000000000000000000e+00,2.450000000000000000e+02,3.000000000000000000e+00,4.870000000000000000e+02,4.380000000000000000e+02,1.000000000000000000e+00,4.190000000000000000e+02,3.410000000000000000e+02,2.560000000000000000e+02,4.700000000000000000e+01,1.100000000000000000e+02,2.540000000000000000e+02,1.460000000000000000e+02,5.300000000000000000e+01,1.691000000000000000e+03,7.100000000000000000e+01,1.800000000000000000e+02,6.000000000000000000e+01,4.000000000000000000e+01,6.980000000000000000e+02,3.470000000000000000e+02,2.950000000000000000e+02,3.030000000000000000e+02,1.300000000000000000e+01,1.610000000000000000e+02,1.200000000000000000e+01,7.630000000000000000e+02,6.700000000000000000e+01,1.000000000000000000e+03,3.768000000000000000e+03,4.250000000000000000e+02,7.300000000000000000e+02,4.100000000000000000e+01,3.730000000000000000e+02,9.270000000000000000e+02,3.500000000000000000e+01,1.600000000000000000e+01,4.580000000000000000e+02,1.385000000000000000e+03,7.900000000000000000e+01,1.440000000000000000e+02,1.467000000000000000e+03,4.580000000000000000e+02,1.450000000000000000e+02,1.880000000000000000e+02,2.990000000000000000e+02,1.336000000000000000e+03,3.000000000000000000e+00,4.000000000000000000e+00,1.600000000000000000e+01,1.000000000000000000e+00,1.400000000000000000e+03,6.600000000000000000e+01,5.040000000000000000e+02,3.000000000000000000e+00,1.780000000000000000e+02,2.000000000000000000e+00,1.484000000000000000e+03,6.770000000000000000e+02,1.216000000000000000e+03,4.000000000000000000e+01,6.830000000000000000e+02,4.000000000000000000e+00,1.920000000000000000e+03,2.800000000000000000e+02,1.311000000000000000e+03,6.160000000000000000e+02,5.460000000000000000e+02,6.930000000000000000e+02,2.000000000000000000e+00,3.862000000000000000e+03,4.380000000000000000e+02,1.223000000000000000e+03,9.500000000000000000e+02,8.000000000000000000e+00,3.000000000000000000e+00,1.446000000000000000e+03,0.000000000000000000e+00,2.370000000000000000e+02,1.000000000000000000e+00,2.500000000000000000e+01,5.700000000000000000e+01,1.300000000000000000e+01,8.000000000000000000e+00,1.000000000000000000e+01,5.100000000000000000e+02,1.600000000000000000e+01,4.690000000000000000e+02,2.430000000000000000e+02,1.220000000000000000e+02,6.230000000000000000e+02,1.400000000000000000e+02,6.290000000000000000e+02,0.000000000000000000e+00,1.300000000000000000e+01,4.000000000000000000e+00,5.230000000000000000e+02,1.000000000000000000e+00,5.120000000000000000e+02,9.060000000000000000e+02,4.900000000000000000e+01,3.330000000000000000e+02,3.753000000000000000e+03,4.000000000000000000e+00,8.000000000000000000e+00,1.619000000000000000e+03,2.000000000000000000e+00,3.700000000000000000e+01,1.830000000000000000e+02,1.097000000000000000e+03,4.040000000000000000e+02,1.580000000000000000e+02,9.050000000000000000e+02,7.300000000000000000e+01,3.000000000000000000e+00,4.860000000000000000e+02,0.000000000000000000e+00,4.000000000000000000e+00,3.400000000000000000e+01,5.000000000000000000e+00,2.200000000000000000e+01,1.700000000000000000e+01,3.841000000000000000e+03,1.447000000000000000e+03,2.570000000000000000e+02,4.000000000000000000e+00,2.640000000000000000e+02,2.250000000000000000e+02,7.600000000000000000e+01,5.600000000000000000e+01,3.600000000000000000e+01,3.120000000000000000e+02,4.110000000000000000e+02,9.500000000000000000e+01,8.200000000000000000e+02,3.000000000000000000e+00,0.000000000000000000e+00,0.000000000000000000e+00,8.670000000000000000e+02,5.700000000000000000e+01,8.200000000000000000e+01,2.030000000000000000e+03,7.000000000000000000e+00,1.780000000000000000e+02,7.840000000000000000e+02,2.000000000000000000e+00,3.420000000000000000e+02,3.000000000000000000e+00,4.000000000000000000e+00,3.840000000000000000e+02,1.510000000000000000e+02,7.490000000000000000e+02,4.000000000000000000e+00,5.800000000000000000e+01,4.700000000000000000e+01,2.900000000000000000e+01,0.000000000000000000e+00,2.950000000000000000e+02,5.200000000000000000e+01,1.410000000000000000e+02,2.090000000000000000e+02,5.300000000000000000e+01,4.800000000000000000e+01,1.943000000000000000e+03,4.610000000000000000e+02,1.644000000000000000e+03,2.180000000000000000e+02,4.000000000000000000e+00,2.800000000000000000e+01,5.030000000000000000e+02,5.660000000000000000e+02,8.800000000000000000e+01,6.460000000000000000e+02,9.000000000000000000e+01,1.190000000000000000e+02,6.740000000000000000e+02,4.800000000000000000e+01,1.900000000000000000e+01,3.789000000000000000e+03,6.100000000000000000e+01,3.000000000000000000e+01,1.423000000000000000e+03,5.130000000000000000e+02,0.000000000000000000e+00,1.600000000000000000e+01,6.910000000000000000e+02,2.330000000000000000e+02,7.290000000000000000e+02,6.280000000000000000e+02,1.504000000000000000e+03,1.012000000000000000e+03,7.270000000000000000e+02,6.150000000000000000e+02,3.000000000000000000e+00,1.392000000000000000e+03,8.370000000000000000e+02,4.940000000000000000e+02,1.096000000000000000e+03,5.000000000000000000e+00,0.000000000000000000e+00,5.980000000000000000e+02,9.000000000000000000e+00,9.020000000000000000e+02,3.400000000000000000e+01,1.500000000000000000e+01,9.000000000000000000e+00,1.000000000000000000e+00,3.900000000000000000e+01,1.800000000000000000e+01,1.544000000000000000e+03,1.432000000000000000e+03,1.923000000000000000e+03,4.000000000000000000e+00,7.170000000000000000e+02
2.011000000000000000e+03,2.217000000000000000e+03,9.450000000000000000e+02,5.030000000000000000e+02,6.670000000000000000e+02,3.050000000000000000e+02,1.800000000000000000e+01,1.520000000000000000e+02,1.139000000000000000e+03,4.000000000000000000e+00,5.700000000000000000e+02,5.580000000000000000e+02,3.930000000000000000e+02,2.088000000000000000e+03,2.740000000000000000e+02,5.200000000000000000e+01,1.150000000000000000e+02,9.990000000000000000e+02,7.270000000000000000e+02,6.000000000000000000e+00,4.060000000000000000e+02,3.930000000000000000e+02,1.075000000000000000e+03,2.606000000000000000e+03,1.000000000000000000e+00,9.920000000000000000e+02,5.220000000000000000e+02,8.420000000000000000e+02,2.383000000000000000e+03,2.654000000000000000e+03,8.410000000000000000e+02,6.660000000000000000e+02,2.350000000000000000e+02,1.569000000000000000e+03,1.000000000000000000e+01,1.202000000000000000e+03,1.900000000000000000e+01,6.470000000000000000e+02,5.650000000000000000e+02,2.942000000000000000e+03,2.350000000000000000e+02,1.644000000000000000e+03,6.300000000000000000e+01,1.560000000000000000e+03,2.600000000000000000e+01,1.520000000000000000e+02,1.300000000000000000e+01,1.500000000000000000e+01,1.630000000000000000e+02,4.890000000000000000e+02,5.340000000000000000e+02,1.760000000000000000e+02,7.540000000000000000e+02,1.400000000000000000e+01,1.399000000000000000e+03,1.396000000000000000e+03,1.900000000000000000e+01,1.439000000000000000e+03,8.920000000000000000e+02,3.800000000000000000e+02,2.240000000000000000e+02,3.890000000000000000e+02,6.820000000000000000e+02,1.380000000000000000e+02,3.300000000000000000e+01,2.868000000000000000e+03,8.580000000000000000e+02,6.000000000000000000e+02,1.860000000000000000e+02,1.650000000000000000e+02,8.430000000000000000e+02,6.680000000000000000e+02,1.163000000000000000e+03,9.050000000000000000e+02,7.400000000000000000e+01,8.910000000000000000e+02,1.450000000000000000e+02,2.247000000000000000e+03,2.600000000000000000e+02,2.306000000000000000e+03,4.458000000000000000e+03,1.172000000000000000e+03,1.221000000000000000e+03,4.170000000000000000e+02,5.340000000000000000e+02,2.109000000000000000e+03,6.080000000000000000e+02,1.030000000000000000e+02,1.416000000000000000e+03,2.889000000000000000e+03,1.150000000000000000e+02,4.460000000000000000e+02,2.770000000000000000e+03,9.290000000000000000e+02,2.360000000000000000e+02,3.140000000000000000e+02,1.077000000000000000e+03,2.590000000000000000e+03,1.700000000000000000e+01,2.000000000000000000e+00,1.050000000000000000e+02,1.200000000000000000e+01,2.149000000000000000e+03,2.510000000000000000e+02,1.467000000000000000e+03,1.000000000000000000e+02,4.640000000000000000e+02,4.300000000000000000e+01,2.449000000000000000e+03,1.203000000000000000e+03,2.422000000000000000e+03,1.820000000000000000e+02,1.853000000000000000e+03,2.000000000000000000e+00,2.928000000000000000e+03,5.320000000000000000e+02,2.645000000000000000e+03,1.059000000000000000e+03,2.081000000000000000e+03,2.447000000000000000e+03,1.600000000000000000e+01,4.242000000000000000e+03,5.360000000000000000e+02,2.737000000000000000e+03,2.533000000000000000e+03,9.000000000000000000e+01,8.000000000000000000e+00,2.708000000000000000e+03,1.500000000000000000e+01,8.860000000000000000e+02,5.000000000000000000e+00,1.600000000000000000e+02,2.050000000000000000e+02,3.500000000000000000e+01,7.100000000000000000e+01,4.600000000000000000e+01,1.999000000000000000e+03,1.560000000000000000e+02,1.554000000000000000e+03,5.220000000000000000e+02,6.490000000000000000e+02,1.995000000000000000e+03,8.420000000000000000e+02,1.133000000000000000e+03,1.400000000000000000e+01,7.100000000000000000e+01,5.100000000000000000e+01,2.089000000000000000e+03,1.080000000000000000e+02,1.107000000000000000e+03,2.210000000000000000e+03,1.810000000000000000e+02,5.820000000000000000e+02,4.559000000000000000e+03,4.700000000000000000e+01,4.700000000000000000e+01,2.613000000000000000e+03,1.200000000000000000e+01,2.920000000000000000e+02,7.180000000000000000e+02,2.477000000000000000e+03,1.258000000000000000e+03,2.500000000000000000e+02,2.176000000000000000e+03,2.000000000000000000e+02,2.300000000000000000e+01,1.922000000000000000e+03,1.300000000000000000e+01,1.900000000000000000e+01,5.370000000000000000e+02,2.000000000000000000e+00,1.400000000000000000e+02,1.090000000000000000e+02,4.293000000000000000e+03,2.435000000000000000e+03,4.200000000000000000e+02,3.000000000000000000e+00,7.000000000000000000e+02,4.780000000000000000e+02,7.100000000000000000e+01,2.730000000000000000e+02,1.540000000000000000e+02,6.120000000000000000e+02,1.195000000000000000e+03,3.960000000000000000e+02,1.242000000000000000e+03,4.300000000000000000e+01,1.000000000000000000e+00,2.812000000000000000e+03,0.000000000000000000e+00,2.890000000000000000e+02,4.440000000000000000e+02,2.736000000000000000e+03,8.000000000000000000e+00,7.000000000000000000e+02,2.479000000000000000e+03,1.700000000000000000e+01,1.035000000000000000e+03,9.000000000000000000e+00,7.000000000000000000e+00,8.060000000000000000e+02,2.180000000000000000e+02,1.818000000000000000e+03,1.450000000000000000e+02,2.660000000000000000e+02,1.600000000000000000e+02,1.360000000000000000e+02,2.000000000000000000e+00,1.100000000000000000e+03,2.130000000000000000e+02,8.100000000000000000e+02,3.610000000000000000e+02,3.850000000000000000e+02,1.780000000000000000e+02,3.000000000000000000e+03,1.348000000000000000e+03,2.743000000000000000e+03,7.150000000000000000e+02,1.400000000000000000e+01,3.130000000000000000e+02,1.017000000000000000e+03,1.166000000000000000e+03,3.960000000000000000e+02,1.181000000000000000e+03,3.460000000000000000e+02,2.900000000000000000e+02,1.922000000000000000e+03,1.960000000000000000e+02,1.760000000000000000e+02,4.401000000000000000e+03,1.990000000000000000e+02,6.030000000000000000e+02,2.335000000000000000e+03,1.022000000000000000e+03,2.000000000000000000e+00,1.900000000000000000e+01,1.604000000000000000e+03,6.740000000000000000e+02,1.172000000000000000e+03,1.688000000000000000e+03,2.802000000000000000e+03,2.215000000000000000e+03,1.881000000000000000e+03,1.216000000000000000e+03,3.200000000000000000e+01,2.697000000000000000e+03,2.541000000000000000e+03,1.578000000000000000e+03,2.465000000000000000e+03,1.600000000000000000e+01,1.500000000000000000e+01,2.042000000000000000e+03,6.500000000000000000e+01,2.189000000000000000e+03,2.500000000000000000e+01,1.100000000000000000e+01,1.100000000000000000e+01,1.000000000000000000e+00,1.470000000000000000e+02,6.100000000000000000e+01,2.978000000000000000e+03,2.674000000000000000e+03,2.669000000000000000e+03,1.500000000000000000e+01,1.227000000000000000e+03
1.033000000000000000e+03,9.140000000000000000e+02,2.380000000000000000e+02,1.850000000000000000e+02,2.040000000000000000e+02,1.570000000000000000e+02,2.300000000000000000e+01,1.060000000000000000e+02,2.460000000000000000e+02,4.000000000000000000e+00,1.510000000000000000e+02,1.350000000000000000e+02,3.970000000000000000e+02,9.600000000000000000e+02,8.200000000000000000e+01,3.900000000000000000e+01,9.800000000000000000e+01,6.860000000000000000e+02,5.680000000000000000e+02,9.000000000000000000e+00,1.840000000000000000e+02,2.520000000000000000e+02,7.490000000000000000e+02,1.041000000000000000e+03,4.000000000000000000e+00,2.460000000000000000e+02,1.930000000000000000e+02,7.520000000000000000e+02,9.320000000000000000e+02,9.710000000000000000e+02,6.790000000000000000e+02,6.450000000000000000e+02,1.240000000000000000e+02,9.740000000000000000e+02,5.000000000000000000e+00,4.290000000000000000e+02,2.400000000000000000e+01,7.420000000000000000e+02,2.070000000000000000e+02,9.590000000000000000e+02,6.700000000000000000e+01,8.850000000000000000e+02,5.500000000000000000e+01,8.460000000000000000e+02,1.300000000000000000e+01,1.410000000000000000e+02,2.100000000000000000e+01,7.000000000000000000e+00,9.200000000000000000e+01,1.780000000000000000e+02,1.620000000000000000e+02,1.140000000000000000e+02,2.310000000000000000e+02,2.600000000000000000e+01,8.150000000000000000e+02,7.710000000000000000e+02,2.000000000000000000e+01,9.830000000000000000e+02,2.150000000000000000e+02,1.530000000000000000e+02,1.470000000000000000e+02,1.640000000000000000e+02,2.200000000000000000e+02,4.380000000000000000e+02,7.900000000000000000e+01,1.031000000000000000e+03,6.750000000000000000e+02,4.740000000000000000e+02,2.210000000000000000e+02,1.010000000000000000e+02,8.400000000000000000e+02,1.780000000000000000e+02,1.032000000000000000e+03,6.660000000000000000e+02,5.300000000000000000e+01,7.860000000000000000e+02,7.100000000000000000e+01,1.042000000000000000e+03,1.540000000000000000e+02,9.060000000000000000e+02,1.178000000000000000e+03,3.900000000000000000e+02,4.290000000000000000e+02,1.740000000000000000e+02,1.300000000000000000e+02,9.080000000000000000e+02,5.240000000000000000e+02,1.080000000000000000e+02,7.430000000000000000e+02,1.052000000000000000e+03,1.220000000000000000e+02,1.560000000000000000e+02,9.510000000000000000e+02,7.590000000000000000e+02,1.850000000000000000e+02,1.220000000000000000e+02,6.690000000000000000e+02,9.450000000000000000e+02,3.100000000000000000e+01,1.400000000000000000e+01,4.900000000000000000e+01,1.100000000000000000e+01,9.790000000000000000e+02,1.270000000000000000e+02,7.980000000000000000e+02,5.300000000000000000e+01,1.370000000000000000e+02,2.500000000000000000e+01,1.040000000000000000e+03,3.760000000000000000e+02,1.036000000000000000e+03,8.900000000000000000e+01,8.510000000000000000e+02,2.300000000000000000e+01,1.017000000000000000e+03,1.670000000000000000e+02,1.037000000000000000e+03,2.220000000000000000e+02,9.090000000000000000e+02,9.350000000000000000e+02,5.000000000000000000e+00,1.196000000000000000e+03,1.630000000000000000e+02,9.770000000000000000e+02,9.150000000000000000e+02,7.300000000000000000e+01,1.200000000000000000e+01,1.019000000000000000e+03,1.600000000000000000e+01,2.690000000000000000e+02,9.000000000000000000e+00,9.500000000000000000e+01,1.080000000000000000e+02,3.200000000000000000e+01,5.500000000000000000e+01,4.000000000000000000e+01,8.920000000000000000e+02,2.590000000000000000e+02,1.041000000000000000e+03,1.380000000000000000e+02,2.190000000000000000e+02,9.300000000000000000e+02,7.310000000000000000e+02,4.250000000000000000e+02,1.800000000000000000e+01,7.000000000000000000e+01,6.900000000000000000e+01,9.420000000000000000e+02,6.700000000000000000e+01,2.430000000000000000e+02,1.003000000000000000e+03,1.110000000000000000e+02,1.600000000000000000e+02,1.201000000000000000e+03,7.000000000000000000e+00,3.800000000000000000e+01,9.950000000000000000e+02,7.000000000000000000e+00,2.160000000000000000e+02,2.120000000000000000e+02,8.860000000000000000e+02,7.740000000000000000e+02,7.300000000000000000e+01,9.510000000000000000e+02,1.100000000000000000e+02,1.900000000000000000e+01,8.560000000000000000e+02,1.300000000000000000e+01,2.600000000000000000e+01,4.840000000000000000e+02,1.800000000000000000e+01,1.360000000000000000e+02,4.300000000000000000e+01,1.266000000000000000e+03,9.770000000000000000e+02,1.640000000000000000e+02,2.000000000000000000e+01,1.780000000000000000e+02,1.560000000000000000e+02,2.810000000000000000e+02,1.940000000000000000e+02,8.400000000000000000e+01,2.030000000000000000e+02,2.110000000000000000e+02,1.170000000000000000e+02,2.430000000000000000e+02,3.800000000000000000e+01,6.000000000000000000e+00,9.960000000000000000e+02,9.470000000000000000e+02,0.000000000000000000e+00,2.170000000000000000e+02,1.063000000000000000e+03,3.300000000000000000e+01,2.360000000000000000e+02,9.420000000000000000e+02,4.000000000000000000e+01,6.770000000000000000e+02,2.200000000000000000e+01,6.000000000000000000e+00,2.020000000000000000e+02,7.200000000000000000e+01,8.920000000000000000e+02,1.060000000000000000e+02,3.210000000000000000e+02,9.200000000000000000e+01,9.200000000000000000e+01,8.000000000000000000e+00,9.220000000000000000e+02,1.130000000000000000e+02,6.610000000000000000e+02,1.370000000000000000e+02,5.420000000000000000e+02,9.100000000000000000e+01,9.880000000000000000e+02,7.710000000000000000e+02,1.011000000000000000e+03,6.020000000000000000e+02,2.000000000000000000e+01,3.440000000000000000e+02,2.300000000000000000e+02,4.360000000000000000e+02,3.900000000000000000e+02,4.050000000000000000e+02,1.230000000000000000e+02,1.290000000000000000e+02,8.720000000000000000e+02,1.430000000000000000e+02,1.390000000000000000e+02,1.130000000000000000e+03,1.090000000000000000e+02,4.290000000000000000e+02,9.800000000000000000e+02,2.490000000000000000e+02,5.000000000000000000e+00,5.000000000000000000e+01,8.610000000000000000e+02,1.980000000000000000e+02,4.280000000000000000e+02,8.740000000000000000e+02,9.540000000000000000e+02,1.000000000000000000e+03,8.430000000000000000e+02,4.230000000000000000e+02,7.900000000000000000e+01,9.730000000000000000e+02,9.660000000000000000e+02,1.014000000000000000e+03,9.400000000000000000e+02,1.600000000000000000e+01,1.100000000000000000e+01,9.750000000000000000e+02,2.500000000000000000e+01,9.200000000000000000e+02,8.100000000000000000e+01,5.800000000000000000e+01,2.500000000000000000e+01,4.000000000000000000e+00,8.900000000000000000e+01,7.700000000000000000e+01,1.023000000000000000e+03,9.950000000000000000e+02,1.069000000000000000e+03,2.200000000000000000e+01,4.450000000000000000e+02
6.180000000000000000e+02,6.030000000000000000e+02,1.570000000000000000e+02,6.900000000000000000e+01,1.340000000000000000e+02,9.000000000000000000e+01,7.000000000000000000e+00,4.000000000000000000e+01,1.640000000000000000e+02,2.000000000000000000e+00,1.180000000000000000e+02,1.290000000000000000e+02,2.100000000000000000e+02,5.520000000000000000e+02,4.600000000000000000e+01,9.000000000000000000e+00,3.200000000000000000e+01,3.140000000000000000e+02,2.410000000000000000e+02,7.000000000000000000e+00,9.800000000000000000e+01,6.000000000000000000e+01,3.780000000000000000e+02,6.420000000000000000e+02,3.000000000000000000e+00,1.280000000000000000e+02,8.000000000000000000e+01,4.630000000000000000e+02,6.240000000000000000e+02,6.340000000000000000e+02,3.130000000000000000e+02,3.710000000000000000e+02,7.200000000000000000e+01,4.730000000000000000e+02,9.000000000000000000e+00,2.430000000000000000e+02,7.000000000000000000e+00,4.090000000000000000e+02,1.340000000000000000e+02,6.680000000000000000e+02,4.000000000000000000e+01,5.450000000000000000e+02,2.500000000000000000e+01,5.270000000000000000e+02,1.600000000000000000e+01,5.300000000000000000e+01,4.000000000000000000e+00,1.000000000000000000e+01,4.100000000000000000e+01,1.050000000000000000e+02,1.120000000000000000e+02,4.900000000000000000e+01,1.480000000000000000e+02,5.000000000000000000e+00,4.210000000000000000e+02,4.190000000000000000e+02,1.200000000000000000e+01,5.140000000000000000e+02,1.570000000000000000e+02,9.700000000000000000e+01,6.900000000000000000e+01,1.080000000000000000e+02,1.320000000000000000e+02,2.080000000000000000e+02,4.600000000000000000e+01,6.430000000000000000e+02,3.580000000000000000e+02,2.150000000000000000e+02,1.190000000000000000e+02,5.000000000000000000e+01,4.490000000000000000e+02,1.330000000000000000e+02,4.080000000000000000e+02,3.140000000000000000e+02,2.400000000000000000e+01,4.000000000000000000e+02,2.900000000000000000e+01,6.640000000000000000e+02,8.400000000000000000e+01,6.780000000000000000e+02,7.940000000000000000e+02,2.320000000000000000e+02,2.270000000000000000e+02,1.300000000000000000e+02,9.100000000000000000e+01,6.500000000000000000e+02,2.450000000000000000e+02,3.300000000000000000e+01,4.650000000000000000e+02,6.560000000000000000e+02,6.100000000000000000e+01,1.100000000000000000e+02,6.620000000000000000e+02,4.410000000000000000e+02,8.700000000000000000e+01,8.200000000000000000e+01,4.080000000000000000e+02,6.290000000000000000e+02,1.500000000000000000e+01,1.100000000000000000e+01,2.700000000000000000e+01,8.000000000000000000e+00,6.090000000000000000e+02,7.900000000000000000e+01,5.250000000000000000e+02,2.300000000000000000e+01,9.500000000000000000e+01,1.600000000000000000e+01,6.000000000000000000e+02,2.230000000000000000e+02,6.060000000000000000e+02,4.200000000000000000e+01,6.260000000000000000e+02,5.000000000000000000e+00,6.370000000000000000e+02,1.020000000000000000e+02,6.770000000000000000e+02,1.420000000000000000e+02,6.140000000000000000e+02,6.310000000000000000e+02,5.000000000000000000e+00,7.960000000000000000e+02,1.200000000000000000e+02,6.090000000000000000e+02,6.380000000000000000e+02,3.000000000000000000e+01,5.000000000000000000e+00,6.340000000000000000e+02,5.000000000000000000e+00,1.500000000000000000e+02,7.000000000000000000e+00,7.900000000000000000e+01,5.100000000000000000e+01,1.900000000000000000e+01,2.800000000000000000e+01,2.600000000000000000e+01,6.100000000000000000e+02,9.200000000000000000e+01,4.990000000000000000e+02,9.800000000000000000e+01,1.450000000000000000e+02,6.060000000000000000e+02,3.930000000000000000e+02,2.380000000000000000e+02,8.000000000000000000e+00,1.900000000000000000e+01,2.400000000000000000e+01,6.200000000000000000e+02,3.200000000000000000e+01,1.380000000000000000e+02,6.100000000000000000e+02,3.900000000000000000e+01,1.070000000000000000e+02,7.660000000000000000e+02,1.500000000000000000e+01,2.200000000000000000e+01,6.960000000000000000e+02,3.000000000000000000e+00,6.000000000000000000e+01,1.540000000000000000e+02,6.510000000000000000e+02,4.260000000000000000e+02,4.800000000000000000e+01,5.760000000000000000e+02,7.100000000000000000e+01,1.000000000000000000e+01,6.330000000000000000e+02,4.000000000000000000e+00,6.000000000000000000e+00,2.440000000000000000e+02,9.000000000000000000e+00,4.300000000000000000e+01,2.100000000000000000e+01,7.690000000000000000e+02,6.560000000000000000e+02,1.000000000000000000e+02,1.500000000000000000e+01,1.180000000000000000e+02,8.600000000000000000e+01,1.210000000000000000e+02,7.000000000000000000e+01,3.900000000000000000e+01,1.260000000000000000e+02,1.620000000000000000e+02,7.500000000000000000e+01,1.730000000000000000e+02,1.900000000000000000e+01,0.000000000000000000e+00,6.340000000000000000e+02,5.850000000000000000e+02,4.200000000000000000e+01,0.000000000000000000e+00,6.740000000000000000e+02,7.000000000000000000e+00,1.490000000000000000e+02,6.290000000000000000e+02,1.000000000000000000e+01,3.100000000000000000e+02,1.300000000000000000e+01,3.000000000000000000e+00,1.210000000000000000e+02,4.800000000000000000e+01,6.000000000000000000e+02,3.400000000000000000e+01,1.570000000000000000e+02,5.300000000000000000e+01,4.000000000000000000e+01,0.000000000000000000e+00,3.590000000000000000e+02,5.100000000000000000e+01,2.560000000000000000e+02,8.200000000000000000e+01,1.760000000000000000e+02,3.100000000000000000e+01,5.990000000000000000e+02,3.990000000000000000e+02,6.670000000000000000e+02,3.280000000000000000e+02,1.000000000000000000e+01,1.510000000000000000e+02,1.640000000000000000e+02,2.690000000000000000e+02,1.680000000000000000e+02,2.250000000000000000e+02,9.700000000000000000e+01,6.400000000000000000e+01,5.620000000000000000e+02,3.300000000000000000e+01,4.300000000000000000e+01,8.080000000000000000e+02,3.700000000000000000e+01,1.860000000000000000e+02,6.020000000000000000e+02,1.790000000000000000e+02,3.000000000000000000e+00,2.700000000000000000e+01,5.590000000000000000e+02,1.140000000000000000e+02,2.540000000000000000e+02,5.260000000000000000e+02,6.060000000000000000e+02,6.180000000000000000e+02,5.500000000000000000e+02,2.830000000000000000e+02,1.800000000000000000e+01,6.460000000000000000e+02,6.610000000000000000e+02,5.370000000000000000e+02,6.100000000000000000e+02,7.000000000000000000e+00,4.000000000000000000e+00,6.090000000000000000e+02,2.400000000000000000e+01,5.690000000000000000e+02,3.300000000000000000e+01,2.200000000000000000e+01,1.100000000000000000e+01,1.000000000000000000e+00,2.900000000000000000e+01,2.400000000000000000e+01,6.190000000000000000e+02,5.740000000000000000e+02,6.540000000000000000e+02,8.000000000000000000e+00,2.810000000000000000e+02
4.800000000000000000e+02,6.140000000000000000e+02,2.900000000000000000e+02,1.600000000000000000e+02,1.960000000000000000e+02,4.700000000000000000e+01,2.000000000000000000e+00,2.200000000000000000e+01,4.310000000000000000e+02,2.000000000000000000e+00,3.740000000000000000e+02,1.980000000000000000e+02,5.500000000000000000e+01,6.210000000000000000e+02,1.530000000000000000e+02,2.000000000000000000e+01,9.000000000000000000e+00,1.710000000000000000e+02,1.160000000000000000e+02,0.000000000000000000e+00,3.300000000000000000e+01,6.800000000000000000e+01,2.070000000000000000e+02,9.600000000000000000e+02,0.000000000000000000e+00,3.800000000000000000e+02,1.950000000000000000e+02,9.300000000000000000e+01,7.140000000000000000e+02,1.081000000000000000e+03,1.280000000000000000e+02,6.600000000000000000e+01,2.800000000000000000e+01,3.380000000000000000e+02,0.000000000000000000e+00,5.580000000000000000e+02,1.000000000000000000e+00,7.500000000000000000e+01,7.400000000000000000e+01,1.499000000000000000e+03,8.500000000000000000e+01,1.330000000000000000e+02,1.000000000000000000e+01,3.040000000000000000e+02,4.000000000000000000e+00,2.200000000000000000e+01,1.000000000000000000e+00,3.000000000000000000e+00,3.100000000000000000e+01,1.160000000000000000e+02,2.540000000000000000e+02,1.800000000000000000e+01,1.690000000000000000e+02,0.000000000000000000e+00,2.830000000000000000e+02,2.300000000000000000e+02,3.000000000000000000e+00,3.460000000000000000e+02,2.640000000000000000e+02,1.210000000000000000e+02,2.700000000000000000e+01,4.400000000000000000e+01,6.000000000000000000e+01,1.500000000000000000e+01,5.000000000000000000e+00,1.318000000000000000e+03,1.260000000000000000e+02,9.100000000000000000e+01,2.400000000000000000e+01,1.500000000000000000e+01,9.600000000000000000e+01,2.470000000000000000e+02,1.850000000000000000e+02,1.650000000000000000e+02,1.300000000000000000e+01,8.900000000000000000e+01,9.000000000000000000e+00,4.750000000000000000e+02,3.800000000000000000e+01,7.570000000000000000e+02,4.424000000000000000e+03,4.660000000000000000e+02,4.800000000000000000e+02,4.100000000000000000e+01,2.870000000000000000e+02,6.620000000000000000e+02,7.000000000000000000e+01,8.000000000000000000e+00,2.930000000000000000e+02,1.131000000000000000e+03,1.300000000000000000e+01,3.200000000000000000e+01,1.166000000000000000e+03,7.500000000000000000e+01,2.000000000000000000e+01,4.600000000000000000e+01,1.950000000000000000e+02,1.030000000000000000e+03,4.000000000000000000e+00,2.000000000000000000e+00,1.800000000000000000e+01,2.000000000000000000e+00,3.780000000000000000e+02,2.900000000000000000e+01,2.840000000000000000e+02,1.200000000000000000e+01,1.160000000000000000e+02,2.000000000000000000e+00,4.860000000000000000e+02,5.680000000000000000e+02,9.420000000000000000e+02,2.700000000000000000e+01,4.440000000000000000e+02,0.000000000000000000e+00,1.613000000000000000e+03,2.380000000000000000e+02,9.940000000000000000e+02,5.070000000000000000e+02,4.950000000000000000e+02,8.680000000000000000e+02,5.000000000000000000e+00,4.450000000000000000e+03,2.890000000000000000e+02,1.185000000000000000e+03,8.290000000000000000e+02,6.000000000000000000e+00,1.000000000000000000e+00,1.066000000000000000e+03,1.000000000000000000e+00,2.450000000000000000e+02,1.000000000000000000e+00,1.700000000000000000e+01,2.700000000000000000e+01,3.000000000000000000e+00,7.000000000000000000e+00,7.000000000000000000e+00,5.270000000000000000e+02,2.400000000000000000e+01,3.450000000000000000e+02,1.640000000000000000e+02,1.080000000000000000e+02,3.140000000000000000e+02,8.400000000000000000e+01,5.510000000000000000e+02,0.000000000000000000e+00,6.000000000000000000e+00,5.000000000000000000e+00,5.330000000000000000e+02,1.000000000000000000e+01,3.430000000000000000e+02,6.180000000000000000e+02,3.000000000000000000e+01,3.320000000000000000e+02,4.378000000000000000e+03,7.000000000000000000e+00,1.000000000000000000e+00,8.360000000000000000e+02,1.000000000000000000e+00,5.000000000000000000e+01,1.620000000000000000e+02,3.410000000000000000e+02,2.910000000000000000e+02,1.650000000000000000e+02,6.860000000000000000e+02,4.400000000000000000e+01,1.000000000000000000e+00,4.820000000000000000e+02,0.000000000000000000e+00,0.000000000000000000e+00,9.200000000000000000e+01,0.000000000000000000e+00,1.500000000000000000e+01,9.000000000000000000e+00,4.354000000000000000e+03,4.910000000000000000e+02,1.230000000000000000e+02,1.000000000000000000e+00,1.340000000000000000e+02,1.860000000000000000e+02,1.800000000000000000e+01,4.400000000000000000e+01,2.000000000000000000e+01,4.700000000000000000e+01,1.240000000000000000e+02,1.230000000000000000e+02,7.290000000000000000e+02,1.000000000000000000e+01,0.000000000000000000e+00,1.296000000000000000e+03,1.770000000000000000e+02,3.600000000000000000e+01,3.800000000000000000e+01,0.000000000000000000e+00,0.000000000000000000e+00,1.220000000000000000e+02,7.680000000000000000e+02,5.000000000000000000e+00,1.940000000000000000e+02,1.000000000000000000e+00,0.000000000000000000e+00,2.540000000000000000e+02,9.700000000000000000e+01,4.950000000000000000e+02,1.900000000000000000e+01,3.700000000000000000e+01,3.500000000000000000e+01,1.500000000000000000e+01,0.000000000000000000e+00,2.000000000000000000e+02,1.900000000000000000e+01,1.190000000000000000e+02,1.210000000000000000e+02,3.000000000000000000e+01,2.000000000000000000e+01,1.457000000000000000e+03,2.650000000000000000e+02,1.287000000000000000e+03,1.040000000000000000e+02,0.000000000000000000e+00,4.600000000000000000e+01,2.990000000000000000e+02,5.330000000000000000e+02,6.200000000000000000e+01,5.830000000000000000e+02,5.800000000000000000e+01,6.100000000000000000e+01,4.180000000000000000e+02,2.800000000000000000e+01,1.000000000000000000e+01,4.377000000000000000e+03,2.700000000000000000e+01,6.500000000000000000e+01,4.580000000000000000e+02,3.630000000000000000e+02,0.000000000000000000e+00,4.000000000000000000e+00,1.960000000000000000e+02,1.280000000000000000e+02,4.780000000000000000e+02,1.500000000000000000e+02,1.177000000000000000e+03,6.770000000000000000e+02,4.530000000000000000e+02,4.170000000000000000e+02,2.000000000000000000e+00,1.065000000000000000e+03,8.420000000000000000e+02,3.060000000000000000e+02,7.800000000000000000e+02,1.000000000000000000e+00,0.000000000000000000e+00,4.990000000000000000e+02,1.200000000000000000e+01,5.940000000000000000e+02,6.000000000000000000e+00,2.000000000000000000e+00,0.000000000000000000e+00,0.000000000000000000e+00,2.100000000000000000e+01,7.000000000000000000e+00,1.290000000000000000e+03,1.091000000000000000e+03,1.146000000000000000e+03,5.000000000000000000e+00,4.720000000000000000e+02
3.210000000000000000e+02,3.280000000000000000e+02,1.320000000000000000e+02,1.160000000000000000e+02,1.550000000000000000e+02,9.800000000000000000e+01,0.000000000000000000e+00,1.040000000000000000e+02,1.200000000000000000e+02,0.000000000000000000e+00,0.000000000000000000e+00,0.000000000000000000e+00,2.830000000000000000e+02,3.510000000000000000e+02,0.000000000000000000e+00,0.000000000000000000e+00,1.010000000000000000e+02,2.770000000000000000e+02,2.810000000000000000e+02,0.000000000000000000e+00,1.330000000000000000e+02,1.040000000000000000e+02,3.380000000000000000e+02,3.500000000000000000e+02,0.000000000000000000e+00,1.180000000000000000e+02,1.160000000000000000e+02,3.550000000000000000e+02,3.530000000000000000e+02,3.340000000000000000e+02,2.880000000000000000e+02,3.200000000000000000e+02,0.000000000000000000e+00,3.170000000000000000e+02,0.000000000000000000e+00,1.310000000000000000e+02,0.000000000000000000e+00,3.260000000000000000e+02,1.310000000000000000e+02,3.460000000000000000e+02,0.000000000000000000e+00,3.230000000000000000e+02,0.000000000000000000e+00,3.430000000000000000e+02,0.000000000000000000e+00,1.060000000000000000e+02,0.000000000000000000e+00,0.000000000000000000e+00,8.500000000000000000e+01,0.000000000000000000e+00,0.000000000000000000e+00,9.700000000000000000e+01,1.540000000000000000e+02,0.000000000000000000e+00,2.920000000000000000e+02,3.230000000000000000e+02,0.000000000000000000e+00,3.260000000000000000e+02,1.270000000000000000e+02,9.000000000000000000e+01,0.000000000000000000e+00,1.350000000000000000e+02,1.210000000000000000e+02,3.010000000000000000e+02,1.060000000000000000e+02,3.310000000000000000e+02,3.130000000000000000e+02,2.930000000000000000e+02,1.850000000000000000e+02,0.000000000000000000e+00,3.540000000000000000e+02,1.140000000000000000e+02,3.140000000000000000e+02,2.720000000000000000e+02,6.600000000000000000e+01,3.300000000000000000e+02,8.700000000000000000e+01,3.730000000000000000e+02,1.260000000000000000e+02,3.450000000000000000e+02,4.320000000000000000e+02,1.380000000000000000e+02,1.290000000000000000e+02,9.900000000000000000e+01,0.000000000000000000e+00,3.210000000000000000e+02,2.580000000000000000e+02,8.700000000000000000e+01,3.210000000000000000e+02,3.380000000000000000e+02,1.150000000000000000e+02,1.260000000000000000e+02,3.420000000000000000e+02,3.450000000000000000e+02,1.250000000000000000e+02,0.000000000000000000e+00,3.520000000000000000e+02,3.690000000000000000e+02,0.000000000000000000e+00,0.000000000000000000e+00,8.900000000000000000e+01,0.000000000000000000e+00,3.350000000000000000e+02,1.000000000000000000e+02,3.390000000000000000e+02,8.400000000000000000e+01,1.010000000000000000e+02,5.100000000000000000e+01,3.450000000000000000e+02,1.380000000000000000e+02,3.690000000000000000e+02,9.900000000000000000e+01,3.220000000000000000e+02,0.000000000000000000e+00,3.680000000000000000e+02,0.000000000000000000e+00,3.750000000000000000e+02,1.380000000000000000e+02,3.330000000000000000e+02,3.680000000000000000e+02,0.000000000000000000e+00,4.180000000000000000e+02,0.000000000000000000e+00,3.520000000000000000e+02,3.370000000000000000e+02,9.300000000000000000e+01,0.000000000000000000e+00,3.560000000000000000e+02,0.000000000000000000e+00,1.220000000000000000e+02,0.000000000000000000e+00,1.980000000000000000e+02,1.110000000000000000e+02,5.900000000000000000e+01,0.000000000000000000e+00,0.000000000000000000e+00,3.550000000000000000e+02,1.920000000000000000e+02,3.050000000000000000e+02,0.000000000000000000e+00,1.410000000000000000e+02,3.650000000000000000e+02,3.250000000000000000e+02,1.400000000000000000e+02,0.000000000000000000e+00,0.000000000000000000e+00,6.100000000000000000e+01,3.310000000000000000e+02,1.070000000000000000e+02,1.220000000000000000e+02,3.090000000000000000e+02,9.200000000000000000e+01,0.000000000000000000e+00,4.140000000000000000e+02,5.500000000000000000e+01,0.000000000000000000e+00,3.190000000000000000e+02,0.000000000000000000e+00,1.190000000000000000e+02,1.250000000000000000e+02,3.660000000000000000e+02,3.170000000000000000e+02,0.000000000000000000e+00,3.450000000000000000e+02,0.000000000000000000e+00,0.000000000000000000e+00,3.430000000000000000e+02,0.000000000000000000e+00,0.000000000000000000e+00,2.810000000000000000e+02,0.000000000000000000e+00,0.000000000000000000e+00,7.800000000000000000e+01,4.440000000000000000e+02,3.250000000000000000e+02,1.220000000000000000e+02,0.000000000000000000e+00,1.070000000000000000e+02,9.800000000000000000e+01,3.030000000000000000e+02,1.020000000000000000e+02,1.000000000000000000e+02,1.410000000000000000e+02,1.130000000000000000e+02,1.150000000000000000e+02,1.220000000000000000e+02,0.000000000000000000e+00,0.000000000000000000e+00,3.490000000000000000e+02,3.740000000000000000e+02,1.100000000000000000e+02,1.330000000000000000e+02,3.510000000000000000e+02,0.000000000000000000e+00,1.080000000000000000e+02,3.340000000000000000e+02,0.000000000000000000e+00,3.060000000000000000e+02,0.000000000000000000e+00,0.000000000000000000e+00,1.430000000000000000e+02,0.000000000000000000e+00,3.540000000000000000e+02,8.400000000000000000e+01,2.410000000000000000e+02,1.170000000000000000e+02,1.050000000000000000e+02,0.000000000000000000e+00,3.030000000000000000e+02,9.700000000000000000e+01,2.920000000000000000e+02,1.040000000000000000e+02,3.000000000000000000e+02,9.300000000000000000e+01,3.520000000000000000e+02,2.800000000000000000e+02,3.440000000000000000e+02,2.930000000000000000e+02,0.000000000000000000e+00,2.650000000000000000e+02,1.220000000000000000e+02,1.380000000000000000e+02,2.460000000000000000e+02,1.210000000000000000e+02,0.000000000000000000e+00,0.000000000000000000e+00,3.370000000000000000e+02,1.090000000000000000e+02,9.100000000000000000e+01,3.920000000000000000e+02,1.070000000000000000e+02,2.790000000000000000e+02,3.550000000000000000e+02,1.180000000000000000e+02,0.000000000000000000e+00,0.000000000000000000e+00,3.520000000000000000e+02,1.370000000000000000e+02,1.620000000000000000e+02,3.650000000000000000e+02,3.370000000000000000e+02,3.560000000000000000e+02,3.330000000000000000e+02,1.380000000000000000e+02,0.000000000000000000e+00,3.430000000000000000e+02,3.490000000000000000e+02,2.920000000000000000e+02,3.220000000000000000e+02,0.000000000000000000e+00,0.000000000000000000e+00,3.070000000000000000e+02,5.600000000000000000e+01,3.510000000000000000e+02,1.000000000000000000e+02,5.500000000000000000e+01,0.000000000000000000e+00,0.000000000000000000e+00,1.000000000000000000e+02,6.800000000000000000e+01,3.390000000000000000e+02,3.590000000000000000e+02,3.890000000000000000e+02,0.000000000000000000e+00,1.580000000000000000e+02
7.690000000000000000e+02,8.130000000000000000e+02,2.450000000000000000e+02,1.300000000000000000e+02,1.400000000000000000e+02,6.800000000000000000e+01,1.000000000000000000e+01,3.600000000000000000e+01,2.270000000000000000e+02,3.000000000000000000e+00,1.490000000000000000e+02,1.470000000000000000e+02,1.630000000000000000e+02,7.220000000000000000e+02,8.300000000000000000e+01,1.900000000000000000e+01,2.000000000000000000e+01,3.310000000000000000e+02,2.400000000000000000e+02,3.000000000000000000e+00,1.040000000000000000e+02,8.400000000000000000e+01,3.940000000000000000e+02,9.450000000000000000e+02,0.000000000000000000e+00,2.140000000000000000e+02,1.280000000000000000e+02,4.400000000000000000e+02,8.070000000000000000e+02,8.660000000000000000e+02,3.180000000000000000e+02,3.480000000000000000e+02,1.030000000000000000e+02,5.770000000000000000e+02,4.000000000000000000e+00,2.970000000000000000e+02,7.000000000000000000e+00,4.630000000000000000e+02,1.570000000000000000e+02,9.870000000000000000e+02,7.000000000000000000e+01,6.660000000000000000e+02,1.900000000000000000e+01,5.960000000000000000e+02,7.000000000000000000e+00,5.900000000000000000e+01,4.000000000000000000e+00,2.000000000000000000e+00,2.400000000000000000e+01,1.610000000000000000e+02,1.730000000000000000e+02,2.700000000000000000e+01,1.610000000000000000e+02,7.000000000000000000e+00,4.980000000000000000e+02,4.550000000000000000e+02,9.000000000000000000e+00,5.450000000000000000e+02,1.970000000000000000e+02,9.900000000000000000e+01,6.200000000000000000e+01,8.100000000000000000e+01,1.680000000000000000e+02,1.750000000000000000e+02,3.000000000000000000e+01,9.040000000000000000e+02,3.340000000000000000e+02,2.350000000000000000e+02,8.200000000000000000e+01,4.700000000000000000e+01,5.420000000000000000e+02,1.570000000000000000e+02,3.710000000000000000e+02,3.230000000000000000e+02,1.200000000000000000e+01,3.390000000000000000e+02,3.000000000000000000e+01,9.860000000000000000e+02,6.800000000000000000e+01,8.550000000000000000e+02,1.261000000000000000e+03,3.360000000000000000e+02,3.630000000000000000e+02,1.010000000000000000e+02,1.690000000000000000e+02,8.110000000000000000e+02,1.940000000000000000e+02,2.600000000000000000e+01,5.090000000000000000e+02,9.420000000000000000e+02,6.700000000000000000e+01,1.010000000000000000e+02,9.860000000000000000e+02,4.370000000000000000e+02,6.400000000000000000e+01,1.430000000000000000e+02,3.810000000000000000e+02,9.180000000000000000e+02,9.000000000000000000e+00,3.000000000000000000e+00,2.700000000000000000e+01,1.100000000000000000e+01,9.270000000000000000e+02,6.100000000000000000e+01,4.990000000000000000e+02,2.300000000000000000e+01,8.800000000000000000e+01,1.300000000000000000e+01,9.290000000000000000e+02,3.460000000000000000e+02,8.900000000000000000e+02,3.500000000000000000e+01,6.730000000000000000e+02,8.000000000000000000e+00,9.750000000000000000e+02,1.520000000000000000e+02,9.630000000000000000e+02,2.040000000000000000e+02,7.740000000000000000e+02,8.360000000000000000e+02,7.000000000000000000e+00,1.188000000000000000e+03,1.480000000000000000e+02,9.100000000000000000e+02,9.170000000000000000e+02,2.300000000000000000e+01,6.000000000000000000e+00,8.990000000000000000e+02,9.000000000000000000e+00,2.130000000000000000e+02,0.000000000000000000e+00,5.400000000000000000e+01,5.300000000000000000e+01,8.000000000000000000e+00,1.600000000000000000e+01,1.900000000000000000e+01,8.030000000000000000e+02,7.300000000000000000e+01,5.470000000000000000e+02,1.710000000000000000e+02,1.410000000000000000e+02,8.380000000000000000e+02,3.560000000000000000e+02,3.410000000000000000e+02,4.000000000000000000e+00,1.200000000000000000e+01,1.500000000000000000e+01,8.270000000000000000e+02,1.800000000000000000e+01,1.980000000000000000e+02,8.670000000000000000e+02,4.500000000000000000e+01,1.590000000000000000e+02,1.208000000000000000e+03,1.000000000000000000e+01,1.200000000000000000e+01,9.620000000000000000e+02,2.000000000000000000e+00,6.400000000000000000e+01,1.760000000000000000e+02,8.560000000000000000e+02,4.580000000000000000e+02,7.900000000000000000e+01,7.790000000000000000e+02,6.700000000000000000e+01,1.200000000000000000e+01,7.560000000000000000e+02,7.000000000000000000e+00,9.000000000000000000e+00,1.910000000000000000e+02,8.000000000000000000e+00,4.700000000000000000e+01,2.600000000000000000e+01,1.230000000000000000e+03,9.380000000000000000e+02,1.040000000000000000e+02,9.000000000000000000e+00,1.260000000000000000e+02,9.100000000000000000e+01,1.050000000000000000e+02,6.500000000000000000e+01,4.200000000000000000e+01,1.790000000000000000e+02,2.040000000000000000e+02,7.800000000000000000e+01,2.480000000000000000e+02,1.900000000000000000e+01,1.000000000000000000e+00,9.250000000000000000e+02,7.010000000000000000e+02,5.700000000000000000e+01,1.270000000000000000e+02,1.002000000000000000e+03,9.000000000000000000e+00,0.000000000000000000e+00,8.960000000000000000e+02,9.000000000000000000e+00,3.750000000000000000e+02,7.000000000000000000e+00,2.000000000000000000e+00,1.760000000000000000e+02,5.500000000000000000e+01,7.110000000000000000e+02,2.600000000000000000e+01,1.040000000000000000e+02,5.500000000000000000e+01,3.000000000000000000e+01,0.000000000000000000e+00,4.070000000000000000e+02,4.600000000000000000e+01,2.610000000000000000e+02,9.200000000000000000e+01,1.540000000000000000e+02,5.300000000000000000e+01,9.580000000000000000e+02,4.470000000000000000e+02,9.470000000000000000e+02,2.690000000000000000e+02,5.000000000000000000e+00,1.320000000000000000e+02,2.210000000000000000e+02,3.420000000000000000e+02,1.190000000000000000e+02,3.410000000000000000e+02,1.120000000000000000e+02,7.300000000000000000e+01,6.250000000000000000e+02,4.000000000000000000e+01,4.500000000000000000e+01,1.189000000000000000e+03,4.600000000000000000e+01,1.680000000000000000e+02,8.580000000000000000e+02,2.290000000000000000e+02,1.000000000000000000e+00,1.300000000000000000e+01,6.110000000000000000e+02,1.660000000000000000e+02,3.430000000000000000e+02,6.800000000000000000e+02,1.017000000000000000e+03,8.940000000000000000e+02,6.610000000000000000e+02,3.810000000000000000e+02,1.500000000000000000e+01,9.350000000000000000e+02,8.840000000000000000e+02,5.730000000000000000e+02,8.340000000000000000e+02,2.000000000000000000e+00,5.000000000000000000e+00,7.130000000000000000e+02,1.900000000000000000e+01,7.890000000000000000e+02,1.700000000000000000e+01,1.800000000000000000e+01,1.200000000000000000e+01,3.000000000000000000e+00,2.600000000000000000e+01,2.700000000000000000e+01,8.760000000000000000e+02,8.240000000000000000e+02,9.350000000000000000e+02,3.000000000000000000e+00,3.700000000000000000e+02
1.222000000000000000e+03,1.448000000000000000e+03,8.190000000000000000e+02,2.760000000000000000e+02,4.920000000000000000e+02,1.250000000000000000e+02,7.000000000000000000e+00,2.800000000000000000e+01,8.250000000000000000e+02,0.000000000000000000e+00,4.590000000000000000e+02,3.790000000000000000e+02,6.500000000000000000e+01,1.331000000000000000e+03,1.980000000000000000e+02,4.500000000000000000e+01,4.700000000000000000e+01,5.340000000000000000e+02,4.080000000000000000e+02,2.000000000000000000e+00,2.650000000000000000e+02,2.300000000000000000e+02,5.770000000000000000e+02,1.836000000000000000e+03,4.000000000000000000e+00,7.260000000000000000e+02,4.140000000000000000e+02,7.670000000000000000e+02,1.580000000000000000e+03,1.955000000000000000e+03,1.940000000000000000e+02,5.150000000000000000e+02,1.580000000000000000e+02,8.800000000000000000e+02,3.000000000000000000e+00,9.350000000000000000e+02,0.000000000000000000e+00,7.740000000000000000e+02,4.080000000000000000e+02,2.265000000000000000e+03,1.440000000000000000e+02,1.382000000000000000e+03,3.300000000000000000e+01,5.510000000000000000e+02,1.000000000000000000e+01,1.410000000000000000e+02,2.000000000000000000e+00,7.000000000000000000e+00,7.300000000000000000e+01,3.440000000000000000e+02,4.860000000000000000e+02,4.000000000000000000e+01,4.400000000000000000e+02,2.100000000000000000e+01,8.280000000000000000e+02,7.930000000000000000e+02,7.000000000000000000e+00,8.600000000000000000e+02,5.370000000000000000e+02,3.440000000000000000e+02,1.290000000000000000e+02,1.930000000000000000e+02,3.700000000000000000e+02,2.900000000000000000e+02,8.600000000000000000e+01,2.196000000000000000e+03,3.090000000000000000e+02,3.420000000000000000e+02,9.800000000000000000e+01,7.000000000000000000e+01,1.033000000000000000e+03,4.320000000000000000e+02,6.210000000000000000e+02,5.180000000000000000e+02,2.700000000000000000e+01,4.070000000000000000e+02,5.600000000000000000e+01,1.523000000000000000e+03,1.520000000000000000e+02,1.548000000000000000e+03,3.952000000000000000e+03,7.350000000000000000e+02,8.830000000000000000e+02,1.620000000000000000e+02,4.210000000000000000e+02,1.382000000000000000e+03,8.800000000000000000e+01,2.600000000000000000e+01,8.110000000000000000e+02,1.960000000000000000e+03,1.590000000000000000e+02,2.500000000000000000e+02,2.085000000000000000e+03,8.240000000000000000e+02,2.430000000000000000e+02,2.790000000000000000e+02,5.190000000000000000e+02,1.890000000000000000e+03,8.000000000000000000e+00,1.100000000000000000e+01,6.200000000000000000e+01,1.100000000000000000e+01,1.950000000000000000e+03,1.370000000000000000e+02,7.700000000000000000e+02,1.400000000000000000e+01,2.260000000000000000e+02,5.000000000000000000e+00,1.997000000000000000e+03,9.260000000000000000e+02,1.786000000000000000e+03,9.500000000000000000e+01,1.103000000000000000e+03,7.000000000000000000e+00,2.250000000000000000e+03,3.710000000000000000e+02,1.914000000000000000e+03,8.500000000000000000e+02,1.067000000000000000e+03,1.453000000000000000e+03,7.000000000000000000e+00,3.931000000000000000e+03,4.420000000000000000e+02,1.719000000000000000e+03,1.794000000000000000e+03,2.800000000000000000e+01,5.000000000000000000e+00,1.874000000000000000e+03,1.000000000000000000e+00,5.110000000000000000e+02,0.000000000000000000e+00,8.600000000000000000e+01,9.600000000000000000e+01,2.700000000000000000e+01,3.200000000000000000e+01,2.500000000000000000e+01,1.065000000000000000e+03,2.400000000000000000e+01,8.820000000000000000e+02,3.200000000000000000e+02,2.330000000000000000e+02,1.339000000000000000e+03,3.770000000000000000e+02,7.890000000000000000e+02,0.000000000000000000e+00,1.900000000000000000e+01,2.300000000000000000e+01,1.018000000000000000e+03,1.200000000000000000e+01,7.680000000000000000e+02,1.435000000000000000e+03,9.700000000000000000e+01,4.720000000000000000e+02,3.724000000000000000e+03,1.500000000000000000e+01,2.000000000000000000e+01,2.278000000000000000e+03,9.000000000000000000e+00,1.400000000000000000e+02,3.940000000000000000e+02,1.607000000000000000e+03,8.030000000000000000e+02,2.030000000000000000e+02,1.404000000000000000e+03,1.290000000000000000e+02,1.200000000000000000e+01,8.790000000000000000e+02,7.000000000000000000e+00,1.600000000000000000e+01,7.800000000000000000e+01,1.100000000000000000e+01,6.400000000000000000e+01,4.400000000000000000e+01,3.845000000000000000e+03,1.995000000000000000e+03,3.940000000000000000e+02,7.000000000000000000e+00,4.220000000000000000e+02,3.580000000000000000e+02,1.690000000000000000e+02,1.450000000000000000e+02,8.300000000000000000e+01,4.760000000000000000e+02,6.360000000000000000e+02,1.930000000000000000e+02,9.810000000000000000e+02,8.000000000000000000e+00,0.000000000000000000e+00,1.972000000000000000e+03,1.398000000000000000e+03,1.640000000000000000e+02,1.780000000000000000e+02,2.563000000000000000e+03,2.000000000000000000e+01,4.810000000000000000e+02,0.000000000000000000e+00,9.000000000000000000e+00,5.480000000000000000e+02,1.400000000000000000e+01,4.000000000000000000e+00,4.800000000000000000e+02,1.870000000000000000e+02,1.198000000000000000e+03,1.900000000000000000e+01,1.130000000000000000e+02,8.600000000000000000e+01,7.100000000000000000e+01,0.000000000000000000e+00,6.170000000000000000e+02,1.090000000000000000e+02,3.650000000000000000e+02,3.620000000000000000e+02,1.760000000000000000e+02,1.070000000000000000e+02,2.311000000000000000e+03,7.790000000000000000e+02,2.065000000000000000e+03,4.360000000000000000e+02,9.000000000000000000e+00,6.200000000000000000e+01,6.850000000000000000e+02,7.710000000000000000e+02,2.160000000000000000e+02,9.170000000000000000e+02,1.810000000000000000e+02,1.570000000000000000e+02,1.139000000000000000e+03,9.200000000000000000e+01,8.200000000000000000e+01,3.708000000000000000e+03,9.200000000000000000e+01,8.300000000000000000e+01,1.983000000000000000e+03,7.410000000000000000e+02,2.000000000000000000e+00,3.400000000000000000e+01,1.128000000000000000e+03,4.130000000000000000e+02,9.180000000000000000e+02,1.130000000000000000e+03,2.021000000000000000e+03,1.548000000000000000e+03,1.144000000000000000e+03,8.850000000000000000e+02,1.700000000000000000e+01,1.914000000000000000e+03,1.593000000000000000e+03,9.560000000000000000e+02,1.614000000000000000e+03,1.000000000000000000e+01,9.000000000000000000e+00,1.116000000000000000e+03,3.000000000000000000e+01,1.282000000000000000e+03,6.400000000000000000e+01,3.700000000000000000e+01,1.400000000000000000e+01,3.000000000000000000e+00,7.300000000000000000e+01,4.000000000000000000e+01,2.167000000000000000e+03,2.030000000000000000e+03,2.382000000000000000e+03,4.000000000000000000e+00,9.540000000000000000e+02
3.150000000000000000e+02,3.300000000000000000e+02,1.280000000000000000e+02,1.150000000000000000e+02,1.060000000000000000e+02,1.030000000000000000e+02,0.000000000000000000e+00,9.100000000000000000e+01,1.420000000000000000e+02,0.000000000000000000e+00,0.000000000000000000e+00,0.000000000000000000e+00,2.440000000000000000e+02,3.250000000000000000e+02,0.000000000000000000e+00,0.000000000000000000e+00,1.000000000000000000e+02,3.350000000000000000e+02,3.070000000000000000e+02,0.000000000000000000e+00,1.120000000000000000e+02,1.120000000000000000e+02,3.120000000000000000e+02,2.920000000000000000e+02,0.000000000000000000e+00,1.490000000000000000e+02,1.070000000000000000e+02,2.880000000000000000e+02,2.980000000000000000e+02,3.520000000000000000e+02,3.140000000000000000e+02,2.890000000000000000e+02,0.000000000000000000e+00,3.130000000000000000e+02,0.000000000000000000e+00,1.560000000000000000e+02,0.000000000000000000e+00,2.740000000000000000e+02,1.180000000000000000e+02,2.980000000000000000e+02,0.000000000000000000e+00,3.500000000000000000e+02,0.000000000000000000e+00,3.090000000000000000e+02,0.000000000000000000e+00,1.080000000000000000e+02,0.000000000000000000e+00,0.000000000000000000e+00,1.160000000000000000e+02,0.000000000000000000e+00,0.000000000000000000e+00,9.600000000000000000e+01,1.200000000000000000e+02,0.000000000000000000e+00,3.060000000000000000e+02,3.330000000000000000e+02,0.000000000000000000e+00,2.990000000000000000e+02,1.010000000000000000e+02,1.130000000000000000e+02,0.000000000000000000e+00,9.000000000000000000e+01,1.350000000000000000e+02,2.850000000000000000e+02,1.020000000000000000e+02,3.110000000000000000e+02,2.960000000000000000e+02,3.010000000000000000e+02,2.280000000000000000e+02,0.000000000000000000e+00,3.110000000000000000e+02,1.170000000000000000e+02,3.100000000000000000e+02,3.320000000000000000e+02,8.800000000000000000e+01,3.010000000000000000e+02,9.000000000000000000e+01,3.270000000000000000e+02,8.900000000000000000e+01,3.430000000000000000e+02,3.440000000000000000e+02,1.050000000000000000e+02,1.390000000000000000e+02,1.270000000000000000e+02,0.000000000000000000e+00,3.260000000000000000e+02,2.600000000000000000e+02,1.230000000000000000e+02,3.010000000000000000e+02,2.960000000000000000e+02,1.110000000000000000e+02,1.170000000000000000e+02,3.240000000000000000e+02,2.680000000000000000e+02,1.140000000000000000e+02,0.000000000000000000e+00,3.110000000000000000e+02,3.420000000000000000e+02,0.000000000000000000e+00,0.000000000000000000e+00,9.200000000000000000e+01,0.000000000000000000e+00,3.310000000000000000e+02,1.010000000000000000e+02,3.200000000000000000e+02,8.200000000000000000e+01,1.040000000000000000e+02,6.500000000000000000e+01,2.990000000000000000e+02,1.200000000000000000e+02,3.110000000000000000e+02,1.020000000000000000e+02,2.900000000000000000e+02,0.000000000000000000e+00,3.020000000000000000e+02,0.000000000000000000e+00,3.260000000000000000e+02,1.070000000000000000e+02,3.090000000000000000e+02,3.010000000000000000e+02,0.000000000000000000e+00,3.630000000000000000e+02,0.000000000000000000e+00,3.070000000000000000e+02,3.090000000000000000e+02,8.300000000000000000e+01,0.000000000000000000e+00,3.070000000000000000e+02,0.000000000000000000e+00,1.270000000000000000e+02,0.000000000000000000e+00,2.310000000000000000e+02,1.000000000000000000e+02,5.500000000000000000e+01,0.000000000000000000e+00,0.000000000000000000e+00,3.310000000000000000e+02,2.930000000000000000e+02,2.960000000000000000e+02,0.000000000000000000e+00,1.200000000000000000e+02,3.620000000000000000e+02,3.130000000000000000e+02,1.160000000000000000e+02,0.000000000000000000e+00,0.000000000000000000e+00,7.900000000000000000e+01,3.060000000000000000e+02,9.400000000000000000e+01,1.170000000000000000e+02,3.460000000000000000e+02,1.020000000000000000e+02,0.000000000000000000e+00,3.760000000000000000e+02,5.100000000000000000e+01,0.000000000000000000e+00,3.330000000000000000e+02,0.000000000000000000e+00,1.150000000000000000e+02,1.070000000000000000e+02,3.200000000000000000e+02,2.820000000000000000e+02,0.000000000000000000e+00,3.280000000000000000e+02,0.000000000000000000e+00,0.000000000000000000e+00,3.170000000000000000e+02,0.000000000000000000e+00,0.000000000000000000e+00,2.960000000000000000e+02,0.000000000000000000e+00,0.000000000000000000e+00,8.700000000000000000e+01,3.860000000000000000e+02,3.050000000000000000e+02,9.400000000000000000e+01,0.000000000000000000e+00,1.400000000000000000e+02,1.150000000000000000e+02,2.670000000000000000e+02,1.160000000000000000e+02,1.100000000000000000e+02,1.180000000000000000e+02,1.270000000000000000e+02,8.900000000000000000e+01,1.260000000000000000e+02,0.000000000000000000e+00,0.000000000000000000e+00,2.960000000000000000e+02,3.360000000000000000e+02,9.300000000000000000e+01,1.230000000000000000e+02,3.030000000000000000e+02,0.000000000000000000e+00,1.100000000000000000e+02,3.400000000000000000e+02,0.000000000000000000e+00,2.980000000000000000e+02,0.000000000000000000e+00,0.000000000000000000e+00,1.130000000000000000e+02,0.000000000000000000e+00,3.350000000000000000e+02,1.040000000000000000e+02,2.840000000000000000e+02,1.100000000000000000e+02,1.120000000000000000e+02,0.000000000000000000e+00,3.070000000000000000e+02,1.030000000000000000e+02,2.580000000000000000e+02,1.370000000000000000e+02,3.000000000000000000e+02,1.140000000000000000e+02,3.020000000000000000e+02,3.040000000000000000e+02,2.930000000000000000e+02,2.570000000000000000e+02,0.000000000000000000e+00,2.470000000000000000e+02,1.100000000000000000e+02,1.330000000000000000e+02,2.610000000000000000e+02,1.230000000000000000e+02,0.000000000000000000e+00,0.000000000000000000e+00,3.300000000000000000e+02,1.130000000000000000e+02,1.250000000000000000e+02,3.960000000000000000e+02,1.020000000000000000e+02,3.010000000000000000e+02,3.050000000000000000e+02,1.260000000000000000e+02,0.000000000000000000e+00,0.000000000000000000e+00,3.070000000000000000e+02,1.420000000000000000e+02,1.610000000000000000e+02,3.280000000000000000e+02,3.320000000000000000e+02,2.950000000000000000e+02,2.710000000000000000e+02,1.480000000000000000e+02,0.000000000000000000e+00,2.780000000000000000e+02,2.960000000000000000e+02,3.220000000000000000e+02,3.560000000000000000e+02,0.000000000000000000e+00,0.000000000000000000e+00,3.200000000000000000e+02,7.800000000000000000e+01,3.130000000000000000e+02,8.000000000000000000e+01,9.600000000000000000e+01,0.000000000000000000e+00,0.000000000000000000e+00,1.050000000000000000e+02,9.300000000000000000e+01,3.260000000000000000e+02,2.890000000000000000e+02,2.830000000000000000e+02,0.000000000000000000e+00,1.330000000000000000e+02
1.399000000000000000e+03,1.389000000000000000e+03,6.090000000000000000e+02,3.200000000000000000e+02,6.510000000000000000e+02,3.060000000000000000e+02,3.200000000000000000e+01,1.870000000000000000e+02,6.350000000000000000e+02,3.000000000000000000e+00,2.850000000000000000e+02,2.910000000000000000e+02,4.820000000000000000e+02,1.348000000000000000e+03,1.450000000000000000e+02,3.500000000000000000e+01,1.300000000000000000e+02,7.790000000000000000e+02,4.970000000000000000e+02,1.100000000000000000e+01,3.880000000000000000e+02,3.680000000000000000e+02,9.730000000000000000e+02,1.620000000000000000e+03,6.000000000000000000e+00,5.220000000000000000e+02,3.870000000000000000e+02,1.067000000000000000e+03,1.363000000000000000e+03,1.602000000000000000e+03,8.430000000000000000e+02,8.670000000000000000e+02,1.620000000000000000e+02,1.283000000000000000e+03,6.000000000000000000e+00,6.640000000000000000e+02,2.600000000000000000e+01,1.050000000000000000e+03,4.790000000000000000e+02,1.710000000000000000e+03,1.180000000000000000e+02,1.365000000000000000e+03,6.900000000000000000e+01,1.235000000000000000e+03,3.100000000000000000e+01,2.710000000000000000e+02,1.800000000000000000e+01,1.300000000000000000e+01,7.900000000000000000e+01,3.070000000000000000e+02,2.610000000000000000e+02,2.160000000000000000e+02,5.000000000000000000e+02,1.500000000000000000e+01,1.112000000000000000e+03,1.073000000000000000e+03,1.000000000000000000e+00,1.190000000000000000e+03,6.110000000000000000e+02,3.860000000000000000e+02,1.770000000000000000e+02,3.720000000000000000e+02,5.320000000000000000e+02,5.290000000000000000e+02,1.660000000000000000e+02,1.631000000000000000e+03,8.470000000000000000e+02,4.800000000000000000e+02,2.090000000000000000e+02,1.360000000000000000e+02,1.214000000000000000e+03,4.540000000000000000e+02,1.091000000000000000e+03,6.770000000000000000e+02,1.700000000000000000e+01,8.990000000000000000e+02,1.360000000000000000e+02,1.492000000000000000e+03,2.820000000000000000e+02,1.501000000000000000e+03,2.273000000000000000e+03,6.370000000000000000e+02,6.980000000000000000e+02,3.550000000000000000e+02,2.930000000000000000e+02,1.467000000000000000e+03,6.110000000000000000e+02,1.630000000000000000e+02,1.150000000000000000e+03,1.447000000000000000e+03,3.020000000000000000e+02,3.910000000000000000e+02,1.532000000000000000e+03,1.108000000000000000e+03,3.440000000000000000e+02,2.550000000000000000e+02,9.980000000000000000e+02,1.632000000000000000e+03,2.900000000000000000e+01,2.000000000000000000e+01,1.060000000000000000e+02,1.700000000000000000e+01,1.615000000000000000e+03,2.730000000000000000e+02,1.230000000000000000e+03,1.290000000000000000e+02,3.680000000000000000e+02,4.200000000000000000e+01,1.637000000000000000e+03,7.260000000000000000e+02,1.575000000000000000e+03,5.200000000000000000e+01,1.318000000000000000e+03,2.400000000000000000e+01,1.774000000000000000e+03,3.530000000000000000e+02,1.653000000000000000e+03,6.720000000000000000e+02,1.388000000000000000e+03,1.538000000000000000e+03,1.300000000000000000e+01,2.424000000000000000e+03,2.960000000000000000e+02,1.587000000000000000e+03,1.571000000000000000e+03,1.170000000000000000e+02,1.200000000000000000e+01,1.664000000000000000e+03,1.700000000000000000e+01,5.740000000000000000e+02,9.000000000000000000e+00,1.610000000000000000e+02,2.260000000000000000e+02,4.000000000000000000e+01,8.700000000000000000e+01,6.000000000000000000e+01,1.406000000000000000e+03,2.210000000000000000e+02,1.259000000000000000e+03,2.550000000000000000e+02,4.780000000000000000e+02,1.335000000000000000e+03,9.210000000000000000e+02,7.960000000000000000e+02,2.000000000000000000e+01,8.300000000000000000e+01,6.100000000000000000e+01,1.449000000000000000e+03,1.170000000000000000e+02,5.760000000000000000e+02,1.534000000000000000e+03,1.680000000000000000e+02,3.070000000000000000e+02,2.303000000000000000e+03,4.200000000000000000e+01,1.200000000000000000e+01,1.749000000000000000e+03,6.000000000000000000e+00,2.930000000000000000e+02,5.320000000000000000e+02,1.456000000000000000e+03,9.170000000000000000e+02,1.460000000000000000e+02,1.440000000000000000e+03,2.760000000000000000e+02,2.200000000000000000e+01,1.438000000000000000e+03,1.800000000000000000e+01,1.500000000000000000e+01,5.950000000000000000e+02,2.300000000000000000e+01,1.270000000000000000e+02,1.020000000000000000e+02,2.351000000000000000e+03,1.632000000000000000e+03,3.890000000000000000e+02,3.400000000000000000e+01,5.640000000000000000e+02,2.840000000000000000e+02,3.430000000000000000e+02,2.760000000000000000e+02,1.620000000000000000e+02,5.090000000000000000e+02,5.850000000000000000e+02,2.920000000000000000e+02,7.300000000000000000e+02,6.300000000000000000e+01,8.000000000000000000e+00,1.676000000000000000e+03,1.381000000000000000e+03,2.830000000000000000e+02,3.930000000000000000e+02,1.779000000000000000e+03,3.700000000000000000e+01,5.150000000000000000e+02,1.631000000000000000e+03,1.900000000000000000e+01,0.000000000000000000e+00,2.900000000000000000e+01,9.000000000000000000e+00,5.690000000000000000e+02,1.340000000000000000e+02,1.300000000000000000e+03,1.490000000000000000e+02,2.820000000000000000e+02,2.000000000000000000e+02,7.500000000000000000e+01,2.000000000000000000e+00,1.002000000000000000e+03,1.980000000000000000e+02,7.440000000000000000e+02,3.470000000000000000e+02,5.150000000000000000e+02,1.380000000000000000e+02,1.737000000000000000e+03,9.460000000000000000e+02,1.759000000000000000e+03,7.560000000000000000e+02,1.800000000000000000e+01,3.970000000000000000e+02,6.420000000000000000e+02,7.280000000000000000e+02,4.560000000000000000e+02,7.270000000000000000e+02,2.810000000000000000e+02,2.010000000000000000e+02,1.378000000000000000e+03,1.780000000000000000e+02,2.410000000000000000e+02,2.345000000000000000e+03,1.520000000000000000e+02,6.000000000000000000e+02,1.642000000000000000e+03,5.800000000000000000e+02,0.000000000000000000e+00,6.700000000000000000e+01,1.249000000000000000e+03,5.330000000000000000e+02,7.040000000000000000e+02,1.321000000000000000e+03,1.591000000000000000e+03,1.429000000000000000e+03,1.362000000000000000e+03,7.220000000000000000e+02,7.600000000000000000e+01,1.658000000000000000e+03,1.531000000000000000e+03,1.228000000000000000e+03,1.348000000000000000e+03,1.900000000000000000e+01,2.100000000000000000e+01,1.460000000000000000e+03,8.500000000000000000e+01,1.400000000000000000e+03,1.230000000000000000e+02,7.800000000000000000e+01,4.200000000000000000e+01,1.300000000000000000e+01,1.570000000000000000e+02,9.300000000000000000e+01,1.765000000000000000e+03,1.430000000000000000e+03,1.669000000000000000e+03,3.000000000000000000e+00,7.480000000000000000e+02
2.610000000000000000e+02,2.610000000000000000e+02,9.800000000000000000e+01,9.000000000000000000e+01,8.500000000000000000e+01,1.000000000000000000e+02,0.000000000000000000e+00,7.500000000000000000e+01,1.110000000000000000e+02,0.000000000000000000e+00,0.000000000000000000e+00,0.000000000000000000e+00,2.330000000000000000e+02,2.720000000000000000e+02,0.000000000000000000e+00,0.000000000000000000e+00,7.600000000000000000e+01,2.180000000000000000e+02,2.100000000000000000e+02,0.000000000000000000e+00,9.800000000000000000e+01,9.800000000000000000e+01,2.500000000000000000e+02,3.030000000000000000e+02,0.000000000000000000e+00,8.600000000000000000e+01,9.200000000000000000e+01,2.600000000000000000e+02,2.590000000000000000e+02,2.470000000000000000e+02,2.530000000000000000e+02,2.420000000000000000e+02,0.000000000000000000e+00,2.830000000000000000e+02,0.000000000000000000e+00,1.090000000000000000e+02,0.000000000000000000e+00,2.270000000000000000e+02,1.050000000000000000e+02,2.790000000000000000e+02,0.000000000000000000e+00,2.510000000000000000e+02,0.000000000000000000e+00,2.690000000000000000e+02,0.000000000000000000e+00,1.040000000000000000e+02,0.000000000000000000e+00,0.000000000000000000e+00,8.800000000000000000e+01,0.000000000000000000e+00,0.000000000000000000e+00,8.700000000000000000e+01,9.700000000000000000e+01,0.000000000000000000e+00,2.420000000000000000e+02,2.520000000000000000e+02,0.000000000000000000e+00,2.460000000000000000e+02,8.400000000000000000e+01,9.000000000000000000e+01,0.000000000000000000e+00,1.000000000000000000e+02,1.070000000000000000e+02,2.420000000000000000e+02,7.500000000000000000e+01,2.650000000000000000e+02,2.590000000000000000e+02,2.590000000000000000e+02,2.550000000000000000e+02,0.000000000000000000e+00,2.350000000000000000e+02,1.230000000000000000e+02,2.460000000000000000e+02,2.650000000000000000e+02,8.100000000000000000e+01,2.900000000000000000e+02,9.300000000000000000e+01,3.110000000000000000e+02,1.140000000000000000e+02,2.820000000000000000e+02,2.740000000000000000e+02,1.130000000000000000e+02,1.110000000000000000e+02,9.600000000000000000e+01,0.000000000000000000e+00,2.390000000000000000e+02,2.410000000000000000e+02,8.500000000000000000e+01,2.610000000000000000e+02,2.700000000000000000e+02,9.700000000000000000e+01,1.050000000000000000e+02,2.690000000000000000e+02,2.510000000000000000e+02,9.400000000000000000e+01,0.000000000000000000e+00,2.690000000000000000e+02,2.570000000000000000e+02,0.000000000000000000e+00,0.000000000000000000e+00,9.500000000000000000e+01,0.000000000000000000e+00,2.470000000000000000e+02,9.100000000000000000e+01,2.690000000000000000e+02,1.030000000000000000e+02,8.000000000000000000e+01,6.800000000000000000e+01,2.700000000000000000e+02,1.230000000000000000e+02,2.700000000000000000e+02,7.400000000000000000e+01,2.740000000000000000e+02,0.000000000000000000e+00,2.540000000000000000e+02,0.000000000000000000e+00,2.640000000000000000e+02,1.070000000000000000e+02,2.530000000000000000e+02,2.520000000000000000e+02,0.000000000000000000e+00,3.150000000000000000e+02,0.000000000000000000e+00,2.730000000000000000e+02,2.340000000000000000e+02,8.700000000000000000e+01,0.000000000000000000e+00,2.580000000000000000e+02,0.000000000000000000e+00,1.030000000000000000e+02,0.000000000000000000e+00,2.050000000000000000e+02,1.060000000000000000e+02,7.300000000000000000e+01,0.000000000000000000e+00,0.000000000000000000e+00,2.750000000000000000e+02,2.300000000000000000e+02,2.710000000000000000e+02,0.000000000000000000e+00,1.000000000000000000e+02,2.890000000000000000e+02,2.570000000000000000e+02,1.010000000000000000e+02,0.000000000000000000e+00,0.000000000000000000e+00,7.800000000000000000e+01,2.750000000000000000e+02,9.400000000000000000e+01,9.900000000000000000e+01,2.660000000000000000e+02,7.600000000000000000e+01,0.000000000000000000e+00,3.200000000000000000e+02,6.900000000000000000e+01,0.000000000000000000e+00,2.610000000000000000e+02,0.000000000000000000e+00,8.500000000000000000e+01,1.100000000000000000e+02,2.530000000000000000e+02,2.630000000000000000e+02,0.000000000000000000e+00,2.370000000000000000e+02,0.000000000000000000e+00,0.000000000000000000e+00,2.530000000000000000e+02,0.000000000000000000e+00,0.000000000000000000e+00,2.250000000000000000e+02,0.000000000000000000e+00,0.000000000000000000e+00,8.900000000000000000e+01,3.000000000000000000e+02,2.640000000000000000e+02,8.600000000000000000e+01,0.000000000000000000e+00,8.700000000000000000e+01,1.210000000000000000e+02,2.610000000000000000e+02,9.300000000000000000e+01,8.800000000000000000e+01,1.060000000000000000e+02,1.000000000000000000e+02,9.000000000000000000e+01,1.100000000000000000e+02,0.000000000000000000e+00,0.000000000000000000e+00,2.730000000000000000e+02,2.470000000000000000e+02,9.500000000000000000e+01,9.900000000000000000e+01,2.760000000000000000e+02,0.000000000000000000e+00,1.090000000000000000e+02,2.730000000000000000e+02,0.000000000000000000e+00,2.250000000000000000e+02,0.000000000000000000e+00,0.000000000000000000e+00,1.040000000000000000e+02,0.000000000000000000e+00,2.670000000000000000e+02,9.300000000000000000e+01,2.530000000000000000e+02,8.700000000000000000e+01,8.800000000000000000e+01,0.000000000000000000e+00,2.450000000000000000e+02,9.800000000000000000e+01,2.230000000000000000e+02,9.000000000000000000e+01,2.450000000000000000e+02,8.400000000000000000e+01,2.760000000000000000e+02,2.740000000000000000e+02,2.560000000000000000e+02,2.360000000000000000e+02,0.000000000000000000e+00,2.130000000000000000e+02,8.500000000000000000e+01,1.020000000000000000e+02,2.110000000000000000e+02,1.020000000000000000e+02,0.000000000000000000e+00,0.000000000000000000e+00,2.160000000000000000e+02,9.500000000000000000e+01,8.700000000000000000e+01,3.140000000000000000e+02,8.700000000000000000e+01,2.410000000000000000e+02,2.660000000000000000e+02,1.110000000000000000e+02,0.000000000000000000e+00,0.000000000000000000e+00,2.480000000000000000e+02,8.900000000000000000e+01,1.050000000000000000e+02,2.590000000000000000e+02,2.410000000000000000e+02,2.740000000000000000e+02,2.540000000000000000e+02,1.170000000000000000e+02,0.000000000000000000e+00,2.470000000000000000e+02,2.340000000000000000e+02,2.360000000000000000e+02,2.750000000000000000e+02,0.000000000000000000e+00,0.000000000000000000e+00,2.760000000000000000e+02,7.400000000000000000e+01,2.770000000000000000e+02,8.700000000000000000e+01,6.500000000000000000e+01,0.000000000000000000e+00,0.000000000000000000e+00,8.400000000000000000e+01,1.270000000000000000e+02,2.480000000000000000e+02,2.410000000000000000e+02,2.670000000000000000e+02,0.000000000000000000e+00,1.260000000000000000e+02
1.660000000000000000e+02,1.660000000000000000e+02,8.100000000000000000e+01,7.600000000000000000e+01,6.700000000000000000e+01,7.700000000000000000e+01,0.000000000000000000e+00,5.400000000000000000e+01,7.000000000000000000e+01,0.000000000000000000e+00,0.000000000000000000e+00,0.000000000000000000e+00,1.600000000000000000e+02,1.850000000000000000e+02,0.000000000000000000e+00,0.000000000000000000e+00,6.500000000000000000e+01,1.600000000000000000e+02,1.620000000000000000e+02,0.000000000000000000e+00,6.700000000000000000e+01,6.800000000000000000e+01,1.830000000000000000e+02,1.930000000000000000e+02,0.000000000000000000e+00,8.400000000000000000e+01,6.200000000000000000e+01,1.900000000000000000e+02,1.750000000000000000e+02,2.100000000000000000e+02,1.880000000000000000e+02,1.780000000000000000e+02,0.000000000000000000e+00,1.650000000000000000e+02,0.000000000000000000e+00,8.500000000000000000e+01,0.000000000000000000e+00,1.740000000000000000e+02,6.100000000000000000e+01,2.020000000000000000e+02,0.000000000000000000e+00,1.740000000000000000e+02,0.000000000000000000e+00,1.820000000000000000e+02,0.000000000000000000e+00,5.800000000000000000e+01,0.000000000000000000e+00,0.000000000000000000e+00,5.400000000000000000e+01,0.000000000000000000e+00,0.000000000000000000e+00,7.000000000000000000e+01,4.700000000000000000e+01,0.000000000000000000e+00,1.660000000000000000e+02,1.660000000000000000e+02,0.000000000000000000e+00,1.690000000000000000e+02,7.300000000000000000e+01,5.300000000000000000e+01,0.000000000000000000e+00,6.700000000000000000e+01,7.000000000000000000e+01,1.640000000000000000e+02,6.300000000000000000e+01,1.650000000000000000e+02,1.790000000000000000e+02,1.690000000000000000e+02,1.640000000000000000e+02,0.000000000000000000e+00,1.860000000000000000e+02,6.100000000000000000e+01,1.700000000000000000e+02,1.490000000000000000e+02,4.500000000000000000e+01,2.270000000000000000e+02,5.000000000000000000e+01,1.780000000000000000e+02,5.400000000000000000e+01,1.760000000000000000e+02,2.450000000000000000e+02,7.200000000000000000e+01,7.600000000000000000e+01,7.200000000000000000e+01,0.000000000000000000e+00,1.620000000000000000e+02,1.800000000000000000e+02,5.700000000000000000e+01,1.430000000000000000e+02,2.220000000000000000e+02,7.600000000000000000e+01,6.200000000000000000e+01,1.870000000000000000e+02,1.660000000000000000e+02,5.600000000000000000e+01,0.000000000000000000e+00,2.020000000000000000e+02,1.800000000000000000e+02,0.000000000000000000e+00,0.000000000000000000e+00,6.300000000000000000e+01,0.000000000000000000e+00,1.770000000000000000e+02,7.300000000000000000e+01,2.060000000000000000e+02,5.600000000000000000e+01,7.900000000000000000e+01,5.100000000000000000e+01,1.920000000000000000e+02,6.900000000000000000e+01,1.840000000000000000e+02,5.700000000000000000e+01,2.040000000000000000e+02,0.000000000000000000e+00,1.930000000000000000e+02,0.000000000000000000e+00,1.780000000000000000e+02,7.500000000000000000e+01,1.920000000000000000e+02,1.700000000000000000e+02,0.000000000000000000e+00,2.300000000000000000e+02,0.000000000000000000e+00,1.700000000000000000e+02,1.820000000000000000e+02,5.900000000000000000e+01,0.000000000000000000e+00,1.970000000000000000e+02,0.000000000000000000e+00,6.200000000000000000e+01,0.000000000000000000e+00,1.310000000000000000e+02,7.200000000000000000e+01,6.800000000000000000e+01,0.000000000000000000e+00,0.000000000000000000e+00,1.960000000000000000e+02,1.440000000000000000e+02,1.800000000000000000e+02,0.000000000000000000e+00,5.000000000000000000e+01,2.100000000000000000e+02,1.930000000000000000e+02,7.600000000000000000e+01,0.000000000000000000e+00,0.000000000000000000e+00,5.300000000000000000e+01,1.840000000000000000e+02,6.600000000000000000e+01,6.600000000000000000e+01,1.690000000000000000e+02,6.700000000000000000e+01,0.000000000000000000e+00,2.210000000000000000e+02,4.400000000000000000e+01,0.000000000000000000e+00,1.920000000000000000e+02,0.000000000000000000e+00,6.300000000000000000e+01,6.600000000000000000e+01,1.820000000000000000e+02,1.700000000000000000e+02,0.000000000000000000e+00,1.880000000000000000e+02,0.000000000000000000e+00,0.000000000000000000e+00,1.710000000000000000e+02,0.000000000000000000e+00,0.000000000000000000e+00,1.580000000000000000e+02,0.000000000000000000e+00,0.000000000000000000e+00,6.200000000000000000e+01,2.130000000000000000e+02,1.780000000000000000e+02,6.300000000000000000e+01,0.000000000000000000e+00,5.900000000000000000e+01,4.300000000000000000e+01,1.670000000000000000e+02,6.800000000000000000e+01,5.200000000000000000e+01,8.100000000000000000e+01,6.400000000000000000e+01,5.900000000000000000e+01,7.200000000000000000e+01,0.000000000000000000e+00,0.000000000000000000e+00,1.850000000000000000e+02,1.760000000000000000e+02,6.800000000000000000e+01,6.500000000000000000e+01,1.560000000000000000e+02,0.000000000000000000e+00,6.300000000000000000e+01,1.870000000000000000e+02,0.000000000000000000e+00,1.530000000000000000e+02,0.000000000000000000e+00,0.000000000000000000e+00,7.300000000000000000e+01,0.000000000000000000e+00,1.780000000000000000e+02,6.000000000000000000e+01,1.790000000000000000e+02,6.400000000000000000e+01,4.600000000000000000e+01,0.000000000000000000e+00,1.570000000000000000e+02,8.100000000000000000e+01,1.860000000000000000e+02,5.300000000000000000e+01,1.700000000000000000e+02,5.500000000000000000e+01,1.940000000000000000e+02,1.850000000000000000e+02,1.620000000000000000e+02,2.090000000000000000e+02,0.000000000000000000e+00,1.550000000000000000e+02,7.700000000000000000e+01,8.200000000000000000e+01,1.710000000000000000e+02,6.100000000000000000e+01,0.000000000000000000e+00,0.000000000000000000e+00,2.060000000000000000e+02,6.400000000000000000e+01,7.100000000000000000e+01,1.870000000000000000e+02,6.300000000000000000e+01,1.690000000000000000e+02,1.870000000000000000e+02,6.600000000000000000e+01,0.000000000000000000e+00,0.000000000000000000e+00,1.650000000000000000e+02,6.700000000000000000e+01,7.500000000000000000e+01,1.680000000000000000e+02,2.110000000000000000e+02,1.840000000000000000e+02,1.860000000000000000e+02,8.800000000000000000e+01,0.000000000000000000e+00,2.030000000000000000e+02,2.120000000000000000e+02,1.750000000000000000e+02,1.910000000000000000e+02,0.000000000000000000e+00,0.000000000000000000e+00,1.840000000000000000e+02,6.300000000000000000e+01,1.850000000000000000e+02,5.100000000000000000e+01,4.200000000000000000e+01,0.000000000000000000e+00,0.000000000000000000e+00,8.100000000000000000e+01,6.700000000000000000e+01,1.930000000000000000e+02,1.700000000000000000e+02,1.960000000000000000e+02,0.000000000000000000e+00,9.100000000000000000e+01
5.580000000000000000e+02,6.050000000000000000e+02,1.930000000000000000e+02,8.200000000000000000e+01,1.330000000000000000e+02,7.400000000000000000e+01,7.000000000000000000e+00,4.000000000000000000e+01,2.260000000000000000e+02,0.000000000000000000e+00,1.510000000000000000e+02,1.180000000000000000e+02,1.510000000000000000e+02,6.050000000000000000e+02,8.100000000000000000e+01,1.700000000000000000e+01,4.200000000000000000e+01,3.600000000000000000e+02,2.500000000000000000e+02,4.000000000000000000e+00,9.700000000000000000e+01,9.200000000000000000e+01,3.450000000000000000e+02,7.040000000000000000e+02,1.000000000000000000e+00,1.670000000000000000e+02,1.060000000000000000e+02,4.500000000000000000e+02,7.060000000000000000e+02,7.730000000000000000e+02,3.120000000000000000e+02,3.490000000000000000e+02,5.200000000000000000e+01,4.530000000000000000e+02,7.000000000000000000e+00,3.200000000000000000e+02,4.000000000000000000e+00,4.140000000000000000e+02,1.230000000000000000e+02,8.450000000000000000e+02,4.900000000000000000e+01,6.140000000000000000e+02,2.200000000000000000e+01,4.970000000000000000e+02,7.000000000000000000e+00,6.400000000000000000e+01,1.000000000000000000e+01,1.000000000000000000e+01,4.100000000000000000e+01,1.120000000000000000e+02,1.540000000000000000e+02,4.900000000000000000e+01,1.250000000000000000e+02,2.000000000000000000e+01,4.360000000000000000e+02,4.180000000000000000e+02,6.000000000000000000e+00,4.610000000000000000e+02,1.260000000000000000e+02,8.100000000000000000e+01,6.900000000000000000e+01,7.800000000000000000e+01,1.230000000000000000e+02,1.750000000000000000e+02,2.800000000000000000e+01,8.060000000000000000e+02,3.300000000000000000e+02,2.240000000000000000e+02,9.400000000000000000e+01,6.300000000000000000e+01,5.050000000000000000e+02,1.310000000000000000e+02,3.890000000000000000e+02,3.750000000000000000e+02,2.200000000000000000e+01,3.590000000000000000e+02,4.600000000000000000e+01,6.380000000000000000e+02,5.900000000000000000e+01,6.220000000000000000e+02,1.377000000000000000e+03,2.950000000000000000e+02,3.580000000000000000e+02,9.700000000000000000e+01,1.710000000000000000e+02,5.880000000000000000e+02,2.470000000000000000e+02,5.500000000000000000e+01,4.220000000000000000e+02,7.470000000000000000e+02,5.400000000000000000e+01,9.900000000000000000e+01,7.850000000000000000e+02,4.330000000000000000e+02,9.200000000000000000e+01,8.200000000000000000e+01,3.140000000000000000e+02,7.600000000000000000e+02,1.400000000000000000e+01,1.000000000000000000e+00,4.300000000000000000e+01,1.600000000000000000e+01,8.290000000000000000e+02,6.800000000000000000e+01,4.060000000000000000e+02,2.300000000000000000e+01,7.200000000000000000e+01,7.000000000000000000e+00,8.570000000000000000e+02,3.270000000000000000e+02,6.780000000000000000e+02,3.300000000000000000e+01,5.020000000000000000e+02,7.000000000000000000e+00,8.410000000000000000e+02,1.350000000000000000e+02,6.900000000000000000e+02,1.990000000000000000e+02,6.010000000000000000e+02,7.840000000000000000e+02,7.000000000000000000e+00,1.419000000000000000e+03,1.550000000000000000e+02,8.760000000000000000e+02,7.690000000000000000e+02,2.200000000000000000e+01,7.000000000000000000e+00,7.580000000000000000e+02,0.000000000000000000e+00,1.730000000000000000e+02,2.000000000000000000e+00,1.090000000000000000e+02,5.700000000000000000e+01,1.700000000000000000e+01,3.300000000000000000e+01,9.000000000000000000e+00,6.400000000000000000e+02,7.700000000000000000e+01,4.700000000000000000e+02,1.160000000000000000e+02,1.140000000000000000e+02,5.570000000000000000e+02,3.560000000000000000e+02,3.080000000000000000e+02,8.000000000000000000e+00,3.200000000000000000e+01,4.200000000000000000e+01,6.190000000000000000e+02,3.200000000000000000e+01,1.860000000000000000e+02,6.110000000000000000e+02,4.200000000000000000e+01,1.610000000000000000e+02,1.353000000000000000e+03,1.500000000000000000e+01,2.300000000000000000e+01,9.660000000000000000e+02,2.000000000000000000e+00,5.700000000000000000e+01,1.320000000000000000e+02,7.150000000000000000e+02,4.570000000000000000e+02,6.900000000000000000e+01,5.820000000000000000e+02,6.200000000000000000e+01,1.400000000000000000e+01,6.410000000000000000e+02,4.000000000000000000e+00,1.600000000000000000e+01,2.180000000000000000e+02,4.000000000000000000e+00,2.900000000000000000e+01,3.100000000000000000e+01,1.452000000000000000e+03,7.720000000000000000e+02,8.400000000000000000e+01,0.000000000000000000e+00,1.220000000000000000e+02,1.030000000000000000e+02,1.250000000000000000e+02,6.700000000000000000e+01,4.400000000000000000e+01,1.160000000000000000e+02,2.040000000000000000e+02,6.100000000000000000e+01,2.480000000000000000e+02,1.400000000000000000e+01,0.000000000000000000e+00,9.200000000000000000e+02,6.150000000000000000e+02,6.400000000000000000e+01,9.500000000000000000e+01,1.018000000000000000e+03,1.100000000000000000e+01,1.360000000000000000e+02,7.190000000000000000e+02,8.000000000000000000e+00,3.460000000000000000e+02,1.200000000000000000e+01,5.000000000000000000e+00,0.000000000000000000e+00,6.400000000000000000e+01,5.360000000000000000e+02,4.100000000000000000e+01,1.510000000000000000e+02,5.400000000000000000e+01,3.300000000000000000e+01,0.000000000000000000e+00,3.630000000000000000e+02,4.800000000000000000e+01,3.320000000000000000e+02,8.300000000000000000e+01,2.320000000000000000e+02,4.300000000000000000e+01,9.260000000000000000e+02,4.080000000000000000e+02,8.010000000000000000e+02,2.970000000000000000e+02,8.000000000000000000e+00,1.400000000000000000e+02,1.590000000000000000e+02,3.080000000000000000e+02,1.900000000000000000e+02,3.330000000000000000e+02,1.020000000000000000e+02,8.100000000000000000e+01,4.600000000000000000e+02,5.500000000000000000e+01,4.600000000000000000e+01,1.396000000000000000e+03,6.000000000000000000e+01,2.140000000000000000e+02,8.030000000000000000e+02,1.630000000000000000e+02,3.000000000000000000e+00,1.200000000000000000e+01,5.470000000000000000e+02,1.130000000000000000e+02,3.090000000000000000e+02,5.370000000000000000e+02,7.920000000000000000e+02,5.790000000000000000e+02,5.170000000000000000e+02,3.780000000000000000e+02,3.600000000000000000e+01,7.430000000000000000e+02,7.400000000000000000e+02,4.560000000000000000e+02,6.360000000000000000e+02,1.400000000000000000e+01,6.000000000000000000e+00,5.660000000000000000e+02,2.000000000000000000e+01,6.540000000000000000e+02,2.700000000000000000e+01,9.000000000000000000e+00,2.400000000000000000e+01,0.000000000000000000e+00,3.800000000000000000e+01,2.600000000000000000e+01,7.960000000000000000e+02,7.580000000000000000e+02,1.033000000000000000e+03,1.100000000000000000e+01,3.500000000000000000e+02
1.660000000000000000e+02,1.750000000000000000e+02,7.900000000000000000e+01,6.000000000000000000e+01,6.700000000000000000e+01,2.800000000000000000e+01,0.000000000000000000e+00,1.300000000000000000e+01,1.080000000000000000e+02,0.000000000000000000e+00,0.000000000000000000e+00,0.000000000000000000e+00,7.200000000000000000e+01,1.810000000000000000e+02,0.000000000000000000e+00,0.000000000000000000e+00,2.200000000000000000e+01,1.100000000000000000e+02,6.400000000000000000e+01,0.000000000000000000e+00,3.000000000000000000e+01,3.000000000000000000e+01,1.200000000000000000e+02,2.560000000000000000e+02,0.000000000000000000e+00,1.010000000000000000e+02,6.400000000000000000e+01,1.180000000000000000e+02,2.110000000000000000e+02,2.810000000000000000e+02,9.200000000000000000e+01,1.020000000000000000e+02,0.000000000000000000e+00,1.440000000000000000e+02,0.000000000000000000e+00,1.200000000000000000e+02,0.000000000000000000e+00,1.220000000000000000e+02,6.200000000000000000e+01,3.430000000000000000e+02,0.000000000000000000e+00,1.760000000000000000e+02,0.000000000000000000e+00,1.350000000000000000e+02,0.000000000000000000e+00,2.100000000000000000e+01,0.000000000000000000e+00,0.000000000000000000e+00,2.400000000000000000e+01,0.000000000000000000e+00,0.000000000000000000e+00,1.300000000000000000e+01,7.300000000000000000e+01,0.000000000000000000e+00,1.200000000000000000e+02,1.400000000000000000e+02,0.000000000000000000e+00,1.300000000000000000e+02,6.200000000000000000e+01,5.000000000000000000e+01,0.000000000000000000e+00,4.300000000000000000e+01,4.000000000000000000e+01,4.600000000000000000e+01,2.400000000000000000e+01,2.730000000000000000e+02,8.500000000000000000e+01,7.300000000000000000e+01,3.300000000000000000e+01,0.000000000000000000e+00,1.400000000000000000e+02,6.600000000000000000e+01,1.010000000000000000e+02,9.900000000000000000e+01,1.100000000000000000e+01,9.000000000000000000e+01,9.000000000000000000e+00,2.140000000000000000e+02,2.700000000000000000e+01,2.080000000000000000e+02,5.960000000000000000e+02,1.150000000000000000e+02,1.240000000000000000e+02,2.600000000000000000e+01,0.000000000000000000e+00,2.030000000000000000e+02,6.400000000000000000e+01,2.000000000000000000e+01,1.370000000000000000e+02,2.750000000000000000e+02,2.600000000000000000e+01,3.600000000000000000e+01,3.190000000000000000e+02,1.170000000000000000e+02,2.900000000000000000e+01,0.000000000000000000e+00,1.010000000000000000e+02,2.690000000000000000e+02,0.000000000000000000e+00,0.000000000000000000e+00,8.000000000000000000e+00,0.000000000000000000e+00,2.910000000000000000e+02,2.400000000000000000e+01,1.170000000000000000e+02,1.500000000000000000e+01,3.500000000000000000e+01,8.000000000000000000e+00,2.780000000000000000e+02,1.020000000000000000e+02,2.430000000000000000e+02,2.000000000000000000e+01,1.560000000000000000e+02,0.000000000000000000e+00,3.360000000000000000e+02,0.000000000000000000e+00,2.650000000000000000e+02,1.110000000000000000e+02,1.940000000000000000e+02,2.370000000000000000e+02,0.000000000000000000e+00,6.080000000000000000e+02,0.000000000000000000e+00,3.010000000000000000e+02,2.300000000000000000e+02,1.400000000000000000e+01,0.000000000000000000e+00,2.500000000000000000e+02,0.000000000000000000e+00,7.600000000000000000e+01,0.000000000000000000e+00,2.100000000000000000e+01,1.700000000000000000e+01,6.000000000000000000e+00,0.000000000000000000e+00,0.000000000000000000e+00,1.930000000000000000e+02,2.800000000000000000e+01,1.380000000000000000e+02,0.000000000000000000e+00,6.300000000000000000e+01,1.420000000000000000e+02,1.000000000000000000e+02,9.400000000000000000e+01,0.000000000000000000e+00,0.000000000000000000e+00,2.300000000000000000e+01,1.670000000000000000e+02,1.200000000000000000e+01,9.500000000000000000e+01,2.060000000000000000e+02,1.700000000000000000e+01,0.000000000000000000e+00,5.940000000000000000e+02,1.000000000000000000e+01,0.000000000000000000e+00,3.530000000000000000e+02,0.000000000000000000e+00,3.000000000000000000e+01,6.200000000000000000e+01,2.150000000000000000e+02,1.180000000000000000e+02,0.000000000000000000e+00,2.060000000000000000e+02,0.000000000000000000e+00,0.000000000000000000e+00,1.950000000000000000e+02,0.000000000000000000e+00,0.000000000000000000e+00,6.900000000000000000e+01,0.000000000000000000e+00,0.000000000000000000e+00,2.000000000000000000e+01,5.760000000000000000e+02,2.930000000000000000e+02,5.500000000000000000e+01,0.000000000000000000e+00,6.000000000000000000e+01,6.500000000000000000e+01,4.100000000000000000e+01,3.700000000000000000e+01,2.000000000000000000e+01,6.800000000000000000e+01,7.900000000000000000e+01,3.300000000000000000e+01,1.490000000000000000e+02,0.000000000000000000e+00,0.000000000000000000e+00,2.790000000000000000e+02,1.670000000000000000e+02,2.900000000000000000e+01,3.200000000000000000e+01,4.570000000000000000e+02,0.000000000000000000e+00,4.800000000000000000e+01,2.170000000000000000e+02,0.000000000000000000e+00,1.010000000000000000e+02,0.000000000000000000e+00,0.000000000000000000e+00,9.900000000000000000e+01,0.000000000000000000e+00,1.710000000000000000e+02,1.800000000000000000e+01,5.900000000000000000e+01,2.300000000000000000e+01,2.700000000000000000e+01,0.000000000000000000e+00,9.900000000000000000e+01,2.500000000000000000e+01,8.800000000000000000e+01,3.500000000000000000e+01,6.200000000000000000e+01,2.100000000000000000e+01,3.500000000000000000e+02,1.160000000000000000e+02,3.160000000000000000e+02,9.700000000000000000e+01,0.000000000000000000e+00,3.700000000000000000e+01,8.900000000000000000e+01,1.020000000000000000e+02,6.300000000000000000e+01,1.090000000000000000e+02,0.000000000000000000e+00,0.000000000000000000e+00,1.710000000000000000e+02,1.500000000000000000e+01,1.600000000000000000e+01,6.210000000000000000e+02,2.400000000000000000e+01,6.500000000000000000e+01,2.470000000000000000e+02,9.600000000000000000e+01,0.000000000000000000e+00,0.000000000000000000e+00,1.400000000000000000e+02,5.800000000000000000e+01,1.190000000000000000e+02,1.310000000000000000e+02,2.910000000000000000e+02,1.800000000000000000e+02,1.500000000000000000e+02,1.040000000000000000e+02,0.000000000000000000e+00,2.480000000000000000e+02,2.150000000000000000e+02,1.360000000000000000e+02,2.250000000000000000e+02,0.000000000000000000e+00,0.000000000000000000e+00,1.840000000000000000e+02,1.800000000000000000e+01,1.840000000000000000e+02,1.300000000000000000e+01,1.300000000000000000e+01,0.000000000000000000e+00,0.000000000000000000e+00,2.300000000000000000e+01,1.900000000000000000e+01,3.190000000000000000e+02,2.660000000000000000e+02,3.750000000000000000e+02,0.000000000000000000e+00,1.560000000000000000e+02
1.313000000000000000e+03,1.458000000000000000e+03,6.110000000000000000e+02,2.360000000000000000e+02,6.220000000000000000e+02,1.630000000000000000e+02,1.000000000000000000e+01,8.300000000000000000e+01,7.380000000000000000e+02,1.000000000000000000e+00,3.820000000000000000e+02,3.340000000000000000e+02,2.140000000000000000e+02,1.294000000000000000e+03,1.740000000000000000e+02,2.300000000000000000e+01,4.600000000000000000e+01,3.820000000000000000e+02,1.480000000000000000e+02,3.000000000000000000e+00,3.400000000000000000e+02,2.380000000000000000e+02,8.050000000000000000e+02,1.754000000000000000e+03,4.000000000000000000e+00,5.320000000000000000e+02,4.050000000000000000e+02,8.930000000000000000e+02,1.358000000000000000e+03,1.760000000000000000e+03,5.440000000000000000e+02,6.530000000000000000e+02,1.400000000000000000e+02,1.034000000000000000e+03,2.000000000000000000e+00,7.890000000000000000e+02,4.000000000000000000e+00,8.650000000000000000e+02,4.710000000000000000e+02,1.971000000000000000e+03,1.290000000000000000e+02,1.447000000000000000e+03,4.100000000000000000e+01,1.137000000000000000e+03,1.100000000000000000e+01,1.940000000000000000e+02,8.000000000000000000e+00,1.000000000000000000e+01,4.500000000000000000e+01,3.180000000000000000e+02,3.320000000000000000e+02,6.600000000000000000e+01,4.700000000000000000e+02,1.500000000000000000e+01,6.000000000000000000e+02,5.970000000000000000e+02,2.000000000000000000e+00,1.003000000000000000e+03,5.970000000000000000e+02,3.490000000000000000e+02,1.440000000000000000e+02,2.650000000000000000e+02,4.670000000000000000e+02,3.440000000000000000e+02,1.100000000000000000e+02,2.038000000000000000e+03,4.990000000000000000e+02,2.230000000000000000e+02,1.100000000000000000e+02,1.080000000000000000e+02,1.091000000000000000e+03,3.880000000000000000e+02,7.750000000000000000e+02,3.210000000000000000e+02,6.000000000000000000e+00,5.090000000000000000e+02,6.600000000000000000e+01,1.418000000000000000e+03,1.990000000000000000e+02,1.559000000000000000e+03,2.904000000000000000e+03,7.080000000000000000e+02,8.390000000000000000e+02,2.210000000000000000e+02,3.460000000000000000e+02,1.582000000000000000e+03,3.160000000000000000e+02,4.300000000000000000e+01,6.220000000000000000e+02,1.699000000000000000e+03,1.980000000000000000e+02,3.000000000000000000e+02,1.671000000000000000e+03,8.640000000000000000e+02,2.750000000000000000e+02,2.420000000000000000e+02,7.320000000000000000e+02,1.772000000000000000e+03,1.600000000000000000e+01,9.000000000000000000e+00,4.700000000000000000e+01,8.000000000000000000e+00,1.832000000000000000e+03,1.990000000000000000e+02,9.890000000000000000e+02,3.500000000000000000e+01,3.090000000000000000e+02,1.800000000000000000e+01,1.794000000000000000e+03,8.660000000000000000e+02,1.706000000000000000e+03,2.000000000000000000e+01,1.229000000000000000e+03,1.100000000000000000e+01,2.079000000000000000e+03,3.320000000000000000e+02,1.733000000000000000e+03,7.780000000000000000e+02,1.371000000000000000e+03,1.710000000000000000e+03,1.100000000000000000e+01,3.011000000000000000e+03,3.670000000000000000e+02,1.900000000000000000e+03,1.648000000000000000e+03,5.600000000000000000e+01,6.000000000000000000e+00,1.718000000000000000e+03,8.000000000000000000e+00,5.990000000000000000e+02,6.000000000000000000e+00,8.500000000000000000e+01,1.380000000000000000e+02,3.500000000000000000e+01,3.900000000000000000e+01,3.800000000000000000e+01,1.398000000000000000e+03,8.900000000000000000e+01,1.102000000000000000e+03,3.260000000000000000e+02,3.850000000000000000e+02,1.296000000000000000e+03,5.450000000000000000e+02,7.860000000000000000e+02,3.000000000000000000e+00,2.800000000000000000e+01,1.200000000000000000e+01,1.384000000000000000e+03,4.600000000000000000e+01,6.510000000000000000e+02,1.472000000000000000e+03,5.600000000000000000e+01,3.920000000000000000e+02,2.857000000000000000e+03,2.400000000000000000e+01,5.000000000000000000e+00,1.925000000000000000e+03,8.000000000000000000e+00,1.990000000000000000e+02,4.950000000000000000e+02,1.745000000000000000e+03,4.500000000000000000e+02,1.650000000000000000e+02,1.476000000000000000e+03,1.240000000000000000e+02,2.100000000000000000e+01,1.376000000000000000e+03,2.300000000000000000e+01,5.000000000000000000e+00,3.330000000000000000e+02,9.000000000000000000e+00,6.400000000000000000e+01,6.500000000000000000e+01,2.843000000000000000e+03,1.789000000000000000e+03,3.580000000000000000e+02,1.600000000000000000e+01,4.990000000000000000e+02,2.400000000000000000e+02,1.990000000000000000e+02,2.010000000000000000e+02,1.120000000000000000e+02,5.510000000000000000e+02,6.190000000000000000e+02,2.220000000000000000e+02,8.390000000000000000e+02,2.900000000000000000e+01,1.000000000000000000e+00,1.941000000000000000e+03,1.401000000000000000e+03,1.860000000000000000e+02,2.650000000000000000e+02,2.118000000000000000e+03,2.400000000000000000e+01,4.410000000000000000e+02,1.651000000000000000e+03,5.000000000000000000e+00,5.190000000000000000e+02,9.000000000000000000e+00,5.000000000000000000e+00,5.030000000000000000e+02,1.490000000000000000e+02,0.000000000000000000e+00,7.800000000000000000e+01,1.930000000000000000e+02,1.310000000000000000e+02,4.500000000000000000e+01,1.000000000000000000e+00,7.220000000000000000e+02,4.200000000000000000e+01,4.620000000000000000e+02,2.940000000000000000e+02,1.280000000000000000e+02,5.300000000000000000e+01,2.071000000000000000e+03,5.070000000000000000e+02,1.883000000000000000e+03,5.240000000000000000e+02,1.100000000000000000e+01,1.620000000000000000e+02,6.310000000000000000e+02,7.880000000000000000e+02,2.720000000000000000e+02,7.440000000000000000e+02,2.080000000000000000e+02,1.730000000000000000e+02,1.270000000000000000e+03,8.500000000000000000e+01,8.500000000000000000e+01,2.858000000000000000e+03,6.600000000000000000e+01,2.740000000000000000e+02,1.837000000000000000e+03,6.840000000000000000e+02,0.000000000000000000e+00,4.600000000000000000e+01,1.196000000000000000e+03,5.120000000000000000e+02,8.520000000000000000e+02,1.242000000000000000e+03,1.665000000000000000e+03,1.460000000000000000e+03,1.245000000000000000e+03,8.120000000000000000e+02,2.000000000000000000e+01,1.844000000000000000e+03,1.634000000000000000e+03,1.076000000000000000e+03,1.543000000000000000e+03,2.200000000000000000e+01,9.000000000000000000e+00,1.225000000000000000e+03,3.500000000000000000e+01,1.463000000000000000e+03,7.900000000000000000e+01,5.200000000000000000e+01,1.700000000000000000e+01,5.000000000000000000e+00,1.040000000000000000e+02,3.900000000000000000e+01,1.867000000000000000e+03,1.512000000000000000e+03,2.148000000000000000e+03,3.000000000000000000e+00,8.290000000000000000e+02
5.980000000000000000e+02,6.280000000000000000e+02,1.170000000000000000e+02,1.350000000000000000e+02,1.520000000000000000e+02,1.510000000000000000e+02,1.300000000000000000e+01,1.010000000000000000e+02,1.490000000000000000e+02,0.000000000000000000e+00,8.700000000000000000e+01,1.040000000000000000e+02,4.710000000000000000e+02,5.750000000000000000e+02,4.300000000000000000e+01,1.900000000000000000e+01,9.900000000000000000e+01,5.080000000000000000e+02,4.490000000000000000e+02,1.700000000000000000e+01,1.330000000000000000e+02,1.360000000000000000e+02,5.140000000000000000e+02,5.690000000000000000e+02,6.000000000000000000e+00,1.740000000000000000e+02,1.230000000000000000e+02,5.050000000000000000e+02,5.870000000000000000e+02,5.970000000000000000e+02,6.190000000000000000e+02,5.310000000000000000e+02,7.500000000000000000e+01,5.770000000000000000e+02,6.000000000000000000e+00,2.460000000000000000e+02,8.000000000000000000e+00,5.350000000000000000e+02,1.300000000000000000e+02,6.460000000000000000e+02,3.700000000000000000e+01,5.640000000000000000e+02,6.300000000000000000e+01,7.070000000000000000e+02,2.100000000000000000e+01,9.200000000000000000e+01,1.900000000000000000e+01,1.200000000000000000e+01,9.500000000000000000e+01,1.040000000000000000e+02,9.700000000000000000e+01,1.090000000000000000e+02,1.770000000000000000e+02,2.800000000000000000e+01,5.320000000000000000e+02,5.700000000000000000e+02,1.900000000000000000e+01,5.530000000000000000e+02,1.660000000000000000e+02,1.120000000000000000e+02,8.300000000000000000e+01,1.230000000000000000e+02,1.400000000000000000e+02,4.400000000000000000e+02,9.400000000000000000e+01,6.170000000000000000e+02,6.450000000000000000e+02,4.740000000000000000e+02,2.210000000000000000e+02,8.000000000000000000e+01,6.090000000000000000e+02,1.340000000000000000e+02,5.230000000000000000e+02,4.860000000000000000e+02,4.700000000000000000e+01,6.140000000000000000e+02,8.400000000000000000e+01,5.960000000000000000e+02,1.480000000000000000e+02,5.960000000000000000e+02,6.970000000000000000e+02,2.620000000000000000e+02,2.160000000000000000e+02,1.290000000000000000e+02,1.010000000000000000e+02,6.300000000000000000e+02,5.010000000000000000e+02,1.030000000000000000e+02,5.420000000000000000e+02,5.870000000000000000e+02,1.410000000000000000e+02,1.330000000000000000e+02,5.600000000000000000e+02,5.560000000000000000e+02,1.040000000000000000e+02,9.000000000000000000e+01,5.230000000000000000e+02,6.170000000000000000e+02,2.200000000000000000e+01,1.900000000000000000e+01,8.900000000000000000e+01,2.500000000000000000e+01,6.190000000000000000e+02,1.020000000000000000e+02,5.510000000000000000e+02,3.600000000000000000e+01,1.360000000000000000e+02,1.800000000000000000e+01,5.960000000000000000e+02,2.660000000000000000e+02,5.890000000000000000e+02,8.100000000000000000e+01,5.730000000000000000e+02,1.200000000000000000e+01,6.210000000000000000e+02,8.900000000000000000e+01,6.280000000000000000e+02,1.490000000000000000e+02,5.720000000000000000e+02,6.700000000000000000e+02,1.500000000000000000e+01,7.100000000000000000e+02,9.900000000000000000e+01,6.100000000000000000e+02,6.440000000000000000e+02,6.100000000000000000e+01,9.000000000000000000e+00,5.630000000000000000e+02,1.100000000000000000e+01,1.370000000000000000e+02,1.000000000000000000e+00,2.140000000000000000e+02,1.350000000000000000e+02,3.300000000000000000e+01,4.900000000000000000e+01,2.400000000000000000e+01,5.980000000000000000e+02,1.780000000000000000e+02,5.710000000000000000e+02,1.010000000000000000e+02,1.420000000000000000e+02,6.040000000000000000e+02,5.620000000000000000e+02,2.550000000000000000e+02,1.000000000000000000e+00,7.100000000000000000e+01,7.300000000000000000e+01,6.320000000000000000e+02,5.300000000000000000e+01,1.500000000000000000e+02,5.650000000000000000e+02,1.050000000000000000e+02,9.800000000000000000e+01,7.050000000000000000e+02,3.400000000000000000e+01,4.400000000000000000e+01,6.110000000000000000e+02,5.000000000000000000e+00,1.370000000000000000e+02,1.320000000000000000e+02,6.020000000000000000e+02,5.330000000000000000e+02,4.300000000000000000e+01,5.870000000000000000e+02,1.020000000000000000e+02,2.900000000000000000e+01,6.260000000000000000e+02,5.000000000000000000e+00,2.700000000000000000e+01,5.240000000000000000e+02,1.400000000000000000e+01,6.700000000000000000e+01,6.300000000000000000e+01,7.470000000000000000e+02,6.860000000000000000e+02,1.260000000000000000e+02,1.700000000000000000e+01,1.210000000000000000e+02,1.180000000000000000e+02,3.700000000000000000e+02,1.170000000000000000e+02,1.060000000000000000e+02,1.660000000000000000e+02,1.350000000000000000e+02,9.000000000000000000e+01,1.450000000000000000e+02,5.900000000000000000e+01,0.000000000000000000e+00,6.090000000000000000e+02,5.380000000000000000e+02,1.140000000000000000e+02,1.500000000000000000e+02,6.190000000000000000e+02,3.100000000000000000e+01,1.440000000000000000e+02,6.400000000000000000e+02,4.300000000000000000e+01,5.150000000000000000e+02,2.300000000000000000e+01,1.800000000000000000e+01,1.420000000000000000e+02,5.300000000000000000e+01,6.040000000000000000e+02,0.000000000000000000e+00,2.920000000000000000e+02,9.000000000000000000e+01,9.700000000000000000e+01,2.000000000000000000e+00,5.740000000000000000e+02,1.180000000000000000e+02,4.320000000000000000e+02,1.100000000000000000e+02,4.900000000000000000e+02,1.050000000000000000e+02,6.270000000000000000e+02,5.250000000000000000e+02,5.610000000000000000e+02,4.780000000000000000e+02,2.100000000000000000e+01,4.280000000000000000e+02,1.720000000000000000e+02,2.700000000000000000e+02,3.580000000000000000e+02,2.570000000000000000e+02,7.200000000000000000e+01,8.900000000000000000e+01,6.140000000000000000e+02,1.150000000000000000e+02,1.090000000000000000e+02,7.670000000000000000e+02,1.190000000000000000e+02,5.150000000000000000e+02,6.050000000000000000e+02,1.600000000000000000e+02,1.100000000000000000e+01,3.600000000000000000e+01,5.960000000000000000e+02,1.420000000000000000e+02,2.600000000000000000e+02,5.360000000000000000e+02,6.060000000000000000e+02,5.990000000000000000e+02,5.770000000000000000e+02,2.820000000000000000e+02,5.000000000000000000e+01,6.200000000000000000e+02,6.260000000000000000e+02,5.990000000000000000e+02,5.560000000000000000e+02,1.600000000000000000e+01,6.000000000000000000e+00,6.060000000000000000e+02,5.200000000000000000e+01,5.880000000000000000e+02,6.000000000000000000e+01,3.800000000000000000e+01,2.400000000000000000e+01,6.000000000000000000e+00,9.400000000000000000e+01,4.600000000000000000e+01,6.510000000000000000e+02,6.310000000000000000e+02,6.360000000000000000e+02,2.000000000000000000e+01,2.290000000000000000e+02
1.797000000000000000e+03,1.559000000000000000e+03,7.910000000000000000e+02,6.800000000000000000e+02,7.270000000000000000e+02,6.160000000000000000e+02,8.000000000000000000e+01,4.920000000000000000e+02,8.460000000000000000e+02,1.000000000000000000e+01,3.510000000000000000e+02,3.210000000000000000e+02,1.253000000000000000e+03,1.965000000000000000e+03,1.780000000000000000e+02,7.500000000000000000e+01,5.170000000000000000e+02,1.719000000000000000e+03,1.517000000000000000e+03,1.100000000000000000e+01,6.420000000000000000e+02,6.430000000000000000e+02,1.598000000000000000e+03,1.925000000000000000e+03,2.000000000000000000e+01,8.050000000000000000e+02,7.050000000000000000e+02,1.841000000000000000e+03,1.999000000000000000e+03,1.605000000000000000e+03,1.617000000000000000e+03,1.691000000000000000e+03,2.830000000000000000e+02,1.855000000000000000e+03,3.200000000000000000e+01,8.520000000000000000e+02,7.000000000000000000e+01,1.734000000000000000e+03,7.500000000000000000e+02,1.502000000000000000e+03,1.420000000000000000e+02,1.859000000000000000e+03,2.650000000000000000e+02,1.933000000000000000e+03,1.030000000000000000e+02,5.690000000000000000e+02,8.000000000000000000e+00,3.600000000000000000e+01,4.980000000000000000e+02,3.190000000000000000e+02,3.180000000000000000e+02,6.170000000000000000e+02,7.310000000000000000e+02,5.500000000000000000e+01,1.738000000000000000e+03,1.753000000000000000e+03,5.400000000000000000e+01,1.806000000000000000e+03,8.510000000000000000e+02,6.430000000000000000e+02,3.020000000000000000e+02,7.950000000000000000e+02,7.590000000000000000e+02,1.292000000000000000e+03,4.930000000000000000e+02,1.937000000000000000e+03,1.612000000000000000e+03,1.518000000000000000e+03,5.510000000000000000e+02,2.930000000000000000e+02,1.834000000000000000e+03,7.190000000000000000e+02,1.866000000000000000e+03,1.620000000000000000e+03,2.670000000000000000e+02,1.868000000000000000e+03,4.570000000000000000e+02,2.001000000000000000e+03,8.060000000000000000e+02,1.542000000000000000e+03,2.503000000000000000e+03,8.780000000000000000e+02,8.390000000000000000e+02,7.270000000000000000e+02,3.470000000000000000e+02,1.940000000000000000e+03,1.424000000000000000e+03,5.270000000000000000e+02,1.769000000000000000e+03,2.005000000000000000e+03,6.040000000000000000e+02,7.100000000000000000e+02,1.971000000000000000e+03,1.798000000000000000e+03,6.840000000000000000e+02,2.990000000000000000e+02,1.574000000000000000e+03,1.595000000000000000e+03,9.900000000000000000e+01,5.400000000000000000e+01,4.520000000000000000e+02,8.900000000000000000e+01,1.990000000000000000e+03,6.890000000000000000e+02,1.650000000000000000e+03,3.770000000000000000e+02,5.940000000000000000e+02,1.800000000000000000e+02,1.933000000000000000e+03,9.030000000000000000e+02,1.933000000000000000e+03,4.880000000000000000e+02,1.679000000000000000e+03,7.200000000000000000e+01,1.995000000000000000e+03,3.160000000000000000e+02,1.909000000000000000e+03,7.920000000000000000e+02,1.930000000000000000e+03,1.923000000000000000e+03,5.700000000000000000e+01,2.489000000000000000e+03,3.560000000000000000e+02,1.949000000000000000e+03,2.037000000000000000e+03,3.860000000000000000e+02,1.600000000000000000e+01,1.611000000000000000e+03,5.100000000000000000e+01,8.330000000000000000e+02,5.000000000000000000e+01,6.810000000000000000e+02,8.250000000000000000e+02,2.100000000000000000e+01,2.330000000000000000e+02,1.110000000000000000e+02,1.935000000000000000e+03,7.860000000000000000e+02,1.924000000000000000e+03,3.580000000000000000e+02,7.890000000000000000e+02,2.049000000000000000e+03,1.801000000000000000e+03,8.560000000000000000e+02,6.500000000000000000e+01,2.020000000000000000e+02,3.930000000000000000e+02,1.853000000000000000e+03,3.820000000000000000e+02,7.690000000000000000e+02,1.904000000000000000e+03,5.420000000000000000e+02,3.750000000000000000e+02,2.486000000000000000e+03,1.410000000000000000e+02,1.630000000000000000e+02,2.018000000000000000e+03,2.700000000000000000e+01,6.320000000000000000e+02,7.700000000000000000e+02,1.949000000000000000e+03,1.723000000000000000e+03,1.470000000000000000e+02,1.628000000000000000e+03,2.930000000000000000e+02,1.070000000000000000e+02,1.951000000000000000e+03,2.700000000000000000e+01,8.900000000000000000e+01,1.433000000000000000e+03,6.300000000000000000e+01,2.600000000000000000e+02,3.610000000000000000e+02,2.499000000000000000e+03,1.933000000000000000e+03,6.270000000000000000e+02,8.300000000000000000e+01,6.830000000000000000e+02,6.500000000000000000e+02,1.035000000000000000e+03,5.400000000000000000e+02,5.660000000000000000e+02,7.210000000000000000e+02,8.200000000000000000e+02,5.670000000000000000e+02,7.620000000000000000e+02,1.850000000000000000e+02,1.700000000000000000e+01,1.983000000000000000e+03,1.897000000000000000e+03,6.120000000000000000e+02,6.890000000000000000e+02,2.015000000000000000e+03,1.360000000000000000e+02,7.420000000000000000e+02,2.005000000000000000e+03,1.060000000000000000e+02,1.642000000000000000e+03,9.200000000000000000e+01,2.000000000000000000e+01,6.710000000000000000e+02,1.410000000000000000e+02,1.959000000000000000e+03,4.840000000000000000e+02,0.000000000000000000e+00,6.290000000000000000e+02,4.670000000000000000e+02,1.800000000000000000e+01,1.723000000000000000e+03,5.610000000000000000e+02,1.551000000000000000e+03,6.730000000000000000e+02,1.568000000000000000e+03,5.190000000000000000e+02,1.590000000000000000e+03,1.710000000000000000e+03,1.972000000000000000e+03,1.591000000000000000e+03,1.800000000000000000e+01,1.229000000000000000e+03,8.350000000000000000e+02,9.170000000000000000e+02,1.332000000000000000e+03,8.650000000000000000e+02,3.300000000000000000e+02,3.050000000000000000e+02,1.622000000000000000e+03,5.900000000000000000e+02,6.220000000000000000e+02,2.564000000000000000e+03,5.420000000000000000e+02,1.440000000000000000e+03,1.934000000000000000e+03,8.490000000000000000e+02,3.700000000000000000e+01,1.950000000000000000e+02,1.857000000000000000e+03,7.450000000000000000e+02,9.010000000000000000e+02,1.874000000000000000e+03,1.931000000000000000e+03,1.638000000000000000e+03,1.861000000000000000e+03,8.950000000000000000e+02,2.160000000000000000e+02,1.671000000000000000e+03,1.934000000000000000e+03,1.767000000000000000e+03,1.933000000000000000e+03,4.700000000000000000e+01,5.900000000000000000e+01,1.876000000000000000e+03,2.410000000000000000e+02,1.554000000000000000e+03,3.680000000000000000e+02,2.670000000000000000e+02,1.020000000000000000e+02,2.400000000000000000e+01,4.450000000000000000e+02,3.360000000000000000e+02,1.968000000000000000e+03,2.050000000000000000e+03,2.069000000000000000e+03,8.800000000000000000e+01,8.950000000000000000e+02
7.410000000000000000e+02,7.910000000000000000e+02,2.040000000000000000e+02,1.550000000000000000e+02,1.480000000000000000e+02,1.480000000000000000e+02,2.200000000000000000e+01,1.000000000000000000e+02,1.940000000000000000e+02,6.000000000000000000e+00,1.280000000000000000e+02,1.400000000000000000e+02,4.290000000000000000e+02,7.670000000000000000e+02,7.000000000000000000e+01,3.100000000000000000e+01,1.240000000000000000e+02,6.530000000000000000e+02,5.360000000000000000e+02,0.000000000000000000e+00,1.480000000000000000e+02,1.620000000000000000e+02,7.350000000000000000e+02,8.020000000000000000e+02,5.000000000000000000e+00,1.750000000000000000e+02,1.500000000000000000e+02,6.830000000000000000e+02,7.780000000000000000e+02,7.880000000000000000e+02,6.000000000000000000e+02,6.290000000000000000e+02,1.090000000000000000e+02,7.190000000000000000e+02,1.700000000000000000e+01,3.260000000000000000e+02,1.900000000000000000e+01,6.570000000000000000e+02,1.730000000000000000e+02,7.560000000000000000e+02,6.600000000000000000e+01,8.010000000000000000e+02,5.000000000000000000e+01,7.400000000000000000e+02,2.600000000000000000e+01,1.510000000000000000e+02,1.000000000000000000e+00,2.000000000000000000e+01,8.700000000000000000e+01,1.370000000000000000e+02,1.290000000000000000e+02,1.350000000000000000e+02,1.870000000000000000e+02,1.000000000000000000e+01,7.090000000000000000e+02,7.020000000000000000e+02,2.000000000000000000e+01,7.200000000000000000e+02,2.150000000000000000e+02,1.390000000000000000e+02,1.090000000000000000e+02,1.930000000000000000e+02,1.980000000000000000e+02,5.030000000000000000e+02,9.000000000000000000e+01,8.430000000000000000e+02,6.490000000000000000e+02,5.530000000000000000e+02,1.750000000000000000e+02,7.400000000000000000e+01,6.940000000000000000e+02,1.620000000000000000e+02,6.340000000000000000e+02,6.260000000000000000e+02,5.100000000000000000e+01,6.880000000000000000e+02,8.600000000000000000e+01,8.700000000000000000e+02,2.100000000000000000e+02,8.280000000000000000e+02,9.710000000000000000e+02,2.970000000000000000e+02,3.290000000000000000e+02,1.450000000000000000e+02,1.240000000000000000e+02,7.540000000000000000e+02,5.290000000000000000e+02,1.330000000000000000e+02,6.410000000000000000e+02,8.490000000000000000e+02,1.490000000000000000e+02,1.700000000000000000e+02,7.910000000000000000e+02,6.780000000000000000e+02,1.620000000000000000e+02,1.130000000000000000e+02,7.050000000000000000e+02,8.800000000000000000e+02,2.900000000000000000e+01,1.500000000000000000e+01,8.800000000000000000e+01,2.000000000000000000e+01,7.450000000000000000e+02,1.650000000000000000e+02,8.160000000000000000e+02,4.900000000000000000e+01,1.400000000000000000e+02,4.000000000000000000e+01,7.330000000000000000e+02,3.630000000000000000e+02,7.580000000000000000e+02,1.110000000000000000e+02,8.160000000000000000e+02,2.400000000000000000e+01,8.070000000000000000e+02,1.240000000000000000e+02,8.680000000000000000e+02,1.940000000000000000e+02,7.380000000000000000e+02,8.090000000000000000e+02,2.000000000000000000e+01,9.920000000000000000e+02,1.150000000000000000e+02,8.530000000000000000e+02,8.090000000000000000e+02,9.400000000000000000e+01,0.000000000000000000e+00,7.600000000000000000e+02,2.400000000000000000e+01,2.010000000000000000e+02,1.100000000000000000e+01,2.300000000000000000e+02,1.730000000000000000e+02,9.000000000000000000e+00,7.200000000000000000e+01,3.200000000000000000e+01,8.190000000000000000e+02,2.470000000000000000e+02,7.020000000000000000e+02,1.470000000000000000e+02,1.810000000000000000e+02,8.760000000000000000e+02,7.420000000000000000e+02,3.190000000000000000e+02,3.000000000000000000e+01,8.300000000000000000e+01,7.800000000000000000e+01,7.850000000000000000e+02,9.200000000000000000e+01,1.780000000000000000e+02,8.060000000000000000e+02,1.000000000000000000e+02,1.250000000000000000e+02,1.008000000000000000e+03,4.700000000000000000e+01,4.500000000000000000e+01,8.090000000000000000e+02,9.000000000000000000e+00,1.490000000000000000e+02,2.090000000000000000e+02,7.990000000000000000e+02,6.420000000000000000e+02,5.400000000000000000e+01,7.940000000000000000e+02,1.210000000000000000e+02,3.300000000000000000e+01,7.430000000000000000e+02,1.000000000000000000e+01,3.400000000000000000e+01,5.410000000000000000e+02,1.900000000000000000e+01,8.200000000000000000e+01,8.000000000000000000e+01,9.460000000000000000e+02,8.090000000000000000e+02,1.720000000000000000e+02,2.500000000000000000e+01,1.640000000000000000e+02,1.460000000000000000e+02,3.150000000000000000e+02,1.270000000000000000e+02,1.060000000000000000e+02,1.950000000000000000e+02,1.980000000000000000e+02,1.300000000000000000e+02,1.890000000000000000e+02,6.100000000000000000e+01,8.000000000000000000e+00,7.910000000000000000e+02,7.200000000000000000e+02,1.430000000000000000e+02,1.940000000000000000e+02,8.090000000000000000e+02,3.900000000000000000e+01,1.860000000000000000e+02,7.700000000000000000e+02,3.700000000000000000e+01,6.120000000000000000e+02,2.600000000000000000e+01,6.000000000000000000e+00,2.050000000000000000e+02,4.000000000000000000e+01,7.080000000000000000e+02,9.400000000000000000e+01,3.000000000000000000e+02,0.000000000000000000e+00,1.170000000000000000e+02,0.000000000000000000e+00,6.750000000000000000e+02,1.270000000000000000e+02,5.700000000000000000e+02,1.480000000000000000e+02,5.430000000000000000e+02,1.020000000000000000e+02,8.530000000000000000e+02,6.510000000000000000e+02,7.270000000000000000e+02,7.500000000000000000e+02,5.000000000000000000e+00,3.800000000000000000e+02,2.020000000000000000e+02,3.800000000000000000e+02,4.280000000000000000e+02,3.560000000000000000e+02,1.150000000000000000e+02,1.070000000000000000e+02,8.670000000000000000e+02,1.180000000000000000e+02,1.680000000000000000e+02,9.310000000000000000e+02,1.270000000000000000e+02,4.980000000000000000e+02,7.620000000000000000e+02,2.120000000000000000e+02,8.000000000000000000e+00,4.700000000000000000e+01,7.590000000000000000e+02,2.100000000000000000e+02,3.430000000000000000e+02,7.330000000000000000e+02,8.280000000000000000e+02,8.550000000000000000e+02,7.170000000000000000e+02,3.140000000000000000e+02,5.000000000000000000e+01,8.440000000000000000e+02,7.610000000000000000e+02,7.160000000000000000e+02,8.090000000000000000e+02,1.000000000000000000e+01,2.800000000000000000e+01,7.340000000000000000e+02,6.000000000000000000e+01,7.730000000000000000e+02,5.900000000000000000e+01,5.600000000000000000e+01,2.900000000000000000e+01,1.100000000000000000e+01,6.100000000000000000e+01,7.500000000000000000e+01,8.130000000000000000e+02,8.220000000000000000e+02,8.320000000000000000e+02,1.900000000000000000e+01,3.300000000000000000e+02
6.670000000000000000e+02,6.430000000000000000e+02,1.770000000000000000e+02,1.480000000000000000e+02,1.800000000000000000e+02,1.060000000000000000e+02,3.600000000000000000e+01,1.030000000000000000e+02,1.920000000000000000e+02,4.000000000000000000e+00,9.900000000000000000e+01,1.210000000000000000e+02,4.600000000000000000e+02,6.750000000000000000e+02,5.700000000000000000e+01,2.000000000000000000e+01,1.080000000000000000e+02,5.710000000000000000e+02,6.000000000000000000e+02,1.300000000000000000e+01,1.240000000000000000e+02,1.490000000000000000e+02,5.410000000000000000e+02,7.050000000000000000e+02,7.000000000000000000e+00,2.070000000000000000e+02,1.390000000000000000e+02,5.460000000000000000e+02,6.460000000000000000e+02,6.460000000000000000e+02,5.670000000000000000e+02,5.480000000000000000e+02,8.200000000000000000e+01,6.130000000000000000e+02,1.000000000000000000e+00,2.730000000000000000e+02,1.700000000000000000e+01,5.460000000000000000e+02,1.440000000000000000e+02,6.910000000000000000e+02,5.400000000000000000e+01,6.570000000000000000e+02,7.000000000000000000e+01,5.830000000000000000e+02,2.100000000000000000e+01,1.460000000000000000e+02,2.100000000000000000e+01,1.400000000000000000e+01,1.080000000000000000e+02,1.110000000000000000e+02,1.060000000000000000e+02,1.130000000000000000e+02,1.590000000000000000e+02,1.800000000000000000e+01,6.950000000000000000e+02,6.400000000000000000e+02,0.000000000000000000e+00,5.960000000000000000e+02,1.830000000000000000e+02,1.370000000000000000e+02,9.400000000000000000e+01,1.270000000000000000e+02,1.440000000000000000e+02,3.890000000000000000e+02,8.000000000000000000e+01,6.620000000000000000e+02,5.310000000000000000e+02,5.710000000000000000e+02,2.360000000000000000e+02,7.500000000000000000e+01,6.190000000000000000e+02,1.600000000000000000e+02,5.620000000000000000e+02,6.230000000000000000e+02,2.500000000000000000e+01,5.820000000000000000e+02,8.800000000000000000e+01,7.260000000000000000e+02,1.250000000000000000e+02,6.620000000000000000e+02,7.850000000000000000e+02,3.010000000000000000e+02,2.620000000000000000e+02,1.390000000000000000e+02,1.090000000000000000e+02,7.090000000000000000e+02,4.800000000000000000e+02,9.400000000000000000e+01,6.520000000000000000e+02,6.660000000000000000e+02,1.270000000000000000e+02,1.570000000000000000e+02,7.490000000000000000e+02,5.780000000000000000e+02,1.420000000000000000e+02,1.000000000000000000e+02,5.390000000000000000e+02,6.680000000000000000e+02,2.600000000000000000e+01,1.500000000000000000e+01,7.100000000000000000e+01,1.100000000000000000e+01,6.440000000000000000e+02,1.180000000000000000e+02,6.070000000000000000e+02,7.100000000000000000e+01,1.420000000000000000e+02,3.900000000000000000e+01,7.080000000000000000e+02,2.920000000000000000e+02,6.740000000000000000e+02,7.800000000000000000e+01,5.930000000000000000e+02,2.700000000000000000e+01,6.950000000000000000e+02,1.130000000000000000e+02,6.150000000000000000e+02,1.910000000000000000e+02,6.070000000000000000e+02,6.550000000000000000e+02,1.400000000000000000e+01,8.110000000000000000e+02,1.100000000000000000e+02,6.710000000000000000e+02,6.240000000000000000e+02,7.100000000000000000e+01,1.700000000000000000e+01,6.820000000000000000e+02,8.000000000000000000e+00,1.640000000000000000e+02,1.200000000000000000e+01,1.910000000000000000e+02,1.220000000000000000e+02,4.300000000000000000e+01,5.000000000000000000e+01,3.000000000000000000e+01,6.400000000000000000e+02,2.350000000000000000e+02,5.550000000000000000e+02,1.070000000000000000e+02,1.620000000000000000e+02,6.970000000000000000e+02,5.790000000000000000e+02,2.590000000000000000e+02,3.500000000000000000e+01,8.700000000000000000e+01,8.500000000000000000e+01,6.230000000000000000e+02,8.000000000000000000e+01,1.890000000000000000e+02,6.170000000000000000e+02,1.480000000000000000e+02,1.180000000000000000e+02,7.710000000000000000e+02,2.700000000000000000e+01,1.700000000000000000e+01,6.450000000000000000e+02,8.000000000000000000e+00,1.130000000000000000e+02,1.510000000000000000e+02,6.680000000000000000e+02,6.140000000000000000e+02,6.000000000000000000e+01,5.890000000000000000e+02,9.500000000000000000e+01,2.800000000000000000e+01,6.600000000000000000e+02,2.100000000000000000e+01,1.200000000000000000e+01,4.810000000000000000e+02,1.800000000000000000e+01,5.900000000000000000e+01,7.700000000000000000e+01,8.080000000000000000e+02,7.250000000000000000e+02,1.400000000000000000e+02,2.100000000000000000e+01,1.410000000000000000e+02,1.120000000000000000e+02,2.820000000000000000e+02,1.370000000000000000e+02,1.030000000000000000e+02,1.870000000000000000e+02,1.800000000000000000e+02,1.030000000000000000e+02,1.720000000000000000e+02,5.600000000000000000e+01,8.000000000000000000e+00,6.430000000000000000e+02,6.470000000000000000e+02,1.320000000000000000e+02,1.610000000000000000e+02,6.910000000000000000e+02,4.900000000000000000e+01,1.670000000000000000e+02,6.200000000000000000e+02,3.500000000000000000e+01,6.590000000000000000e+02,3.600000000000000000e+01,1.800000000000000000e+01,1.510000000000000000e+02,4.800000000000000000e+01,6.900000000000000000e+02,9.100000000000000000e+01,3.410000000000000000e+02,9.600000000000000000e+01,0.000000000000000000e+00,2.000000000000000000e+00,5.430000000000000000e+02,1.340000000000000000e+02,4.910000000000000000e+02,1.340000000000000000e+02,4.610000000000000000e+02,1.310000000000000000e+02,6.750000000000000000e+02,6.160000000000000000e+02,6.550000000000000000e+02,5.180000000000000000e+02,2.400000000000000000e+01,3.410000000000000000e+02,1.670000000000000000e+02,2.440000000000000000e+02,4.050000000000000000e+02,2.790000000000000000e+02,1.070000000000000000e+02,6.800000000000000000e+01,6.200000000000000000e+02,1.400000000000000000e+02,1.090000000000000000e+02,7.930000000000000000e+02,1.390000000000000000e+02,4.390000000000000000e+02,6.590000000000000000e+02,1.630000000000000000e+02,1.000000000000000000e+00,4.900000000000000000e+01,6.070000000000000000e+02,1.650000000000000000e+02,2.970000000000000000e+02,6.250000000000000000e+02,6.870000000000000000e+02,6.660000000000000000e+02,6.810000000000000000e+02,2.830000000000000000e+02,8.100000000000000000e+01,6.610000000000000000e+02,6.380000000000000000e+02,6.140000000000000000e+02,6.870000000000000000e+02,1.000000000000000000e+01,1.500000000000000000e+01,6.530000000000000000e+02,4.100000000000000000e+01,6.040000000000000000e+02,7.800000000000000000e+01,4.500000000000000000e+01,2.500000000000000000e+01,6.000000000000000000e+00,1.020000000000000000e+02,5.800000000000000000e+01,6.780000000000000000e+02,6.500000000000000000e+02,6.920000000000000000e+02,4.000000000000000000e+00,3.020000000000000000e+02
4.000000000000000000e+02,4.540000000000000000e+02,1.630000000000000000e+02,1.400000000000000000e+02,1.750000000000000000e+02,1.710000000000000000e+02,0.000000000000000000e+00,1.420000000000000000e+02,1.470000000000000000e+02,0.000000000000000000e+00,0.000000000000000000e+00,0.000000000000000000e+00,4.150000000000000000e+02,4.090000000000000000e+02,0.000000000000000000e+00,0.000000000000000000e+00,1.420000000000000000e+02,3.940000000000000000e+02,4.240000000000000000e+02,0.000000000000000000e+00,1.360000000000000000e+02,1.400000000000000000e+02,3.930000000000000000e+02,4.460000000000000000e+02,0.000000000000000000e+00,1.590000000000000000e+02,1.590000000000000000e+02,4.220000000000000000e+02,3.970000000000000000e+02,4.290000000000000000e+02,3.960000000000000000e+02,4.100000000000000000e+02,0.000000000000000000e+00,3.530000000000000000e+02,0.000000000000000000e+00,1.780000000000000000e+02,0.000000000000000000e+00,3.860000000000000000e+02,1.430000000000000000e+02,3.850000000000000000e+02,0.000000000000000000e+00,4.180000000000000000e+02,0.000000000000000000e+00,3.870000000000000000e+02,0.000000000000000000e+00,1.190000000000000000e+02,0.000000000000000000e+00,0.000000000000000000e+00,1.580000000000000000e+02,0.000000000000000000e+00,0.000000000000000000e+00,1.480000000000000000e+02,1.790000000000000000e+02,0.000000000000000000e+00,4.270000000000000000e+02,3.900000000000000000e+02,0.000000000000000000e+00,3.930000000000000000e+02,1.650000000000000000e+02,1.820000000000000000e+02,0.000000000000000000e+00,1.550000000000000000e+02,1.400000000000000000e+02,3.940000000000000000e+02,1.260000000000000000e+02,3.740000000000000000e+02,3.990000000000000000e+02,4.140000000000000000e+02,3.860000000000000000e+02,0.000000000000000000e+00,3.900000000000000000e+02,1.630000000000000000e+02,3.840000000000000000e+02,3.920000000000000000e+02,1.740000000000000000e+02,4.160000000000000000e+02,1.270000000000000000e+02,4.860000000000000000e+02,1.770000000000000000e+02,4.110000000000000000e+02,5.040000000000000000e+02,1.630000000000000000e+02,1.480000000000000000e+02,1.470000000000000000e+02,0.000000000000000000e+00,3.670000000000000000e+02,3.850000000000000000e+02,1.520000000000000000e+02,3.850000000000000000e+02,4.220000000000000000e+02,1.730000000000000000e+02,1.630000000000000000e+02,4.050000000000000000e+02,4.240000000000000000e+02,1.620000000000000000e+02,0.000000000000000000e+00,4.290000000000000000e+02,4.210000000000000000e+02,0.000000000000000000e+00,0.000000000000000000e+00,1.440000000000000000e+02,0.000000000000000000e+00,4.120000000000000000e+02,1.560000000000000000e+02,4.650000000000000000e+02,1.320000000000000000e+02,1.470000000000000000e+02,1.380000000000000000e+02,4.280000000000000000e+02,1.810000000000000000e+02,4.190000000000000000e+02,1.390000000000000000e+02,4.120000000000000000e+02,0.000000000000000000e+00,3.830000000000000000e+02,0.000000000000000000e+00,3.980000000000000000e+02,1.620000000000000000e+02,4.130000000000000000e+02,3.680000000000000000e+02,0.000000000000000000e+00,4.600000000000000000e+02,0.000000000000000000e+00,3.690000000000000000e+02,4.050000000000000000e+02,1.490000000000000000e+02,0.000000000000000000e+00,4.120000000000000000e+02,0.000000000000000000e+00,1.470000000000000000e+02,0.000000000000000000e+00,4.030000000000000000e+02,1.470000000000000000e+02,1.580000000000000000e+02,0.000000000000000000e+00,0.000000000000000000e+00,4.390000000000000000e+02,4.190000000000000000e+02,4.470000000000000000e+02,0.000000000000000000e+00,1.820000000000000000e+02,4.240000000000000000e+02,4.460000000000000000e+02,1.600000000000000000e+02,0.000000000000000000e+00,0.000000000000000000e+00,1.760000000000000000e+02,4.360000000000000000e+02,1.750000000000000000e+02,1.510000000000000000e+02,4.200000000000000000e+02,1.500000000000000000e+02,0.000000000000000000e+00,4.850000000000000000e+02,1.330000000000000000e+02,0.000000000000000000e+00,4.120000000000000000e+02,0.000000000000000000e+00,1.560000000000000000e+02,1.600000000000000000e+02,3.940000000000000000e+02,4.430000000000000000e+02,0.000000000000000000e+00,4.010000000000000000e+02,0.000000000000000000e+00,0.000000000000000000e+00,4.460000000000000000e+02,0.000000000000000000e+00,0.000000000000000000e+00,3.860000000000000000e+02,0.000000000000000000e+00,0.000000000000000000e+00,1.500000000000000000e+02,4.360000000000000000e+02,4.060000000000000000e+02,1.480000000000000000e+02,0.000000000000000000e+00,1.430000000000000000e+02,1.710000000000000000e+02,4.130000000000000000e+02,1.720000000000000000e+02,1.470000000000000000e+02,1.660000000000000000e+02,1.720000000000000000e+02,1.770000000000000000e+02,1.470000000000000000e+02,0.000000000000000000e+00,0.000000000000000000e+00,3.850000000000000000e+02,4.260000000000000000e+02,1.710000000000000000e+02,1.510000000000000000e+02,3.710000000000000000e+02,0.000000000000000000e+00,1.510000000000000000e+02,4.080000000000000000e+02,0.000000000000000000e+00,4.250000000000000000e+02,0.000000000000000000e+00,0.000000000000000000e+00,1.720000000000000000e+02,0.000000000000000000e+00,4.130000000000000000e+02,1.580000000000000000e+02,4.140000000000000000e+02,1.780000000000000000e+02,1.420000000000000000e+02,0.000000000000000000e+00,3.760000000000000000e+02,1.300000000000000000e+02,4.280000000000000000e+02,1.520000000000000000e+02,4.380000000000000000e+02,1.530000000000000000e+02,4.140000000000000000e+02,3.840000000000000000e+02,4.320000000000000000e+02,4.050000000000000000e+02,0.000000000000000000e+00,4.270000000000000000e+02,1.480000000000000000e+02,1.660000000000000000e+02,4.370000000000000000e+02,1.900000000000000000e+02,0.000000000000000000e+00,0.000000000000000000e+00,4.440000000000000000e+02,1.400000000000000000e+02,1.550000000000000000e+02,4.790000000000000000e+02,1.810000000000000000e+02,4.180000000000000000e+02,3.730000000000000000e+02,1.630000000000000000e+02,0.000000000000000000e+00,0.000000000000000000e+00,4.020000000000000000e+02,1.760000000000000000e+02,2.010000000000000000e+02,4.450000000000000000e+02,4.180000000000000000e+02,4.220000000000000000e+02,3.700000000000000000e+02,1.860000000000000000e+02,0.000000000000000000e+00,4.040000000000000000e+02,4.240000000000000000e+02,4.390000000000000000e+02,3.960000000000000000e+02,0.000000000000000000e+00,0.000000000000000000e+00,4.090000000000000000e+02,1.880000000000000000e+02,3.960000000000000000e+02,1.290000000000000000e+02,1.530000000000000000e+02,0.000000000000000000e+00,0.000000000000000000e+00,1.430000000000000000e+02,1.690000000000000000e+02,4.150000000000000000e+02,4.320000000000000000e+02,3.980000000000000000e+02,0.000000000000000000e+00,2.050000000000000000e+02
2.044000000000000000e+03,2.134000000000000000e+03,9.170000000000000000e+02,5.340000000000000000e+02,8.160000000000000000e+02,4.820000000000000000e+02,2.700000000000000000e+01,2.080000000000000000e+02,9.260000000000000000e+02,2.000000000000000000e+00,4.140000000000000000e+02,4.560000000000000000e+02,6.170000000000000000e+02,2.127000000000000000e+03,2.010000000000000000e+02,6.000000000000000000e+01,2.040000000000000000e+02,1.213000000000000000e+03,1.036000000000000000e+03,1.900000000000000000e+01,5.340000000000000000e+02,7.160000000000000000e+02,1.446000000000000000e+03,2.192000000000000000e+03,0.000000000000000000e+00,8.950000000000000000e+02,6.030000000000000000e+02,1.556000000000000000e+03,2.281000000000000000e+03,2.403000000000000000e+03,1.151000000000000000e+03,1.221000000000000000e+03,2.690000000000000000e+02,1.806000000000000000e+03,1.200000000000000000e+01,1.110000000000000000e+03,2.100000000000000000e+01,1.540000000000000000e+03,7.130000000000000000e+02,2.525000000000000000e+03,1.740000000000000000e+02,2.141000000000000000e+03,8.700000000000000000e+01,1.815000000000000000e+03,1.500000000000000000e+01,3.620000000000000000e+02,2.400000000000000000e+01,4.000000000000000000e+00,1.880000000000000000e+02,4.330000000000000000e+02,4.240000000000000000e+02,3.050000000000000000e+02,8.860000000000000000e+02,2.800000000000000000e+01,1.663000000000000000e+03,1.635000000000000000e+03,2.300000000000000000e+01,1.708000000000000000e+03,8.530000000000000000e+02,5.240000000000000000e+02,2.950000000000000000e+02,4.840000000000000000e+02,7.130000000000000000e+02,7.520000000000000000e+02,2.110000000000000000e+02,2.171000000000000000e+03,1.162000000000000000e+03,8.860000000000000000e+02,2.740000000000000000e+02,2.070000000000000000e+02,1.844000000000000000e+03,6.250000000000000000e+02,1.731000000000000000e+03,1.242000000000000000e+03,1.160000000000000000e+02,1.432000000000000000e+03,9.400000000000000000e+01,2.313000000000000000e+03,4.150000000000000000e+02,2.153000000000000000e+03,3.322000000000000000e+03,1.035000000000000000e+03,1.174000000000000000e+03,5.580000000000000000e+02,4.510000000000000000e+02,2.269000000000000000e+03,7.970000000000000000e+02,2.440000000000000000e+02,1.650000000000000000e+03,2.411000000000000000e+03,3.270000000000000000e+02,5.830000000000000000e+02,2.434000000000000000e+03,1.596000000000000000e+03,5.460000000000000000e+02,4.130000000000000000e+02,1.346000000000000000e+03,2.424000000000000000e+03,4.300000000000000000e+01,3.400000000000000000e+01,5.300000000000000000e+01,6.000000000000000000e+00,2.396000000000000000e+03,4.340000000000000000e+02,1.726000000000000000e+03,1.350000000000000000e+02,5.240000000000000000e+02,6.600000000000000000e+01,2.465000000000000000e+03,1.080000000000000000e+03,2.020000000000000000e+03,2.340000000000000000e+02,1.960000000000000000e+03,2.500000000000000000e+01,2.116000000000000000e+03,4.740000000000000000e+02,2.089000000000000000e+03,9.440000000000000000e+02,2.095000000000000000e+03,2.300000000000000000e+03,4.000000000000000000e+00,3.379000000000000000e+03,4.570000000000000000e+02,2.417000000000000000e+03,2.388000000000000000e+03,1.650000000000000000e+02,2.200000000000000000e+01,2.323000000000000000e+03,2.400000000000000000e+01,8.500000000000000000e+02,2.200000000000000000e+01,4.200000000000000000e+01,2.490000000000000000e+02,5.700000000000000000e+01,9.100000000000000000e+01,7.000000000000000000e+01,2.226000000000000000e+03,2.410000000000000000e+02,2.006000000000000000e+03,4.230000000000000000e+02,7.260000000000000000e+02,2.156000000000000000e+03,1.445000000000000000e+03,1.049000000000000000e+03,1.600000000000000000e+01,9.100000000000000000e+01,9.900000000000000000e+01,2.161000000000000000e+03,1.760000000000000000e+02,9.920000000000000000e+02,2.124000000000000000e+03,2.820000000000000000e+02,4.470000000000000000e+02,3.287000000000000000e+03,5.000000000000000000e+00,6.200000000000000000e+01,2.559000000000000000e+03,1.000000000000000000e+01,4.630000000000000000e+02,7.920000000000000000e+02,2.258000000000000000e+03,1.527000000000000000e+03,1.850000000000000000e+02,2.173000000000000000e+03,2.760000000000000000e+02,8.000000000000000000e+00,2.132000000000000000e+03,2.700000000000000000e+01,3.300000000000000000e+01,7.840000000000000000e+02,2.500000000000000000e+01,2.240000000000000000e+02,4.600000000000000000e+01,3.265000000000000000e+03,2.409000000000000000e+03,5.010000000000000000e+02,3.400000000000000000e+01,7.830000000000000000e+02,4.420000000000000000e+02,4.580000000000000000e+02,3.560000000000000000e+02,1.710000000000000000e+02,7.600000000000000000e+02,9.450000000000000000e+02,3.500000000000000000e+02,1.031000000000000000e+03,7.700000000000000000e+01,4.000000000000000000e+00,2.448000000000000000e+03,2.064000000000000000e+03,3.130000000000000000e+02,6.120000000000000000e+02,2.540000000000000000e+03,5.700000000000000000e+01,7.790000000000000000e+02,2.349000000000000000e+03,4.200000000000000000e+01,1.347000000000000000e+03,1.600000000000000000e+01,1.600000000000000000e+01,7.540000000000000000e+02,1.890000000000000000e+02,1.988000000000000000e+03,1.810000000000000000e+02,4.450000000000000000e+02,2.470000000000000000e+02,2.070000000000000000e+02,4.000000000000000000e+00,0.000000000000000000e+00,3.110000000000000000e+02,4.700000000000000000e+02,4.860000000000000000e+02,7.580000000000000000e+02,2.640000000000000000e+02,2.545000000000000000e+03,1.613000000000000000e+03,2.167000000000000000e+03,1.109000000000000000e+03,2.900000000000000000e+01,4.810000000000000000e+02,1.011000000000000000e+03,1.031000000000000000e+03,2.160000000000000000e+02,1.105000000000000000e+03,3.850000000000000000e+02,3.140000000000000000e+02,1.998000000000000000e+03,2.670000000000000000e+02,3.460000000000000000e+02,3.463000000000000000e+03,2.490000000000000000e+02,7.360000000000000000e+02,2.512000000000000000e+03,9.300000000000000000e+02,6.000000000000000000e+00,8.300000000000000000e+01,1.874000000000000000e+03,7.600000000000000000e+02,1.046000000000000000e+03,1.992000000000000000e+03,2.516000000000000000e+03,2.198000000000000000e+03,2.056000000000000000e+03,9.870000000000000000e+02,1.020000000000000000e+02,2.473000000000000000e+03,2.306000000000000000e+03,1.985000000000000000e+03,2.419000000000000000e+03,1.700000000000000000e+01,2.500000000000000000e+01,1.849000000000000000e+03,2.400000000000000000e+01,2.078000000000000000e+03,1.640000000000000000e+02,1.260000000000000000e+02,3.700000000000000000e+01,1.400000000000000000e+01,1.980000000000000000e+02,1.020000000000000000e+02,2.091000000000000000e+03,2.421000000000000000e+03,2.530000000000000000e+03,2.600000000000000000e+01,1.091000000000000000e+03
6.610000000000000000e+02,6.510000000000000000e+02,1.510000000000000000e+02,1.100000000000000000e+02,1.820000000000000000e+02,1.260000000000000000e+02,3.000000000000000000e+01,1.000000000000000000e+02,1.500000000000000000e+02,2.000000000000000000e+00,1.440000000000000000e+02,1.290000000000000000e+02,3.470000000000000000e+02,7.110000000000000000e+02,5.800000000000000000e+01,2.000000000000000000e+01,9.100000000000000000e+01,6.210000000000000000e+02,6.090000000000000000e+02,1.700000000000000000e+01,1.390000000000000000e+02,1.160000000000000000e+02,5.630000000000000000e+02,6.400000000000000000e+02,8.000000000000000000e+00,1.810000000000000000e+02,1.190000000000000000e+02,5.710000000000000000e+02,6.790000000000000000e+02,6.840000000000000000e+02,5.340000000000000000e+02,4.940000000000000000e+02,8.600000000000000000e+01,6.010000000000000000e+02,1.000000000000000000e+01,2.700000000000000000e+02,1.300000000000000000e+01,5.280000000000000000e+02,1.350000000000000000e+02,6.740000000000000000e+02,5.000000000000000000e+01,6.060000000000000000e+02,6.600000000000000000e+01,6.530000000000000000e+02,2.200000000000000000e+01,1.130000000000000000e+02,1.000000000000000000e+01,1.000000000000000000e+01,6.200000000000000000e+01,9.000000000000000000e+01,1.130000000000000000e+02,9.900000000000000000e+01,1.680000000000000000e+02,2.400000000000000000e+01,6.540000000000000000e+02,6.580000000000000000e+02,3.000000000000000000e+00,5.870000000000000000e+02,1.650000000000000000e+02,1.530000000000000000e+02,9.400000000000000000e+01,1.250000000000000000e+02,1.440000000000000000e+02,4.070000000000000000e+02,9.900000000000000000e+01,7.050000000000000000e+02,5.100000000000000000e+02,5.630000000000000000e+02,2.290000000000000000e+02,6.900000000000000000e+01,6.330000000000000000e+02,1.370000000000000000e+02,5.620000000000000000e+02,6.150000000000000000e+02,3.000000000000000000e+01,5.640000000000000000e+02,7.400000000000000000e+01,6.840000000000000000e+02,1.120000000000000000e+02,6.200000000000000000e+02,7.960000000000000000e+02,2.640000000000000000e+02,2.680000000000000000e+02,1.500000000000000000e+02,1.160000000000000000e+02,7.040000000000000000e+02,4.000000000000000000e+02,1.120000000000000000e+02,6.820000000000000000e+02,7.310000000000000000e+02,1.360000000000000000e+02,1.550000000000000000e+02,7.440000000000000000e+02,5.510000000000000000e+02,1.340000000000000000e+02,9.200000000000000000e+01,5.240000000000000000e+02,6.930000000000000000e+02,2.700000000000000000e+01,3.000000000000000000e+01,7.100000000000000000e+01,2.600000000000000000e+01,6.830000000000000000e+02,1.210000000000000000e+02,5.590000000000000000e+02,7.300000000000000000e+01,1.310000000000000000e+02,3.200000000000000000e+01,6.860000000000000000e+02,3.020000000000000000e+02,6.240000000000000000e+02,8.400000000000000000e+01,6.200000000000000000e+02,1.400000000000000000e+01,6.890000000000000000e+02,1.140000000000000000e+02,6.890000000000000000e+02,1.710000000000000000e+02,6.650000000000000000e+02,6.900000000000000000e+02,1.400000000000000000e+01,8.500000000000000000e+02,1.070000000000000000e+02,7.130000000000000000e+02,6.950000000000000000e+02,7.300000000000000000e+01,1.700000000000000000e+01,6.840000000000000000e+02,1.700000000000000000e+01,1.390000000000000000e+02,9.000000000000000000e+00,2.200000000000000000e+02,1.090000000000000000e+02,3.600000000000000000e+01,5.300000000000000000e+01,2.200000000000000000e+01,5.980000000000000000e+02,1.910000000000000000e+02,6.500000000000000000e+02,1.170000000000000000e+02,1.580000000000000000e+02,7.190000000000000000e+02,5.650000000000000000e+02,2.840000000000000000e+02,1.200000000000000000e+01,7.500000000000000000e+01,6.300000000000000000e+01,6.070000000000000000e+02,7.300000000000000000e+01,1.720000000000000000e+02,6.530000000000000000e+02,1.090000000000000000e+02,1.040000000000000000e+02,8.340000000000000000e+02,2.300000000000000000e+01,2.500000000000000000e+01,7.180000000000000000e+02,8.000000000000000000e+00,1.300000000000000000e+02,1.480000000000000000e+02,6.680000000000000000e+02,6.310000000000000000e+02,4.900000000000000000e+01,6.140000000000000000e+02,1.040000000000000000e+02,1.900000000000000000e+01,6.300000000000000000e+02,1.300000000000000000e+01,1.600000000000000000e+01,4.390000000000000000e+02,2.300000000000000000e+01,7.000000000000000000e+01,7.500000000000000000e+01,8.780000000000000000e+02,6.610000000000000000e+02,1.300000000000000000e+02,2.100000000000000000e+01,1.350000000000000000e+02,1.190000000000000000e+02,2.890000000000000000e+02,1.050000000000000000e+02,1.000000000000000000e+02,1.510000000000000000e+02,1.650000000000000000e+02,1.050000000000000000e+02,1.980000000000000000e+02,4.700000000000000000e+01,4.000000000000000000e+00,7.120000000000000000e+02,7.020000000000000000e+02,1.200000000000000000e+02,1.390000000000000000e+02,7.450000000000000000e+02,2.500000000000000000e+01,1.590000000000000000e+02,6.530000000000000000e+02,1.300000000000000000e+01,6.220000000000000000e+02,2.100000000000000000e+01,1.100000000000000000e+01,1.420000000000000000e+02,5.100000000000000000e+01,6.830000000000000000e+02,8.600000000000000000e+01,3.140000000000000000e+02,1.060000000000000000e+02,9.500000000000000000e+01,3.000000000000000000e+00,5.220000000000000000e+02,0.000000000000000000e+00,4.790000000000000000e+02,1.200000000000000000e+02,4.390000000000000000e+02,1.130000000000000000e+02,6.650000000000000000e+02,6.940000000000000000e+02,7.490000000000000000e+02,5.370000000000000000e+02,1.300000000000000000e+01,3.590000000000000000e+02,1.640000000000000000e+02,2.810000000000000000e+02,3.820000000000000000e+02,3.020000000000000000e+02,1.120000000000000000e+02,9.100000000000000000e+01,6.450000000000000000e+02,1.290000000000000000e+02,9.100000000000000000e+01,8.000000000000000000e+02,1.210000000000000000e+02,4.420000000000000000e+02,7.370000000000000000e+02,1.700000000000000000e+02,0.000000000000000000e+00,4.600000000000000000e+01,6.170000000000000000e+02,1.590000000000000000e+02,2.890000000000000000e+02,6.440000000000000000e+02,7.100000000000000000e+02,6.580000000000000000e+02,7.010000000000000000e+02,2.670000000000000000e+02,3.100000000000000000e+01,6.560000000000000000e+02,6.680000000000000000e+02,6.010000000000000000e+02,6.390000000000000000e+02,1.900000000000000000e+01,1.400000000000000000e+01,6.270000000000000000e+02,4.700000000000000000e+01,6.450000000000000000e+02,6.600000000000000000e+01,4.300000000000000000e+01,2.200000000000000000e+01,4.000000000000000000e+00,8.100000000000000000e+01,5.300000000000000000e+01,6.810000000000000000e+02,6.770000000000000000e+02,6.880000000000000000e+02,9.000000000000000000e+00,2.990000000000000000e+02
2.616000000000000000e+03,2.798000000000000000e+03,1.143000000000000000e+03,7.640000000000000000e+02,1.022000000000000000e+03,7.430000000000000000e+02,6.100000000000000000e+01,3.300000000000000000e+02,1.146000000000000000e+03,9.000000000000000000e+00,5.510000000000000000e+02,5.620000000000000000e+02,1.104000000000000000e+03,2.901000000000000000e+03,2.690000000000000000e+02,1.010000000000000000e+02,4.520000000000000000e+02,2.086000000000000000e+03,1.612000000000000000e+03,4.000000000000000000e+01,8.480000000000000000e+02,1.210000000000000000e+03,2.124000000000000000e+03,2.589000000000000000e+03,1.000000000000000000e+00,1.126000000000000000e+03,8.120000000000000000e+02,2.310000000000000000e+03,2.966000000000000000e+03,3.096000000000000000e+03,1.953000000000000000e+03,2.109000000000000000e+03,4.470000000000000000e+02,2.488000000000000000e+03,2.000000000000000000e+01,1.413000000000000000e+03,4.200000000000000000e+01,2.296000000000000000e+03,9.810000000000000000e+02,3.227000000000000000e+03,2.420000000000000000e+02,2.769000000000000000e+03,1.630000000000000000e+02,2.709000000000000000e+03,5.600000000000000000e+01,6.760000000000000000e+02,3.800000000000000000e+01,6.000000000000000000e+00,3.700000000000000000e+02,4.980000000000000000e+02,5.680000000000000000e+02,6.070000000000000000e+02,1.193000000000000000e+03,5.400000000000000000e+01,2.364000000000000000e+03,2.441000000000000000e+03,5.700000000000000000e+01,2.460000000000000000e+03,1.167000000000000000e+03,6.840000000000000000e+02,4.090000000000000000e+02,7.700000000000000000e+02,1.007000000000000000e+03,1.315000000000000000e+03,4.310000000000000000e+02,2.640000000000000000e+03,2.035000000000000000e+03,1.467000000000000000e+03,5.790000000000000000e+02,2.960000000000000000e+02,2.660000000000000000e+03,8.210000000000000000e+02,2.480000000000000000e+03,2.039000000000000000e+03,1.770000000000000000e+02,2.310000000000000000e+03,2.650000000000000000e+02,3.191000000000000000e+03,7.020000000000000000e+02,3.001000000000000000e+03,4.152000000000000000e+03,1.473000000000000000e+03,1.454000000000000000e+03,9.210000000000000000e+02,5.120000000000000000e+02,2.818000000000000000e+03,1.508000000000000000e+03,5.230000000000000000e+02,2.382000000000000000e+03,3.101000000000000000e+03,6.310000000000000000e+02,9.030000000000000000e+02,3.207000000000000000e+03,2.377000000000000000e+03,8.200000000000000000e+02,5.170000000000000000e+02,2.155000000000000000e+03,3.088000000000000000e+03,9.400000000000000000e+01,3.800000000000000000e+01,1.560000000000000000e+02,2.000000000000000000e+01,3.040000000000000000e+03,6.690000000000000000e+02,2.493000000000000000e+03,2.400000000000000000e+02,6.650000000000000000e+02,1.300000000000000000e+02,3.118000000000000000e+03,1.340000000000000000e+03,2.659000000000000000e+03,4.020000000000000000e+02,2.770000000000000000e+03,5.300000000000000000e+01,2.717000000000000000e+03,5.680000000000000000e+02,2.621000000000000000e+03,1.197000000000000000e+03,2.840000000000000000e+03,2.991000000000000000e+03,3.000000000000000000e+00,4.125000000000000000e+03,5.930000000000000000e+02,3.126000000000000000e+03,3.003000000000000000e+03,3.060000000000000000e+02,3.800000000000000000e+01,2.996000000000000000e+03,3.500000000000000000e+01,1.192000000000000000e+03,2.800000000000000000e+01,1.380000000000000000e+02,5.040000000000000000e+02,1.410000000000000000e+02,1.940000000000000000e+02,1.540000000000000000e+02,2.934000000000000000e+03,4.830000000000000000e+02,2.706000000000000000e+03,5.380000000000000000e+02,1.048000000000000000e+03,3.025000000000000000e+03,2.257000000000000000e+03,1.360000000000000000e+03,3.500000000000000000e+01,1.910000000000000000e+02,2.490000000000000000e+02,2.784000000000000000e+03,2.780000000000000000e+02,1.261000000000000000e+03,2.571000000000000000e+03,5.190000000000000000e+02,5.410000000000000000e+02,4.094000000000000000e+03,1.400000000000000000e+01,1.100000000000000000e+02,3.308000000000000000e+03,2.300000000000000000e+01,9.890000000000000000e+02,1.117000000000000000e+03,3.003000000000000000e+03,2.379000000000000000e+03,2.540000000000000000e+02,2.911000000000000000e+03,4.120000000000000000e+02,5.700000000000000000e+01,2.931000000000000000e+03,5.000000000000000000e+01,6.800000000000000000e+01,1.438000000000000000e+03,5.100000000000000000e+01,4.330000000000000000e+02,1.400000000000000000e+02,4.171000000000000000e+03,3.081000000000000000e+03,7.790000000000000000e+02,6.300000000000000000e+01,1.014000000000000000e+03,7.350000000000000000e+02,8.110000000000000000e+02,8.830000000000000000e+02,4.740000000000000000e+02,1.011000000000000000e+03,1.207000000000000000e+03,4.770000000000000000e+02,1.289000000000000000e+03,1.300000000000000000e+02,9.000000000000000000e+00,3.239000000000000000e+03,2.879000000000000000e+03,7.840000000000000000e+02,9.440000000000000000e+02,3.276000000000000000e+03,9.700000000000000000e+01,1.021000000000000000e+03,3.025000000000000000e+03,7.000000000000000000e+01,2.121000000000000000e+03,5.600000000000000000e+01,4.200000000000000000e+01,1.018000000000000000e+03,2.310000000000000000e+02,2.740000000000000000e+03,3.300000000000000000e+02,7.910000000000000000e+02,4.630000000000000000e+02,3.910000000000000000e+02,5.000000000000000000e+00,2.511000000000000000e+03,4.810000000000000000e+02,0.000000000000000000e+00,7.180000000000000000e+02,1.628000000000000000e+03,5.180000000000000000e+02,3.213000000000000000e+03,2.427000000000000000e+03,2.649000000000000000e+03,1.804000000000000000e+03,5.100000000000000000e+01,8.500000000000000000e+02,1.264000000000000000e+03,1.366000000000000000e+03,6.330000000000000000e+02,1.420000000000000000e+03,4.400000000000000000e+02,4.210000000000000000e+02,2.794000000000000000e+03,4.750000000000000000e+02,6.270000000000000000e+02,4.071000000000000000e+03,4.680000000000000000e+02,1.314000000000000000e+03,3.128000000000000000e+03,1.208000000000000000e+03,1.100000000000000000e+01,1.740000000000000000e+02,2.745000000000000000e+03,1.007000000000000000e+03,1.336000000000000000e+03,2.752000000000000000e+03,3.176000000000000000e+03,2.987000000000000000e+03,2.858000000000000000e+03,1.341000000000000000e+03,2.260000000000000000e+02,3.163000000000000000e+03,3.052000000000000000e+03,2.537000000000000000e+03,3.093000000000000000e+03,4.000000000000000000e+01,3.000000000000000000e+01,2.524000000000000000e+03,5.700000000000000000e+01,2.847000000000000000e+03,2.920000000000000000e+02,2.100000000000000000e+02,6.100000000000000000e+01,1.300000000000000000e+01,4.150000000000000000e+02,2.140000000000000000e+02,2.728000000000000000e+03,3.104000000000000000e+03,3.155000000000000000e+03,3.800000000000000000e+01,1.380000000000000000e+03
1.320000000000000000e+03,1.430000000000000000e+03,3.740000000000000000e+02,2.490000000000000000e+02,3.220000000000000000e+02,2.260000000000000000e+02,4.900000000000000000e+01,1.370000000000000000e+02,4.300000000000000000e+02,5.000000000000000000e+00,3.060000000000000000e+02,2.810000000000000000e+02,5.780000000000000000e+02,1.418000000000000000e+03,1.240000000000000000e+02,3.500000000000000000e+01,1.420000000000000000e+02,1.067000000000000000e+03,9.240000000000000000e+02,1.900000000000000000e+01,2.770000000000000000e+02,2.240000000000000000e+02,9.720000000000000000e+02,1.588000000000000000e+03,1.000000000000000000e+01,3.940000000000000000e+02,2.880000000000000000e+02,1.146000000000000000e+03,1.561000000000000000e+03,1.566000000000000000e+03,8.930000000000000000e+02,1.010000000000000000e+03,1.620000000000000000e+02,1.157000000000000000e+03,8.000000000000000000e+00,6.550000000000000000e+02,2.400000000000000000e+01,1.174000000000000000e+03,3.220000000000000000e+02,1.765000000000000000e+03,1.270000000000000000e+02,1.478000000000000000e+03,8.400000000000000000e+01,1.164000000000000000e+03,3.800000000000000000e+01,2.190000000000000000e+02,1.700000000000000000e+01,2.200000000000000000e+01,1.300000000000000000e+02,2.410000000000000000e+02,2.660000000000000000e+02,1.470000000000000000e+02,3.300000000000000000e+02,4.000000000000000000e+01,1.152000000000000000e+03,1.206000000000000000e+03,2.000000000000000000e+01,1.164000000000000000e+03,3.530000000000000000e+02,2.570000000000000000e+02,1.820000000000000000e+02,2.220000000000000000e+02,3.230000000000000000e+02,7.200000000000000000e+02,1.600000000000000000e+02,1.642000000000000000e+03,8.060000000000000000e+02,7.560000000000000000e+02,4.080000000000000000e+02,1.510000000000000000e+02,1.219000000000000000e+03,2.990000000000000000e+02,1.006000000000000000e+03,1.010000000000000000e+03,8.300000000000000000e+01,9.930000000000000000e+02,1.170000000000000000e+02,1.526000000000000000e+03,1.960000000000000000e+02,1.367000000000000000e+03,2.254000000000000000e+03,5.820000000000000000e+02,7.180000000000000000e+02,2.610000000000000000e+02,2.850000000000000000e+02,1.462000000000000000e+03,7.360000000000000000e+02,1.480000000000000000e+02,1.185000000000000000e+03,1.736000000000000000e+03,2.110000000000000000e+02,2.930000000000000000e+02,1.712000000000000000e+03,1.140000000000000000e+03,2.670000000000000000e+02,2.320000000000000000e+02,9.420000000000000000e+02,1.551000000000000000e+03,5.200000000000000000e+01,9.000000000000000000e+00,1.250000000000000000e+02,3.000000000000000000e+01,1.719000000000000000e+03,1.700000000000000000e+02,1.154000000000000000e+03,1.150000000000000000e+02,2.570000000000000000e+02,7.400000000000000000e+01,1.693000000000000000e+03,6.460000000000000000e+02,1.572000000000000000e+03,1.550000000000000000e+02,1.295000000000000000e+03,2.000000000000000000e+01,1.802000000000000000e+03,2.930000000000000000e+02,1.661000000000000000e+03,4.150000000000000000e+02,1.347000000000000000e+03,1.564000000000000000e+03,3.500000000000000000e+01,2.315000000000000000e+03,2.660000000000000000e+02,1.617000000000000000e+03,1.542000000000000000e+03,1.180000000000000000e+02,2.100000000000000000e+01,1.591000000000000000e+03,3.300000000000000000e+01,3.860000000000000000e+02,2.400000000000000000e+01,2.980000000000000000e+02,1.510000000000000000e+02,6.500000000000000000e+01,9.400000000000000000e+01,6.200000000000000000e+01,1.318000000000000000e+03,3.690000000000000000e+02,1.162000000000000000e+03,2.750000000000000000e+02,2.840000000000000000e+02,1.506000000000000000e+03,9.280000000000000000e+02,6.460000000000000000e+02,2.900000000000000000e+01,9.500000000000000000e+01,1.020000000000000000e+02,1.386000000000000000e+03,1.110000000000000000e+02,4.280000000000000000e+02,1.359000000000000000e+03,1.730000000000000000e+02,2.910000000000000000e+02,2.288000000000000000e+03,5.000000000000000000e+01,6.900000000000000000e+01,1.793000000000000000e+03,1.300000000000000000e+01,2.230000000000000000e+02,2.950000000000000000e+02,1.554000000000000000e+03,1.158000000000000000e+03,1.190000000000000000e+02,1.400000000000000000e+03,1.860000000000000000e+02,5.100000000000000000e+01,1.325000000000000000e+03,1.200000000000000000e+01,3.800000000000000000e+01,7.120000000000000000e+02,1.800000000000000000e+01,1.280000000000000000e+02,1.030000000000000000e+02,2.329000000000000000e+03,1.637000000000000000e+03,2.630000000000000000e+02,4.200000000000000000e+01,3.770000000000000000e+02,2.780000000000000000e+02,4.930000000000000000e+02,1.880000000000000000e+02,1.600000000000000000e+02,3.610000000000000000e+02,4.030000000000000000e+02,2.360000000000000000e+02,4.340000000000000000e+02,1.040000000000000000e+02,8.000000000000000000e+00,1.770000000000000000e+03,1.484000000000000000e+03,2.020000000000000000e+02,2.330000000000000000e+02,1.901000000000000000e+03,6.200000000000000000e+01,3.520000000000000000e+02,1.560000000000000000e+03,5.500000000000000000e+01,1.031000000000000000e+03,2.700000000000000000e+01,1.200000000000000000e+01,3.450000000000000000e+02,1.150000000000000000e+02,1.405000000000000000e+03,1.380000000000000000e+02,5.190000000000000000e+02,1.580000000000000000e+02,1.520000000000000000e+02,1.000000000000000000e+01,9.680000000000000000e+02,1.750000000000000000e+02,8.030000000000000000e+02,0.000000000000000000e+00,7.440000000000000000e+02,1.750000000000000000e+02,1.641000000000000000e+03,1.224000000000000000e+03,1.759000000000000000e+03,8.250000000000000000e+02,2.900000000000000000e+01,5.430000000000000000e+02,3.650000000000000000e+02,6.190000000000000000e+02,6.120000000000000000e+02,6.740000000000000000e+02,2.020000000000000000e+02,2.010000000000000000e+02,1.234000000000000000e+03,1.780000000000000000e+02,1.870000000000000000e+02,2.264000000000000000e+03,1.590000000000000000e+02,7.040000000000000000e+02,1.724000000000000000e+03,3.710000000000000000e+02,1.000000000000000000e+00,8.100000000000000000e+01,1.334000000000000000e+03,3.570000000000000000e+02,6.920000000000000000e+02,1.357000000000000000e+03,1.773000000000000000e+03,1.334000000000000000e+03,1.338000000000000000e+03,6.730000000000000000e+02,7.800000000000000000e+01,1.594000000000000000e+03,1.493000000000000000e+03,1.161000000000000000e+03,1.556000000000000000e+03,1.600000000000000000e+01,2.600000000000000000e+01,1.303000000000000000e+03,9.200000000000000000e+01,1.439000000000000000e+03,1.010000000000000000e+02,8.100000000000000000e+01,5.900000000000000000e+01,2.000000000000000000e+00,1.360000000000000000e+02,9.900000000000000000e+01,1.650000000000000000e+03,1.727000000000000000e+03,1.883000000000000000e+03,2.500000000000000000e+01,8.260000000000000000e+02
2.890000000000000000e+03,2.897000000000000000e+03,1.228000000000000000e+03,8.110000000000000000e+02,1.192000000000000000e+03,8.970000000000000000e+02,9.100000000000000000e+01,4.830000000000000000e+02,1.156000000000000000e+03,8.000000000000000000e+00,5.780000000000000000e+02,5.290000000000000000e+02,1.291000000000000000e+03,2.893000000000000000e+03,2.460000000000000000e+02,7.900000000000000000e+01,5.630000000000000000e+02,2.228000000000000000e+03,1.879000000000000000e+03,3.900000000000000000e+01,1.030000000000000000e+03,9.700000000000000000e+02,2.638000000000000000e+03,2.907000000000000000e+03,8.000000000000000000e+00,1.101000000000000000e+03,8.980000000000000000e+02,2.710000000000000000e+03,2.881000000000000000e+03,2.879000000000000000e+03,2.278000000000000000e+03,2.307000000000000000e+03,3.910000000000000000e+02,2.850000000000000000e+03,3.400000000000000000e+01,1.302000000000000000e+03,4.200000000000000000e+01,2.553000000000000000e+03,1.060000000000000000e+03,2.976000000000000000e+03,2.350000000000000000e+02,2.792000000000000000e+03,1.780000000000000000e+02,2.788000000000000000e+03,8.500000000000000000e+01,7.210000000000000000e+02,3.900000000000000000e+01,5.000000000000000000e+01,3.930000000000000000e+02,5.420000000000000000e+02,6.000000000000000000e+02,8.240000000000000000e+02,1.155000000000000000e+03,8.300000000000000000e+01,2.619000000000000000e+03,2.765000000000000000e+03,4.100000000000000000e+01,2.777000000000000000e+03,1.226000000000000000e+03,8.470000000000000000e+02,4.590000000000000000e+02,9.230000000000000000e+02,1.139000000000000000e+03,1.469000000000000000e+03,4.330000000000000000e+02,2.971000000000000000e+03,2.422000000000000000e+03,1.678000000000000000e+03,6.320000000000000000e+02,3.650000000000000000e+02,2.600000000000000000e+03,8.510000000000000000e+02,2.695000000000000000e+03,2.137000000000000000e+03,1.840000000000000000e+02,2.994000000000000000e+03,3.720000000000000000e+02,3.172000000000000000e+03,8.130000000000000000e+02,2.967000000000000000e+03,3.819000000000000000e+03,1.337000000000000000e+03,1.383000000000000000e+03,1.082000000000000000e+03,4.830000000000000000e+02,2.873000000000000000e+03,1.652000000000000000e+03,6.190000000000000000e+02,2.793000000000000000e+03,2.892000000000000000e+03,7.420000000000000000e+02,1.042000000000000000e+03,2.940000000000000000e+03,2.637000000000000000e+03,9.320000000000000000e+02,4.650000000000000000e+02,2.508000000000000000e+03,2.884000000000000000e+03,9.500000000000000000e+01,5.500000000000000000e+01,3.390000000000000000e+02,6.000000000000000000e+01,3.018000000000000000e+03,7.640000000000000000e+02,2.792000000000000000e+03,2.850000000000000000e+02,7.670000000000000000e+02,1.380000000000000000e+02,2.872000000000000000e+03,1.402000000000000000e+03,2.975000000000000000e+03,3.710000000000000000e+02,2.867000000000000000e+03,6.400000000000000000e+01,3.022000000000000000e+03,5.090000000000000000e+02,3.041000000000000000e+03,1.134000000000000000e+03,2.851000000000000000e+03,2.887000000000000000e+03,6.100000000000000000e+01,3.854000000000000000e+03,5.170000000000000000e+02,2.995000000000000000e+03,2.838000000000000000e+03,3.460000000000000000e+02,3.700000000000000000e+01,2.949000000000000000e+03,4.400000000000000000e+01,1.178000000000000000e+03,4.200000000000000000e+01,4.970000000000000000e+02,6.580000000000000000e+02,1.870000000000000000e+02,1.940000000000000000e+02,1.490000000000000000e+02,2.883000000000000000e+03,5.740000000000000000e+02,2.863000000000000000e+03,5.350000000000000000e+02,1.071000000000000000e+03,2.863000000000000000e+03,3.027000000000000000e+03,1.393000000000000000e+03,5.000000000000000000e+01,2.210000000000000000e+02,2.610000000000000000e+02,2.841000000000000000e+03,3.420000000000000000e+02,1.109000000000000000e+03,2.900000000000000000e+03,5.650000000000000000e+02,5.330000000000000000e+02,3.932000000000000000e+03,1.240000000000000000e+02,1.070000000000000000e+02,2.932000000000000000e+03,2.400000000000000000e+01,8.610000000000000000e+02,1.167000000000000000e+03,2.868000000000000000e+03,2.513000000000000000e+03,2.260000000000000000e+02,2.950000000000000000e+03,4.940000000000000000e+02,9.900000000000000000e+01,2.953000000000000000e+03,3.700000000000000000e+01,5.700000000000000000e+01,1.510000000000000000e+03,6.100000000000000000e+01,3.400000000000000000e+02,2.980000000000000000e+02,3.974000000000000000e+03,2.972000000000000000e+03,8.520000000000000000e+02,6.700000000000000000e+01,1.038000000000000000e+03,8.060000000000000000e+02,9.040000000000000000e+02,8.490000000000000000e+02,5.780000000000000000e+02,1.066000000000000000e+03,1.215000000000000000e+03,7.180000000000000000e+02,1.191000000000000000e+03,1.790000000000000000e+02,7.000000000000000000e+00,2.977000000000000000e+03,2.762000000000000000e+03,7.990000000000000000e+02,1.153000000000000000e+03,2.891000000000000000e+03,1.330000000000000000e+02,1.122000000000000000e+03,2.919000000000000000e+03,8.200000000000000000e+01,2.324000000000000000e+03,9.300000000000000000e+01,3.800000000000000000e+01,1.057000000000000000e+03,2.270000000000000000e+02,2.995000000000000000e+03,4.770000000000000000e+02,8.650000000000000000e+02,5.650000000000000000e+02,4.730000000000000000e+02,9.000000000000000000e+00,2.575000000000000000e+03,5.480000000000000000e+02,1.891000000000000000e+03,7.250000000000000000e+02,0.000000000000000000e+00,5.540000000000000000e+02,3.007000000000000000e+03,2.663000000000000000e+03,2.915000000000000000e+03,2.097000000000000000e+03,6.500000000000000000e+01,1.038000000000000000e+03,1.146000000000000000e+03,1.401000000000000000e+03,1.177000000000000000e+03,1.289000000000000000e+03,5.210000000000000000e+02,4.900000000000000000e+02,2.940000000000000000e+03,5.560000000000000000e+02,8.750000000000000000e+02,3.908000000000000000e+03,5.360000000000000000e+02,1.574000000000000000e+03,2.918000000000000000e+03,1.198000000000000000e+03,6.000000000000000000e+00,1.590000000000000000e+02,2.892000000000000000e+03,1.146000000000000000e+03,1.371000000000000000e+03,2.887000000000000000e+03,2.934000000000000000e+03,2.936000000000000000e+03,3.002000000000000000e+03,1.333000000000000000e+03,2.890000000000000000e+02,2.911000000000000000e+03,2.945000000000000000e+03,2.885000000000000000e+03,2.827000000000000000e+03,4.600000000000000000e+01,4.900000000000000000e+01,2.846000000000000000e+03,2.130000000000000000e+02,2.854000000000000000e+03,3.860000000000000000e+02,2.460000000000000000e+02,9.400000000000000000e+01,2.200000000000000000e+01,4.740000000000000000e+02,2.500000000000000000e+02,2.999000000000000000e+03,2.939000000000000000e+03,3.014000000000000000e+03,5.900000000000000000e+01,1.368000000000000000e+03
8.090000000000000000e+02,8.070000000000000000e+02,1.900000000000000000e+02,1.800000000000000000e+02,2.280000000000000000e+02,1.600000000000000000e+02,3.800000000000000000e+01,1.310000000000000000e+02,2.210000000000000000e+02,3.000000000000000000e+00,1.510000000000000000e+02,1.510000000000000000e+02,4.880000000000000000e+02,9.010000000000000000e+02,5.300000000000000000e+01,3.300000000000000000e+01,1.200000000000000000e+02,9.030000000000000000e+02,8.270000000000000000e+02,2.100000000000000000e+01,1.830000000000000000e+02,1.840000000000000000e+02,7.220000000000000000e+02,8.880000000000000000e+02,9.000000000000000000e+00,2.000000000000000000e+02,1.590000000000000000e+02,7.850000000000000000e+02,8.900000000000000000e+02,8.480000000000000000e+02,7.420000000000000000e+02,7.150000000000000000e+02,1.150000000000000000e+02,8.030000000000000000e+02,9.000000000000000000e+00,3.940000000000000000e+02,2.200000000000000000e+01,7.540000000000000000e+02,1.950000000000000000e+02,9.270000000000000000e+02,5.000000000000000000e+01,8.750000000000000000e+02,7.200000000000000000e+01,7.670000000000000000e+02,5.000000000000000000e+01,1.480000000000000000e+02,2.900000000000000000e+01,1.300000000000000000e+01,1.370000000000000000e+02,1.380000000000000000e+02,1.480000000000000000e+02,1.460000000000000000e+02,1.780000000000000000e+02,3.200000000000000000e+01,9.380000000000000000e+02,8.800000000000000000e+02,8.000000000000000000e+00,8.070000000000000000e+02,1.980000000000000000e+02,1.800000000000000000e+02,1.190000000000000000e+02,1.960000000000000000e+02,2.030000000000000000e+02,5.620000000000000000e+02,1.050000000000000000e+02,9.420000000000000000e+02,6.800000000000000000e+02,7.730000000000000000e+02,2.980000000000000000e+02,1.150000000000000000e+02,8.150000000000000000e+02,1.990000000000000000e+02,7.560000000000000000e+02,8.320000000000000000e+02,6.200000000000000000e+01,7.930000000000000000e+02,1.060000000000000000e+02,1.010000000000000000e+03,1.600000000000000000e+02,8.510000000000000000e+02,1.069000000000000000e+03,3.570000000000000000e+02,3.960000000000000000e+02,1.770000000000000000e+02,1.450000000000000000e+02,9.490000000000000000e+02,5.930000000000000000e+02,1.180000000000000000e+02,8.900000000000000000e+02,9.830000000000000000e+02,1.890000000000000000e+02,1.750000000000000000e+02,9.380000000000000000e+02,7.130000000000000000e+02,1.700000000000000000e+02,1.210000000000000000e+02,7.340000000000000000e+02,8.930000000000000000e+02,3.900000000000000000e+01,2.700000000000000000e+01,1.220000000000000000e+02,4.000000000000000000e+01,8.700000000000000000e+02,1.550000000000000000e+02,8.000000000000000000e+02,8.900000000000000000e+01,1.600000000000000000e+02,6.100000000000000000e+01,9.480000000000000000e+02,3.740000000000000000e+02,8.430000000000000000e+02,1.220000000000000000e+02,8.330000000000000000e+02,2.500000000000000000e+01,9.350000000000000000e+02,1.430000000000000000e+02,8.820000000000000000e+02,2.070000000000000000e+02,8.040000000000000000e+02,8.900000000000000000e+02,1.800000000000000000e+01,1.093000000000000000e+03,1.530000000000000000e+02,8.850000000000000000e+02,8.970000000000000000e+02,1.230000000000000000e+02,1.600000000000000000e+01,8.340000000000000000e+02,1.600000000000000000e+01,2.150000000000000000e+02,2.400000000000000000e+01,2.920000000000000000e+02,1.440000000000000000e+02,4.500000000000000000e+01,6.300000000000000000e+01,3.900000000000000000e+01,8.540000000000000000e+02,2.960000000000000000e+02,8.540000000000000000e+02,1.600000000000000000e+02,2.120000000000000000e+02,9.500000000000000000e+02,7.830000000000000000e+02,4.030000000000000000e+02,2.300000000000000000e+01,1.030000000000000000e+02,7.800000000000000000e+01,8.540000000000000000e+02,1.000000000000000000e+02,2.090000000000000000e+02,9.040000000000000000e+02,1.850000000000000000e+02,1.580000000000000000e+02,1.080000000000000000e+03,2.900000000000000000e+01,3.700000000000000000e+01,9.270000000000000000e+02,8.000000000000000000e+00,1.450000000000000000e+02,2.010000000000000000e+02,8.780000000000000000e+02,8.910000000000000000e+02,6.800000000000000000e+01,8.030000000000000000e+02,1.410000000000000000e+02,3.500000000000000000e+01,9.020000000000000000e+02,1.900000000000000000e+01,2.300000000000000000e+01,6.160000000000000000e+02,4.000000000000000000e+01,1.100000000000000000e+02,7.800000000000000000e+01,1.147000000000000000e+03,9.550000000000000000e+02,1.530000000000000000e+02,3.600000000000000000e+01,2.080000000000000000e+02,1.610000000000000000e+02,3.700000000000000000e+02,1.530000000000000000e+02,1.380000000000000000e+02,2.040000000000000000e+02,1.940000000000000000e+02,1.350000000000000000e+02,2.310000000000000000e+02,6.400000000000000000e+01,5.000000000000000000e+00,8.380000000000000000e+02,8.130000000000000000e+02,1.640000000000000000e+02,2.030000000000000000e+02,8.900000000000000000e+02,3.800000000000000000e+01,2.100000000000000000e+02,9.650000000000000000e+02,3.600000000000000000e+01,9.550000000000000000e+02,2.900000000000000000e+01,1.300000000000000000e+01,2.050000000000000000e+02,5.700000000000000000e+01,9.350000000000000000e+02,9.600000000000000000e+01,3.980000000000000000e+02,1.460000000000000000e+02,1.510000000000000000e+02,6.000000000000000000e+00,7.340000000000000000e+02,1.920000000000000000e+02,6.430000000000000000e+02,1.480000000000000000e+02,6.120000000000000000e+02,0.000000000000000000e+00,8.790000000000000000e+02,8.740000000000000000e+02,8.930000000000000000e+02,7.020000000000000000e+02,2.900000000000000000e+01,4.570000000000000000e+02,2.170000000000000000e+02,3.410000000000000000e+02,5.270000000000000000e+02,3.870000000000000000e+02,1.150000000000000000e+02,1.250000000000000000e+02,8.410000000000000000e+02,1.780000000000000000e+02,1.530000000000000000e+02,1.174000000000000000e+03,1.600000000000000000e+02,5.410000000000000000e+02,8.650000000000000000e+02,2.140000000000000000e+02,0.000000000000000000e+00,6.900000000000000000e+01,8.340000000000000000e+02,2.200000000000000000e+02,3.640000000000000000e+02,8.050000000000000000e+02,9.260000000000000000e+02,9.080000000000000000e+02,9.580000000000000000e+02,3.840000000000000000e+02,6.500000000000000000e+01,8.870000000000000000e+02,9.020000000000000000e+02,7.980000000000000000e+02,9.750000000000000000e+02,1.900000000000000000e+01,1.800000000000000000e+01,8.930000000000000000e+02,5.200000000000000000e+01,8.740000000000000000e+02,8.800000000000000000e+01,7.200000000000000000e+01,3.800000000000000000e+01,8.000000000000000000e+00,1.040000000000000000e+02,9.000000000000000000e+01,9.030000000000000000e+02,9.440000000000000000e+02,9.370000000000000000e+02,1.400000000000000000e+01,3.800000000000000000e+02
4.350000000000000000e+02,2.250000000000000000e+02,2.810000000000000000e+02,1.430000000000000000e+02,1.690000000000000000e+02,4.000000000000000000e+01,2.000000000000000000e+00,1.400000000000000000e+01,3.950000000000000000e+02,0.000000000000000000e+00,3.050000000000000000e+02,1.830000000000000000e+02,3.400000000000000000e+01,5.010000000000000000e+02,1.100000000000000000e+02,2.100000000000000000e+01,5.000000000000000000e+00,1.600000000000000000e+02,1.010000000000000000e+02,0.000000000000000000e+00,5.200000000000000000e+01,5.100000000000000000e+01,3.600000000000000000e+01,8.810000000000000000e+02,0.000000000000000000e+00,2.900000000000000000e+02,1.360000000000000000e+02,2.410000000000000000e+02,6.320000000000000000e+02,5.760000000000000000e+02,8.300000000000000000e+01,9.700000000000000000e+01,3.300000000000000000e+01,2.680000000000000000e+02,6.000000000000000000e+00,3.470000000000000000e+02,1.000000000000000000e+00,2.090000000000000000e+02,1.130000000000000000e+02,8.690000000000000000e+02,7.300000000000000000e+01,5.140000000000000000e+02,2.000000000000000000e+00,2.700000000000000000e+02,0.000000000000000000e+00,2.900000000000000000e+01,1.000000000000000000e+00,1.000000000000000000e+00,1.500000000000000000e+01,1.240000000000000000e+02,2.350000000000000000e+02,7.000000000000000000e+00,1.500000000000000000e+02,0.000000000000000000e+00,1.930000000000000000e+02,2.600000000000000000e+02,0.000000000000000000e+00,2.530000000000000000e+02,1.340000000000000000e+02,1.310000000000000000e+02,1.500000000000000000e+01,1.000000000000000000e+01,1.120000000000000000e+02,7.100000000000000000e+01,1.600000000000000000e+01,1.077000000000000000e+03,1.010000000000000000e+02,7.100000000000000000e+01,1.000000000000000000e+01,2.100000000000000000e+01,3.650000000000000000e+02,1.550000000000000000e+02,1.670000000000000000e+02,1.330000000000000000e+02,6.000000000000000000e+00,5.100000000000000000e+01,1.000000000000000000e+01,4.370000000000000000e+02,1.000000000000000000e+01,3.780000000000000000e+02,3.259000000000000000e+03,3.680000000000000000e+02,5.040000000000000000e+02,3.100000000000000000e+01,2.430000000000000000e+02,5.720000000000000000e+02,4.600000000000000000e+01,5.000000000000000000e+00,2.290000000000000000e+02,1.005000000000000000e+03,2.400000000000000000e+01,5.100000000000000000e+01,9.580000000000000000e+02,1.990000000000000000e+02,5.500000000000000000e+01,1.130000000000000000e+02,4.700000000000000000e+01,4.610000000000000000e+02,1.000000000000000000e+00,1.000000000000000000e+00,1.000000000000000000e+01,1.000000000000000000e+00,9.350000000000000000e+02,8.000000000000000000e+00,9.700000000000000000e+01,4.000000000000000000e+00,8.500000000000000000e+01,0.000000000000000000e+00,9.290000000000000000e+02,4.050000000000000000e+02,7.430000000000000000e+02,1.800000000000000000e+01,1.430000000000000000e+02,2.000000000000000000e+00,1.302000000000000000e+03,2.090000000000000000e+02,8.750000000000000000e+02,2.790000000000000000e+02,4.120000000000000000e+02,6.600000000000000000e+02,1.000000000000000000e+00,3.166000000000000000e+03,2.310000000000000000e+02,1.006000000000000000e+03,7.310000000000000000e+02,4.000000000000000000e+00,0.000000000000000000e+00,5.150000000000000000e+02,1.000000000000000000e+00,1.800000000000000000e+02,3.000000000000000000e+00,1.200000000000000000e+01,1.300000000000000000e+01,0.000000000000000000e+00,9.000000000000000000e+00,1.000000000000000000e+00,4.030000000000000000e+02,1.200000000000000000e+01,2.840000000000000000e+02,1.550000000000000000e+02,7.200000000000000000e+01,3.540000000000000000e+02,4.500000000000000000e+01,4.330000000000000000e+02,1.000000000000000000e+00,5.000000000000000000e+00,3.000000000000000000e+00,3.940000000000000000e+02,4.000000000000000000e+00,3.620000000000000000e+02,5.820000000000000000e+02,2.400000000000000000e+01,2.530000000000000000e+02,3.296000000000000000e+03,5.000000000000000000e+00,6.000000000000000000e+00,1.165000000000000000e+03,0.000000000000000000e+00,4.400000000000000000e+01,1.350000000000000000e+02,6.670000000000000000e+02,2.440000000000000000e+02,1.170000000000000000e+02,2.830000000000000000e+02,3.300000000000000000e+01,1.000000000000000000e+00,3.870000000000000000e+02,0.000000000000000000e+00,1.000000000000000000e+00,4.300000000000000000e+01,0.000000000000000000e+00,1.000000000000000000e+01,9.000000000000000000e+00,3.318000000000000000e+03,9.030000000000000000e+02,1.490000000000000000e+02,0.000000000000000000e+00,1.590000000000000000e+02,1.300000000000000000e+02,3.200000000000000000e+01,3.900000000000000000e+01,1.300000000000000000e+01,1.750000000000000000e+02,2.300000000000000000e+02,1.130000000000000000e+02,5.920000000000000000e+02,2.000000000000000000e+00,0.000000000000000000e+00,1.056000000000000000e+03,5.120000000000000000e+02,2.100000000000000000e+01,3.100000000000000000e+01,1.504000000000000000e+03,1.000000000000000000e+00,8.900000000000000000e+01,7.310000000000000000e+02,4.000000000000000000e+00,1.620000000000000000e+02,3.000000000000000000e+00,0.000000000000000000e+00,2.260000000000000000e+02,1.020000000000000000e+02,4.050000000000000000e+02,4.000000000000000000e+00,8.000000000000000000e+00,7.000000000000000000e+00,2.200000000000000000e+01,0.000000000000000000e+00,1.440000000000000000e+02,2.200000000000000000e+01,9.600000000000000000e+01,1.350000000000000000e+02,1.900000000000000000e+01,1.200000000000000000e+01,0.000000000000000000e+00,2.370000000000000000e+02,1.128000000000000000e+03,2.700000000000000000e+01,0.000000000000000000e+00,2.300000000000000000e+01,2.820000000000000000e+02,3.430000000000000000e+02,4.300000000000000000e+01,5.050000000000000000e+02,5.600000000000000000e+01,4.400000000000000000e+01,1.380000000000000000e+02,1.700000000000000000e+01,1.000000000000000000e+00,3.216000000000000000e+03,1.400000000000000000e+01,4.300000000000000000e+01,9.100000000000000000e+02,2.530000000000000000e+02,0.000000000000000000e+00,4.000000000000000000e+00,3.630000000000000000e+02,5.100000000000000000e+01,4.400000000000000000e+02,3.490000000000000000e+02,9.960000000000000000e+02,2.770000000000000000e+02,4.590000000000000000e+02,4.220000000000000000e+02,3.000000000000000000e+00,5.430000000000000000e+02,7.330000000000000000e+02,2.770000000000000000e+02,6.630000000000000000e+02,2.000000000000000000e+00,1.000000000000000000e+00,4.160000000000000000e+02,5.000000000000000000e+00,1.840000000000000000e+02,4.000000000000000000e+00,8.000000000000000000e+00,1.000000000000000000e+00,0.000000000000000000e+00,3.000000000000000000e+00,1.000000000000000000e+00,1.055000000000000000e+03,1.004000000000000000e+03,1.342000000000000000e+03,0.000000000000000000e+00,5.000000000000000000e+02
2.218000000000000000e+03,2.284000000000000000e+03,9.840000000000000000e+02,5.300000000000000000e+02,1.026000000000000000e+03,4.130000000000000000e+02,3.100000000000000000e+01,2.370000000000000000e+02,1.055000000000000000e+03,4.000000000000000000e+00,5.190000000000000000e+02,4.650000000000000000e+02,5.520000000000000000e+02,2.082000000000000000e+03,2.310000000000000000e+02,4.300000000000000000e+01,1.710000000000000000e+02,6.730000000000000000e+02,5.560000000000000000e+02,6.000000000000000000e+00,5.160000000000000000e+02,4.940000000000000000e+02,1.467000000000000000e+03,2.607000000000000000e+03,1.000000000000000000e+01,9.360000000000000000e+02,6.140000000000000000e+02,1.650000000000000000e+03,2.160000000000000000e+03,2.585000000000000000e+03,1.163000000000000000e+03,1.148000000000000000e+03,2.640000000000000000e+02,1.853000000000000000e+03,1.300000000000000000e+01,1.123000000000000000e+03,1.800000000000000000e+01,1.536000000000000000e+03,6.900000000000000000e+02,2.748000000000000000e+03,1.830000000000000000e+02,2.206000000000000000e+03,8.300000000000000000e+01,1.921000000000000000e+03,2.900000000000000000e+01,3.670000000000000000e+02,1.700000000000000000e+01,2.100000000000000000e+01,6.100000000000000000e+01,4.550000000000000000e+02,5.050000000000000000e+02,2.440000000000000000e+02,7.690000000000000000e+02,2.800000000000000000e+01,1.706000000000000000e+03,1.546000000000000000e+03,5.000000000000000000e+00,1.766000000000000000e+03,9.080000000000000000e+02,5.800000000000000000e+02,2.940000000000000000e+02,5.030000000000000000e+02,7.490000000000000000e+02,6.640000000000000000e+02,1.680000000000000000e+02,2.766000000000000000e+03,1.106000000000000000e+03,5.450000000000000000e+02,2.900000000000000000e+02,1.820000000000000000e+02,1.759000000000000000e+03,6.710000000000000000e+02,1.463000000000000000e+03,8.970000000000000000e+02,1.600000000000000000e+01,1.220000000000000000e+03,1.360000000000000000e+02,2.329000000000000000e+03,3.760000000000000000e+02,2.345000000000000000e+03,3.842000000000000000e+03,1.083000000000000000e+03,1.152000000000000000e+03,5.020000000000000000e+02,4.900000000000000000e+02,2.270000000000000000e+03,7.560000000000000000e+02,1.580000000000000000e+02,1.661000000000000000e+03,2.289000000000000000e+03,3.240000000000000000e+02,5.440000000000000000e+02,2.282000000000000000e+03,1.614000000000000000e+03,5.490000000000000000e+02,4.060000000000000000e+02,1.387000000000000000e+03,2.651000000000000000e+03,3.000000000000000000e+01,1.900000000000000000e+01,1.800000000000000000e+02,2.800000000000000000e+01,2.605000000000000000e+03,3.540000000000000000e+02,1.738000000000000000e+03,1.140000000000000000e+02,5.200000000000000000e+02,5.500000000000000000e+01,2.783000000000000000e+03,1.267000000000000000e+03,2.499000000000000000e+03,4.600000000000000000e+01,2.001000000000000000e+03,2.400000000000000000e+01,2.809000000000000000e+03,4.640000000000000000e+02,2.555000000000000000e+03,9.940000000000000000e+02,2.182000000000000000e+03,2.545000000000000000e+03,2.100000000000000000e+01,3.844000000000000000e+03,5.140000000000000000e+02,2.782000000000000000e+03,2.494000000000000000e+03,1.640000000000000000e+02,1.600000000000000000e+01,2.504000000000000000e+03,1.300000000000000000e+01,8.650000000000000000e+02,1.300000000000000000e+01,2.100000000000000000e+02,2.800000000000000000e+02,6.600000000000000000e+01,9.600000000000000000e+01,7.600000000000000000e+01,2.346000000000000000e+03,2.110000000000000000e+02,1.940000000000000000e+03,4.810000000000000000e+02,6.740000000000000000e+02,2.253000000000000000e+03,1.231000000000000000e+03,1.171000000000000000e+03,1.400000000000000000e+01,8.000000000000000000e+01,7.000000000000000000e+01,2.190000000000000000e+03,1.360000000000000000e+02,9.990000000000000000e+02,2.389000000000000000e+03,1.710000000000000000e+02,4.900000000000000000e+02,3.920000000000000000e+03,6.000000000000000000e+01,2.000000000000000000e+01,2.857000000000000000e+03,8.000000000000000000e+00,4.270000000000000000e+02,8.450000000000000000e+02,2.453000000000000000e+03,1.284000000000000000e+03,2.530000000000000000e+02,2.240000000000000000e+03,3.950000000000000000e+02,3.300000000000000000e+01,2.219000000000000000e+03,1.500000000000000000e+01,2.100000000000000000e+01,6.810000000000000000e+02,2.900000000000000000e+01,1.570000000000000000e+02,1.310000000000000000e+02,3.813000000000000000e+03,2.593000000000000000e+03,5.280000000000000000e+02,2.700000000000000000e+01,9.180000000000000000e+02,4.770000000000000000e+02,3.910000000000000000e+02,3.910000000000000000e+02,2.390000000000000000e+02,7.960000000000000000e+02,1.044000000000000000e+03,4.320000000000000000e+02,1.156000000000000000e+03,6.200000000000000000e+01,8.000000000000000000e+00,2.744000000000000000e+03,2.178000000000000000e+03,3.690000000000000000e+02,5.830000000000000000e+02,2.984000000000000000e+03,5.500000000000000000e+01,7.970000000000000000e+02,2.473000000000000000e+03,2.200000000000000000e+01,1.175000000000000000e+03,3.000000000000000000e+01,1.600000000000000000e+01,8.070000000000000000e+02,2.520000000000000000e+02,2.025000000000000000e+03,1.760000000000000000e+02,3.810000000000000000e+02,2.440000000000000000e+02,1.580000000000000000e+02,3.000000000000000000e+00,1.369000000000000000e+03,2.100000000000000000e+02,9.320000000000000000e+02,4.600000000000000000e+02,6.100000000000000000e+02,1.720000000000000000e+02,2.784000000000000000e+03,0.000000000000000000e+00,2.790000000000000000e+03,1.000000000000000000e+03,2.500000000000000000e+01,4.760000000000000000e+02,1.016000000000000000e+03,1.064000000000000000e+03,5.350000000000000000e+02,1.200000000000000000e+03,3.820000000000000000e+02,3.110000000000000000e+02,2.133000000000000000e+03,2.320000000000000000e+02,2.710000000000000000e+02,3.817000000000000000e+03,1.720000000000000000e+02,7.330000000000000000e+02,2.597000000000000000e+03,1.035000000000000000e+03,2.000000000000000000e+00,7.300000000000000000e+01,2.035000000000000000e+03,7.810000000000000000e+02,1.134000000000000000e+03,2.014000000000000000e+03,2.321000000000000000e+03,2.319000000000000000e+03,2.106000000000000000e+03,1.148000000000000000e+03,7.600000000000000000e+01,2.597000000000000000e+03,2.463000000000000000e+03,1.882000000000000000e+03,2.205000000000000000e+03,3.300000000000000000e+01,2.000000000000000000e+01,2.152000000000000000e+03,8.900000000000000000e+01,2.256000000000000000e+03,1.370000000000000000e+02,1.030000000000000000e+02,3.100000000000000000e+01,9.000000000000000000e+00,2.220000000000000000e+02,9.900000000000000000e+01,2.652000000000000000e+03,2.258000000000000000e+03,2.870000000000000000e+03,8.000000000000000000e+00,1.241000000000000000e+03
4.810000000000000000e+02,9.480000000000000000e+02,3.940000000000000000e+02,2.170000000000000000e+02,2.780000000000000000e+02,7.400000000000000000e+01,6.000000000000000000e+00,2.700000000000000000e+01,4.970000000000000000e+02,1.000000000000000000e+00,4.130000000000000000e+02,2.600000000000000000e+02,8.000000000000000000e+01,9.150000000000000000e+02,1.900000000000000000e+02,3.100000000000000000e+01,2.400000000000000000e+01,3.120000000000000000e+02,2.420000000000000000e+02,3.000000000000000000e+00,1.580000000000000000e+02,7.600000000000000000e+01,3.790000000000000000e+02,1.048000000000000000e+03,0.000000000000000000e+00,5.110000000000000000e+02,2.720000000000000000e+02,4.950000000000000000e+02,1.107000000000000000e+03,1.309000000000000000e+03,2.060000000000000000e+02,3.510000000000000000e+02,6.800000000000000000e+01,1.930000000000000000e+02,3.000000000000000000e+00,6.610000000000000000e+02,3.000000000000000000e+00,4.320000000000000000e+02,2.450000000000000000e+02,1.808000000000000000e+03,9.300000000000000000e+01,9.520000000000000000e+02,1.000000000000000000e+01,4.360000000000000000e+02,4.000000000000000000e+00,8.300000000000000000e+01,4.000000000000000000e+00,2.000000000000000000e+00,5.200000000000000000e+01,1.730000000000000000e+02,3.290000000000000000e+02,2.200000000000000000e+01,1.540000000000000000e+02,1.000000000000000000e+01,4.730000000000000000e+02,4.720000000000000000e+02,4.000000000000000000e+00,2.230000000000000000e+02,3.350000000000000000e+02,2.490000000000000000e+02,6.100000000000000000e+01,1.070000000000000000e+02,2.630000000000000000e+02,1.590000000000000000e+02,5.800000000000000000e+01,1.357000000000000000e+03,2.130000000000000000e+02,2.020000000000000000e+02,7.100000000000000000e+01,5.300000000000000000e+01,6.040000000000000000e+02,3.040000000000000000e+02,1.460000000000000000e+02,3.010000000000000000e+02,1.800000000000000000e+01,2.100000000000000000e+02,1.400000000000000000e+01,8.150000000000000000e+02,8.500000000000000000e+01,1.043000000000000000e+03,3.855000000000000000e+03,4.510000000000000000e+02,6.600000000000000000e+02,7.200000000000000000e+01,3.380000000000000000e+02,9.760000000000000000e+02,1.350000000000000000e+02,1.800000000000000000e+01,5.030000000000000000e+02,1.458000000000000000e+03,8.700000000000000000e+01,1.510000000000000000e+02,1.425000000000000000e+03,4.620000000000000000e+02,1.190000000000000000e+02,1.830000000000000000e+02,3.570000000000000000e+02,1.336000000000000000e+03,5.000000000000000000e+00,5.000000000000000000e+00,1.900000000000000000e+01,1.000000000000000000e+00,1.404000000000000000e+03,7.300000000000000000e+01,5.280000000000000000e+02,1.200000000000000000e+01,2.010000000000000000e+02,8.000000000000000000e+00,1.420000000000000000e+03,7.310000000000000000e+02,6.980000000000000000e+02,4.200000000000000000e+01,6.980000000000000000e+02,1.000000000000000000e+00,1.489000000000000000e+03,3.280000000000000000e+02,1.022000000000000000e+03,6.110000000000000000e+02,8.230000000000000000e+02,1.090000000000000000e+03,0.000000000000000000e+00,3.844000000000000000e+03,3.560000000000000000e+02,1.473000000000000000e+03,1.258000000000000000e+03,3.300000000000000000e+01,1.000000000000000000e+00,1.344000000000000000e+03,1.000000000000000000e+00,3.220000000000000000e+02,2.000000000000000000e+00,1.100000000000000000e+01,4.700000000000000000e+01,1.200000000000000000e+01,1.700000000000000000e+01,1.200000000000000000e+01,7.770000000000000000e+02,4.200000000000000000e+01,3.140000000000000000e+02,2.270000000000000000e+02,1.830000000000000000e+02,6.240000000000000000e+02,1.720000000000000000e+02,6.450000000000000000e+02,1.000000000000000000e+01,1.900000000000000000e+01,1.400000000000000000e+01,7.910000000000000000e+02,1.700000000000000000e+01,5.000000000000000000e+02,6.270000000000000000e+02,5.500000000000000000e+01,3.500000000000000000e+02,3.886000000000000000e+03,3.000000000000000000e+00,1.100000000000000000e+01,1.734000000000000000e+03,0.000000000000000000e+00,5.300000000000000000e+01,2.120000000000000000e+02,1.105000000000000000e+03,4.840000000000000000e+02,1.410000000000000000e+02,9.250000000000000000e+02,7.800000000000000000e+01,0.000000000000000000e+00,7.680000000000000000e+02,4.000000000000000000e+00,3.000000000000000000e+00,1.380000000000000000e+02,5.000000000000000000e+00,2.100000000000000000e+01,1.400000000000000000e+01,3.907000000000000000e+03,1.433000000000000000e+03,2.210000000000000000e+02,9.000000000000000000e+00,2.760000000000000000e+02,2.190000000000000000e+02,9.000000000000000000e+01,3.600000000000000000e+01,3.400000000000000000e+01,3.480000000000000000e+02,4.340000000000000000e+02,9.600000000000000000e+01,8.550000000000000000e+02,8.000000000000000000e+00,0.000000000000000000e+00,1.495000000000000000e+03,9.100000000000000000e+02,3.400000000000000000e+01,8.700000000000000000e+01,2.208000000000000000e+03,1.000000000000000000e+01,2.310000000000000000e+02,1.139000000000000000e+03,4.000000000000000000e+00,3.470000000000000000e+02,7.000000000000000000e+00,1.000000000000000000e+00,3.950000000000000000e+02,1.680000000000000000e+02,8.020000000000000000e+02,3.000000000000000000e+01,7.800000000000000000e+01,4.600000000000000000e+01,3.200000000000000000e+01,2.000000000000000000e+00,1.660000000000000000e+02,4.300000000000000000e+01,8.100000000000000000e+01,2.830000000000000000e+02,9.300000000000000000e+01,6.300000000000000000e+01,1.798000000000000000e+03,4.850000000000000000e+02,0.000000000000000000e+00,2.310000000000000000e+02,4.000000000000000000e+00,8.000000000000000000e+01,5.020000000000000000e+02,6.110000000000000000e+02,5.300000000000000000e+01,6.430000000000000000e+02,8.000000000000000000e+01,1.370000000000000000e+02,6.500000000000000000e+02,5.900000000000000000e+01,3.400000000000000000e+01,3.818000000000000000e+03,5.500000000000000000e+01,1.270000000000000000e+02,1.409000000000000000e+03,5.410000000000000000e+02,2.000000000000000000e+00,1.400000000000000000e+01,7.680000000000000000e+02,2.490000000000000000e+02,6.690000000000000000e+02,7.150000000000000000e+02,1.473000000000000000e+03,9.650000000000000000e+02,7.390000000000000000e+02,6.380000000000000000e+02,1.100000000000000000e+01,1.471000000000000000e+03,1.142000000000000000e+03,3.280000000000000000e+02,1.059000000000000000e+03,2.000000000000000000e+00,4.000000000000000000e+00,3.620000000000000000e+02,6.000000000000000000e+00,9.200000000000000000e+02,2.900000000000000000e+01,1.300000000000000000e+01,4.000000000000000000e+00,2.000000000000000000e+00,4.700000000000000000e+01,3.000000000000000000e+01,1.190000000000000000e+03,1.436000000000000000e+03,1.957000000000000000e+03,4.000000000000000000e+00,7.280000000000000000e+02
2.002000000000000000e+03,1.861000000000000000e+03,8.510000000000000000e+02,5.520000000000000000e+02,7.970000000000000000e+02,5.470000000000000000e+02,5.200000000000000000e+01,3.300000000000000000e+02,8.550000000000000000e+02,7.000000000000000000e+00,4.110000000000000000e+02,3.740000000000000000e+02,8.110000000000000000e+02,1.953000000000000000e+03,2.140000000000000000e+02,6.100000000000000000e+01,3.310000000000000000e+02,1.530000000000000000e+03,1.227000000000000000e+03,1.000000000000000000e+00,6.140000000000000000e+02,5.420000000000000000e+02,1.463000000000000000e+03,2.214000000000000000e+03,6.000000000000000000e+00,8.540000000000000000e+02,6.210000000000000000e+02,1.632000000000000000e+03,2.124000000000000000e+03,1.949000000000000000e+03,1.363000000000000000e+03,1.428000000000000000e+03,2.710000000000000000e+02,1.861000000000000000e+03,2.800000000000000000e+01,1.063000000000000000e+03,4.300000000000000000e+01,1.570000000000000000e+03,6.380000000000000000e+02,1.975000000000000000e+03,1.630000000000000000e+02,1.966000000000000000e+03,9.000000000000000000e+01,1.859000000000000000e+03,4.700000000000000000e+01,4.460000000000000000e+02,0.000000000000000000e+00,2.500000000000000000e+01,2.660000000000000000e+02,3.880000000000000000e+02,3.910000000000000000e+02,4.570000000000000000e+02,7.340000000000000000e+02,2.100000000000000000e+01,1.718000000000000000e+03,1.695000000000000000e+03,3.100000000000000000e+01,1.628000000000000000e+03,9.030000000000000000e+02,4.460000000000000000e+02,2.890000000000000000e+02,6.640000000000000000e+02,7.230000000000000000e+02,8.590000000000000000e+02,2.650000000000000000e+02,2.361000000000000000e+03,1.434000000000000000e+03,1.053000000000000000e+03,1.700000000000000000e+02,2.030000000000000000e+02,1.749000000000000000e+03,6.430000000000000000e+02,1.569000000000000000e+03,1.412000000000000000e+03,1.550000000000000000e+02,1.577000000000000000e+03,2.060000000000000000e+02,2.205000000000000000e+03,6.640000000000000000e+02,1.946000000000000000e+03,3.010000000000000000e+03,9.110000000000000000e+02,9.160000000000000000e+02,6.680000000000000000e+02,4.020000000000000000e+02,2.044000000000000000e+03,1.052000000000000000e+03,3.650000000000000000e+02,1.713000000000000000e+03,2.144000000000000000e+03,3.810000000000000000e+02,6.620000000000000000e+02,2.309000000000000000e+03,1.656000000000000000e+03,5.760000000000000000e+02,3.190000000000000000e+02,1.496000000000000000e+03,1.879000000000000000e+03,4.600000000000000000e+01,3.900000000000000000e+01,2.070000000000000000e+02,3.600000000000000000e+01,2.176000000000000000e+03,5.840000000000000000e+02,1.786000000000000000e+03,1.850000000000000000e+02,5.060000000000000000e+02,1.120000000000000000e+02,2.174000000000000000e+03,9.430000000000000000e+02,2.183000000000000000e+03,2.670000000000000000e+02,1.830000000000000000e+03,2.000000000000000000e+01,2.267000000000000000e+03,4.130000000000000000e+02,2.273000000000000000e+03,8.310000000000000000e+02,2.036000000000000000e+03,2.106000000000000000e+03,2.700000000000000000e+01,2.994000000000000000e+03,4.530000000000000000e+02,2.191000000000000000e+03,2.169000000000000000e+03,2.200000000000000000e+02,2.000000000000000000e+00,1.858000000000000000e+03,3.300000000000000000e+01,8.210000000000000000e+02,4.100000000000000000e+01,3.960000000000000000e+02,3.840000000000000000e+02,2.500000000000000000e+01,1.460000000000000000e+02,7.900000000000000000e+01,1.925000000000000000e+03,4.300000000000000000e+02,1.810000000000000000e+03,3.980000000000000000e+02,7.480000000000000000e+02,2.128000000000000000e+03,1.685000000000000000e+03,9.690000000000000000e+02,3.400000000000000000e+01,1.210000000000000000e+02,1.940000000000000000e+02,2.006000000000000000e+03,2.260000000000000000e+02,8.550000000000000000e+02,2.105000000000000000e+03,3.410000000000000000e+02,3.880000000000000000e+02,2.854000000000000000e+03,8.800000000000000000e+01,9.100000000000000000e+01,2.256000000000000000e+03,8.000000000000000000e+00,4.790000000000000000e+02,7.390000000000000000e+02,2.129000000000000000e+03,1.630000000000000000e+03,1.850000000000000000e+02,1.871000000000000000e+03,2.620000000000000000e+02,6.000000000000000000e+01,1.975000000000000000e+03,1.300000000000000000e+01,5.400000000000000000e+01,1.036000000000000000e+03,2.300000000000000000e+01,2.080000000000000000e+02,1.870000000000000000e+02,3.038000000000000000e+03,2.227000000000000000e+03,5.180000000000000000e+02,3.600000000000000000e+01,6.930000000000000000e+02,5.430000000000000000e+02,5.360000000000000000e+02,4.650000000000000000e+02,3.270000000000000000e+02,7.120000000000000000e+02,7.650000000000000000e+02,4.490000000000000000e+02,8.690000000000000000e+02,1.180000000000000000e+02,9.000000000000000000e+00,2.182000000000000000e+03,2.098000000000000000e+03,4.750000000000000000e+02,6.980000000000000000e+02,2.349000000000000000e+03,6.500000000000000000e+01,8.080000000000000000e+02,2.087000000000000000e+03,7.100000000000000000e+01,1.390000000000000000e+03,3.500000000000000000e+01,3.000000000000000000e+00,6.760000000000000000e+02,1.910000000000000000e+02,1.920000000000000000e+03,2.640000000000000000e+02,2.440000000000000000e+02,2.220000000000000000e+02,3.030000000000000000e+02,7.000000000000000000e+00,1.559000000000000000e+03,4.060000000000000000e+02,1.235000000000000000e+03,4.680000000000000000e+02,1.151000000000000000e+03,3.590000000000000000e+02,1.897000000000000000e+03,1.673000000000000000e+03,2.279000000000000000e+03,0.000000000000000000e+00,1.100000000000000000e+01,6.330000000000000000e+02,8.400000000000000000e+02,1.065000000000000000e+03,7.690000000000000000e+02,9.000000000000000000e+02,3.630000000000000000e+02,2.690000000000000000e+02,1.870000000000000000e+03,3.820000000000000000e+02,4.350000000000000000e+02,2.957000000000000000e+03,3.780000000000000000e+02,1.020000000000000000e+03,2.146000000000000000e+03,9.140000000000000000e+02,9.000000000000000000e+00,1.060000000000000000e+02,1.803000000000000000e+03,8.080000000000000000e+02,9.750000000000000000e+02,1.938000000000000000e+03,2.238000000000000000e+03,1.891000000000000000e+03,1.903000000000000000e+03,9.760000000000000000e+02,1.590000000000000000e+02,1.897000000000000000e+03,2.092000000000000000e+03,1.849000000000000000e+03,2.099000000000000000e+03,2.700000000000000000e+01,2.300000000000000000e+01,1.921000000000000000e+03,1.310000000000000000e+02,1.725000000000000000e+03,1.950000000000000000e+02,1.350000000000000000e+02,6.500000000000000000e+01,8.000000000000000000e+00,6.600000000000000000e+01,1.380000000000000000e+02,2.215000000000000000e+03,2.151000000000000000e+03,2.268000000000000000e+03,4.000000000000000000e+01,9.800000000000000000e+02
3.800000000000000000e+02,3.470000000000000000e+02,1.180000000000000000e+02,1.330000000000000000e+02,1.370000000000000000e+02,1.170000000000000000e+02,0.000000000000000000e+00,1.310000000000000000e+02,1.750000000000000000e+02,0.000000000000000000e+00,0.000000000000000000e+00,0.000000000000000000e+00,3.160000000000000000e+02,3.640000000000000000e+02,0.000000000000000000e+00,0.000000000000000000e+00,1.350000000000000000e+02,3.490000000000000000e+02,3.740000000000000000e+02,0.000000000000000000e+00,1.390000000000000000e+02,1.320000000000000000e+02,4.010000000000000000e+02,4.040000000000000000e+02,0.000000000000000000e+00,1.590000000000000000e+02,1.310000000000000000e+02,3.590000000000000000e+02,3.750000000000000000e+02,3.790000000000000000e+02,3.220000000000000000e+02,3.130000000000000000e+02,0.000000000000000000e+00,3.770000000000000000e+02,0.000000000000000000e+00,1.380000000000000000e+02,0.000000000000000000e+00,3.770000000000000000e+02,1.260000000000000000e+02,3.670000000000000000e+02,0.000000000000000000e+00,3.830000000000000000e+02,0.000000000000000000e+00,3.670000000000000000e+02,0.000000000000000000e+00,1.330000000000000000e+02,0.000000000000000000e+00,0.000000000000000000e+00,1.450000000000000000e+02,0.000000000000000000e+00,0.000000000000000000e+00,1.560000000000000000e+02,1.630000000000000000e+02,0.000000000000000000e+00,3.250000000000000000e+02,3.510000000000000000e+02,0.000000000000000000e+00,3.580000000000000000e+02,1.400000000000000000e+02,1.280000000000000000e+02,0.000000000000000000e+00,1.380000000000000000e+02,1.490000000000000000e+02,3.480000000000000000e+02,1.230000000000000000e+02,3.580000000000000000e+02,3.720000000000000000e+02,3.240000000000000000e+02,3.560000000000000000e+02,0.000000000000000000e+00,3.800000000000000000e+02,1.400000000000000000e+02,3.610000000000000000e+02,3.350000000000000000e+02,1.040000000000000000e+02,4.040000000000000000e+02,1.050000000000000000e+02,3.950000000000000000e+02,1.590000000000000000e+02,3.460000000000000000e+02,4.390000000000000000e+02,1.560000000000000000e+02,1.480000000000000000e+02,1.300000000000000000e+02,0.000000000000000000e+00,3.140000000000000000e+02,3.530000000000000000e+02,1.360000000000000000e+02,3.330000000000000000e+02,3.520000000000000000e+02,1.260000000000000000e+02,1.280000000000000000e+02,3.170000000000000000e+02,3.450000000000000000e+02,1.150000000000000000e+02,0.000000000000000000e+00,3.850000000000000000e+02,3.610000000000000000e+02,0.000000000000000000e+00,0.000000000000000000e+00,1.170000000000000000e+02,0.000000000000000000e+00,3.320000000000000000e+02,1.230000000000000000e+02,3.670000000000000000e+02,1.070000000000000000e+02,1.220000000000000000e+02,8.400000000000000000e+01,3.620000000000000000e+02,1.530000000000000000e+02,3.760000000000000000e+02,1.300000000000000000e+02,3.800000000000000000e+02,0.000000000000000000e+00,3.560000000000000000e+02,0.000000000000000000e+00,3.710000000000000000e+02,1.420000000000000000e+02,3.770000000000000000e+02,3.650000000000000000e+02,0.000000000000000000e+00,3.930000000000000000e+02,0.000000000000000000e+00,4.090000000000000000e+02,3.640000000000000000e+02,1.110000000000000000e+02,0.000000000000000000e+00,4.070000000000000000e+02,0.000000000000000000e+00,1.360000000000000000e+02,0.000000000000000000e+00,3.110000000000000000e+02,1.370000000000000000e+02,1.070000000000000000e+02,0.000000000000000000e+00,0.000000000000000000e+00,3.580000000000000000e+02,3.040000000000000000e+02,3.410000000000000000e+02,0.000000000000000000e+00,1.490000000000000000e+02,3.890000000000000000e+02,3.900000000000000000e+02,1.310000000000000000e+02,0.000000000000000000e+00,0.000000000000000000e+00,1.070000000000000000e+02,3.640000000000000000e+02,1.360000000000000000e+02,1.540000000000000000e+02,3.670000000000000000e+02,1.050000000000000000e+02,0.000000000000000000e+00,4.920000000000000000e+02,8.900000000000000000e+01,0.000000000000000000e+00,3.700000000000000000e+02,0.000000000000000000e+00,1.180000000000000000e+02,1.540000000000000000e+02,3.730000000000000000e+02,3.450000000000000000e+02,0.000000000000000000e+00,3.730000000000000000e+02,0.000000000000000000e+00,0.000000000000000000e+00,3.820000000000000000e+02,0.000000000000000000e+00,0.000000000000000000e+00,3.250000000000000000e+02,0.000000000000000000e+00,0.000000000000000000e+00,1.310000000000000000e+02,4.250000000000000000e+02,3.660000000000000000e+02,1.200000000000000000e+02,0.000000000000000000e+00,1.260000000000000000e+02,1.190000000000000000e+02,3.000000000000000000e+02,1.060000000000000000e+02,1.170000000000000000e+02,1.350000000000000000e+02,1.570000000000000000e+02,1.220000000000000000e+02,1.440000000000000000e+02,0.000000000000000000e+00,0.000000000000000000e+00,3.810000000000000000e+02,3.400000000000000000e+02,1.180000000000000000e+02,1.220000000000000000e+02,3.950000000000000000e+02,0.000000000000000000e+00,1.750000000000000000e+02,3.510000000000000000e+02,0.000000000000000000e+00,3.100000000000000000e+02,0.000000000000000000e+00,0.000000000000000000e+00,1.450000000000000000e+02,0.000000000000000000e+00,3.870000000000000000e+02,1.380000000000000000e+02,3.680000000000000000e+02,1.380000000000000000e+02,1.120000000000000000e+02,0.000000000000000000e+00,3.400000000000000000e+02,1.140000000000000000e+02,3.470000000000000000e+02,1.110000000000000000e+02,3.620000000000000000e+02,1.090000000000000000e+02,3.710000000000000000e+02,3.530000000000000000e+02,3.700000000000000000e+02,3.340000000000000000e+02,0.000000000000000000e+00,3.010000000000000000e+02,1.660000000000000000e+02,1.560000000000000000e+02,3.380000000000000000e+02,1.620000000000000000e+02,0.000000000000000000e+00,0.000000000000000000e+00,3.460000000000000000e+02,1.440000000000000000e+02,1.360000000000000000e+02,4.590000000000000000e+02,1.380000000000000000e+02,3.300000000000000000e+02,3.790000000000000000e+02,1.440000000000000000e+02,0.000000000000000000e+00,0.000000000000000000e+00,3.580000000000000000e+02,1.490000000000000000e+02,1.610000000000000000e+02,3.220000000000000000e+02,3.660000000000000000e+02,3.490000000000000000e+02,3.450000000000000000e+02,1.280000000000000000e+02,0.000000000000000000e+00,3.810000000000000000e+02,3.740000000000000000e+02,3.380000000000000000e+02,3.540000000000000000e+02,0.000000000000000000e+00,0.000000000000000000e+00,3.340000000000000000e+02,8.000000000000000000e+01,3.670000000000000000e+02,1.130000000000000000e+02,1.010000000000000000e+02,0.000000000000000000e+00,0.000000000000000000e+00,1.390000000000000000e+02,1.520000000000000000e+02,3.560000000000000000e+02,3.290000000000000000e+02,3.570000000000000000e+02,0.000000000000000000e+00,1.470000000000000000e+02
1.733000000000000000e+03,1.658000000000000000e+03,7.290000000000000000e+02,5.530000000000000000e+02,6.080000000000000000e+02,6.580000000000000000e+02,5.900000000000000000e+01,4.510000000000000000e+02,7.090000000000000000e+02,0.000000000000000000e+00,3.160000000000000000e+02,2.500000000000000000e+02,1.076000000000000000e+03,1.705000000000000000e+03,1.180000000000000000e+02,5.400000000000000000e+01,4.360000000000000000e+02,1.554000000000000000e+03,1.273000000000000000e+03,4.300000000000000000e+01,5.920000000000000000e+02,5.580000000000000000e+02,1.487000000000000000e+03,1.707000000000000000e+03,1.800000000000000000e+01,6.210000000000000000e+02,6.000000000000000000e+02,1.538000000000000000e+03,1.686000000000000000e+03,1.755000000000000000e+03,1.402000000000000000e+03,1.448000000000000000e+03,2.350000000000000000e+02,1.613000000000000000e+03,2.500000000000000000e+01,7.640000000000000000e+02,2.200000000000000000e+01,1.539000000000000000e+03,6.630000000000000000e+02,1.845000000000000000e+03,1.240000000000000000e+02,1.671000000000000000e+03,1.720000000000000000e+02,1.426000000000000000e+03,6.200000000000000000e+01,5.010000000000000000e+02,3.300000000000000000e+01,5.000000000000000000e+01,3.380000000000000000e+02,2.630000000000000000e+02,2.810000000000000000e+02,4.410000000000000000e+02,7.250000000000000000e+02,6.500000000000000000e+01,1.565000000000000000e+03,1.557000000000000000e+03,5.100000000000000000e+01,1.662000000000000000e+03,6.550000000000000000e+02,5.080000000000000000e+02,2.460000000000000000e+02,5.450000000000000000e+02,5.970000000000000000e+02,1.159000000000000000e+03,3.630000000000000000e+02,1.809000000000000000e+03,1.397000000000000000e+03,1.232000000000000000e+03,5.980000000000000000e+02,2.720000000000000000e+02,1.621000000000000000e+03,6.000000000000000000e+02,1.462000000000000000e+03,1.415000000000000000e+03,1.950000000000000000e+02,1.635000000000000000e+03,3.830000000000000000e+02,1.764000000000000000e+03,5.280000000000000000e+02,1.662000000000000000e+03,2.284000000000000000e+03,7.230000000000000000e+02,7.530000000000000000e+02,6.030000000000000000e+02,2.710000000000000000e+02,1.746000000000000000e+03,1.258000000000000000e+03,4.380000000000000000e+02,1.490000000000000000e+03,1.730000000000000000e+03,5.460000000000000000e+02,6.320000000000000000e+02,1.712000000000000000e+03,1.536000000000000000e+03,5.780000000000000000e+02,2.750000000000000000e+02,1.528000000000000000e+03,1.608000000000000000e+03,7.600000000000000000e+01,5.300000000000000000e+01,3.280000000000000000e+02,5.100000000000000000e+01,1.716000000000000000e+03,5.310000000000000000e+02,1.545000000000000000e+03,1.300000000000000000e+02,4.950000000000000000e+02,4.300000000000000000e+01,1.785000000000000000e+03,7.500000000000000000e+02,1.744000000000000000e+03,4.020000000000000000e+02,1.677000000000000000e+03,3.100000000000000000e+01,1.814000000000000000e+03,2.840000000000000000e+02,1.703000000000000000e+03,6.710000000000000000e+02,1.543000000000000000e+03,1.462000000000000000e+03,4.600000000000000000e+01,2.195000000000000000e+03,2.900000000000000000e+02,1.445000000000000000e+03,1.486000000000000000e+03,3.240000000000000000e+02,2.700000000000000000e+01,1.675000000000000000e+03,1.300000000000000000e+01,6.840000000000000000e+02,4.000000000000000000e+00,5.420000000000000000e+02,4.780000000000000000e+02,1.560000000000000000e+02,1.590000000000000000e+02,8.800000000000000000e+01,1.524000000000000000e+03,2.760000000000000000e+02,1.613000000000000000e+03,2.830000000000000000e+02,6.590000000000000000e+02,1.766000000000000000e+03,1.641000000000000000e+03,7.780000000000000000e+02,2.400000000000000000e+01,1.950000000000000000e+02,3.300000000000000000e+02,1.399000000000000000e+03,2.790000000000000000e+02,6.820000000000000000e+02,1.715000000000000000e+03,4.980000000000000000e+02,2.980000000000000000e+02,2.227000000000000000e+03,1.070000000000000000e+02,1.020000000000000000e+02,1.770000000000000000e+03,2.900000000000000000e+01,5.340000000000000000e+02,7.090000000000000000e+02,1.738000000000000000e+03,1.593000000000000000e+03,1.340000000000000000e+02,1.695000000000000000e+03,2.920000000000000000e+02,8.200000000000000000e+01,1.478000000000000000e+03,3.400000000000000000e+01,7.100000000000000000e+01,1.128000000000000000e+03,4.200000000000000000e+01,2.410000000000000000e+02,2.810000000000000000e+02,2.232000000000000000e+03,1.768000000000000000e+03,5.420000000000000000e+02,5.700000000000000000e+01,6.290000000000000000e+02,5.170000000000000000e+02,7.670000000000000000e+02,5.450000000000000000e+02,4.720000000000000000e+02,6.760000000000000000e+02,6.900000000000000000e+02,4.300000000000000000e+02,6.940000000000000000e+02,2.130000000000000000e+02,1.000000000000000000e+00,1.532000000000000000e+03,1.690000000000000000e+03,5.180000000000000000e+02,6.700000000000000000e+02,1.801000000000000000e+03,1.030000000000000000e+02,6.320000000000000000e+02,1.407000000000000000e+03,8.800000000000000000e+01,1.485000000000000000e+03,6.500000000000000000e+01,2.400000000000000000e+01,6.470000000000000000e+02,1.430000000000000000e+02,1.625000000000000000e+03,4.940000000000000000e+02,8.320000000000000000e+02,4.990000000000000000e+02,4.310000000000000000e+02,3.000000000000000000e+00,1.562000000000000000e+03,4.550000000000000000e+02,1.265000000000000000e+03,4.840000000000000000e+02,1.271000000000000000e+03,4.530000000000000000e+02,1.807000000000000000e+03,1.530000000000000000e+03,1.719000000000000000e+03,1.413000000000000000e+03,5.000000000000000000e+01,0.000000000000000000e+00,7.060000000000000000e+02,7.830000000000000000e+02,1.073000000000000000e+03,7.430000000000000000e+02,2.930000000000000000e+02,2.460000000000000000e+02,1.638000000000000000e+03,5.000000000000000000e+02,5.050000000000000000e+02,2.179000000000000000e+03,4.640000000000000000e+02,1.078000000000000000e+03,1.753000000000000000e+03,6.370000000000000000e+02,4.000000000000000000e+00,1.480000000000000000e+02,1.633000000000000000e+03,6.750000000000000000e+02,7.840000000000000000e+02,1.666000000000000000e+03,1.731000000000000000e+03,1.718000000000000000e+03,1.671000000000000000e+03,8.070000000000000000e+02,1.750000000000000000e+02,1.844000000000000000e+03,1.446000000000000000e+03,1.645000000000000000e+03,1.711000000000000000e+03,3.100000000000000000e+01,2.200000000000000000e+01,1.664000000000000000e+03,1.520000000000000000e+02,1.646000000000000000e+03,2.950000000000000000e+02,2.110000000000000000e+02,9.900000000000000000e+01,1.300000000000000000e+01,3.390000000000000000e+02,2.530000000000000000e+02,1.792000000000000000e+03,1.659000000000000000e+03,1.767000000000000000e+03,5.100000000000000000e+01,7.740000000000000000e+02
2.810000000000000000e+02,2.780000000000000000e+02,8.900000000000000000e+01,4.500000000000000000e+01,4.600000000000000000e+01,2.200000000000000000e+01,4.000000000000000000e+00,1.100000000000000000e+01,9.100000000000000000e+01,0.000000000000000000e+00,9.700000000000000000e+01,7.900000000000000000e+01,5.800000000000000000e+01,2.690000000000000000e+02,3.600000000000000000e+01,9.000000000000000000e+00,9.000000000000000000e+00,1.130000000000000000e+02,7.800000000000000000e+01,4.000000000000000000e+00,3.900000000000000000e+01,2.200000000000000000e+01,1.090000000000000000e+02,4.790000000000000000e+02,1.000000000000000000e+00,8.800000000000000000e+01,5.300000000000000000e+01,1.770000000000000000e+02,3.130000000000000000e+02,3.870000000000000000e+02,1.050000000000000000e+02,9.200000000000000000e+01,2.400000000000000000e+01,1.550000000000000000e+02,2.000000000000000000e+00,1.510000000000000000e+02,0.000000000000000000e+00,1.520000000000000000e+02,4.300000000000000000e+01,5.020000000000000000e+02,3.300000000000000000e+01,2.570000000000000000e+02,6.000000000000000000e+00,1.530000000000000000e+02,1.000000000000000000e+00,2.300000000000000000e+01,2.000000000000000000e+00,0.000000000000000000e+00,1.500000000000000000e+01,5.000000000000000000e+01,1.050000000000000000e+02,8.000000000000000000e+00,3.000000000000000000e+01,2.000000000000000000e+00,1.610000000000000000e+02,1.530000000000000000e+02,0.000000000000000000e+00,1.280000000000000000e+02,8.700000000000000000e+01,3.600000000000000000e+01,9.000000000000000000e+00,2.100000000000000000e+01,3.600000000000000000e+01,6.300000000000000000e+01,1.600000000000000000e+01,4.430000000000000000e+02,9.900000000000000000e+01,7.500000000000000000e+01,2.500000000000000000e+01,1.400000000000000000e+01,2.190000000000000000e+02,5.300000000000000000e+01,1.120000000000000000e+02,1.070000000000000000e+02,6.000000000000000000e+00,9.500000000000000000e+01,8.000000000000000000e+00,3.040000000000000000e+02,1.900000000000000000e+01,3.290000000000000000e+02,7.960000000000000000e+02,1.270000000000000000e+02,1.500000000000000000e+02,2.300000000000000000e+01,7.900000000000000000e+01,3.010000000000000000e+02,7.400000000000000000e+01,9.000000000000000000e+00,1.850000000000000000e+02,4.440000000000000000e+02,2.000000000000000000e+01,2.300000000000000000e+01,4.040000000000000000e+02,1.550000000000000000e+02,2.600000000000000000e+01,5.900000000000000000e+01,1.310000000000000000e+02,3.760000000000000000e+02,2.000000000000000000e+00,5.000000000000000000e+00,4.000000000000000000e+00,0.000000000000000000e+00,3.960000000000000000e+02,2.500000000000000000e+01,1.780000000000000000e+02,7.000000000000000000e+00,3.900000000000000000e+01,8.000000000000000000e+00,4.090000000000000000e+02,1.720000000000000000e+02,3.510000000000000000e+02,1.200000000000000000e+01,2.190000000000000000e+02,1.000000000000000000e+00,5.180000000000000000e+02,6.000000000000000000e+01,4.810000000000000000e+02,1.210000000000000000e+02,2.640000000000000000e+02,3.400000000000000000e+02,0.000000000000000000e+00,7.890000000000000000e+02,6.000000000000000000e+01,4.200000000000000000e+02,3.830000000000000000e+02,1.100000000000000000e+01,2.000000000000000000e+00,3.700000000000000000e+02,1.000000000000000000e+00,7.000000000000000000e+01,2.000000000000000000e+00,1.000000000000000000e+01,1.600000000000000000e+01,2.000000000000000000e+00,1.100000000000000000e+01,1.000000000000000000e+00,2.830000000000000000e+02,2.200000000000000000e+01,2.230000000000000000e+02,5.900000000000000000e+01,4.100000000000000000e+01,2.880000000000000000e+02,8.000000000000000000e+01,1.560000000000000000e+02,3.000000000000000000e+00,3.000000000000000000e+00,4.000000000000000000e+00,2.880000000000000000e+02,9.000000000000000000e+00,1.120000000000000000e+02,3.130000000000000000e+02,8.000000000000000000e+00,7.900000000000000000e+01,7.650000000000000000e+02,1.000000000000000000e+00,4.000000000000000000e+00,4.560000000000000000e+02,1.000000000000000000e+00,1.600000000000000000e+01,6.400000000000000000e+01,3.480000000000000000e+02,1.370000000000000000e+02,2.800000000000000000e+01,2.670000000000000000e+02,1.100000000000000000e+01,0.000000000000000000e+00,2.480000000000000000e+02,0.000000000000000000e+00,4.000000000000000000e+00,6.400000000000000000e+01,0.000000000000000000e+00,2.000000000000000000e+00,4.000000000000000000e+00,8.220000000000000000e+02,4.310000000000000000e+02,4.600000000000000000e+01,2.000000000000000000e+00,6.000000000000000000e+01,3.800000000000000000e+01,3.900000000000000000e+01,1.000000000000000000e+01,7.000000000000000000e+00,6.600000000000000000e+01,8.500000000000000000e+01,3.700000000000000000e+01,1.240000000000000000e+02,5.000000000000000000e+00,0.000000000000000000e+00,4.340000000000000000e+02,2.940000000000000000e+02,9.000000000000000000e+00,3.900000000000000000e+01,5.030000000000000000e+02,3.000000000000000000e+00,7.500000000000000000e+01,3.370000000000000000e+02,4.000000000000000000e+00,1.350000000000000000e+02,2.000000000000000000e+00,0.000000000000000000e+00,9.400000000000000000e+01,3.100000000000000000e+01,2.290000000000000000e+02,2.400000000000000000e+01,3.800000000000000000e+01,2.100000000000000000e+01,1.300000000000000000e+01,0.000000000000000000e+00,1.000000000000000000e+02,1.500000000000000000e+01,8.400000000000000000e+01,3.200000000000000000e+01,4.900000000000000000e+01,1.500000000000000000e+01,4.690000000000000000e+02,1.570000000000000000e+02,5.470000000000000000e+02,9.200000000000000000e+01,2.000000000000000000e+00,3.800000000000000000e+01,0.000000000000000000e+00,1.770000000000000000e+02,3.800000000000000000e+01,1.790000000000000000e+02,3.800000000000000000e+01,2.400000000000000000e+01,2.150000000000000000e+02,1.400000000000000000e+01,1.100000000000000000e+01,8.100000000000000000e+02,1.700000000000000000e+01,6.000000000000000000e+01,4.060000000000000000e+02,9.500000000000000000e+01,0.000000000000000000e+00,7.000000000000000000e+00,2.110000000000000000e+02,4.500000000000000000e+01,1.730000000000000000e+02,2.760000000000000000e+02,4.490000000000000000e+02,3.000000000000000000e+02,2.520000000000000000e+02,1.780000000000000000e+02,8.000000000000000000e+00,4.530000000000000000e+02,3.260000000000000000e+02,1.740000000000000000e+02,3.730000000000000000e+02,5.000000000000000000e+00,0.000000000000000000e+00,2.380000000000000000e+02,1.000000000000000000e+00,2.700000000000000000e+02,8.000000000000000000e+00,0.000000000000000000e+00,4.000000000000000000e+00,1.000000000000000000e+00,1.800000000000000000e+01,5.000000000000000000e+00,4.250000000000000000e+02,3.840000000000000000e+02,4.880000000000000000e+02,0.000000000000000000e+00,1.980000000000000000e+02
4.330000000000000000e+02,5.170000000000000000e+02,2.540000000000000000e+02,1.140000000000000000e+02,1.620000000000000000e+02,4.400000000000000000e+01,0.000000000000000000e+00,1.100000000000000000e+01,2.900000000000000000e+02,0.000000000000000000e+00,1.630000000000000000e+02,1.310000000000000000e+02,3.100000000000000000e+01,4.880000000000000000e+02,7.000000000000000000e+01,1.600000000000000000e+01,8.000000000000000000e+00,1.820000000000000000e+02,1.300000000000000000e+02,1.000000000000000000e+00,7.400000000000000000e+01,7.300000000000000000e+01,1.500000000000000000e+02,7.010000000000000000e+02,2.000000000000000000e+00,2.510000000000000000e+02,1.090000000000000000e+02,2.550000000000000000e+02,5.650000000000000000e+02,7.850000000000000000e+02,1.080000000000000000e+02,1.630000000000000000e+02,4.300000000000000000e+01,2.910000000000000000e+02,2.000000000000000000e+00,0.000000000000000000e+00,1.000000000000000000e+00,2.330000000000000000e+02,1.220000000000000000e+02,8.680000000000000000e+02,5.500000000000000000e+01,4.550000000000000000e+02,1.100000000000000000e+01,3.610000000000000000e+02,2.000000000000000000e+00,3.400000000000000000e+01,0.000000000000000000e+00,1.000000000000000000e+00,1.800000000000000000e+01,1.020000000000000000e+02,1.690000000000000000e+02,1.500000000000000000e+01,1.540000000000000000e+02,2.000000000000000000e+00,2.800000000000000000e+02,2.530000000000000000e+02,2.000000000000000000e+00,2.970000000000000000e+02,2.250000000000000000e+02,8.500000000000000000e+01,3.800000000000000000e+01,5.100000000000000000e+01,1.350000000000000000e+02,8.700000000000000000e+01,2.600000000000000000e+01,7.750000000000000000e+02,1.360000000000000000e+02,1.160000000000000000e+02,6.000000000000000000e+00,1.600000000000000000e+01,3.660000000000000000e+02,1.310000000000000000e+02,2.230000000000000000e+02,1.850000000000000000e+02,6.000000000000000000e+00,1.900000000000000000e+02,1.900000000000000000e+01,5.040000000000000000e+02,3.100000000000000000e+01,6.100000000000000000e+02,0.000000000000000000e+00,0.000000000000000000e+00,0.000000000000000000e+00,7.000000000000000000e+01,1.390000000000000000e+02,5.060000000000000000e+02,5.300000000000000000e+01,1.000000000000000000e+01,2.430000000000000000e+02,7.720000000000000000e+02,3.500000000000000000e+01,8.800000000000000000e+01,7.030000000000000000e+02,2.490000000000000000e+02,7.100000000000000000e+01,7.700000000000000000e+01,1.760000000000000000e+02,7.150000000000000000e+02,0.000000000000000000e+00,5.000000000000000000e+00,1.900000000000000000e+01,2.000000000000000000e+00,6.780000000000000000e+02,2.400000000000000000e+01,3.060000000000000000e+02,7.000000000000000000e+00,7.500000000000000000e+01,0.000000000000000000e+00,7.500000000000000000e+02,0.000000000000000000e+00,6.490000000000000000e+02,3.000000000000000000e+01,4.030000000000000000e+02,3.000000000000000000e+00,8.840000000000000000e+02,1.440000000000000000e+02,7.640000000000000000e+02,2.810000000000000000e+02,4.680000000000000000e+02,6.770000000000000000e+02,2.000000000000000000e+00,0.000000000000000000e+00,1.820000000000000000e+02,8.340000000000000000e+02,6.850000000000000000e+02,1.000000000000000000e+01,0.000000000000000000e+00,7.350000000000000000e+02,2.000000000000000000e+00,2.550000000000000000e+02,0.000000000000000000e+00,1.800000000000000000e+01,1.700000000000000000e+01,1.000000000000000000e+00,5.000000000000000000e+00,7.000000000000000000e+00,5.310000000000000000e+02,1.600000000000000000e+01,3.340000000000000000e+02,1.270000000000000000e+02,1.030000000000000000e+02,4.020000000000000000e+02,1.290000000000000000e+02,0.000000000000000000e+00,0.000000000000000000e+00,1.400000000000000000e+01,6.000000000000000000e+00,5.090000000000000000e+02,8.000000000000000000e+00,2.670000000000000000e+02,5.290000000000000000e+02,2.800000000000000000e+01,1.720000000000000000e+02,0.000000000000000000e+00,5.000000000000000000e+00,5.000000000000000000e+00,7.960000000000000000e+02,1.000000000000000000e+00,4.100000000000000000e+01,1.610000000000000000e+02,5.870000000000000000e+02,2.380000000000000000e+02,6.200000000000000000e+01,5.910000000000000000e+02,4.200000000000000000e+01,4.000000000000000000e+00,4.860000000000000000e+02,0.000000000000000000e+00,3.000000000000000000e+00,7.100000000000000000e+01,1.000000000000000000e+00,1.700000000000000000e+01,1.200000000000000000e+01,0.000000000000000000e+00,7.180000000000000000e+02,1.330000000000000000e+02,7.000000000000000000e+00,1.680000000000000000e+02,9.700000000000000000e+01,3.600000000000000000e+01,3.700000000000000000e+01,2.400000000000000000e+01,1.470000000000000000e+02,2.260000000000000000e+02,7.000000000000000000e+01,3.960000000000000000e+02,3.000000000000000000e+00,1.000000000000000000e+00,8.250000000000000000e+02,4.640000000000000000e+02,4.500000000000000000e+01,6.600000000000000000e+01,9.750000000000000000e+02,8.000000000000000000e+00,1.200000000000000000e+02,6.610000000000000000e+02,2.000000000000000000e+00,2.130000000000000000e+02,2.000000000000000000e+00,0.000000000000000000e+00,1.770000000000000000e+02,8.500000000000000000e+01,4.560000000000000000e+02,1.500000000000000000e+01,1.600000000000000000e+01,1.800000000000000000e+01,2.200000000000000000e+01,0.000000000000000000e+00,1.720000000000000000e+02,2.900000000000000000e+01,1.090000000000000000e+02,1.070000000000000000e+02,5.100000000000000000e+01,3.500000000000000000e+01,8.610000000000000000e+02,2.750000000000000000e+02,8.080000000000000000e+02,1.080000000000000000e+02,0.000000000000000000e+00,2.700000000000000000e+01,2.540000000000000000e+02,0.000000000000000000e+00,6.600000000000000000e+01,0.000000000000000000e+00,6.000000000000000000e+01,6.500000000000000000e+01,4.050000000000000000e+02,2.400000000000000000e+01,2.500000000000000000e+01,0.000000000000000000e+00,3.100000000000000000e+01,4.200000000000000000e+01,7.500000000000000000e+02,2.740000000000000000e+02,0.000000000000000000e+00,1.100000000000000000e+01,3.870000000000000000e+02,1.330000000000000000e+02,0.000000000000000000e+00,3.830000000000000000e+02,7.960000000000000000e+02,6.180000000000000000e+02,4.260000000000000000e+02,0.000000000000000000e+00,4.000000000000000000e+00,7.490000000000000000e+02,7.230000000000000000e+02,3.330000000000000000e+02,6.450000000000000000e+02,2.000000000000000000e+00,0.000000000000000000e+00,4.190000000000000000e+02,8.000000000000000000e+00,4.420000000000000000e+02,1.500000000000000000e+01,1.100000000000000000e+01,0.000000000000000000e+00,0.000000000000000000e+00,9.000000000000000000e+00,5.000000000000000000e+00,8.110000000000000000e+02,7.070000000000000000e+02,9.060000000000000000e+02,2.000000000000000000e+00,0.000000000000000000e+00
2.239000000000000000e+03,2.606000000000000000e+03,1.033000000000000000e+03,7.820000000000000000e+02,9.820000000000000000e+02,8.210000000000000000e+02,1.140000000000000000e+02,5.130000000000000000e+02,1.038000000000000000e+03,1.400000000000000000e+01,4.790000000000000000e+02,4.340000000000000000e+02,1.529000000000000000e+03,2.577000000000000000e+03,2.200000000000000000e+02,9.100000000000000000e+01,5.780000000000000000e+02,2.182000000000000000e+03,1.937000000000000000e+03,3.700000000000000000e+01,9.110000000000000000e+02,1.036000000000000000e+03,2.153000000000000000e+03,2.179000000000000000e+03,2.000000000000000000e+00,1.066000000000000000e+03,8.460000000000000000e+02,2.200000000000000000e+03,2.590000000000000000e+03,2.663000000000000000e+03,2.150000000000000000e+03,2.138000000000000000e+03,3.750000000000000000e+02,2.253000000000000000e+03,3.200000000000000000e+01,1.188000000000000000e+03,5.900000000000000000e+01,2.186000000000000000e+03,8.880000000000000000e+02,2.694000000000000000e+03,2.150000000000000000e+02,2.450000000000000000e+03,1.920000000000000000e+02,2.540000000000000000e+03,6.600000000000000000e+01,7.440000000000000000e+02,5.400000000000000000e+01,2.300000000000000000e+01,4.680000000000000000e+02,4.380000000000000000e+02,4.830000000000000000e+02,7.110000000000000000e+02,1.004000000000000000e+03,8.800000000000000000e+01,2.320000000000000000e+03,2.228000000000000000e+03,4.600000000000000000e+01,2.151000000000000000e+03,9.720000000000000000e+02,7.160000000000000000e+02,3.740000000000000000e+02,8.290000000000000000e+02,9.380000000000000000e+02,1.588000000000000000e+03,4.880000000000000000e+02,2.226000000000000000e+03,2.042000000000000000e+03,1.710000000000000000e+03,7.560000000000000000e+02,3.480000000000000000e+02,2.451000000000000000e+03,8.580000000000000000e+02,2.177000000000000000e+03,2.005000000000000000e+03,2.800000000000000000e+02,2.334000000000000000e+03,5.050000000000000000e+02,2.658000000000000000e+03,7.770000000000000000e+02,2.641000000000000000e+03,3.487000000000000000e+03,1.209000000000000000e+03,1.212000000000000000e+03,9.040000000000000000e+02,4.820000000000000000e+02,2.556000000000000000e+03,1.806000000000000000e+03,5.660000000000000000e+02,2.329000000000000000e+03,2.631000000000000000e+03,7.240000000000000000e+02,8.150000000000000000e+02,2.723000000000000000e+03,2.328000000000000000e+03,9.400000000000000000e+02,4.120000000000000000e+02,2.020000000000000000e+03,2.577000000000000000e+03,1.140000000000000000e+02,6.300000000000000000e+01,3.640000000000000000e+02,3.400000000000000000e+01,2.749000000000000000e+03,7.160000000000000000e+02,2.383000000000000000e+03,3.470000000000000000e+02,7.020000000000000000e+02,1.940000000000000000e+02,2.683000000000000000e+03,1.242000000000000000e+03,2.218000000000000000e+03,5.080000000000000000e+02,2.471000000000000000e+03,6.000000000000000000e+01,2.291000000000000000e+03,4.390000000000000000e+02,2.096000000000000000e+03,1.033000000000000000e+03,2.555000000000000000e+03,2.568000000000000000e+03,2.300000000000000000e+01,3.583000000000000000e+03,4.770000000000000000e+02,2.723000000000000000e+03,2.635000000000000000e+03,4.460000000000000000e+02,4.200000000000000000e+01,2.663000000000000000e+03,5.100000000000000000e+01,1.024000000000000000e+03,4.700000000000000000e+01,2.060000000000000000e+02,6.400000000000000000e+02,1.870000000000000000e+02,3.390000000000000000e+02,1.690000000000000000e+02,2.537000000000000000e+03,7.540000000000000000e+02,2.282000000000000000e+03,4.570000000000000000e+02,9.360000000000000000e+02,2.626000000000000000e+03,2.272000000000000000e+03,1.098000000000000000e+03,6.500000000000000000e+01,2.600000000000000000e+02,4.120000000000000000e+02,2.536000000000000000e+03,3.880000000000000000e+02,1.066000000000000000e+03,2.237000000000000000e+03,6.070000000000000000e+02,4.460000000000000000e+02,3.398000000000000000e+03,2.600000000000000000e+01,1.530000000000000000e+02,2.767000000000000000e+03,1.700000000000000000e+01,1.013000000000000000e+03,9.950000000000000000e+02,2.629000000000000000e+03,2.222000000000000000e+03,2.070000000000000000e+02,2.636000000000000000e+03,3.700000000000000000e+02,9.200000000000000000e+01,2.544000000000000000e+03,4.700000000000000000e+01,8.100000000000000000e+01,1.758000000000000000e+03,5.300000000000000000e+01,4.090000000000000000e+02,3.120000000000000000e+02,3.492000000000000000e+03,2.716000000000000000e+03,7.920000000000000000e+02,8.100000000000000000e+01,9.430000000000000000e+02,7.890000000000000000e+02,1.050000000000000000e+03,8.930000000000000000e+02,7.740000000000000000e+02,9.840000000000000000e+02,1.055000000000000000e+03,6.720000000000000000e+02,1.117000000000000000e+03,1.900000000000000000e+02,1.500000000000000000e+01,2.751000000000000000e+03,2.536000000000000000e+03,8.090000000000000000e+02,9.380000000000000000e+02,2.799000000000000000e+03,1.260000000000000000e+02,9.560000000000000000e+02,2.749000000000000000e+03,1.060000000000000000e+02,2.156000000000000000e+03,7.900000000000000000e+01,3.100000000000000000e+01,9.290000000000000000e+02,2.270000000000000000e+02,2.610000000000000000e+03,4.940000000000000000e+02,1.012000000000000000e+03,5.600000000000000000e+02,5.360000000000000000e+02,1.900000000000000000e+01,2.188000000000000000e+03,6.480000000000000000e+02,1.995000000000000000e+03,6.650000000000000000e+02,1.875000000000000000e+03,5.900000000000000000e+02,2.735000000000000000e+03,2.365000000000000000e+03,2.203000000000000000e+03,1.890000000000000000e+03,6.300000000000000000e+01,1.228000000000000000e+03,1.127000000000000000e+03,1.186000000000000000e+03,0.000000000000000000e+00,1.171000000000000000e+03,4.840000000000000000e+02,4.700000000000000000e+02,2.507000000000000000e+03,6.680000000000000000e+02,6.730000000000000000e+02,3.407000000000000000e+03,6.940000000000000000e+02,1.668000000000000000e+03,2.670000000000000000e+03,1.020000000000000000e+03,1.300000000000000000e+01,2.120000000000000000e+02,2.437000000000000000e+03,9.150000000000000000e+02,1.134000000000000000e+03,2.561000000000000000e+03,2.707000000000000000e+03,2.587000000000000000e+03,2.433000000000000000e+03,1.152000000000000000e+03,2.430000000000000000e+02,2.689000000000000000e+03,2.674000000000000000e+03,2.270000000000000000e+03,2.667000000000000000e+03,4.100000000000000000e+01,6.300000000000000000e+01,2.210000000000000000e+03,1.500000000000000000e+02,2.526000000000000000e+03,3.640000000000000000e+02,2.890000000000000000e+02,1.080000000000000000e+02,2.000000000000000000e+01,5.050000000000000000e+02,3.350000000000000000e+02,2.332000000000000000e+03,2.724000000000000000e+03,2.758000000000000000e+03,6.800000000000000000e+01,1.186000000000000000e+03
8.140000000000000000e+02,8.950000000000000000e+02,4.350000000000000000e+02,1.630000000000000000e+02,2.800000000000000000e+02,9.100000000000000000e+01,6.000000000000000000e+00,4.100000000000000000e+01,5.440000000000000000e+02,0.000000000000000000e+00,2.900000000000000000e+02,2.620000000000000000e+02,1.080000000000000000e+02,8.560000000000000000e+02,1.190000000000000000e+02,2.500000000000000000e+01,1.300000000000000000e+01,2.790000000000000000e+02,1.360000000000000000e+02,1.000000000000000000e+00,1.640000000000000000e+02,1.250000000000000000e+02,4.110000000000000000e+02,1.229000000000000000e+03,0.000000000000000000e+00,3.800000000000000000e+02,2.310000000000000000e+02,4.970000000000000000e+02,1.032000000000000000e+03,1.236000000000000000e+03,2.280000000000000000e+02,2.980000000000000000e+02,5.800000000000000000e+01,5.650000000000000000e+02,1.000000000000000000e+00,0.000000000000000000e+00,2.000000000000000000e+00,4.650000000000000000e+02,2.250000000000000000e+02,1.422000000000000000e+03,9.700000000000000000e+01,7.980000000000000000e+02,1.200000000000000000e+01,5.520000000000000000e+02,0.000000000000000000e+00,7.500000000000000000e+01,5.000000000000000000e+00,5.000000000000000000e+00,2.100000000000000000e+01,1.580000000000000000e+02,2.810000000000000000e+02,2.600000000000000000e+01,2.540000000000000000e+02,4.000000000000000000e+00,5.000000000000000000e+02,4.040000000000000000e+02,0.000000000000000000e+00,4.960000000000000000e+02,3.450000000000000000e+02,2.140000000000000000e+02,5.200000000000000000e+01,1.130000000000000000e+02,2.350000000000000000e+02,1.720000000000000000e+02,4.800000000000000000e+01,1.435000000000000000e+03,2.570000000000000000e+02,1.540000000000000000e+02,4.800000000000000000e+01,4.700000000000000000e+01,6.530000000000000000e+02,2.630000000000000000e+02,4.430000000000000000e+02,2.540000000000000000e+02,6.000000000000000000e+00,2.640000000000000000e+02,3.200000000000000000e+01,8.850000000000000000e+02,9.500000000000000000e+01,9.340000000000000000e+02,0.000000000000000000e+00,0.000000000000000000e+00,0.000000000000000000e+00,9.600000000000000000e+01,2.850000000000000000e+02,9.840000000000000000e+02,1.600000000000000000e+02,1.600000000000000000e+01,5.130000000000000000e+02,1.381000000000000000e+03,7.900000000000000000e+01,1.270000000000000000e+02,1.426000000000000000e+03,5.060000000000000000e+02,1.280000000000000000e+02,1.520000000000000000e+02,3.830000000000000000e+02,1.283000000000000000e+03,4.000000000000000000e+00,1.000000000000000000e+00,1.200000000000000000e+01,7.000000000000000000e+00,1.203000000000000000e+03,9.300000000000000000e+01,5.530000000000000000e+02,2.300000000000000000e+01,1.780000000000000000e+02,6.000000000000000000e+00,1.282000000000000000e+03,0.000000000000000000e+00,1.146000000000000000e+03,1.300000000000000000e+01,7.200000000000000000e+02,1.100000000000000000e+01,1.532000000000000000e+03,2.350000000000000000e+02,1.261000000000000000e+03,5.390000000000000000e+02,8.340000000000000000e+02,1.081000000000000000e+03,4.000000000000000000e+00,0.000000000000000000e+00,2.630000000000000000e+02,1.371000000000000000e+03,1.205000000000000000e+03,2.800000000000000000e+01,5.000000000000000000e+00,1.227000000000000000e+03,3.000000000000000000e+00,3.510000000000000000e+02,3.000000000000000000e+00,2.000000000000000000e+01,5.000000000000000000e+01,8.000000000000000000e+00,1.000000000000000000e+01,7.000000000000000000e+00,8.420000000000000000e+02,5.100000000000000000e+01,5.260000000000000000e+02,2.250000000000000000e+02,1.970000000000000000e+02,7.310000000000000000e+02,2.580000000000000000e+02,0.000000000000000000e+00,1.000000000000000000e+00,1.500000000000000000e+01,6.000000000000000000e+00,8.470000000000000000e+02,2.800000000000000000e+01,4.380000000000000000e+02,1.011000000000000000e+03,4.100000000000000000e+01,2.590000000000000000e+02,0.000000000000000000e+00,2.000000000000000000e+00,3.000000000000000000e+00,1.433000000000000000e+03,2.000000000000000000e+00,8.000000000000000000e+01,2.760000000000000000e+02,1.081000000000000000e+03,3.670000000000000000e+02,1.290000000000000000e+02,9.320000000000000000e+02,7.200000000000000000e+01,3.000000000000000000e+00,8.020000000000000000e+02,7.000000000000000000e+00,1.000000000000000000e+00,1.310000000000000000e+02,7.000000000000000000e+00,3.300000000000000000e+01,1.400000000000000000e+01,0.000000000000000000e+00,1.218000000000000000e+03,1.890000000000000000e+02,0.000000000000000000e+00,2.380000000000000000e+02,1.020000000000000000e+02,8.800000000000000000e+01,6.900000000000000000e+01,3.100000000000000000e+01,2.880000000000000000e+02,3.540000000000000000e+02,1.120000000000000000e+02,7.230000000000000000e+02,6.000000000000000000e+00,1.000000000000000000e+00,1.376000000000000000e+03,8.460000000000000000e+02,6.200000000000000000e+01,1.290000000000000000e+02,1.607000000000000000e+03,1.900000000000000000e+01,2.230000000000000000e+02,1.111000000000000000e+03,4.000000000000000000e+00,2.890000000000000000e+02,6.000000000000000000e+00,4.000000000000000000e+00,3.430000000000000000e+02,9.600000000000000000e+01,7.480000000000000000e+02,3.000000000000000000e+01,8.000000000000000000e+01,5.600000000000000000e+01,2.200000000000000000e+01,0.000000000000000000e+00,3.330000000000000000e+02,5.300000000000000000e+01,1.850000000000000000e+02,1.580000000000000000e+02,8.100000000000000000e+01,3.000000000000000000e+01,1.455000000000000000e+03,4.660000000000000000e+02,1.393000000000000000e+03,2.470000000000000000e+02,8.000000000000000000e+00,7.000000000000000000e+01,4.340000000000000000e+02,0.000000000000000000e+00,6.500000000000000000e+01,0.000000000000000000e+00,1.190000000000000000e+02,9.000000000000000000e+01,7.660000000000000000e+02,4.900000000000000000e+01,3.400000000000000000e+01,0.000000000000000000e+00,2.500000000000000000e+01,1.550000000000000000e+02,1.311000000000000000e+03,4.480000000000000000e+02,0.000000000000000000e+00,1.500000000000000000e+01,6.710000000000000000e+02,2.430000000000000000e+02,0.000000000000000000e+00,7.140000000000000000e+02,1.384000000000000000e+03,8.720000000000000000e+02,8.320000000000000000e+02,0.000000000000000000e+00,7.000000000000000000e+00,1.232000000000000000e+03,1.124000000000000000e+03,6.230000000000000000e+02,1.132000000000000000e+03,5.000000000000000000e+00,3.000000000000000000e+00,7.580000000000000000e+02,1.200000000000000000e+01,9.230000000000000000e+02,2.000000000000000000e+01,2.700000000000000000e+01,6.000000000000000000e+00,1.000000000000000000e+00,5.700000000000000000e+01,2.000000000000000000e+01,1.384000000000000000e+03,1.272000000000000000e+03,1.508000000000000000e+03,5.000000000000000000e+00,0.000000000000000000e+00
2.140000000000000000e+02,2.410000000000000000e+02,1.230000000000000000e+02,5.200000000000000000e+01,8.100000000000000000e+01,3.800000000000000000e+01,0.000000000000000000e+00,1.300000000000000000e+01,1.430000000000000000e+02,0.000000000000000000e+00,0.000000000000000000e+00,0.000000000000000000e+00,4.400000000000000000e+01,2.340000000000000000e+02,0.000000000000000000e+00,0.000000000000000000e+00,1.600000000000000000e+01,1.100000000000000000e+02,8.200000000000000000e+01,0.000000000000000000e+00,5.200000000000000000e+01,3.900000000000000000e+01,1.250000000000000000e+02,2.770000000000000000e+02,0.000000000000000000e+00,9.000000000000000000e+01,5.700000000000000000e+01,1.430000000000000000e+02,2.700000000000000000e+02,3.360000000000000000e+02,1.000000000000000000e+02,1.250000000000000000e+02,0.000000000000000000e+00,1.640000000000000000e+02,0.000000000000000000e+00,1.300000000000000000e+02,0.000000000000000000e+00,1.420000000000000000e+02,7.000000000000000000e+01,3.000000000000000000e+02,0.000000000000000000e+00,2.450000000000000000e+02,0.000000000000000000e+00,1.960000000000000000e+02,0.000000000000000000e+00,2.800000000000000000e+01,0.000000000000000000e+00,0.000000000000000000e+00,1.400000000000000000e+01,0.000000000000000000e+00,0.000000000000000000e+00,1.800000000000000000e+01,9.300000000000000000e+01,0.000000000000000000e+00,1.550000000000000000e+02,1.780000000000000000e+02,0.000000000000000000e+00,1.680000000000000000e+02,7.700000000000000000e+01,4.400000000000000000e+01,0.000000000000000000e+00,4.100000000000000000e+01,5.800000000000000000e+01,7.100000000000000000e+01,1.800000000000000000e+01,3.080000000000000000e+02,9.100000000000000000e+01,8.300000000000000000e+01,2.800000000000000000e+01,0.000000000000000000e+00,1.840000000000000000e+02,7.100000000000000000e+01,1.220000000000000000e+02,1.400000000000000000e+02,1.500000000000000000e+01,1.100000000000000000e+02,2.100000000000000000e+01,2.740000000000000000e+02,2.800000000000000000e+01,2.520000000000000000e+02,4.430000000000000000e+02,1.030000000000000000e+02,8.900000000000000000e+01,4.500000000000000000e+01,0.000000000000000000e+00,2.520000000000000000e+02,5.100000000000000000e+01,1.900000000000000000e+01,1.430000000000000000e+02,2.930000000000000000e+02,3.300000000000000000e+01,4.100000000000000000e+01,3.450000000000000000e+02,1.570000000000000000e+02,4.700000000000000000e+01,0.000000000000000000e+00,1.410000000000000000e+02,2.980000000000000000e+02,0.000000000000000000e+00,0.000000000000000000e+00,1.500000000000000000e+01,0.000000000000000000e+00,3.100000000000000000e+02,2.500000000000000000e+01,1.850000000000000000e+02,9.000000000000000000e+00,3.800000000000000000e+01,1.000000000000000000e+00,3.150000000000000000e+02,1.360000000000000000e+02,2.770000000000000000e+02,1.700000000000000000e+01,1.970000000000000000e+02,0.000000000000000000e+00,3.240000000000000000e+02,0.000000000000000000e+00,2.730000000000000000e+02,1.110000000000000000e+02,2.910000000000000000e+02,2.850000000000000000e+02,0.000000000000000000e+00,4.180000000000000000e+02,0.000000000000000000e+00,3.360000000000000000e+02,3.610000000000000000e+02,8.000000000000000000e+00,0.000000000000000000e+00,2.920000000000000000e+02,0.000000000000000000e+00,9.800000000000000000e+01,0.000000000000000000e+00,2.600000000000000000e+01,1.500000000000000000e+01,5.000000000000000000e+00,0.000000000000000000e+00,0.000000000000000000e+00,3.320000000000000000e+02,2.000000000000000000e+01,1.750000000000000000e+02,0.000000000000000000e+00,7.800000000000000000e+01,2.280000000000000000e+02,1.030000000000000000e+02,1.040000000000000000e+02,0.000000000000000000e+00,0.000000000000000000e+00,1.100000000000000000e+01,3.230000000000000000e+02,1.200000000000000000e+01,9.900000000000000000e+01,2.700000000000000000e+02,2.000000000000000000e+01,0.000000000000000000e+00,4.340000000000000000e+02,6.000000000000000000e+00,0.000000000000000000e+00,3.210000000000000000e+02,0.000000000000000000e+00,2.900000000000000000e+01,1.040000000000000000e+02,2.960000000000000000e+02,1.600000000000000000e+02,0.000000000000000000e+00,2.750000000000000000e+02,0.000000000000000000e+00,0.000000000000000000e+00,2.840000000000000000e+02,0.000000000000000000e+00,0.000000000000000000e+00,4.800000000000000000e+01,0.000000000000000000e+00,0.000000000000000000e+00,1.000000000000000000e+01,4.380000000000000000e+02,3.030000000000000000e+02,5.500000000000000000e+01,0.000000000000000000e+00,7.700000000000000000e+01,6.600000000000000000e+01,3.700000000000000000e+01,2.300000000000000000e+01,2.100000000000000000e+01,8.800000000000000000e+01,1.120000000000000000e+02,3.600000000000000000e+01,1.130000000000000000e+02,0.000000000000000000e+00,0.000000000000000000e+00,3.660000000000000000e+02,2.190000000000000000e+02,3.300000000000000000e+01,5.600000000000000000e+01,3.530000000000000000e+02,0.000000000000000000e+00,1.020000000000000000e+02,3.280000000000000000e+02,0.000000000000000000e+00,1.200000000000000000e+02,0.000000000000000000e+00,0.000000000000000000e+00,8.600000000000000000e+01,0.000000000000000000e+00,2.210000000000000000e+02,8.000000000000000000e+00,3.100000000000000000e+01,1.900000000000000000e+01,2.600000000000000000e+01,0.000000000000000000e+00,1.260000000000000000e+02,2.700000000000000000e+01,7.700000000000000000e+01,4.800000000000000000e+01,6.200000000000000000e+01,2.300000000000000000e+01,3.210000000000000000e+02,1.490000000000000000e+02,3.570000000000000000e+02,1.150000000000000000e+02,0.000000000000000000e+00,3.200000000000000000e+01,9.200000000000000000e+01,1.120000000000000000e+02,5.100000000000000000e+01,1.190000000000000000e+02,0.000000000000000000e+00,0.000000000000000000e+00,2.020000000000000000e+02,2.200000000000000000e+01,2.500000000000000000e+01,4.330000000000000000e+02,2.600000000000000000e+01,4.200000000000000000e+01,3.170000000000000000e+02,9.900000000000000000e+01,0.000000000000000000e+00,0.000000000000000000e+00,1.860000000000000000e+02,9.100000000000000000e+01,1.390000000000000000e+02,1.870000000000000000e+02,2.930000000000000000e+02,2.550000000000000000e+02,1.920000000000000000e+02,1.230000000000000000e+02,0.000000000000000000e+00,3.130000000000000000e+02,2.870000000000000000e+02,2.070000000000000000e+02,2.810000000000000000e+02,0.000000000000000000e+00,0.000000000000000000e+00,1.900000000000000000e+02,7.000000000000000000e+00,2.200000000000000000e+02,8.000000000000000000e+00,9.000000000000000000e+00,0.000000000000000000e+00,0.000000000000000000e+00,1.400000000000000000e+01,8.000000000000000000e+00,3.090000000000000000e+02,3.210000000000000000e+02,3.230000000000000000e+02,0.000000000000000000e+00,1.220000000000000000e+02
5.920000000000000000e+02,5.740000000000000000e+02,2.220000000000000000e+02,1.240000000000000000e+02,2.730000000000000000e+02,1.000000000000000000e+02,0.000000000000000000e+00,6.500000000000000000e+01,2.630000000000000000e+02,0.000000000000000000e+00,0.000000000000000000e+00,0.000000000000000000e+00,1.570000000000000000e+02,6.700000000000000000e+02,0.000000000000000000e+00,0.000000000000000000e+00,5.100000000000000000e+01,3.500000000000000000e+02,2.630000000000000000e+02,0.000000000000000000e+00,1.280000000000000000e+02,1.220000000000000000e+02,3.520000000000000000e+02,6.810000000000000000e+02,0.000000000000000000e+00,2.510000000000000000e+02,1.680000000000000000e+02,4.220000000000000000e+02,6.940000000000000000e+02,5.910000000000000000e+02,3.270000000000000000e+02,3.470000000000000000e+02,0.000000000000000000e+00,4.200000000000000000e+02,0.000000000000000000e+00,2.710000000000000000e+02,0.000000000000000000e+00,3.860000000000000000e+02,1.750000000000000000e+02,6.990000000000000000e+02,0.000000000000000000e+00,5.250000000000000000e+02,0.000000000000000000e+00,4.730000000000000000e+02,0.000000000000000000e+00,9.000000000000000000e+01,0.000000000000000000e+00,0.000000000000000000e+00,3.700000000000000000e+01,0.000000000000000000e+00,0.000000000000000000e+00,5.900000000000000000e+01,2.020000000000000000e+02,0.000000000000000000e+00,5.030000000000000000e+02,5.100000000000000000e+02,0.000000000000000000e+00,4.460000000000000000e+02,2.340000000000000000e+02,1.360000000000000000e+02,0.000000000000000000e+00,1.170000000000000000e+02,1.670000000000000000e+02,1.860000000000000000e+02,5.000000000000000000e+01,6.650000000000000000e+02,3.150000000000000000e+02,1.970000000000000000e+02,8.800000000000000000e+01,0.000000000000000000e+00,4.800000000000000000e+02,1.610000000000000000e+02,3.900000000000000000e+02,3.070000000000000000e+02,1.600000000000000000e+01,3.640000000000000000e+02,3.400000000000000000e+01,6.010000000000000000e+02,8.300000000000000000e+01,6.120000000000000000e+02,8.960000000000000000e+02,2.460000000000000000e+02,2.910000000000000000e+02,1.550000000000000000e+02,0.000000000000000000e+00,7.700000000000000000e+02,2.330000000000000000e+02,7.000000000000000000e+01,5.000000000000000000e+02,7.240000000000000000e+02,9.300000000000000000e+01,1.150000000000000000e+02,7.160000000000000000e+02,4.430000000000000000e+02,1.280000000000000000e+02,0.000000000000000000e+00,3.770000000000000000e+02,6.670000000000000000e+02,0.000000000000000000e+00,0.000000000000000000e+00,5.200000000000000000e+01,0.000000000000000000e+00,6.410000000000000000e+02,7.900000000000000000e+01,4.480000000000000000e+02,4.100000000000000000e+01,1.220000000000000000e+02,2.500000000000000000e+01,6.920000000000000000e+02,3.000000000000000000e+02,6.290000000000000000e+02,4.100000000000000000e+01,5.020000000000000000e+02,0.000000000000000000e+00,6.900000000000000000e+02,0.000000000000000000e+00,6.870000000000000000e+02,2.450000000000000000e+02,5.690000000000000000e+02,6.690000000000000000e+02,0.000000000000000000e+00,9.280000000000000000e+02,0.000000000000000000e+00,6.710000000000000000e+02,6.650000000000000000e+02,4.600000000000000000e+01,0.000000000000000000e+00,5.940000000000000000e+02,0.000000000000000000e+00,2.280000000000000000e+02,0.000000000000000000e+00,7.200000000000000000e+01,6.800000000000000000e+01,3.000000000000000000e+01,0.000000000000000000e+00,0.000000000000000000e+00,5.560000000000000000e+02,8.900000000000000000e+01,4.720000000000000000e+02,0.000000000000000000e+00,1.740000000000000000e+02,6.220000000000000000e+02,3.460000000000000000e+02,2.850000000000000000e+02,0.000000000000000000e+00,0.000000000000000000e+00,3.800000000000000000e+01,5.340000000000000000e+02,3.300000000000000000e+01,2.750000000000000000e+02,5.900000000000000000e+02,5.500000000000000000e+01,0.000000000000000000e+00,8.950000000000000000e+02,2.300000000000000000e+01,0.000000000000000000e+00,6.700000000000000000e+02,0.000000000000000000e+00,8.700000000000000000e+01,1.990000000000000000e+02,6.230000000000000000e+02,4.920000000000000000e+02,0.000000000000000000e+00,6.120000000000000000e+02,0.000000000000000000e+00,0.000000000000000000e+00,5.430000000000000000e+02,0.000000000000000000e+00,0.000000000000000000e+00,2.250000000000000000e+02,0.000000000000000000e+00,0.000000000000000000e+00,4.000000000000000000e+01,8.690000000000000000e+02,6.710000000000000000e+02,1.650000000000000000e+02,0.000000000000000000e+00,2.370000000000000000e+02,1.260000000000000000e+02,1.340000000000000000e+02,1.100000000000000000e+02,5.500000000000000000e+01,2.130000000000000000e+02,2.630000000000000000e+02,1.380000000000000000e+02,2.990000000000000000e+02,0.000000000000000000e+00,0.000000000000000000e+00,6.820000000000000000e+02,5.440000000000000000e+02,1.130000000000000000e+02,1.500000000000000000e+02,6.930000000000000000e+02,0.000000000000000000e+00,1.960000000000000000e+02,6.140000000000000000e+02,0.000000000000000000e+00,3.340000000000000000e+02,0.000000000000000000e+00,0.000000000000000000e+00,2.020000000000000000e+02,0.000000000000000000e+00,6.770000000000000000e+02,4.300000000000000000e+01,1.080000000000000000e+02,8.600000000000000000e+01,3.500000000000000000e+01,0.000000000000000000e+00,3.680000000000000000e+02,6.900000000000000000e+01,2.680000000000000000e+02,1.320000000000000000e+02,2.440000000000000000e+02,6.700000000000000000e+01,7.210000000000000000e+02,4.930000000000000000e+02,6.910000000000000000e+02,2.730000000000000000e+02,0.000000000000000000e+00,1.340000000000000000e+02,2.670000000000000000e+02,2.710000000000000000e+02,1.780000000000000000e+02,2.930000000000000000e+02,0.000000000000000000e+00,0.000000000000000000e+00,5.070000000000000000e+02,5.700000000000000000e+01,6.800000000000000000e+01,9.220000000000000000e+02,7.000000000000000000e+01,2.320000000000000000e+02,6.750000000000000000e+02,2.580000000000000000e+02,0.000000000000000000e+00,0.000000000000000000e+00,5.270000000000000000e+02,1.880000000000000000e+02,2.650000000000000000e+02,4.760000000000000000e+02,7.160000000000000000e+02,5.640000000000000000e+02,6.290000000000000000e+02,2.520000000000000000e+02,0.000000000000000000e+00,6.170000000000000000e+02,6.190000000000000000e+02,4.530000000000000000e+02,6.560000000000000000e+02,0.000000000000000000e+00,0.000000000000000000e+00,5.070000000000000000e+02,3.500000000000000000e+01,5.810000000000000000e+02,4.600000000000000000e+01,3.700000000000000000e+01,0.000000000000000000e+00,0.000000000000000000e+00,6.400000000000000000e+01,2.600000000000000000e+01,6.840000000000000000e+02,6.690000000000000000e+02,7.290000000000000000e+02,0.000000000000000000e+00,3.140000000000000000e+02
1.118000000000000000e+03,1.094000000000000000e+03,6.010000000000000000e+02,2.850000000000000000e+02,3.670000000000000000e+02,1.920000000000000000e+02,1.200000000000000000e+01,7.900000000000000000e+01,5.930000000000000000e+02,1.000000000000000000e+00,3.100000000000000000e+02,2.850000000000000000e+02,2.220000000000000000e+02,1.193000000000000000e+03,1.510000000000000000e+02,4.800000000000000000e+01,6.300000000000000000e+01,5.200000000000000000e+02,3.960000000000000000e+02,0.000000000000000000e+00,2.570000000000000000e+02,2.120000000000000000e+02,2.480000000000000000e+02,1.446000000000000000e+03,3.000000000000000000e+00,5.450000000000000000e+02,2.970000000000000000e+02,7.490000000000000000e+02,1.338000000000000000e+03,1.395000000000000000e+03,4.450000000000000000e+02,5.080000000000000000e+02,1.230000000000000000e+02,8.880000000000000000e+02,6.000000000000000000e+00,6.500000000000000000e+02,4.000000000000000000e+00,6.970000000000000000e+02,3.190000000000000000e+02,1.602000000000000000e+03,1.050000000000000000e+02,1.155000000000000000e+03,1.400000000000000000e+01,9.710000000000000000e+02,1.600000000000000000e+01,1.550000000000000000e+02,1.000000000000000000e+00,4.000000000000000000e+00,7.300000000000000000e+01,2.220000000000000000e+02,3.040000000000000000e+02,8.000000000000000000e+01,4.380000000000000000e+02,4.000000000000000000e+00,7.550000000000000000e+02,7.470000000000000000e+02,1.400000000000000000e+01,8.290000000000000000e+02,6.780000000000000000e+02,2.340000000000000000e+02,1.190000000000000000e+02,1.360000000000000000e+02,3.660000000000000000e+02,2.610000000000000000e+02,8.500000000000000000e+01,1.703000000000000000e+03,4.710000000000000000e+02,3.510000000000000000e+02,2.800000000000000000e+01,7.000000000000000000e+01,9.160000000000000000e+02,3.310000000000000000e+02,6.790000000000000000e+02,5.250000000000000000e+02,4.600000000000000000e+01,5.160000000000000000e+02,6.900000000000000000e+01,1.315000000000000000e+03,1.380000000000000000e+02,1.470000000000000000e+03,2.464000000000000000e+03,6.560000000000000000e+02,6.870000000000000000e+02,2.480000000000000000e+02,3.070000000000000000e+02,1.283000000000000000e+03,2.800000000000000000e+02,5.600000000000000000e+01,8.280000000000000000e+02,1.607000000000000000e+03,1.460000000000000000e+02,2.010000000000000000e+02,1.512000000000000000e+03,6.790000000000000000e+02,2.160000000000000000e+02,2.270000000000000000e+02,2.390000000000000000e+02,1.267000000000000000e+03,6.000000000000000000e+00,7.000000000000000000e+00,6.700000000000000000e+01,7.000000000000000000e+00,1.417000000000000000e+03,1.030000000000000000e+02,5.700000000000000000e+02,3.000000000000000000e+01,1.960000000000000000e+02,2.400000000000000000e+01,1.613000000000000000e+03,6.530000000000000000e+02,1.410000000000000000e+03,8.400000000000000000e+01,9.640000000000000000e+02,2.000000000000000000e+01,1.615000000000000000e+03,2.940000000000000000e+02,1.435000000000000000e+03,4.670000000000000000e+02,1.138000000000000000e+03,1.394000000000000000e+03,8.000000000000000000e+00,2.452000000000000000e+03,3.340000000000000000e+02,1.564000000000000000e+03,1.443000000000000000e+03,5.900000000000000000e+01,3.000000000000000000e+00,1.438000000000000000e+03,2.000000000000000000e+00,4.650000000000000000e+02,2.000000000000000000e+00,8.300000000000000000e+01,5.700000000000000000e+01,6.000000000000000000e+00,3.000000000000000000e+01,3.400000000000000000e+01,1.187000000000000000e+03,7.400000000000000000e+01,9.140000000000000000e+02,3.060000000000000000e+02,3.350000000000000000e+02,1.087000000000000000e+03,5.040000000000000000e+02,6.760000000000000000e+02,1.000000000000000000e+01,3.500000000000000000e+01,2.800000000000000000e+01,1.203000000000000000e+03,5.900000000000000000e+01,5.790000000000000000e+02,1.344000000000000000e+03,8.100000000000000000e+01,3.040000000000000000e+02,2.434000000000000000e+03,2.200000000000000000e+01,1.900000000000000000e+01,1.606000000000000000e+03,2.000000000000000000e+00,1.490000000000000000e+02,4.380000000000000000e+02,1.389000000000000000e+03,7.320000000000000000e+02,1.500000000000000000e+02,1.181000000000000000e+03,1.180000000000000000e+02,1.600000000000000000e+01,1.054000000000000000e+03,8.000000000000000000e+00,1.600000000000000000e+01,2.790000000000000000e+02,5.000000000000000000e+00,7.400000000000000000e+01,4.000000000000000000e+01,2.439000000000000000e+03,1.535000000000000000e+03,3.260000000000000000e+02,1.300000000000000000e+01,4.490000000000000000e+02,3.060000000000000000e+02,1.660000000000000000e+02,1.300000000000000000e+02,9.000000000000000000e+01,4.320000000000000000e+02,5.230000000000000000e+02,2.280000000000000000e+02,7.300000000000000000e+02,1.800000000000000000e+01,1.000000000000000000e+00,1.578000000000000000e+03,1.186000000000000000e+03,1.560000000000000000e+02,2.910000000000000000e+02,1.748000000000000000e+03,1.500000000000000000e+01,3.630000000000000000e+02,1.435000000000000000e+03,1.600000000000000000e+01,5.650000000000000000e+02,1.300000000000000000e+01,1.000000000000000000e+00,4.250000000000000000e+02,1.390000000000000000e+02,1.081000000000000000e+03,6.600000000000000000e+01,2.000000000000000000e+01,4.300000000000000000e+01,6.500000000000000000e+01,4.000000000000000000e+00,5.700000000000000000e+02,1.160000000000000000e+02,4.460000000000000000e+02,3.160000000000000000e+02,2.010000000000000000e+02,9.700000000000000000e+01,1.539000000000000000e+03,7.490000000000000000e+02,1.606000000000000000e+03,2.310000000000000000e+02,2.000000000000000000e+00,1.490000000000000000e+02,5.930000000000000000e+02,6.890000000000000000e+02,2.420000000000000000e+02,6.490000000000000000e+02,2.060000000000000000e+02,1.550000000000000000e+02,0.000000000000000000e+00,1.190000000000000000e+02,1.050000000000000000e+02,2.395000000000000000e+03,9.600000000000000000e+01,2.850000000000000000e+02,1.502000000000000000e+03,6.720000000000000000e+02,1.000000000000000000e+00,2.500000000000000000e+01,1.020000000000000000e+03,4.180000000000000000e+02,6.310000000000000000e+02,9.950000000000000000e+02,1.550000000000000000e+03,1.391000000000000000e+03,1.079000000000000000e+03,6.880000000000000000e+02,2.500000000000000000e+01,1.385000000000000000e+03,1.435000000000000000e+03,8.760000000000000000e+02,1.310000000000000000e+03,1.100000000000000000e+01,1.100000000000000000e+01,1.191000000000000000e+03,3.200000000000000000e+01,8.250000000000000000e+02,6.200000000000000000e+01,3.200000000000000000e+01,8.000000000000000000e+00,4.000000000000000000e+00,2.000000000000000000e+01,1.300000000000000000e+01,1.529000000000000000e+03,1.564000000000000000e+03,1.735000000000000000e+03,1.200000000000000000e+01,6.660000000000000000e+02
6.140000000000000000e+02,6.150000000000000000e+02,1.470000000000000000e+02,1.060000000000000000e+02,1.410000000000000000e+02,9.800000000000000000e+01,1.700000000000000000e+01,7.700000000000000000e+01,1.730000000000000000e+02,2.000000000000000000e+00,1.060000000000000000e+02,8.700000000000000000e+01,3.060000000000000000e+02,6.350000000000000000e+02,4.400000000000000000e+01,1.100000000000000000e+01,8.100000000000000000e+01,5.450000000000000000e+02,5.570000000000000000e+02,1.100000000000000000e+01,1.350000000000000000e+02,9.000000000000000000e+01,4.780000000000000000e+02,6.580000000000000000e+02,3.000000000000000000e+00,1.510000000000000000e+02,1.280000000000000000e+02,5.050000000000000000e+02,6.340000000000000000e+02,6.210000000000000000e+02,4.540000000000000000e+02,4.430000000000000000e+02,7.200000000000000000e+01,5.070000000000000000e+02,5.000000000000000000e+00,2.610000000000000000e+02,1.600000000000000000e+01,4.670000000000000000e+02,1.390000000000000000e+02,6.030000000000000000e+02,5.700000000000000000e+01,5.870000000000000000e+02,5.100000000000000000e+01,5.670000000000000000e+02,1.300000000000000000e+01,1.020000000000000000e+02,1.100000000000000000e+01,2.000000000000000000e+01,4.200000000000000000e+01,7.200000000000000000e+01,1.010000000000000000e+02,8.300000000000000000e+01,1.310000000000000000e+02,2.500000000000000000e+01,5.470000000000000000e+02,6.240000000000000000e+02,1.000000000000000000e+00,5.180000000000000000e+02,1.190000000000000000e+02,9.600000000000000000e+01,8.100000000000000000e+01,9.100000000000000000e+01,1.400000000000000000e+02,3.530000000000000000e+02,5.300000000000000000e+01,6.530000000000000000e+02,4.550000000000000000e+02,4.780000000000000000e+02,2.010000000000000000e+02,7.100000000000000000e+01,4.970000000000000000e+02,1.280000000000000000e+02,4.880000000000000000e+02,4.990000000000000000e+02,1.600000000000000000e+01,5.050000000000000000e+02,7.500000000000000000e+01,5.910000000000000000e+02,1.020000000000000000e+02,5.880000000000000000e+02,7.590000000000000000e+02,2.320000000000000000e+02,2.640000000000000000e+02,1.110000000000000000e+02,9.800000000000000000e+01,6.310000000000000000e+02,3.830000000000000000e+02,7.500000000000000000e+01,5.750000000000000000e+02,6.620000000000000000e+02,7.700000000000000000e+01,1.450000000000000000e+02,6.560000000000000000e+02,5.080000000000000000e+02,1.150000000000000000e+02,9.400000000000000000e+01,5.040000000000000000e+02,6.480000000000000000e+02,2.200000000000000000e+01,1.400000000000000000e+01,6.000000000000000000e+01,1.800000000000000000e+01,6.130000000000000000e+02,9.700000000000000000e+01,4.960000000000000000e+02,6.300000000000000000e+01,1.030000000000000000e+02,4.000000000000000000e+01,6.260000000000000000e+02,2.800000000000000000e+02,5.790000000000000000e+02,7.000000000000000000e+01,5.820000000000000000e+02,2.200000000000000000e+01,6.610000000000000000e+02,9.500000000000000000e+01,6.210000000000000000e+02,1.510000000000000000e+02,5.590000000000000000e+02,5.920000000000000000e+02,2.200000000000000000e+01,8.330000000000000000e+02,1.090000000000000000e+02,6.550000000000000000e+02,6.130000000000000000e+02,6.400000000000000000e+01,1.300000000000000000e+01,5.950000000000000000e+02,1.100000000000000000e+01,1.670000000000000000e+02,1.600000000000000000e+01,1.650000000000000000e+02,8.500000000000000000e+01,3.700000000000000000e+01,5.700000000000000000e+01,2.800000000000000000e+01,6.060000000000000000e+02,1.670000000000000000e+02,5.350000000000000000e+02,1.000000000000000000e+02,1.330000000000000000e+02,6.340000000000000000e+02,5.280000000000000000e+02,2.780000000000000000e+02,1.100000000000000000e+01,5.900000000000000000e+01,5.000000000000000000e+01,6.110000000000000000e+02,6.400000000000000000e+01,1.780000000000000000e+02,5.980000000000000000e+02,1.090000000000000000e+02,1.030000000000000000e+02,7.200000000000000000e+02,1.500000000000000000e+01,1.100000000000000000e+01,6.480000000000000000e+02,1.000000000000000000e+00,1.100000000000000000e+02,1.610000000000000000e+02,5.540000000000000000e+02,5.050000000000000000e+02,4.500000000000000000e+01,5.860000000000000000e+02,1.080000000000000000e+02,3.200000000000000000e+01,5.760000000000000000e+02,8.000000000000000000e+00,9.000000000000000000e+00,3.740000000000000000e+02,1.200000000000000000e+01,5.300000000000000000e+01,5.400000000000000000e+01,7.370000000000000000e+02,6.050000000000000000e+02,1.240000000000000000e+02,1.600000000000000000e+01,1.440000000000000000e+02,1.090000000000000000e+02,2.330000000000000000e+02,1.090000000000000000e+02,8.900000000000000000e+01,1.310000000000000000e+02,1.520000000000000000e+02,9.200000000000000000e+01,1.520000000000000000e+02,5.200000000000000000e+01,6.000000000000000000e+00,6.360000000000000000e+02,6.190000000000000000e+02,8.300000000000000000e+01,1.210000000000000000e+02,7.030000000000000000e+02,1.900000000000000000e+01,1.410000000000000000e+02,5.960000000000000000e+02,1.800000000000000000e+01,5.880000000000000000e+02,1.900000000000000000e+01,8.000000000000000000e+00,1.380000000000000000e+02,3.600000000000000000e+01,6.780000000000000000e+02,7.300000000000000000e+01,2.260000000000000000e+02,8.000000000000000000e+01,7.400000000000000000e+01,2.000000000000000000e+00,4.680000000000000000e+02,1.100000000000000000e+02,3.710000000000000000e+02,1.010000000000000000e+02,3.570000000000000000e+02,9.500000000000000000e+01,6.390000000000000000e+02,5.910000000000000000e+02,6.610000000000000000e+02,4.220000000000000000e+02,2.100000000000000000e+01,2.880000000000000000e+02,1.410000000000000000e+02,2.360000000000000000e+02,2.890000000000000000e+02,2.630000000000000000e+02,9.800000000000000000e+01,8.500000000000000000e+01,5.590000000000000000e+02,0.000000000000000000e+00,1.140000000000000000e+02,7.470000000000000000e+02,8.800000000000000000e+01,3.860000000000000000e+02,6.030000000000000000e+02,1.590000000000000000e+02,0.000000000000000000e+00,3.800000000000000000e+01,5.510000000000000000e+02,1.330000000000000000e+02,2.740000000000000000e+02,5.610000000000000000e+02,6.670000000000000000e+02,6.100000000000000000e+02,6.760000000000000000e+02,2.350000000000000000e+02,3.800000000000000000e+01,6.620000000000000000e+02,6.460000000000000000e+02,5.180000000000000000e+02,6.590000000000000000e+02,9.000000000000000000e+00,1.300000000000000000e+01,5.440000000000000000e+02,4.700000000000000000e+01,5.560000000000000000e+02,5.800000000000000000e+01,4.200000000000000000e+01,2.800000000000000000e+01,3.000000000000000000e+00,8.000000000000000000e+01,5.700000000000000000e+01,6.180000000000000000e+02,6.690000000000000000e+02,6.570000000000000000e+02,6.000000000000000000e+00,2.810000000000000000e+02
4.770000000000000000e+02,4.600000000000000000e+02,9.500000000000000000e+01,7.700000000000000000e+01,9.400000000000000000e+01,6.400000000000000000e+01,1.700000000000000000e+01,4.800000000000000000e+01,1.030000000000000000e+02,2.000000000000000000e+00,7.400000000000000000e+01,6.700000000000000000e+01,2.240000000000000000e+02,4.520000000000000000e+02,3.600000000000000000e+01,8.000000000000000000e+00,6.200000000000000000e+01,3.380000000000000000e+02,2.710000000000000000e+02,6.000000000000000000e+00,9.700000000000000000e+01,1.060000000000000000e+02,4.020000000000000000e+02,4.790000000000000000e+02,4.000000000000000000e+00,1.080000000000000000e+02,8.200000000000000000e+01,3.930000000000000000e+02,4.660000000000000000e+02,4.530000000000000000e+02,3.520000000000000000e+02,3.680000000000000000e+02,5.000000000000000000e+01,4.130000000000000000e+02,6.000000000000000000e+00,1.800000000000000000e+02,8.000000000000000000e+00,3.810000000000000000e+02,9.900000000000000000e+01,4.320000000000000000e+02,2.700000000000000000e+01,4.070000000000000000e+02,3.300000000000000000e+01,4.100000000000000000e+02,1.700000000000000000e+01,7.200000000000000000e+01,9.000000000000000000e+00,1.100000000000000000e+01,3.200000000000000000e+01,5.100000000000000000e+01,7.300000000000000000e+01,8.000000000000000000e+01,1.200000000000000000e+02,9.000000000000000000e+00,3.970000000000000000e+02,3.830000000000000000e+02,1.400000000000000000e+01,3.820000000000000000e+02,1.140000000000000000e+02,7.700000000000000000e+01,6.000000000000000000e+01,8.700000000000000000e+01,1.130000000000000000e+02,2.270000000000000000e+02,4.100000000000000000e+01,4.670000000000000000e+02,3.460000000000000000e+02,2.450000000000000000e+02,1.460000000000000000e+02,5.300000000000000000e+01,4.190000000000000000e+02,9.100000000000000000e+01,4.230000000000000000e+02,3.300000000000000000e+02,2.500000000000000000e+01,5.090000000000000000e+02,4.700000000000000000e+01,4.900000000000000000e+02,8.900000000000000000e+01,4.300000000000000000e+02,5.110000000000000000e+02,1.860000000000000000e+02,2.020000000000000000e+02,1.020000000000000000e+02,6.400000000000000000e+01,4.130000000000000000e+02,2.740000000000000000e+02,6.500000000000000000e+01,4.320000000000000000e+02,3.940000000000000000e+02,8.200000000000000000e+01,1.180000000000000000e+02,4.280000000000000000e+02,4.550000000000000000e+02,6.400000000000000000e+01,5.900000000000000000e+01,3.870000000000000000e+02,4.700000000000000000e+02,2.000000000000000000e+01,1.100000000000000000e+01,3.500000000000000000e+01,1.300000000000000000e+01,4.670000000000000000e+02,8.000000000000000000e+01,4.060000000000000000e+02,2.900000000000000000e+01,7.700000000000000000e+01,2.500000000000000000e+01,4.390000000000000000e+02,1.790000000000000000e+02,4.390000000000000000e+02,5.200000000000000000e+01,4.630000000000000000e+02,1.300000000000000000e+01,4.340000000000000000e+02,8.600000000000000000e+01,4.490000000000000000e+02,1.150000000000000000e+02,4.520000000000000000e+02,4.240000000000000000e+02,1.000000000000000000e+01,4.890000000000000000e+02,7.600000000000000000e+01,4.560000000000000000e+02,4.360000000000000000e+02,4.400000000000000000e+01,7.000000000000000000e+00,4.740000000000000000e+02,1.000000000000000000e+01,1.160000000000000000e+02,8.000000000000000000e+00,9.000000000000000000e+01,6.300000000000000000e+01,2.100000000000000000e+01,3.800000000000000000e+01,1.900000000000000000e+01,4.860000000000000000e+02,8.800000000000000000e+01,4.090000000000000000e+02,8.000000000000000000e+01,1.140000000000000000e+02,4.340000000000000000e+02,5.190000000000000000e+02,1.990000000000000000e+02,1.200000000000000000e+01,2.800000000000000000e+01,2.100000000000000000e+01,4.220000000000000000e+02,4.200000000000000000e+01,1.190000000000000000e+02,4.670000000000000000e+02,4.500000000000000000e+01,8.800000000000000000e+01,5.100000000000000000e+02,2.000000000000000000e+01,1.700000000000000000e+01,4.600000000000000000e+02,1.000000000000000000e+00,7.000000000000000000e+01,1.070000000000000000e+02,4.500000000000000000e+02,3.650000000000000000e+02,2.800000000000000000e+01,4.420000000000000000e+02,6.700000000000000000e+01,1.900000000000000000e+01,4.090000000000000000e+02,5.000000000000000000e+00,1.000000000000000000e+01,2.410000000000000000e+02,1.200000000000000000e+01,4.500000000000000000e+01,2.800000000000000000e+01,5.150000000000000000e+02,4.420000000000000000e+02,7.800000000000000000e+01,9.000000000000000000e+00,9.300000000000000000e+01,7.000000000000000000e+01,1.450000000000000000e+02,7.300000000000000000e+01,6.000000000000000000e+01,9.700000000000000000e+01,1.070000000000000000e+02,5.700000000000000000e+01,1.040000000000000000e+02,2.600000000000000000e+01,2.000000000000000000e+00,4.380000000000000000e+02,4.400000000000000000e+02,7.700000000000000000e+01,1.050000000000000000e+02,4.350000000000000000e+02,1.700000000000000000e+01,1.120000000000000000e+02,4.420000000000000000e+02,1.000000000000000000e+01,3.670000000000000000e+02,1.500000000000000000e+01,3.000000000000000000e+00,9.400000000000000000e+01,2.700000000000000000e+01,4.670000000000000000e+02,5.400000000000000000e+01,1.820000000000000000e+02,5.900000000000000000e+01,4.300000000000000000e+01,1.000000000000000000e+00,3.870000000000000000e+02,6.600000000000000000e+01,2.950000000000000000e+02,7.300000000000000000e+01,2.950000000000000000e+02,4.400000000000000000e+01,4.530000000000000000e+02,3.990000000000000000e+02,4.290000000000000000e+02,3.430000000000000000e+02,5.000000000000000000e+00,1.930000000000000000e+02,1.120000000000000000e+02,1.560000000000000000e+02,2.030000000000000000e+02,2.100000000000000000e+02,8.100000000000000000e+01,6.200000000000000000e+01,4.410000000000000000e+02,4.700000000000000000e+01,0.000000000000000000e+00,5.370000000000000000e+02,5.400000000000000000e+01,2.460000000000000000e+02,4.340000000000000000e+02,1.070000000000000000e+02,0.000000000000000000e+00,2.500000000000000000e+01,4.490000000000000000e+02,1.060000000000000000e+02,1.970000000000000000e+02,4.330000000000000000e+02,4.670000000000000000e+02,4.350000000000000000e+02,4.520000000000000000e+02,2.210000000000000000e+02,2.900000000000000000e+01,4.410000000000000000e+02,4.590000000000000000e+02,4.260000000000000000e+02,4.660000000000000000e+02,8.000000000000000000e+00,1.000000000000000000e+01,4.120000000000000000e+02,3.200000000000000000e+01,4.360000000000000000e+02,3.600000000000000000e+01,2.500000000000000000e+01,1.600000000000000000e+01,4.000000000000000000e+00,5.600000000000000000e+01,4.000000000000000000e+01,5.050000000000000000e+02,4.350000000000000000e+02,4.310000000000000000e+02,1.000000000000000000e+01,1.980000000000000000e+02
5.800000000000000000e+01,1.010000000000000000e+02,4.300000000000000000e+01,2.500000000000000000e+01,2.600000000000000000e+01,2.000000000000000000e+00,0.000000000000000000e+00,3.000000000000000000e+00,7.100000000000000000e+01,0.000000000000000000e+00,6.300000000000000000e+01,2.000000000000000000e+01,6.000000000000000000e+00,6.100000000000000000e+01,3.200000000000000000e+01,0.000000000000000000e+00,4.000000000000000000e+00,1.500000000000000000e+01,1.300000000000000000e+01,0.000000000000000000e+00,5.000000000000000000e+00,4.000000000000000000e+00,1.900000000000000000e+01,1.160000000000000000e+02,0.000000000000000000e+00,7.000000000000000000e+01,2.200000000000000000e+01,4.900000000000000000e+01,1.250000000000000000e+02,1.370000000000000000e+02,1.900000000000000000e+01,2.700000000000000000e+01,3.000000000000000000e+00,2.600000000000000000e+01,0.000000000000000000e+00,0.000000000000000000e+00,0.000000000000000000e+00,3.400000000000000000e+01,1.800000000000000000e+01,2.360000000000000000e+02,6.000000000000000000e+00,7.800000000000000000e+01,2.000000000000000000e+00,3.700000000000000000e+01,0.000000000000000000e+00,1.300000000000000000e+01,0.000000000000000000e+00,0.000000000000000000e+00,5.000000000000000000e+00,8.000000000000000000e+00,3.300000000000000000e+01,2.000000000000000000e+00,1.700000000000000000e+01,0.000000000000000000e+00,2.900000000000000000e+01,3.600000000000000000e+01,0.000000000000000000e+00,2.700000000000000000e+01,1.700000000000000000e+01,1.400000000000000000e+01,0.000000000000000000e+00,3.000000000000000000e+00,2.800000000000000000e+01,8.000000000000000000e+00,1.000000000000000000e+00,1.680000000000000000e+02,9.000000000000000000e+00,8.000000000000000000e+00,3.000000000000000000e+00,1.000000000000000000e+00,7.300000000000000000e+01,4.200000000000000000e+01,1.600000000000000000e+01,1.500000000000000000e+01,1.000000000000000000e+00,3.000000000000000000e+00,0.000000000000000000e+00,3.700000000000000000e+01,7.000000000000000000e+00,1.000000000000000000e+02,0.000000000000000000e+00,0.000000000000000000e+00,0.000000000000000000e+00,0.000000000000000000e+00,4.700000000000000000e+01,8.800000000000000000e+01,8.000000000000000000e+00,1.000000000000000000e+00,2.300000000000000000e+01,1.450000000000000000e+02,1.300000000000000000e+01,5.000000000000000000e+00,1.760000000000000000e+02,3.300000000000000000e+01,6.000000000000000000e+00,1.700000000000000000e+01,2.200000000000000000e+01,1.500000000000000000e+02,0.000000000000000000e+00,1.000000000000000000e+00,0.000000000000000000e+00,0.000000000000000000e+00,1.800000000000000000e+02,2.000000000000000000e+00,4.700000000000000000e+01,2.000000000000000000e+00,1.600000000000000000e+01,1.000000000000000000e+00,1.720000000000000000e+02,0.000000000000000000e+00,8.000000000000000000e+01,1.000000000000000000e+00,4.500000000000000000e+01,0.000000000000000000e+00,2.230000000000000000e+02,2.700000000000000000e+01,1.210000000000000000e+02,7.700000000000000000e+01,7.300000000000000000e+01,1.180000000000000000e+02,0.000000000000000000e+00,0.000000000000000000e+00,4.500000000000000000e+01,1.830000000000000000e+02,1.560000000000000000e+02,3.000000000000000000e+00,0.000000000000000000e+00,2.000000000000000000e+02,0.000000000000000000e+00,2.800000000000000000e+01,0.000000000000000000e+00,0.000000000000000000e+00,4.000000000000000000e+00,3.000000000000000000e+00,2.000000000000000000e+00,1.000000000000000000e+00,6.300000000000000000e+01,2.000000000000000000e+00,2.900000000000000000e+01,2.200000000000000000e+01,1.700000000000000000e+01,3.200000000000000000e+01,7.000000000000000000e+00,0.000000000000000000e+00,0.000000000000000000e+00,1.000000000000000000e+00,0.000000000000000000e+00,4.700000000000000000e+01,0.000000000000000000e+00,3.200000000000000000e+01,6.500000000000000000e+01,3.000000000000000000e+00,5.800000000000000000e+01,0.000000000000000000e+00,0.000000000000000000e+00,0.000000000000000000e+00,2.520000000000000000e+02,0.000000000000000000e+00,2.000000000000000000e+00,9.000000000000000000e+00,1.130000000000000000e+02,3.200000000000000000e+01,3.200000000000000000e+01,9.300000000000000000e+01,3.000000000000000000e+00,0.000000000000000000e+00,5.200000000000000000e+01,0.000000000000000000e+00,1.000000000000000000e+00,7.000000000000000000e+00,0.000000000000000000e+00,1.000000000000000000e+00,0.000000000000000000e+00,0.000000000000000000e+00,1.800000000000000000e+02,1.600000000000000000e+01,0.000000000000000000e+00,2.100000000000000000e+01,2.700000000000000000e+01,5.000000000000000000e+00,3.000000000000000000e+00,2.000000000000000000e+00,2.600000000000000000e+01,3.600000000000000000e+01,1.300000000000000000e+01,7.100000000000000000e+01,2.000000000000000000e+00,0.000000000000000000e+00,1.880000000000000000e+02,7.700000000000000000e+01,1.000000000000000000e+00,4.000000000000000000e+00,2.920000000000000000e+02,2.000000000000000000e+00,9.000000000000000000e+00,1.150000000000000000e+02,0.000000000000000000e+00,3.300000000000000000e+01,0.000000000000000000e+00,0.000000000000000000e+00,4.200000000000000000e+01,1.300000000000000000e+01,4.700000000000000000e+01,5.000000000000000000e+00,4.000000000000000000e+00,3.000000000000000000e+00,0.000000000000000000e+00,0.000000000000000000e+00,2.100000000000000000e+01,3.000000000000000000e+00,1.200000000000000000e+01,2.000000000000000000e+01,3.000000000000000000e+00,5.000000000000000000e+00,2.360000000000000000e+02,4.100000000000000000e+01,1.720000000000000000e+02,2.400000000000000000e+01,0.000000000000000000e+00,4.000000000000000000e+00,3.200000000000000000e+01,0.000000000000000000e+00,7.000000000000000000e+00,0.000000000000000000e+00,1.000000000000000000e+01,1.100000000000000000e+01,5.600000000000000000e+01,4.000000000000000000e+00,0.000000000000000000e+00,0.000000000000000000e+00,0.000000000000000000e+00,5.000000000000000000e+00,1.570000000000000000e+02,4.600000000000000000e+01,0.000000000000000000e+00,3.000000000000000000e+00,5.800000000000000000e+01,9.000000000000000000e+00,0.000000000000000000e+00,4.700000000000000000e+01,1.950000000000000000e+02,7.100000000000000000e+01,5.600000000000000000e+01,0.000000000000000000e+00,0.000000000000000000e+00,1.790000000000000000e+02,1.300000000000000000e+02,4.300000000000000000e+01,9.000000000000000000e+01,0.000000000000000000e+00,0.000000000000000000e+00,5.800000000000000000e+01,0.000000000000000000e+00,6.800000000000000000e+01,4.000000000000000000e+00,6.000000000000000000e+00,0.000000000000000000e+00,0.000000000000000000e+00,3.000000000000000000e+00,0.000000000000000000e+00,1.320000000000000000e+02,1.740000000000000000e+02,2.630000000000000000e+02,0.000000000000000000e+00,0.000000000000000000e+00
7.420000000000000000e+02,7.110000000000000000e+02,2.100000000000000000e+02,1.380000000000000000e+02,2.170000000000000000e+02,1.360000000000000000e+02,1.800000000000000000e+01,1.060000000000000000e+02,1.680000000000000000e+02,1.000000000000000000e+00,1.170000000000000000e+02,1.380000000000000000e+02,4.290000000000000000e+02,8.220000000000000000e+02,7.000000000000000000e+01,2.500000000000000000e+01,1.120000000000000000e+02,7.710000000000000000e+02,7.320000000000000000e+02,1.200000000000000000e+01,1.500000000000000000e+02,1.530000000000000000e+02,6.190000000000000000e+02,7.940000000000000000e+02,7.000000000000000000e+00,1.930000000000000000e+02,1.780000000000000000e+02,6.920000000000000000e+02,8.520000000000000000e+02,8.320000000000000000e+02,5.870000000000000000e+02,6.070000000000000000e+02,8.700000000000000000e+01,6.720000000000000000e+02,9.000000000000000000e+00,3.680000000000000000e+02,1.500000000000000000e+01,6.990000000000000000e+02,1.590000000000000000e+02,7.970000000000000000e+02,5.600000000000000000e+01,7.140000000000000000e+02,6.600000000000000000e+01,6.890000000000000000e+02,2.600000000000000000e+01,1.450000000000000000e+02,1.800000000000000000e+01,1.600000000000000000e+01,1.010000000000000000e+02,1.480000000000000000e+02,1.270000000000000000e+02,1.310000000000000000e+02,2.070000000000000000e+02,2.800000000000000000e+01,8.080000000000000000e+02,8.340000000000000000e+02,6.000000000000000000e+00,6.770000000000000000e+02,1.880000000000000000e+02,1.510000000000000000e+02,1.000000000000000000e+02,1.340000000000000000e+02,1.700000000000000000e+02,4.470000000000000000e+02,9.000000000000000000e+01,8.090000000000000000e+02,6.320000000000000000e+02,7.750000000000000000e+02,2.660000000000000000e+02,8.300000000000000000e+01,7.530000000000000000e+02,1.890000000000000000e+02,6.850000000000000000e+02,7.590000000000000000e+02,5.600000000000000000e+01,6.840000000000000000e+02,1.020000000000000000e+02,8.710000000000000000e+02,1.430000000000000000e+02,8.070000000000000000e+02,1.011000000000000000e+03,3.620000000000000000e+02,3.500000000000000000e+02,1.660000000000000000e+02,1.380000000000000000e+02,8.250000000000000000e+02,5.480000000000000000e+02,1.130000000000000000e+02,8.000000000000000000e+02,8.450000000000000000e+02,1.170000000000000000e+02,1.670000000000000000e+02,8.320000000000000000e+02,6.460000000000000000e+02,1.580000000000000000e+02,1.360000000000000000e+02,6.230000000000000000e+02,8.250000000000000000e+02,2.800000000000000000e+01,2.400000000000000000e+01,7.700000000000000000e+01,2.400000000000000000e+01,7.970000000000000000e+02,1.310000000000000000e+02,7.420000000000000000e+02,8.000000000000000000e+01,1.300000000000000000e+02,4.100000000000000000e+01,8.280000000000000000e+02,3.550000000000000000e+02,8.280000000000000000e+02,1.070000000000000000e+02,7.580000000000000000e+02,2.500000000000000000e+01,9.290000000000000000e+02,1.310000000000000000e+02,7.930000000000000000e+02,1.790000000000000000e+02,7.670000000000000000e+02,8.550000000000000000e+02,2.000000000000000000e+01,9.900000000000000000e+02,1.090000000000000000e+02,8.100000000000000000e+02,7.640000000000000000e+02,7.900000000000000000e+01,1.500000000000000000e+01,8.150000000000000000e+02,2.000000000000000000e+01,1.800000000000000000e+02,1.900000000000000000e+01,2.170000000000000000e+02,1.470000000000000000e+02,5.600000000000000000e+01,5.700000000000000000e+01,3.600000000000000000e+01,7.690000000000000000e+02,2.410000000000000000e+02,7.590000000000000000e+02,1.180000000000000000e+02,1.690000000000000000e+02,8.320000000000000000e+02,6.550000000000000000e+02,3.590000000000000000e+02,1.600000000000000000e+01,1.090000000000000000e+02,7.400000000000000000e+01,7.630000000000000000e+02,9.300000000000000000e+01,2.070000000000000000e+02,8.030000000000000000e+02,1.710000000000000000e+02,1.290000000000000000e+02,9.500000000000000000e+02,3.600000000000000000e+01,2.600000000000000000e+01,8.200000000000000000e+02,1.000000000000000000e+00,1.670000000000000000e+02,1.670000000000000000e+02,8.000000000000000000e+02,8.110000000000000000e+02,7.000000000000000000e+01,7.560000000000000000e+02,1.260000000000000000e+02,3.200000000000000000e+01,7.730000000000000000e+02,2.100000000000000000e+01,1.000000000000000000e+01,5.010000000000000000e+02,2.300000000000000000e+01,6.900000000000000000e+01,8.300000000000000000e+01,9.910000000000000000e+02,8.190000000000000000e+02,1.530000000000000000e+02,3.400000000000000000e+01,1.630000000000000000e+02,1.460000000000000000e+02,3.410000000000000000e+02,1.290000000000000000e+02,1.150000000000000000e+02,1.900000000000000000e+02,2.010000000000000000e+02,1.340000000000000000e+02,2.430000000000000000e+02,6.800000000000000000e+01,5.000000000000000000e+00,8.540000000000000000e+02,7.680000000000000000e+02,1.250000000000000000e+02,1.510000000000000000e+02,8.150000000000000000e+02,3.100000000000000000e+01,2.090000000000000000e+02,8.680000000000000000e+02,3.200000000000000000e+01,7.980000000000000000e+02,3.000000000000000000e+01,7.000000000000000000e+00,1.590000000000000000e+02,5.200000000000000000e+01,8.420000000000000000e+02,9.500000000000000000e+01,3.600000000000000000e+02,1.240000000000000000e+02,1.130000000000000000e+02,3.000000000000000000e+00,6.120000000000000000e+02,1.610000000000000000e+02,5.890000000000000000e+02,1.310000000000000000e+02,5.550000000000000000e+02,1.340000000000000000e+02,8.780000000000000000e+02,7.980000000000000000e+02,8.590000000000000000e+02,6.060000000000000000e+02,1.500000000000000000e+01,4.040000000000000000e+02,1.920000000000000000e+02,3.360000000000000000e+02,4.380000000000000000e+02,3.750000000000000000e+02,1.400000000000000000e+02,1.200000000000000000e+02,6.770000000000000000e+02,1.720000000000000000e+02,1.120000000000000000e+02,9.770000000000000000e+02,0.000000000000000000e+00,5.210000000000000000e+02,7.920000000000000000e+02,2.100000000000000000e+02,0.000000000000000000e+00,4.700000000000000000e+01,7.000000000000000000e+02,1.880000000000000000e+02,3.280000000000000000e+02,7.240000000000000000e+02,8.850000000000000000e+02,7.960000000000000000e+02,8.110000000000000000e+02,3.090000000000000000e+02,4.900000000000000000e+01,7.780000000000000000e+02,7.930000000000000000e+02,6.920000000000000000e+02,8.770000000000000000e+02,9.000000000000000000e+00,1.500000000000000000e+01,7.510000000000000000e+02,6.300000000000000000e+01,7.310000000000000000e+02,7.900000000000000000e+01,6.900000000000000000e+01,3.800000000000000000e+01,8.000000000000000000e+00,9.900000000000000000e+01,4.500000000000000000e+01,8.000000000000000000e+02,8.120000000000000000e+02,8.660000000000000000e+02,1.200000000000000000e+01,3.110000000000000000e+02
2.219000000000000000e+03,2.318000000000000000e+03,9.730000000000000000e+02,6.650000000000000000e+02,8.960000000000000000e+02,8.660000000000000000e+02,5.500000000000000000e+01,3.960000000000000000e+02,9.530000000000000000e+02,0.000000000000000000e+00,4.530000000000000000e+02,3.980000000000000000e+02,8.980000000000000000e+02,2.300000000000000000e+03,2.180000000000000000e+02,6.900000000000000000e+01,4.590000000000000000e+02,1.864000000000000000e+03,1.489000000000000000e+03,3.600000000000000000e+01,7.470000000000000000e+02,7.370000000000000000e+02,1.861000000000000000e+03,2.384000000000000000e+03,1.300000000000000000e+01,9.160000000000000000e+02,7.040000000000000000e+02,1.974000000000000000e+03,2.296000000000000000e+03,2.396000000000000000e+03,1.751000000000000000e+03,1.879000000000000000e+03,3.280000000000000000e+02,2.243000000000000000e+03,1.400000000000000000e+01,1.007000000000000000e+03,2.100000000000000000e+01,1.953000000000000000e+03,8.250000000000000000e+02,2.441000000000000000e+03,1.750000000000000000e+02,2.237000000000000000e+03,1.490000000000000000e+02,1.858000000000000000e+03,5.400000000000000000e+01,6.210000000000000000e+02,3.600000000000000000e+01,4.500000000000000000e+01,3.720000000000000000e+02,3.960000000000000000e+02,4.390000000000000000e+02,5.360000000000000000e+02,8.640000000000000000e+02,7.500000000000000000e+01,2.008000000000000000e+03,1.985000000000000000e+03,4.200000000000000000e+01,2.097000000000000000e+03,9.750000000000000000e+02,6.340000000000000000e+02,3.110000000000000000e+02,7.170000000000000000e+02,8.260000000000000000e+02,1.231000000000000000e+03,3.720000000000000000e+02,2.387000000000000000e+03,1.916000000000000000e+03,1.415000000000000000e+03,6.200000000000000000e+02,2.670000000000000000e+02,1.964000000000000000e+03,7.050000000000000000e+02,1.931000000000000000e+03,1.767000000000000000e+03,2.220000000000000000e+02,2.011000000000000000e+03,3.400000000000000000e+02,2.491000000000000000e+03,5.970000000000000000e+02,2.368000000000000000e+03,3.168000000000000000e+03,1.075000000000000000e+03,9.840000000000000000e+02,7.390000000000000000e+02,4.470000000000000000e+02,2.320000000000000000e+03,1.496000000000000000e+03,4.970000000000000000e+02,2.040000000000000000e+03,2.414000000000000000e+03,6.030000000000000000e+02,7.920000000000000000e+02,2.415000000000000000e+03,1.937000000000000000e+03,6.810000000000000000e+02,3.780000000000000000e+02,1.755000000000000000e+03,2.362000000000000000e+03,8.300000000000000000e+01,4.600000000000000000e+01,3.220000000000000000e+02,5.100000000000000000e+01,2.394000000000000000e+03,6.230000000000000000e+02,2.093000000000000000e+03,1.390000000000000000e+02,6.740000000000000000e+02,4.100000000000000000e+01,2.407000000000000000e+03,1.059000000000000000e+03,2.441000000000000000e+03,3.820000000000000000e+02,2.126000000000000000e+03,6.500000000000000000e+01,2.463000000000000000e+03,4.530000000000000000e+02,2.424000000000000000e+03,9.020000000000000000e+02,1.857000000000000000e+03,2.025000000000000000e+03,4.900000000000000000e+01,3.116000000000000000e+03,4.770000000000000000e+02,1.933000000000000000e+03,1.975000000000000000e+03,2.740000000000000000e+02,3.800000000000000000e+01,2.428000000000000000e+03,1.400000000000000000e+01,9.690000000000000000e+02,1.000000000000000000e+01,4.570000000000000000e+02,4.760000000000000000e+02,1.330000000000000000e+02,1.970000000000000000e+02,7.500000000000000000e+01,1.788000000000000000e+03,2.290000000000000000e+02,2.167000000000000000e+03,4.060000000000000000e+02,8.930000000000000000e+02,2.449000000000000000e+03,1.977000000000000000e+03,1.139000000000000000e+03,1.600000000000000000e+01,1.690000000000000000e+02,2.640000000000000000e+02,1.969000000000000000e+03,2.850000000000000000e+02,9.200000000000000000e+02,2.412000000000000000e+03,5.040000000000000000e+02,4.210000000000000000e+02,3.109000000000000000e+03,9.400000000000000000e+01,1.150000000000000000e+02,2.516000000000000000e+03,2.100000000000000000e+01,5.680000000000000000e+02,8.790000000000000000e+02,2.319000000000000000e+03,1.967000000000000000e+03,2.040000000000000000e+02,2.400000000000000000e+03,3.130000000000000000e+02,7.400000000000000000e+01,1.923000000000000000e+03,3.000000000000000000e+01,8.300000000000000000e+01,1.330000000000000000e+03,6.900000000000000000e+01,2.630000000000000000e+02,2.290000000000000000e+02,3.090000000000000000e+03,2.318000000000000000e+03,6.770000000000000000e+02,7.100000000000000000e+01,8.300000000000000000e+02,5.640000000000000000e+02,7.560000000000000000e+02,5.730000000000000000e+02,4.520000000000000000e+02,8.430000000000000000e+02,9.290000000000000000e+02,4.880000000000000000e+02,9.740000000000000000e+02,1.570000000000000000e+02,0.000000000000000000e+00,1.959000000000000000e+03,2.259000000000000000e+03,6.090000000000000000e+02,8.080000000000000000e+02,2.442000000000000000e+03,1.060000000000000000e+02,9.430000000000000000e+02,1.870000000000000000e+03,6.600000000000000000e+01,1.791000000000000000e+03,6.400000000000000000e+01,1.700000000000000000e+01,8.800000000000000000e+02,2.050000000000000000e+02,2.153000000000000000e+03,3.420000000000000000e+02,7.780000000000000000e+02,4.560000000000000000e+02,3.980000000000000000e+02,3.000000000000000000e+00,1.939000000000000000e+03,5.000000000000000000e+02,1.480000000000000000e+03,5.900000000000000000e+02,1.438000000000000000e+03,4.430000000000000000e+02,2.463000000000000000e+03,2.009000000000000000e+03,2.410000000000000000e+03,1.649000000000000000e+03,5.000000000000000000e+01,7.420000000000000000e+02,9.410000000000000000e+02,1.122000000000000000e+03,1.142000000000000000e+03,1.043000000000000000e+03,4.170000000000000000e+02,3.550000000000000000e+02,2.227000000000000000e+03,4.560000000000000000e+02,5.620000000000000000e+02,3.044000000000000000e+03,4.570000000000000000e+02,0.000000000000000000e+00,2.407000000000000000e+03,9.790000000000000000e+02,1.100000000000000000e+01,1.640000000000000000e+02,2.179000000000000000e+03,7.940000000000000000e+02,1.023000000000000000e+03,2.196000000000000000e+03,2.407000000000000000e+03,2.372000000000000000e+03,2.086000000000000000e+03,1.122000000000000000e+03,2.090000000000000000e+02,2.372000000000000000e+03,1.983000000000000000e+03,2.235000000000000000e+03,2.310000000000000000e+03,3.500000000000000000e+01,2.500000000000000000e+01,2.185000000000000000e+03,1.460000000000000000e+02,2.233000000000000000e+03,3.140000000000000000e+02,2.080000000000000000e+02,8.100000000000000000e+01,1.800000000000000000e+01,4.070000000000000000e+02,2.040000000000000000e+02,2.447000000000000000e+03,2.540000000000000000e+03,2.447000000000000000e+03,6.100000000000000000e+01,1.068000000000000000e+03
1.268000000000000000e+03,1.657000000000000000e+03,7.660000000000000000e+02,3.540000000000000000e+02,4.610000000000000000e+02,1.790000000000000000e+02,4.000000000000000000e+00,8.100000000000000000e+01,8.540000000000000000e+02,1.000000000000000000e+00,5.220000000000000000e+02,4.530000000000000000e+02,2.290000000000000000e+02,1.563000000000000000e+03,2.160000000000000000e+02,4.000000000000000000e+01,5.400000000000000000e+01,5.850000000000000000e+02,4.300000000000000000e+02,7.000000000000000000e+00,1.820000000000000000e+02,2.590000000000000000e+02,6.020000000000000000e+02,2.113000000000000000e+03,3.000000000000000000e+00,8.060000000000000000e+02,3.970000000000000000e+02,4.470000000000000000e+02,1.883000000000000000e+03,2.137000000000000000e+03,5.060000000000000000e+02,3.380000000000000000e+02,1.590000000000000000e+02,9.780000000000000000e+02,4.000000000000000000e+00,9.870000000000000000e+02,8.000000000000000000e+00,3.770000000000000000e+02,2.390000000000000000e+02,2.660000000000000000e+03,1.670000000000000000e+02,7.640000000000000000e+02,2.900000000000000000e+01,9.990000000000000000e+02,1.400000000000000000e+01,9.500000000000000000e+01,8.000000000000000000e+00,7.000000000000000000e+00,8.600000000000000000e+01,3.630000000000000000e+02,4.640000000000000000e+02,8.400000000000000000e+01,5.730000000000000000e+02,5.000000000000000000e+00,8.530000000000000000e+02,9.070000000000000000e+02,1.000000000000000000e+01,9.570000000000000000e+02,6.040000000000000000e+02,3.070000000000000000e+02,1.110000000000000000e+02,2.330000000000000000e+02,2.780000000000000000e+02,8.400000000000000000e+01,2.600000000000000000e+01,2.489000000000000000e+03,4.830000000000000000e+02,3.490000000000000000e+02,1.140000000000000000e+02,6.700000000000000000e+01,5.440000000000000000e+02,5.240000000000000000e+02,7.190000000000000000e+02,6.140000000000000000e+02,3.900000000000000000e+01,4.470000000000000000e+02,7.500000000000000000e+01,1.576000000000000000e+03,1.780000000000000000e+02,1.689000000000000000e+03,4.510000000000000000e+03,9.560000000000000000e+02,9.120000000000000000e+02,2.250000000000000000e+02,5.280000000000000000e+02,1.649000000000000000e+03,2.960000000000000000e+02,6.500000000000000000e+01,9.220000000000000000e+02,2.284000000000000000e+03,7.000000000000000000e+01,1.970000000000000000e+02,2.284000000000000000e+03,4.480000000000000000e+02,1.330000000000000000e+02,1.800000000000000000e+02,6.550000000000000000e+02,2.092000000000000000e+03,1.800000000000000000e+01,2.000000000000000000e+00,5.800000000000000000e+01,1.500000000000000000e+01,1.640000000000000000e+03,1.570000000000000000e+02,8.880000000000000000e+02,3.600000000000000000e+01,2.790000000000000000e+02,1.500000000000000000e+01,1.924000000000000000e+03,1.057000000000000000e+03,1.973000000000000000e+03,9.200000000000000000e+01,1.216000000000000000e+03,0.000000000000000000e+00,2.626000000000000000e+03,4.040000000000000000e+02,2.149000000000000000e+03,9.690000000000000000e+02,1.425000000000000000e+03,1.938000000000000000e+03,8.000000000000000000e+00,4.657000000000000000e+03,5.080000000000000000e+02,2.368000000000000000e+03,2.007000000000000000e+03,4.900000000000000000e+01,4.000000000000000000e+00,2.205000000000000000e+03,7.000000000000000000e+00,6.340000000000000000e+02,1.200000000000000000e+01,9.100000000000000000e+01,1.150000000000000000e+02,1.700000000000000000e+01,4.800000000000000000e+01,2.600000000000000000e+01,1.433000000000000000e+03,7.500000000000000000e+01,9.880000000000000000e+02,3.680000000000000000e+02,3.660000000000000000e+02,1.291000000000000000e+03,4.460000000000000000e+02,9.870000000000000000e+02,3.000000000000000000e+00,5.000000000000000000e+01,2.700000000000000000e+01,1.438000000000000000e+03,6.000000000000000000e+01,9.000000000000000000e+02,1.621000000000000000e+03,1.130000000000000000e+02,4.830000000000000000e+02,4.602000000000000000e+03,2.000000000000000000e+01,2.300000000000000000e+01,2.396000000000000000e+03,8.000000000000000000e+00,1.920000000000000000e+02,4.410000000000000000e+02,1.579000000000000000e+03,8.580000000000000000e+02,2.420000000000000000e+02,1.601000000000000000e+03,1.230000000000000000e+02,1.300000000000000000e+01,1.391000000000000000e+03,5.000000000000000000e+00,9.000000000000000000e+00,2.790000000000000000e+02,1.000000000000000000e+00,7.500000000000000000e+01,4.400000000000000000e+01,4.659000000000000000e+03,1.857000000000000000e+03,3.240000000000000000e+02,0.000000000000000000e+00,4.820000000000000000e+02,3.990000000000000000e+02,5.700000000000000000e+01,1.510000000000000000e+02,1.010000000000000000e+02,2.950000000000000000e+02,6.580000000000000000e+02,3.120000000000000000e+02,1.099000000000000000e+03,1.900000000000000000e+01,1.000000000000000000e+00,2.453000000000000000e+03,8.440000000000000000e+02,1.430000000000000000e+02,2.100000000000000000e+02,2.700000000000000000e+03,3.000000000000000000e+00,4.350000000000000000e+02,1.980000000000000000e+03,9.000000000000000000e+00,6.710000000000000000e+02,1.100000000000000000e+01,5.000000000000000000e+00,5.380000000000000000e+02,2.450000000000000000e+02,1.343000000000000000e+03,7.000000000000000000e+01,1.350000000000000000e+02,9.900000000000000000e+01,8.700000000000000000e+01,0.000000000000000000e+00,6.750000000000000000e+02,1.110000000000000000e+02,4.520000000000000000e+02,2.570000000000000000e+02,2.360000000000000000e+02,1.170000000000000000e+02,2.598000000000000000e+03,8.690000000000000000e+02,2.509000000000000000e+03,4.540000000000000000e+02,1.400000000000000000e+01,1.590000000000000000e+02,7.960000000000000000e+02,9.740000000000000000e+02,2.500000000000000000e+02,9.920000000000000000e+02,2.410000000000000000e+02,1.670000000000000000e+02,1.180000000000000000e+03,9.700000000000000000e+01,9.000000000000000000e+01,4.742000000000000000e+03,9.600000000000000000e+01,2.800000000000000000e+02,0.000000000000000000e+00,8.160000000000000000e+02,2.000000000000000000e+00,6.000000000000000000e+00,8.140000000000000000e+02,4.640000000000000000e+02,9.180000000000000000e+02,8.370000000000000000e+02,2.269000000000000000e+03,1.694000000000000000e+03,1.362000000000000000e+03,9.040000000000000000e+02,3.000000000000000000e+01,2.273000000000000000e+03,2.018000000000000000e+03,9.940000000000000000e+02,1.778000000000000000e+03,7.000000000000000000e+00,7.000000000000000000e+00,1.396000000000000000e+03,3.000000000000000000e+01,1.530000000000000000e+03,1.600000000000000000e+01,1.000000000000000000e+01,3.000000000000000000e+00,0.000000000000000000e+00,7.800000000000000000e+01,3.700000000000000000e+01,2.369000000000000000e+03,2.134000000000000000e+03,2.456000000000000000e+03,1.000000000000000000e+01,9.480000000000000000e+02
2.300000000000000000e+02,2.480000000000000000e+02,8.000000000000000000e+01,5.600000000000000000e+01,5.800000000000000000e+01,1.700000000000000000e+01,4.000000000000000000e+00,8.000000000000000000e+00,9.100000000000000000e+01,0.000000000000000000e+00,9.400000000000000000e+01,7.800000000000000000e+01,5.200000000000000000e+01,2.750000000000000000e+02,5.100000000000000000e+01,1.300000000000000000e+01,3.000000000000000000e+00,1.240000000000000000e+02,8.800000000000000000e+01,0.000000000000000000e+00,3.800000000000000000e+01,2.000000000000000000e+01,8.400000000000000000e+01,4.200000000000000000e+02,1.000000000000000000e+00,9.700000000000000000e+01,5.400000000000000000e+01,1.340000000000000000e+02,3.530000000000000000e+02,5.120000000000000000e+02,9.400000000000000000e+01,1.230000000000000000e+02,3.100000000000000000e+01,1.770000000000000000e+02,7.000000000000000000e+00,1.750000000000000000e+02,5.000000000000000000e+00,1.530000000000000000e+02,4.600000000000000000e+01,5.660000000000000000e+02,3.900000000000000000e+01,2.830000000000000000e+02,4.000000000000000000e+00,2.070000000000000000e+02,4.000000000000000000e+00,2.600000000000000000e+01,0.000000000000000000e+00,0.000000000000000000e+00,7.000000000000000000e+00,5.300000000000000000e+01,1.000000000000000000e+02,9.000000000000000000e+00,5.500000000000000000e+01,2.000000000000000000e+00,1.770000000000000000e+02,1.980000000000000000e+02,3.000000000000000000e+00,1.950000000000000000e+02,5.800000000000000000e+01,5.600000000000000000e+01,2.100000000000000000e+01,1.500000000000000000e+01,4.700000000000000000e+01,7.800000000000000000e+01,1.400000000000000000e+01,4.760000000000000000e+02,8.900000000000000000e+01,8.600000000000000000e+01,1.000000000000000000e+01,1.900000000000000000e+01,1.760000000000000000e+02,5.600000000000000000e+01,1.260000000000000000e+02,1.160000000000000000e+02,4.000000000000000000e+00,9.400000000000000000e+01,9.000000000000000000e+00,2.970000000000000000e+02,1.300000000000000000e+01,3.920000000000000000e+02,8.470000000000000000e+02,1.530000000000000000e+02,1.630000000000000000e+02,2.000000000000000000e+01,7.700000000000000000e+01,3.260000000000000000e+02,6.800000000000000000e+01,6.000000000000000000e+00,1.510000000000000000e+02,4.800000000000000000e+02,3.100000000000000000e+01,2.400000000000000000e+01,4.430000000000000000e+02,1.660000000000000000e+02,2.800000000000000000e+01,5.300000000000000000e+01,6.400000000000000000e+01,4.170000000000000000e+02,1.000000000000000000e+00,1.000000000000000000e+00,1.200000000000000000e+01,5.000000000000000000e+00,3.860000000000000000e+02,7.000000000000000000e+00,1.410000000000000000e+02,7.000000000000000000e+00,2.100000000000000000e+01,1.000000000000000000e+01,4.450000000000000000e+02,1.800000000000000000e+02,3.830000000000000000e+02,9.000000000000000000e+00,2.100000000000000000e+02,1.000000000000000000e+00,5.460000000000000000e+02,7.700000000000000000e+01,3.820000000000000000e+02,8.700000000000000000e+01,2.630000000000000000e+02,4.010000000000000000e+02,0.000000000000000000e+00,8.690000000000000000e+02,8.500000000000000000e+01,4.590000000000000000e+02,3.790000000000000000e+02,4.000000000000000000e+00,0.000000000000000000e+00,5.120000000000000000e+02,1.000000000000000000e+00,1.030000000000000000e+02,2.000000000000000000e+00,3.200000000000000000e+01,1.100000000000000000e+01,3.000000000000000000e+00,1.000000000000000000e+01,3.000000000000000000e+00,2.700000000000000000e+02,1.900000000000000000e+01,1.820000000000000000e+02,5.100000000000000000e+01,4.400000000000000000e+01,2.490000000000000000e+02,7.100000000000000000e+01,1.890000000000000000e+02,1.000000000000000000e+00,5.000000000000000000e+00,5.000000000000000000e+00,2.410000000000000000e+02,1.200000000000000000e+01,7.500000000000000000e+01,3.470000000000000000e+02,1.000000000000000000e+01,9.400000000000000000e+01,8.950000000000000000e+02,3.000000000000000000e+00,9.000000000000000000e+00,5.060000000000000000e+02,2.000000000000000000e+00,2.100000000000000000e+01,6.700000000000000000e+01,3.680000000000000000e+02,1.660000000000000000e+02,4.300000000000000000e+01,3.150000000000000000e+02,2.200000000000000000e+01,1.000000000000000000e+00,2.870000000000000000e+02,0.000000000000000000e+00,2.000000000000000000e+00,7.200000000000000000e+01,1.000000000000000000e+00,1.000000000000000000e+01,1.200000000000000000e+01,9.160000000000000000e+02,4.210000000000000000e+02,4.200000000000000000e+01,0.000000000000000000e+00,5.500000000000000000e+01,6.800000000000000000e+01,3.200000000000000000e+01,1.400000000000000000e+01,9.000000000000000000e+00,6.600000000000000000e+01,6.200000000000000000e+01,3.000000000000000000e+01,1.200000000000000000e+02,6.000000000000000000e+00,0.000000000000000000e+00,4.820000000000000000e+02,2.830000000000000000e+02,1.300000000000000000e+01,3.000000000000000000e+01,5.990000000000000000e+02,1.000000000000000000e+00,6.100000000000000000e+01,3.680000000000000000e+02,2.000000000000000000e+00,1.260000000000000000e+02,0.000000000000000000e+00,0.000000000000000000e+00,7.000000000000000000e+01,2.500000000000000000e+01,2.740000000000000000e+02,1.100000000000000000e+01,1.600000000000000000e+01,1.200000000000000000e+01,1.300000000000000000e+01,0.000000000000000000e+00,1.090000000000000000e+02,2.200000000000000000e+01,9.500000000000000000e+01,5.700000000000000000e+01,6.400000000000000000e+01,9.000000000000000000e+00,6.630000000000000000e+02,1.520000000000000000e+02,5.110000000000000000e+02,6.400000000000000000e+01,1.000000000000000000e+00,3.500000000000000000e+01,8.900000000000000000e+01,1.670000000000000000e+02,4.100000000000000000e+01,1.980000000000000000e+02,4.200000000000000000e+01,2.500000000000000000e+01,2.110000000000000000e+02,1.100000000000000000e+01,1.100000000000000000e+01,8.640000000000000000e+02,1.900000000000000000e+01,5.800000000000000000e+01,4.090000000000000000e+02,0.000000000000000000e+00,0.000000000000000000e+00,3.000000000000000000e+00,2.190000000000000000e+02,3.600000000000000000e+01,1.740000000000000000e+02,2.510000000000000000e+02,4.540000000000000000e+02,3.380000000000000000e+02,2.680000000000000000e+02,1.800000000000000000e+02,4.000000000000000000e+00,4.940000000000000000e+02,4.100000000000000000e+02,1.980000000000000000e+02,3.500000000000000000e+02,4.000000000000000000e+00,1.000000000000000000e+00,2.460000000000000000e+02,5.000000000000000000e+00,2.170000000000000000e+02,1.100000000000000000e+01,8.000000000000000000e+00,2.000000000000000000e+00,0.000000000000000000e+00,2.000000000000000000e+00,2.000000000000000000e+00,4.840000000000000000e+02,4.280000000000000000e+02,5.700000000000000000e+02,3.000000000000000000e+00,1.990000000000000000e+02
3.090000000000000000e+02,2.830000000000000000e+02,1.020000000000000000e+02,1.390000000000000000e+02,1.330000000000000000e+02,1.040000000000000000e+02,0.000000000000000000e+00,1.020000000000000000e+02,1.170000000000000000e+02,0.000000000000000000e+00,0.000000000000000000e+00,0.000000000000000000e+00,2.600000000000000000e+02,3.130000000000000000e+02,0.000000000000000000e+00,0.000000000000000000e+00,9.100000000000000000e+01,2.790000000000000000e+02,2.810000000000000000e+02,0.000000000000000000e+00,8.900000000000000000e+01,1.010000000000000000e+02,2.630000000000000000e+02,2.590000000000000000e+02,0.000000000000000000e+00,1.010000000000000000e+02,6.900000000000000000e+01,2.660000000000000000e+02,2.890000000000000000e+02,2.990000000000000000e+02,2.530000000000000000e+02,2.790000000000000000e+02,0.000000000000000000e+00,3.020000000000000000e+02,0.000000000000000000e+00,1.270000000000000000e+02,0.000000000000000000e+00,2.930000000000000000e+02,1.110000000000000000e+02,2.850000000000000000e+02,0.000000000000000000e+00,2.820000000000000000e+02,0.000000000000000000e+00,2.850000000000000000e+02,0.000000000000000000e+00,1.120000000000000000e+02,0.000000000000000000e+00,0.000000000000000000e+00,1.030000000000000000e+02,0.000000000000000000e+00,0.000000000000000000e+00,1.020000000000000000e+02,1.220000000000000000e+02,0.000000000000000000e+00,3.080000000000000000e+02,3.110000000000000000e+02,0.000000000000000000e+00,2.740000000000000000e+02,1.030000000000000000e+02,1.020000000000000000e+02,0.000000000000000000e+00,9.600000000000000000e+01,1.070000000000000000e+02,2.210000000000000000e+02,9.700000000000000000e+01,3.210000000000000000e+02,2.560000000000000000e+02,2.850000000000000000e+02,2.470000000000000000e+02,0.000000000000000000e+00,2.970000000000000000e+02,1.270000000000000000e+02,2.730000000000000000e+02,2.710000000000000000e+02,9.400000000000000000e+01,2.820000000000000000e+02,9.200000000000000000e+01,2.990000000000000000e+02,8.300000000000000000e+01,3.080000000000000000e+02,3.480000000000000000e+02,1.160000000000000000e+02,1.210000000000000000e+02,1.110000000000000000e+02,0.000000000000000000e+00,2.800000000000000000e+02,2.250000000000000000e+02,1.000000000000000000e+02,3.000000000000000000e+02,2.600000000000000000e+02,9.800000000000000000e+01,1.140000000000000000e+02,2.980000000000000000e+02,2.680000000000000000e+02,1.130000000000000000e+02,0.000000000000000000e+00,3.160000000000000000e+02,2.870000000000000000e+02,0.000000000000000000e+00,0.000000000000000000e+00,8.600000000000000000e+01,0.000000000000000000e+00,2.770000000000000000e+02,1.110000000000000000e+02,2.910000000000000000e+02,8.600000000000000000e+01,9.900000000000000000e+01,9.700000000000000000e+01,3.070000000000000000e+02,1.350000000000000000e+02,2.810000000000000000e+02,9.000000000000000000e+01,2.870000000000000000e+02,0.000000000000000000e+00,2.730000000000000000e+02,0.000000000000000000e+00,3.100000000000000000e+02,9.400000000000000000e+01,2.730000000000000000e+02,2.620000000000000000e+02,0.000000000000000000e+00,3.220000000000000000e+02,0.000000000000000000e+00,2.770000000000000000e+02,2.960000000000000000e+02,9.100000000000000000e+01,0.000000000000000000e+00,3.150000000000000000e+02,0.000000000000000000e+00,9.500000000000000000e+01,0.000000000000000000e+00,2.650000000000000000e+02,9.400000000000000000e+01,9.100000000000000000e+01,0.000000000000000000e+00,0.000000000000000000e+00,2.470000000000000000e+02,2.440000000000000000e+02,2.930000000000000000e+02,0.000000000000000000e+00,1.010000000000000000e+02,2.990000000000000000e+02,2.760000000000000000e+02,1.040000000000000000e+02,0.000000000000000000e+00,0.000000000000000000e+00,7.300000000000000000e+01,2.550000000000000000e+02,1.000000000000000000e+02,1.130000000000000000e+02,2.900000000000000000e+02,9.600000000000000000e+01,0.000000000000000000e+00,3.460000000000000000e+02,9.800000000000000000e+01,0.000000000000000000e+00,2.880000000000000000e+02,0.000000000000000000e+00,8.800000000000000000e+01,9.900000000000000000e+01,2.810000000000000000e+02,2.950000000000000000e+02,0.000000000000000000e+00,3.100000000000000000e+02,0.000000000000000000e+00,0.000000000000000000e+00,2.900000000000000000e+02,0.000000000000000000e+00,0.000000000000000000e+00,2.650000000000000000e+02,0.000000000000000000e+00,0.000000000000000000e+00,8.900000000000000000e+01,3.470000000000000000e+02,2.870000000000000000e+02,1.330000000000000000e+02,0.000000000000000000e+00,1.010000000000000000e+02,1.070000000000000000e+02,2.550000000000000000e+02,1.180000000000000000e+02,8.700000000000000000e+01,9.800000000000000000e+01,9.100000000000000000e+01,1.160000000000000000e+02,1.260000000000000000e+02,0.000000000000000000e+00,0.000000000000000000e+00,3.190000000000000000e+02,2.850000000000000000e+02,9.600000000000000000e+01,8.100000000000000000e+01,2.950000000000000000e+02,0.000000000000000000e+00,1.040000000000000000e+02,2.870000000000000000e+02,0.000000000000000000e+00,2.830000000000000000e+02,0.000000000000000000e+00,0.000000000000000000e+00,9.900000000000000000e+01,0.000000000000000000e+00,3.080000000000000000e+02,9.800000000000000000e+01,2.300000000000000000e+02,9.900000000000000000e+01,1.140000000000000000e+02,0.000000000000000000e+00,2.610000000000000000e+02,1.240000000000000000e+02,2.700000000000000000e+02,1.260000000000000000e+02,2.750000000000000000e+02,1.370000000000000000e+02,2.850000000000000000e+02,3.090000000000000000e+02,2.770000000000000000e+02,2.420000000000000000e+02,0.000000000000000000e+00,2.510000000000000000e+02,1.060000000000000000e+02,1.160000000000000000e+02,2.430000000000000000e+02,1.220000000000000000e+02,0.000000000000000000e+00,0.000000000000000000e+00,2.860000000000000000e+02,1.170000000000000000e+02,1.050000000000000000e+02,3.480000000000000000e+02,8.200000000000000000e+01,2.400000000000000000e+02,2.700000000000000000e+02,1.010000000000000000e+02,0.000000000000000000e+00,0.000000000000000000e+00,2.450000000000000000e+02,9.900000000000000000e+01,1.180000000000000000e+02,2.800000000000000000e+02,2.810000000000000000e+02,2.560000000000000000e+02,2.680000000000000000e+02,1.240000000000000000e+02,0.000000000000000000e+00,2.820000000000000000e+02,2.960000000000000000e+02,2.810000000000000000e+02,2.700000000000000000e+02,0.000000000000000000e+00,0.000000000000000000e+00,2.990000000000000000e+02,8.400000000000000000e+01,2.650000000000000000e+02,9.200000000000000000e+01,8.700000000000000000e+01,0.000000000000000000e+00,0.000000000000000000e+00,9.000000000000000000e+01,9.800000000000000000e+01,2.800000000000000000e+02,2.770000000000000000e+02,2.920000000000000000e+02,0.000000000000000000e+00,1.120000000000000000e+02
5.270000000000000000e+02,5.020000000000000000e+02,1.950000000000000000e+02,1.660000000000000000e+02,1.890000000000000000e+02,1.780000000000000000e+02,0.000000000000000000e+00,1.430000000000000000e+02,2.090000000000000000e+02,0.000000000000000000e+00,0.000000000000000000e+00,0.000000000000000000e+00,3.740000000000000000e+02,5.160000000000000000e+02,0.000000000000000000e+00,0.000000000000000000e+00,1.300000000000000000e+02,5.170000000000000000e+02,4.260000000000000000e+02,0.000000000000000000e+00,1.910000000000000000e+02,1.610000000000000000e+02,4.830000000000000000e+02,5.230000000000000000e+02,0.000000000000000000e+00,1.930000000000000000e+02,1.550000000000000000e+02,5.400000000000000000e+02,5.000000000000000000e+02,5.400000000000000000e+02,4.460000000000000000e+02,5.420000000000000000e+02,0.000000000000000000e+00,4.680000000000000000e+02,0.000000000000000000e+00,2.200000000000000000e+02,0.000000000000000000e+00,5.320000000000000000e+02,2.220000000000000000e+02,5.320000000000000000e+02,0.000000000000000000e+00,5.450000000000000000e+02,0.000000000000000000e+00,5.000000000000000000e+02,0.000000000000000000e+00,2.160000000000000000e+02,0.000000000000000000e+00,0.000000000000000000e+00,1.360000000000000000e+02,0.000000000000000000e+00,0.000000000000000000e+00,1.370000000000000000e+02,1.920000000000000000e+02,0.000000000000000000e+00,4.540000000000000000e+02,4.720000000000000000e+02,0.000000000000000000e+00,4.970000000000000000e+02,2.010000000000000000e+02,1.690000000000000000e+02,0.000000000000000000e+00,1.790000000000000000e+02,1.940000000000000000e+02,4.720000000000000000e+02,1.440000000000000000e+02,5.870000000000000000e+02,4.820000000000000000e+02,4.440000000000000000e+02,2.420000000000000000e+02,0.000000000000000000e+00,5.220000000000000000e+02,1.770000000000000000e+02,4.820000000000000000e+02,4.360000000000000000e+02,8.300000000000000000e+01,4.730000000000000000e+02,1.360000000000000000e+02,6.020000000000000000e+02,1.500000000000000000e+02,5.200000000000000000e+02,6.730000000000000000e+02,1.910000000000000000e+02,2.400000000000000000e+02,1.860000000000000000e+02,0.000000000000000000e+00,5.460000000000000000e+02,4.020000000000000000e+02,1.430000000000000000e+02,4.980000000000000000e+02,5.370000000000000000e+02,1.760000000000000000e+02,2.130000000000000000e+02,5.330000000000000000e+02,5.430000000000000000e+02,2.030000000000000000e+02,0.000000000000000000e+00,4.590000000000000000e+02,5.240000000000000000e+02,0.000000000000000000e+00,0.000000000000000000e+00,1.170000000000000000e+02,0.000000000000000000e+00,5.600000000000000000e+02,1.610000000000000000e+02,4.980000000000000000e+02,8.900000000000000000e+01,1.480000000000000000e+02,6.400000000000000000e+01,5.560000000000000000e+02,2.570000000000000000e+02,5.470000000000000000e+02,1.390000000000000000e+02,5.490000000000000000e+02,0.000000000000000000e+00,5.420000000000000000e+02,0.000000000000000000e+00,5.540000000000000000e+02,1.890000000000000000e+02,5.170000000000000000e+02,5.680000000000000000e+02,0.000000000000000000e+00,6.580000000000000000e+02,0.000000000000000000e+00,5.670000000000000000e+02,5.560000000000000000e+02,1.280000000000000000e+02,0.000000000000000000e+00,5.010000000000000000e+02,0.000000000000000000e+00,1.890000000000000000e+02,0.000000000000000000e+00,2.180000000000000000e+02,1.290000000000000000e+02,6.200000000000000000e+01,0.000000000000000000e+00,0.000000000000000000e+00,5.450000000000000000e+02,2.260000000000000000e+02,4.590000000000000000e+02,0.000000000000000000e+00,1.890000000000000000e+02,6.050000000000000000e+02,5.060000000000000000e+02,2.200000000000000000e+02,0.000000000000000000e+00,0.000000000000000000e+00,1.170000000000000000e+02,4.910000000000000000e+02,1.290000000000000000e+02,2.080000000000000000e+02,4.920000000000000000e+02,1.460000000000000000e+02,0.000000000000000000e+00,6.520000000000000000e+02,6.000000000000000000e+01,0.000000000000000000e+00,5.380000000000000000e+02,0.000000000000000000e+00,1.750000000000000000e+02,1.770000000000000000e+02,5.350000000000000000e+02,4.930000000000000000e+02,0.000000000000000000e+00,5.510000000000000000e+02,0.000000000000000000e+00,0.000000000000000000e+00,5.350000000000000000e+02,0.000000000000000000e+00,0.000000000000000000e+00,4.020000000000000000e+02,0.000000000000000000e+00,0.000000000000000000e+00,9.100000000000000000e+01,6.320000000000000000e+02,4.900000000000000000e+02,1.700000000000000000e+02,0.000000000000000000e+00,1.610000000000000000e+02,1.390000000000000000e+02,3.770000000000000000e+02,1.310000000000000000e+02,1.450000000000000000e+02,2.140000000000000000e+02,1.940000000000000000e+02,1.320000000000000000e+02,2.080000000000000000e+02,0.000000000000000000e+00,0.000000000000000000e+00,5.090000000000000000e+02,5.400000000000000000e+02,1.500000000000000000e+02,1.700000000000000000e+02,5.270000000000000000e+02,0.000000000000000000e+00,1.840000000000000000e+02,5.080000000000000000e+02,0.000000000000000000e+00,4.340000000000000000e+02,0.000000000000000000e+00,0.000000000000000000e+00,1.940000000000000000e+02,0.000000000000000000e+00,4.850000000000000000e+02,1.220000000000000000e+02,3.300000000000000000e+02,1.580000000000000000e+02,1.550000000000000000e+02,0.000000000000000000e+00,4.920000000000000000e+02,1.280000000000000000e+02,4.160000000000000000e+02,1.740000000000000000e+02,4.360000000000000000e+02,1.420000000000000000e+02,5.310000000000000000e+02,5.070000000000000000e+02,5.520000000000000000e+02,4.550000000000000000e+02,0.000000000000000000e+00,3.590000000000000000e+02,1.910000000000000000e+02,2.220000000000000000e+02,3.500000000000000000e+02,2.250000000000000000e+02,0.000000000000000000e+00,0.000000000000000000e+00,4.960000000000000000e+02,1.320000000000000000e+02,1.780000000000000000e+02,6.340000000000000000e+02,1.490000000000000000e+02,4.090000000000000000e+02,5.340000000000000000e+02,1.780000000000000000e+02,0.000000000000000000e+00,0.000000000000000000e+00,5.650000000000000000e+02,1.970000000000000000e+02,2.580000000000000000e+02,5.410000000000000000e+02,5.610000000000000000e+02,5.350000000000000000e+02,4.900000000000000000e+02,2.370000000000000000e+02,0.000000000000000000e+00,5.540000000000000000e+02,5.100000000000000000e+02,4.980000000000000000e+02,4.990000000000000000e+02,0.000000000000000000e+00,0.000000000000000000e+00,5.210000000000000000e+02,7.300000000000000000e+01,5.680000000000000000e+02,1.280000000000000000e+02,6.400000000000000000e+01,0.000000000000000000e+00,0.000000000000000000e+00,1.570000000000000000e+02,7.100000000000000000e+01,5.200000000000000000e+02,5.270000000000000000e+02,5.550000000000000000e+02,0.000000000000000000e+00,2.110000000000000000e+02
1.431000000000000000e+03,1.609000000000000000e+03,6.850000000000000000e+02,3.730000000000000000e+02,4.840000000000000000e+02,2.180000000000000000e+02,2.200000000000000000e+01,1.200000000000000000e+02,7.960000000000000000e+02,1.000000000000000000e+00,3.860000000000000000e+02,3.650000000000000000e+02,3.220000000000000000e+02,1.528000000000000000e+03,1.810000000000000000e+02,3.300000000000000000e+01,7.800000000000000000e+01,7.030000000000000000e+02,5.520000000000000000e+02,1.200000000000000000e+01,2.890000000000000000e+02,2.790000000000000000e+02,7.920000000000000000e+02,1.804000000000000000e+03,7.000000000000000000e+00,6.720000000000000000e+02,4.020000000000000000e+02,5.190000000000000000e+02,1.665000000000000000e+03,1.889000000000000000e+03,6.370000000000000000e+02,4.220000000000000000e+02,1.730000000000000000e+02,1.157000000000000000e+03,1.000000000000000000e+01,8.510000000000000000e+02,1.600000000000000000e+01,3.580000000000000000e+02,4.460000000000000000e+02,2.078000000000000000e+03,1.550000000000000000e+02,1.182000000000000000e+03,4.000000000000000000e+01,1.147000000000000000e+03,1.500000000000000000e+01,1.030000000000000000e+02,9.000000000000000000e+00,4.000000000000000000e+00,9.100000000000000000e+01,3.260000000000000000e+02,4.030000000000000000e+02,1.060000000000000000e+02,5.490000000000000000e+02,1.700000000000000000e+01,9.560000000000000000e+02,1.011000000000000000e+03,1.400000000000000000e+01,1.119000000000000000e+03,6.390000000000000000e+02,2.560000000000000000e+02,1.490000000000000000e+02,2.610000000000000000e+02,5.540000000000000000e+02,8.200000000000000000e+01,3.600000000000000000e+01,1.988000000000000000e+03,6.090000000000000000e+02,4.640000000000000000e+02,1.330000000000000000e+02,1.110000000000000000e+02,7.070000000000000000e+02,4.190000000000000000e+02,8.910000000000000000e+02,6.890000000000000000e+02,4.800000000000000000e+01,7.020000000000000000e+02,9.200000000000000000e+01,1.641000000000000000e+03,2.020000000000000000e+02,1.594000000000000000e+03,2.853000000000000000e+03,8.280000000000000000e+02,8.480000000000000000e+02,3.150000000000000000e+02,3.260000000000000000e+02,1.538000000000000000e+03,4.860000000000000000e+02,9.500000000000000000e+01,1.018000000000000000e+03,1.949000000000000000e+03,7.500000000000000000e+01,2.940000000000000000e+02,1.957000000000000000e+03,6.930000000000000000e+02,1.750000000000000000e+02,2.440000000000000000e+02,7.400000000000000000e+02,1.880000000000000000e+03,1.500000000000000000e+01,1.000000000000000000e+00,6.500000000000000000e+01,1.000000000000000000e+01,1.578000000000000000e+03,2.370000000000000000e+02,9.910000000000000000e+02,5.500000000000000000e+01,3.050000000000000000e+02,3.000000000000000000e+01,1.653000000000000000e+03,8.460000000000000000e+02,1.799000000000000000e+03,1.060000000000000000e+02,1.300000000000000000e+03,1.000000000000000000e+00,2.064000000000000000e+03,3.640000000000000000e+02,1.808000000000000000e+03,7.680000000000000000e+02,1.439000000000000000e+03,1.777000000000000000e+03,9.000000000000000000e+00,2.885000000000000000e+03,3.550000000000000000e+02,1.881000000000000000e+03,1.856000000000000000e+03,8.600000000000000000e+01,1.200000000000000000e+01,1.843000000000000000e+03,1.200000000000000000e+01,6.880000000000000000e+02,5.000000000000000000e+00,8.600000000000000000e+01,1.540000000000000000e+02,5.600000000000000000e+01,5.900000000000000000e+01,3.200000000000000000e+01,1.464000000000000000e+03,1.090000000000000000e+02,1.217000000000000000e+03,3.700000000000000000e+02,4.720000000000000000e+02,1.450000000000000000e+03,6.980000000000000000e+02,8.250000000000000000e+02,5.000000000000000000e+00,4.600000000000000000e+01,4.600000000000000000e+01,1.479000000000000000e+03,7.200000000000000000e+01,7.890000000000000000e+02,1.590000000000000000e+03,1.190000000000000000e+02,4.470000000000000000e+02,3.054000000000000000e+03,2.200000000000000000e+01,3.000000000000000000e+01,1.865000000000000000e+03,1.000000000000000000e+01,2.290000000000000000e+02,5.220000000000000000e+02,1.674000000000000000e+03,9.870000000000000000e+02,1.620000000000000000e+02,1.526000000000000000e+03,1.550000000000000000e+02,1.200000000000000000e+01,1.442000000000000000e+03,1.000000000000000000e+01,1.000000000000000000e+01,3.940000000000000000e+02,1.000000000000000000e+00,1.120000000000000000e+02,6.300000000000000000e+01,2.979000000000000000e+03,1.671000000000000000e+03,2.940000000000000000e+02,4.000000000000000000e+00,5.220000000000000000e+02,3.950000000000000000e+02,5.300000000000000000e+01,2.320000000000000000e+02,1.310000000000000000e+02,3.990000000000000000e+02,7.440000000000000000e+02,2.440000000000000000e+02,8.180000000000000000e+02,3.300000000000000000e+01,0.000000000000000000e+00,2.065000000000000000e+03,1.182000000000000000e+03,2.300000000000000000e+02,3.380000000000000000e+02,1.831000000000000000e+03,6.000000000000000000e+00,5.220000000000000000e+02,1.716000000000000000e+03,1.100000000000000000e+01,7.680000000000000000e+02,5.000000000000000000e+00,8.000000000000000000e+00,5.470000000000000000e+02,1.570000000000000000e+02,1.369000000000000000e+03,1.030000000000000000e+02,1.930000000000000000e+02,1.230000000000000000e+02,1.250000000000000000e+02,1.000000000000000000e+00,7.950000000000000000e+02,1.450000000000000000e+02,5.540000000000000000e+02,2.440000000000000000e+02,3.400000000000000000e+02,1.300000000000000000e+02,2.147000000000000000e+03,9.750000000000000000e+02,1.981000000000000000e+03,4.950000000000000000e+02,4.000000000000000000e+00,2.160000000000000000e+02,7.190000000000000000e+02,7.990000000000000000e+02,3.310000000000000000e+02,8.120000000000000000e+02,2.240000000000000000e+02,1.840000000000000000e+02,1.422000000000000000e+03,1.470000000000000000e+02,1.310000000000000000e+02,2.958000000000000000e+03,1.480000000000000000e+02,3.840000000000000000e+02,1.606000000000000000e+03,7.380000000000000000e+02,6.000000000000000000e+00,3.000000000000000000e+00,0.000000000000000000e+00,5.480000000000000000e+02,7.880000000000000000e+02,1.340000000000000000e+03,1.967000000000000000e+03,1.545000000000000000e+03,1.316000000000000000e+03,8.260000000000000000e+02,3.100000000000000000e+01,1.965000000000000000e+03,1.751000000000000000e+03,1.112000000000000000e+03,1.726000000000000000e+03,1.300000000000000000e+01,1.100000000000000000e+01,1.442000000000000000e+03,5.400000000000000000e+01,1.526000000000000000e+03,1.000000000000000000e+00,8.000000000000000000e+00,7.000000000000000000e+00,1.000000000000000000e+00,1.020000000000000000e+02,4.500000000000000000e+01,1.968000000000000000e+03,1.955000000000000000e+03,1.872000000000000000e+03,1.100000000000000000e+01,8.030000000000000000e+02
7.350000000000000000e+02,8.740000000000000000e+02,2.200000000000000000e+02,1.310000000000000000e+02,1.770000000000000000e+02,9.400000000000000000e+01,1.800000000000000000e+01,5.900000000000000000e+01,2.250000000000000000e+02,1.000000000000000000e+00,1.590000000000000000e+02,1.430000000000000000e+02,2.050000000000000000e+02,7.130000000000000000e+02,8.400000000000000000e+01,1.500000000000000000e+01,2.000000000000000000e+01,3.940000000000000000e+02,2.960000000000000000e+02,2.000000000000000000e+00,1.000000000000000000e+02,9.200000000000000000e+01,4.370000000000000000e+02,8.830000000000000000e+02,4.000000000000000000e+00,1.910000000000000000e+02,1.210000000000000000e+02,4.830000000000000000e+02,7.420000000000000000e+02,9.870000000000000000e+02,3.800000000000000000e+02,3.650000000000000000e+02,9.800000000000000000e+01,5.330000000000000000e+02,1.000000000000000000e+01,3.660000000000000000e+02,7.000000000000000000e+00,4.730000000000000000e+02,1.700000000000000000e+02,1.005000000000000000e+03,6.400000000000000000e+01,6.720000000000000000e+02,1.400000000000000000e+01,6.020000000000000000e+02,9.000000000000000000e+00,6.200000000000000000e+01,0.000000000000000000e+00,5.000000000000000000e+00,3.300000000000000000e+01,1.290000000000000000e+02,1.540000000000000000e+02,3.700000000000000000e+01,1.610000000000000000e+02,6.000000000000000000e+00,5.040000000000000000e+02,5.420000000000000000e+02,1.300000000000000000e+01,5.510000000000000000e+02,2.420000000000000000e+02,1.090000000000000000e+02,7.400000000000000000e+01,8.400000000000000000e+01,1.610000000000000000e+02,2.340000000000000000e+02,3.800000000000000000e+01,8.680000000000000000e+02,3.790000000000000000e+02,2.920000000000000000e+02,8.600000000000000000e+01,5.100000000000000000e+01,6.040000000000000000e+02,1.610000000000000000e+02,4.910000000000000000e+02,4.140000000000000000e+02,2.800000000000000000e+01,4.230000000000000000e+02,3.500000000000000000e+01,8.020000000000000000e+02,6.800000000000000000e+01,8.980000000000000000e+02,1.198000000000000000e+03,3.180000000000000000e+02,3.840000000000000000e+02,1.270000000000000000e+02,1.600000000000000000e+02,7.630000000000000000e+02,2.450000000000000000e+02,4.200000000000000000e+01,5.370000000000000000e+02,8.430000000000000000e+02,5.800000000000000000e+01,1.160000000000000000e+02,8.780000000000000000e+02,4.680000000000000000e+02,9.600000000000000000e+01,1.220000000000000000e+02,3.980000000000000000e+02,9.120000000000000000e+02,1.200000000000000000e+01,6.000000000000000000e+00,3.700000000000000000e+01,7.000000000000000000e+00,8.590000000000000000e+02,6.400000000000000000e+01,6.500000000000000000e+02,3.900000000000000000e+01,1.140000000000000000e+02,1.900000000000000000e+01,8.580000000000000000e+02,3.790000000000000000e+02,8.150000000000000000e+02,4.100000000000000000e+01,7.630000000000000000e+02,8.000000000000000000e+00,9.330000000000000000e+02,1.430000000000000000e+02,8.840000000000000000e+02,1.870000000000000000e+02,7.340000000000000000e+02,7.810000000000000000e+02,4.000000000000000000e+00,1.126000000000000000e+03,1.640000000000000000e+02,9.300000000000000000e+02,8.050000000000000000e+02,5.200000000000000000e+01,2.000000000000000000e+00,8.940000000000000000e+02,6.000000000000000000e+00,1.820000000000000000e+02,4.000000000000000000e+00,9.000000000000000000e+01,4.200000000000000000e+01,5.000000000000000000e+00,4.300000000000000000e+01,1.900000000000000000e+01,7.390000000000000000e+02,1.250000000000000000e+02,6.280000000000000000e+02,1.410000000000000000e+02,1.230000000000000000e+02,7.340000000000000000e+02,4.300000000000000000e+02,3.730000000000000000e+02,6.000000000000000000e+00,3.800000000000000000e+01,2.100000000000000000e+01,7.450000000000000000e+02,4.100000000000000000e+01,2.150000000000000000e+02,7.880000000000000000e+02,5.100000000000000000e+01,1.600000000000000000e+02,1.237000000000000000e+03,1.500000000000000000e+01,2.300000000000000000e+01,9.140000000000000000e+02,1.000000000000000000e+00,9.300000000000000000e+01,1.650000000000000000e+02,8.030000000000000000e+02,4.960000000000000000e+02,8.100000000000000000e+01,9.290000000000000000e+02,8.500000000000000000e+01,1.100000000000000000e+01,7.250000000000000000e+02,5.000000000000000000e+00,1.200000000000000000e+01,2.740000000000000000e+02,1.400000000000000000e+01,3.400000000000000000e+01,2.800000000000000000e+01,1.196000000000000000e+03,8.790000000000000000e+02,1.140000000000000000e+02,1.200000000000000000e+01,1.560000000000000000e+02,9.900000000000000000e+01,1.540000000000000000e+02,8.100000000000000000e+01,4.500000000000000000e+01,1.720000000000000000e+02,1.970000000000000000e+02,1.120000000000000000e+02,2.390000000000000000e+02,2.100000000000000000e+01,2.000000000000000000e+00,9.950000000000000000e+02,7.200000000000000000e+02,7.000000000000000000e+01,1.140000000000000000e+02,9.180000000000000000e+02,2.100000000000000000e+01,1.580000000000000000e+02,7.880000000000000000e+02,1.300000000000000000e+01,4.420000000000000000e+02,7.000000000000000000e+00,3.000000000000000000e+00,1.570000000000000000e+02,8.500000000000000000e+01,6.650000000000000000e+02,3.300000000000000000e+01,1.160000000000000000e+02,4.900000000000000000e+01,5.000000000000000000e+01,0.000000000000000000e+00,4.080000000000000000e+02,5.800000000000000000e+01,2.870000000000000000e+02,1.460000000000000000e+02,2.320000000000000000e+02,5.600000000000000000e+01,1.023000000000000000e+03,5.170000000000000000e+02,8.800000000000000000e+02,3.020000000000000000e+02,2.000000000000000000e+00,1.680000000000000000e+02,2.410000000000000000e+02,3.510000000000000000e+02,1.850000000000000000e+02,3.370000000000000000e+02,1.220000000000000000e+02,8.700000000000000000e+01,8.120000000000000000e+02,5.000000000000000000e+01,7.400000000000000000e+01,1.166000000000000000e+03,6.600000000000000000e+01,2.630000000000000000e+02,8.510000000000000000e+02,2.570000000000000000e+02,3.000000000000000000e+00,2.900000000000000000e+01,5.980000000000000000e+02,0.000000000000000000e+00,3.390000000000000000e+02,6.840000000000000000e+02,8.870000000000000000e+02,8.750000000000000000e+02,6.920000000000000000e+02,3.400000000000000000e+02,2.500000000000000000e+01,1.002000000000000000e+03,8.820000000000000000e+02,5.720000000000000000e+02,8.250000000000000000e+02,8.000000000000000000e+00,9.000000000000000000e+00,6.630000000000000000e+02,2.300000000000000000e+01,7.430000000000000000e+02,3.200000000000000000e+01,1.900000000000000000e+01,1.400000000000000000e+01,3.000000000000000000e+00,1.400000000000000000e+01,2.000000000000000000e+01,8.830000000000000000e+02,8.850000000000000000e+02,9.750000000000000000e+02,4.000000000000000000e+00,4.040000000000000000e+02
5.640000000000000000e+02,6.960000000000000000e+02,3.010000000000000000e+02,1.460000000000000000e+02,2.260000000000000000e+02,6.100000000000000000e+01,4.000000000000000000e+00,2.500000000000000000e+01,3.820000000000000000e+02,0.000000000000000000e+00,2.460000000000000000e+02,1.950000000000000000e+02,9.500000000000000000e+01,6.250000000000000000e+02,9.400000000000000000e+01,2.900000000000000000e+01,1.700000000000000000e+01,2.700000000000000000e+02,1.900000000000000000e+02,0.000000000000000000e+00,1.120000000000000000e+02,1.050000000000000000e+02,2.860000000000000000e+02,8.490000000000000000e+02,2.000000000000000000e+00,3.100000000000000000e+02,1.680000000000000000e+02,3.170000000000000000e+02,7.550000000000000000e+02,9.390000000000000000e+02,1.870000000000000000e+02,2.160000000000000000e+02,5.600000000000000000e+01,3.950000000000000000e+02,4.000000000000000000e+00,0.000000000000000000e+00,3.000000000000000000e+00,2.960000000000000000e+02,1.660000000000000000e+02,1.141000000000000000e+03,6.000000000000000000e+01,5.590000000000000000e+02,9.000000000000000000e+00,4.600000000000000000e+02,6.000000000000000000e+00,4.100000000000000000e+01,2.000000000000000000e+00,3.000000000000000000e+00,2.300000000000000000e+01,1.300000000000000000e+02,2.330000000000000000e+02,3.900000000000000000e+01,2.020000000000000000e+02,2.000000000000000000e+00,3.690000000000000000e+02,3.940000000000000000e+02,2.000000000000000000e+00,4.380000000000000000e+02,2.700000000000000000e+02,7.800000000000000000e+01,3.700000000000000000e+01,9.100000000000000000e+01,1.950000000000000000e+02,6.500000000000000000e+01,1.300000000000000000e+01,1.042000000000000000e+03,2.310000000000000000e+02,1.440000000000000000e+02,1.800000000000000000e+01,2.600000000000000000e+01,3.700000000000000000e+02,2.040000000000000000e+02,2.870000000000000000e+02,2.660000000000000000e+02,1.700000000000000000e+01,1.890000000000000000e+02,2.700000000000000000e+01,6.710000000000000000e+02,4.500000000000000000e+01,7.310000000000000000e+02,0.000000000000000000e+00,0.000000000000000000e+00,0.000000000000000000e+00,9.400000000000000000e+01,1.910000000000000000e+02,6.240000000000000000e+02,1.250000000000000000e+02,2.600000000000000000e+01,4.110000000000000000e+02,9.950000000000000000e+02,4.800000000000000000e+01,1.310000000000000000e+02,1.038000000000000000e+03,3.630000000000000000e+02,6.200000000000000000e+01,9.700000000000000000e+01,2.590000000000000000e+02,9.450000000000000000e+02,3.000000000000000000e+00,0.000000000000000000e+00,2.200000000000000000e+01,5.000000000000000000e+00,8.620000000000000000e+02,6.100000000000000000e+01,3.700000000000000000e+02,1.400000000000000000e+01,1.200000000000000000e+02,1.000000000000000000e+01,1.018000000000000000e+03,0.000000000000000000e+00,8.790000000000000000e+02,4.600000000000000000e+01,5.010000000000000000e+02,0.000000000000000000e+00,1.179000000000000000e+03,1.750000000000000000e+02,8.490000000000000000e+02,3.690000000000000000e+02,6.600000000000000000e+02,8.260000000000000000e+02,5.000000000000000000e+00,0.000000000000000000e+00,2.420000000000000000e+02,1.016000000000000000e+03,9.190000000000000000e+02,2.400000000000000000e+01,0.000000000000000000e+00,9.550000000000000000e+02,5.000000000000000000e+00,2.900000000000000000e+02,1.000000000000000000e+00,4.800000000000000000e+01,3.100000000000000000e+01,5.000000000000000000e+00,1.500000000000000000e+01,1.600000000000000000e+01,5.650000000000000000e+02,3.500000000000000000e+01,4.530000000000000000e+02,1.580000000000000000e+02,1.450000000000000000e+02,5.360000000000000000e+02,2.080000000000000000e+02,0.000000000000000000e+00,2.000000000000000000e+00,1.200000000000000000e+01,5.000000000000000000e+00,6.880000000000000000e+02,2.600000000000000000e+01,3.550000000000000000e+02,7.030000000000000000e+02,5.300000000000000000e+01,2.180000000000000000e+02,0.000000000000000000e+00,6.000000000000000000e+00,9.000000000000000000e+00,1.117000000000000000e+03,2.000000000000000000e+00,6.600000000000000000e+01,1.710000000000000000e+02,8.150000000000000000e+02,3.820000000000000000e+02,8.700000000000000000e+01,7.010000000000000000e+02,4.200000000000000000e+01,6.000000000000000000e+00,5.960000000000000000e+02,2.000000000000000000e+00,7.000000000000000000e+00,1.300000000000000000e+02,1.000000000000000000e+00,2.700000000000000000e+01,1.600000000000000000e+01,0.000000000000000000e+00,8.990000000000000000e+02,1.150000000000000000e+02,0.000000000000000000e+00,2.080000000000000000e+02,1.500000000000000000e+02,2.900000000000000000e+01,5.800000000000000000e+01,4.300000000000000000e+01,1.900000000000000000e+02,2.720000000000000000e+02,1.120000000000000000e+02,4.910000000000000000e+02,1.100000000000000000e+01,0.000000000000000000e+00,1.020000000000000000e+03,6.060000000000000000e+02,6.000000000000000000e+01,9.600000000000000000e+01,1.264000000000000000e+03,1.000000000000000000e+00,1.440000000000000000e+02,8.470000000000000000e+02,2.000000000000000000e+00,2.380000000000000000e+02,0.000000000000000000e+00,0.000000000000000000e+00,2.290000000000000000e+02,8.800000000000000000e+01,5.380000000000000000e+02,2.300000000000000000e+01,3.700000000000000000e+01,2.900000000000000000e+01,2.900000000000000000e+01,0.000000000000000000e+00,2.740000000000000000e+02,3.700000000000000000e+01,1.890000000000000000e+02,1.200000000000000000e+02,1.000000000000000000e+02,3.300000000000000000e+01,1.164000000000000000e+03,3.390000000000000000e+02,1.026000000000000000e+03,1.080000000000000000e+02,2.000000000000000000e+00,5.700000000000000000e+01,3.090000000000000000e+02,0.000000000000000000e+00,9.500000000000000000e+01,0.000000000000000000e+00,7.500000000000000000e+01,8.200000000000000000e+01,5.340000000000000000e+02,4.400000000000000000e+01,2.900000000000000000e+01,0.000000000000000000e+00,4.400000000000000000e+01,1.290000000000000000e+02,9.160000000000000000e+02,3.420000000000000000e+02,0.000000000000000000e+00,6.000000000000000000e+00,5.080000000000000000e+02,1.700000000000000000e+02,0.000000000000000000e+00,5.010000000000000000e+02,9.980000000000000000e+02,7.430000000000000000e+02,5.650000000000000000e+02,0.000000000000000000e+00,1.100000000000000000e+01,9.550000000000000000e+02,8.350000000000000000e+02,4.150000000000000000e+02,7.530000000000000000e+02,1.000000000000000000e+00,1.000000000000000000e+00,5.960000000000000000e+02,7.000000000000000000e+00,6.600000000000000000e+02,1.300000000000000000e+01,1.000000000000000000e+01,4.000000000000000000e+00,0.000000000000000000e+00,2.100000000000000000e+01,1.700000000000000000e+01,1.015000000000000000e+03,9.280000000000000000e+02,1.169000000000000000e+03,6.000000000000000000e+00,0.000000000000000000e+00
1.334000000000000000e+03,1.421000000000000000e+03,5.810000000000000000e+02,3.090000000000000000e+02,4.710000000000000000e+02,2.150000000000000000e+02,1.200000000000000000e+01,1.180000000000000000e+02,7.060000000000000000e+02,3.000000000000000000e+00,3.510000000000000000e+02,3.100000000000000000e+02,2.790000000000000000e+02,1.308000000000000000e+03,1.400000000000000000e+02,3.700000000000000000e+01,6.200000000000000000e+01,6.180000000000000000e+02,4.560000000000000000e+02,6.000000000000000000e+00,2.390000000000000000e+02,2.830000000000000000e+02,7.180000000000000000e+02,1.765000000000000000e+03,4.000000000000000000e+00,6.440000000000000000e+02,3.850000000000000000e+02,5.290000000000000000e+02,1.536000000000000000e+03,1.757000000000000000e+03,5.280000000000000000e+02,4.080000000000000000e+02,1.610000000000000000e+02,1.010000000000000000e+03,1.700000000000000000e+01,7.410000000000000000e+02,2.000000000000000000e+00,4.900000000000000000e+02,4.520000000000000000e+02,1.927000000000000000e+03,1.300000000000000000e+02,9.840000000000000000e+02,3.700000000000000000e+01,1.067000000000000000e+03,1.000000000000000000e+01,1.350000000000000000e+02,9.000000000000000000e+00,6.000000000000000000e+00,8.300000000000000000e+01,2.980000000000000000e+02,3.590000000000000000e+02,1.010000000000000000e+02,4.640000000000000000e+02,1.900000000000000000e+01,8.260000000000000000e+02,8.680000000000000000e+02,1.000000000000000000e+01,9.560000000000000000e+02,5.390000000000000000e+02,2.990000000000000000e+02,1.360000000000000000e+02,2.010000000000000000e+02,4.900000000000000000e+02,9.200000000000000000e+01,3.900000000000000000e+01,1.812000000000000000e+03,5.600000000000000000e+02,4.300000000000000000e+02,1.250000000000000000e+02,8.700000000000000000e+01,6.480000000000000000e+02,4.430000000000000000e+02,7.980000000000000000e+02,6.160000000000000000e+02,4.000000000000000000e+01,6.080000000000000000e+02,7.100000000000000000e+01,1.522000000000000000e+03,1.840000000000000000e+02,1.446000000000000000e+03,2.765000000000000000e+03,7.190000000000000000e+02,7.630000000000000000e+02,3.130000000000000000e+02,3.190000000000000000e+02,1.417000000000000000e+03,3.770000000000000000e+02,7.700000000000000000e+01,9.460000000000000000e+02,1.719000000000000000e+03,7.700000000000000000e+01,2.480000000000000000e+02,1.755000000000000000e+03,5.430000000000000000e+02,1.770000000000000000e+02,2.040000000000000000e+02,6.790000000000000000e+02,1.705000000000000000e+03,1.800000000000000000e+01,0.000000000000000000e+00,7.100000000000000000e+01,7.000000000000000000e+00,1.326000000000000000e+03,1.690000000000000000e+02,8.800000000000000000e+02,5.700000000000000000e+01,3.030000000000000000e+02,2.800000000000000000e+01,1.524000000000000000e+03,8.590000000000000000e+02,1.660000000000000000e+03,8.500000000000000000e+01,1.190000000000000000e+03,0.000000000000000000e+00,1.939000000000000000e+03,3.200000000000000000e+02,1.636000000000000000e+03,7.450000000000000000e+02,1.380000000000000000e+03,1.624000000000000000e+03,1.100000000000000000e+01,2.763000000000000000e+03,3.650000000000000000e+02,1.682000000000000000e+03,1.643000000000000000e+03,5.000000000000000000e+01,1.300000000000000000e+01,1.678000000000000000e+03,5.000000000000000000e+00,5.970000000000000000e+02,1.000000000000000000e+01,1.190000000000000000e+02,1.290000000000000000e+02,3.500000000000000000e+01,4.200000000000000000e+01,2.400000000000000000e+01,1.379000000000000000e+03,1.180000000000000000e+02,9.880000000000000000e+02,3.310000000000000000e+02,4.030000000000000000e+02,1.276000000000000000e+03,6.100000000000000000e+02,7.330000000000000000e+02,9.000000000000000000e+00,4.300000000000000000e+01,2.900000000000000000e+01,1.335000000000000000e+03,7.700000000000000000e+01,7.300000000000000000e+02,1.464000000000000000e+03,1.150000000000000000e+02,3.430000000000000000e+02,2.725000000000000000e+03,2.000000000000000000e+01,2.700000000000000000e+01,1.729000000000000000e+03,1.000000000000000000e+01,1.660000000000000000e+02,4.760000000000000000e+02,1.460000000000000000e+03,8.050000000000000000e+02,1.480000000000000000e+02,1.363000000000000000e+03,1.530000000000000000e+02,1.700000000000000000e+01,1.300000000000000000e+03,5.000000000000000000e+00,2.500000000000000000e+01,3.360000000000000000e+02,4.000000000000000000e+00,6.500000000000000000e+01,6.400000000000000000e+01,2.703000000000000000e+03,1.494000000000000000e+03,2.860000000000000000e+02,5.000000000000000000e+00,4.370000000000000000e+02,3.410000000000000000e+02,3.800000000000000000e+01,2.180000000000000000e+02,1.100000000000000000e+02,3.970000000000000000e+02,6.610000000000000000e+02,2.340000000000000000e+02,7.850000000000000000e+02,3.000000000000000000e+01,0.000000000000000000e+00,1.799000000000000000e+03,1.068000000000000000e+03,1.720000000000000000e+02,3.170000000000000000e+02,1.839000000000000000e+03,5.000000000000000000e+00,4.270000000000000000e+02,1.548000000000000000e+03,1.900000000000000000e+01,6.580000000000000000e+02,1.100000000000000000e+01,3.000000000000000000e+00,5.170000000000000000e+02,1.430000000000000000e+02,1.270000000000000000e+03,8.200000000000000000e+01,1.680000000000000000e+02,1.180000000000000000e+02,1.310000000000000000e+02,0.000000000000000000e+00,7.000000000000000000e+02,1.380000000000000000e+02,4.810000000000000000e+02,2.740000000000000000e+02,2.820000000000000000e+02,1.180000000000000000e+02,1.953000000000000000e+03,8.590000000000000000e+02,1.856000000000000000e+03,4.690000000000000000e+02,6.000000000000000000e+00,2.020000000000000000e+02,6.690000000000000000e+02,7.220000000000000000e+02,2.640000000000000000e+02,7.730000000000000000e+02,2.020000000000000000e+02,1.640000000000000000e+02,1.180000000000000000e+03,1.450000000000000000e+02,1.170000000000000000e+02,2.784000000000000000e+03,1.120000000000000000e+02,3.490000000000000000e+02,1.417000000000000000e+03,5.980000000000000000e+02,0.000000000000000000e+00,1.000000000000000000e+01,1.116000000000000000e+03,4.220000000000000000e+02,7.480000000000000000e+02,0.000000000000000000e+00,1.844000000000000000e+03,1.433000000000000000e+03,1.239000000000000000e+03,7.130000000000000000e+02,2.400000000000000000e+01,1.776000000000000000e+03,1.546000000000000000e+03,1.047000000000000000e+03,1.572000000000000000e+03,4.000000000000000000e+00,1.100000000000000000e+01,1.273000000000000000e+03,3.900000000000000000e+01,1.426000000000000000e+03,2.200000000000000000e+01,5.000000000000000000e+00,8.000000000000000000e+00,0.000000000000000000e+00,7.900000000000000000e+01,4.200000000000000000e+01,1.818000000000000000e+03,1.800000000000000000e+03,1.765000000000000000e+03,8.000000000000000000e+00,7.940000000000000000e+02
6.780000000000000000e+02,8.790000000000000000e+02,3.700000000000000000e+02,1.360000000000000000e+02,1.320000000000000000e+02,4.900000000000000000e+01,3.000000000000000000e+00,1.700000000000000000e+01,5.280000000000000000e+02,1.000000000000000000e+00,3.970000000000000000e+02,2.250000000000000000e+02,5.200000000000000000e+01,2.990000000000000000e+02,1.500000000000000000e+02,1.700000000000000000e+01,4.000000000000000000e+00,3.000000000000000000e+01,2.600000000000000000e+01,0.000000000000000000e+00,9.400000000000000000e+01,7.000000000000000000e+01,2.580000000000000000e+02,1.167000000000000000e+03,0.000000000000000000e+00,2.120000000000000000e+02,2.370000000000000000e+02,3.480000000000000000e+02,4.720000000000000000e+02,1.348000000000000000e+03,1.270000000000000000e+02,2.100000000000000000e+02,3.100000000000000000e+01,4.410000000000000000e+02,4.000000000000000000e+00,5.450000000000000000e+02,1.000000000000000000e+00,3.820000000000000000e+02,1.870000000000000000e+02,1.587000000000000000e+03,8.900000000000000000e+01,6.870000000000000000e+02,9.000000000000000000e+00,4.010000000000000000e+02,0.000000000000000000e+00,5.100000000000000000e+01,3.000000000000000000e+00,0.000000000000000000e+00,2.000000000000000000e+00,1.740000000000000000e+02,3.060000000000000000e+02,8.000000000000000000e+00,2.370000000000000000e+02,0.000000000000000000e+00,9.900000000000000000e+01,9.200000000000000000e+01,0.000000000000000000e+00,3.720000000000000000e+02,2.820000000000000000e+02,2.080000000000000000e+02,3.000000000000000000e+01,8.600000000000000000e+01,2.250000000000000000e+02,1.040000000000000000e+02,3.300000000000000000e+01,1.409000000000000000e+03,1.540000000000000000e+02,2.400000000000000000e+01,2.500000000000000000e+01,3.200000000000000000e+01,5.370000000000000000e+02,2.530000000000000000e+02,2.740000000000000000e+02,4.600000000000000000e+01,0.000000000000000000e+00,9.800000000000000000e+01,1.400000000000000000e+01,6.280000000000000000e+02,5.400000000000000000e+01,8.680000000000000000e+02,3.191000000000000000e+03,4.820000000000000000e+02,6.450000000000000000e+02,4.400000000000000000e+01,3.330000000000000000e+02,4.840000000000000000e+02,7.600000000000000000e+01,6.000000000000000000e+00,1.760000000000000000e+02,1.179000000000000000e+03,6.500000000000000000e+01,9.700000000000000000e+01,1.251000000000000000e+03,3.290000000000000000e+02,1.020000000000000000e+02,1.690000000000000000e+02,2.520000000000000000e+02,1.177000000000000000e+03,1.000000000000000000e+00,1.000000000000000000e+00,2.000000000000000000e+00,2.000000000000000000e+00,1.250000000000000000e+03,4.600000000000000000e+01,4.380000000000000000e+02,7.000000000000000000e+00,1.310000000000000000e+02,0.000000000000000000e+00,1.304000000000000000e+03,5.260000000000000000e+02,1.025000000000000000e+03,3.000000000000000000e+00,5.680000000000000000e+02,0.000000000000000000e+00,1.697000000000000000e+03,2.430000000000000000e+02,1.268000000000000000e+03,5.620000000000000000e+02,7.200000000000000000e+02,1.066000000000000000e+03,1.000000000000000000e+00,3.244000000000000000e+03,3.180000000000000000e+02,1.415000000000000000e+03,1.130000000000000000e+03,8.000000000000000000e+00,1.000000000000000000e+00,1.245000000000000000e+03,1.000000000000000000e+00,3.440000000000000000e+02,0.000000000000000000e+00,1.600000000000000000e+01,3.100000000000000000e+01,6.000000000000000000e+00,1.300000000000000000e+01,1.100000000000000000e+01,7.170000000000000000e+02,2.100000000000000000e+01,4.030000000000000000e+02,1.890000000000000000e+02,1.450000000000000000e+02,4.280000000000000000e+02,1.160000000000000000e+02,4.500000000000000000e+02,0.000000000000000000e+00,6.000000000000000000e+00,1.000000000000000000e+00,6.650000000000000000e+02,1.300000000000000000e+01,3.840000000000000000e+02,8.230000000000000000e+02,6.000000000000000000e+00,3.280000000000000000e+02,3.359000000000000000e+03,3.000000000000000000e+00,1.000000000000000000e+00,1.527000000000000000e+03,2.000000000000000000e+00,7.200000000000000000e+01,1.980000000000000000e+02,1.049000000000000000e+03,5.200000000000000000e+01,1.610000000000000000e+02,8.190000000000000000e+02,3.700000000000000000e+01,1.000000000000000000e+00,6.590000000000000000e+02,5.000000000000000000e+00,1.000000000000000000e+00,6.300000000000000000e+01,1.000000000000000000e+00,1.800000000000000000e+01,1.500000000000000000e+01,3.320000000000000000e+03,1.226000000000000000e+03,2.500000000000000000e+02,3.000000000000000000e+00,1.290000000000000000e+02,1.070000000000000000e+02,6.100000000000000000e+01,5.700000000000000000e+01,3.000000000000000000e+01,2.500000000000000000e+02,3.920000000000000000e+02,1.100000000000000000e+02,7.170000000000000000e+02,6.000000000000000000e+00,0.000000000000000000e+00,1.440000000000000000e+03,7.030000000000000000e+02,4.200000000000000000e+01,5.700000000000000000e+01,1.944000000000000000e+03,3.000000000000000000e+00,1.700000000000000000e+02,1.081000000000000000e+03,0.000000000000000000e+00,8.800000000000000000e+01,0.000000000000000000e+00,2.000000000000000000e+00,3.470000000000000000e+02,1.540000000000000000e+02,2.770000000000000000e+02,7.000000000000000000e+00,5.300000000000000000e+01,4.000000000000000000e+01,3.000000000000000000e+00,0.000000000000000000e+00,2.460000000000000000e+02,7.000000000000000000e+00,1.300000000000000000e+02,1.650000000000000000e+02,1.900000000000000000e+01,9.000000000000000000e+00,1.639000000000000000e+03,6.500000000000000000e+01,1.555000000000000000e+03,1.430000000000000000e+02,4.000000000000000000e+00,3.500000000000000000e+01,4.510000000000000000e+02,5.780000000000000000e+02,6.200000000000000000e+01,4.100000000000000000e+02,7.800000000000000000e+01,1.700000000000000000e+01,5.790000000000000000e+02,7.000000000000000000e+00,4.000000000000000000e+00,3.393000000000000000e+03,9.000000000000000000e+00,8.800000000000000000e+01,1.330000000000000000e+03,4.690000000000000000e+02,0.000000000000000000e+00,1.400000000000000000e+01,5.730000000000000000e+02,2.100000000000000000e+02,6.180000000000000000e+02,6.070000000000000000e+02,0.000000000000000000e+00,8.980000000000000000e+02,3.080000000000000000e+02,6.390000000000000000e+02,1.000000000000000000e+00,1.263000000000000000e+03,9.230000000000000000e+02,4.500000000000000000e+02,6.530000000000000000e+02,8.000000000000000000e+00,1.000000000000000000e+00,5.890000000000000000e+02,9.000000000000000000e+00,8.080000000000000000e+02,1.500000000000000000e+01,1.100000000000000000e+01,2.000000000000000000e+00,1.000000000000000000e+00,2.200000000000000000e+01,1.100000000000000000e+01,1.420000000000000000e+03,8.860000000000000000e+02,1.649000000000000000e+03,0.000000000000000000e+00,5.880000000000000000e+02
1.010000000000000000e+03,8.910000000000000000e+02,5.670000000000000000e+02,2.480000000000000000e+02,3.570000000000000000e+02,1.240000000000000000e+02,4.000000000000000000e+00,5.700000000000000000e+01,6.010000000000000000e+02,2.000000000000000000e+00,3.510000000000000000e+02,2.760000000000000000e+02,1.460000000000000000e+02,9.930000000000000000e+02,1.660000000000000000e+02,3.600000000000000000e+01,3.100000000000000000e+01,4.260000000000000000e+02,2.650000000000000000e+02,0.000000000000000000e+00,1.990000000000000000e+02,1.670000000000000000e+02,1.790000000000000000e+02,1.430000000000000000e+03,1.000000000000000000e+00,5.000000000000000000e+02,2.620000000000000000e+02,5.580000000000000000e+02,1.244000000000000000e+03,1.383000000000000000e+03,3.540000000000000000e+02,3.950000000000000000e+02,9.200000000000000000e+01,7.020000000000000000e+02,3.000000000000000000e+00,6.100000000000000000e+02,7.000000000000000000e+00,5.850000000000000000e+02,2.990000000000000000e+02,1.493000000000000000e+03,1.150000000000000000e+02,1.025000000000000000e+03,1.400000000000000000e+01,7.740000000000000000e+02,6.000000000000000000e+00,1.330000000000000000e+02,0.000000000000000000e+00,5.000000000000000000e+00,5.800000000000000000e+01,2.670000000000000000e+02,2.880000000000000000e+02,4.600000000000000000e+01,3.240000000000000000e+02,0.000000000000000000e+00,6.180000000000000000e+02,5.870000000000000000e+02,3.000000000000000000e+00,6.440000000000000000e+02,5.590000000000000000e+02,2.310000000000000000e+02,8.200000000000000000e+01,7.700000000000000000e+01,2.630000000000000000e+02,2.130000000000000000e+02,8.400000000000000000e+01,1.542000000000000000e+03,3.820000000000000000e+02,2.390000000000000000e+02,1.500000000000000000e+01,5.200000000000000000e+01,7.750000000000000000e+02,2.790000000000000000e+02,5.270000000000000000e+02,3.700000000000000000e+02,2.400000000000000000e+01,3.350000000000000000e+02,4.400000000000000000e+01,1.209000000000000000e+03,7.000000000000000000e+01,1.278000000000000000e+03,2.664000000000000000e+03,5.980000000000000000e+02,6.990000000000000000e+02,1.670000000000000000e+02,2.840000000000000000e+02,1.055000000000000000e+03,2.200000000000000000e+02,2.400000000000000000e+01,6.810000000000000000e+02,1.589000000000000000e+03,1.120000000000000000e+02,2.170000000000000000e+02,1.552000000000000000e+03,5.970000000000000000e+02,1.740000000000000000e+02,1.690000000000000000e+02,1.900000000000000000e+02,1.206000000000000000e+03,2.000000000000000000e+00,6.000000000000000000e+00,3.200000000000000000e+01,8.000000000000000000e+00,1.487000000000000000e+03,5.500000000000000000e+01,3.910000000000000000e+02,3.800000000000000000e+01,1.830000000000000000e+02,1.800000000000000000e+01,1.507000000000000000e+03,6.380000000000000000e+02,1.331000000000000000e+03,5.800000000000000000e+01,6.270000000000000000e+02,9.000000000000000000e+00,1.718000000000000000e+03,2.940000000000000000e+02,1.387000000000000000e+03,5.010000000000000000e+02,9.960000000000000000e+02,1.340000000000000000e+03,9.000000000000000000e+00,2.741000000000000000e+03,3.140000000000000000e+02,1.606000000000000000e+03,1.404000000000000000e+03,3.800000000000000000e+01,3.000000000000000000e+00,1.337000000000000000e+03,2.000000000000000000e+00,4.950000000000000000e+02,4.000000000000000000e+00,5.600000000000000000e+01,3.500000000000000000e+01,2.000000000000000000e+00,2.300000000000000000e+01,1.500000000000000000e+01,1.044000000000000000e+03,5.200000000000000000e+01,7.040000000000000000e+02,2.860000000000000000e+02,3.010000000000000000e+02,1.034000000000000000e+03,3.420000000000000000e+02,6.890000000000000000e+02,5.000000000000000000e+00,2.700000000000000000e+01,1.900000000000000000e+01,1.014000000000000000e+03,2.800000000000000000e+01,5.850000000000000000e+02,1.203000000000000000e+03,8.600000000000000000e+01,3.520000000000000000e+02,2.712000000000000000e+03,1.600000000000000000e+01,1.300000000000000000e+01,1.731000000000000000e+03,2.000000000000000000e+00,1.030000000000000000e+02,3.750000000000000000e+02,1.260000000000000000e+03,5.710000000000000000e+02,1.400000000000000000e+02,1.060000000000000000e+03,8.500000000000000000e+01,1.200000000000000000e+01,1.028000000000000000e+03,5.000000000000000000e+00,9.000000000000000000e+00,2.300000000000000000e+02,4.000000000000000000e+00,5.600000000000000000e+01,3.900000000000000000e+01,2.668000000000000000e+03,1.429000000000000000e+03,2.550000000000000000e+02,5.000000000000000000e+00,3.340000000000000000e+02,2.370000000000000000e+02,1.020000000000000000e+02,1.010000000000000000e+02,6.300000000000000000e+01,3.950000000000000000e+02,4.930000000000000000e+02,1.870000000000000000e+02,7.090000000000000000e+02,2.200000000000000000e+01,1.000000000000000000e+00,1.648000000000000000e+03,1.074000000000000000e+03,1.000000000000000000e+02,1.580000000000000000e+02,1.883000000000000000e+03,1.200000000000000000e+01,3.190000000000000000e+02,1.366000000000000000e+03,7.000000000000000000e+00,4.080000000000000000e+02,3.000000000000000000e+00,0.000000000000000000e+00,3.860000000000000000e+02,1.210000000000000000e+02,9.430000000000000000e+02,5.400000000000000000e+01,1.400000000000000000e+01,2.800000000000000000e+01,5.300000000000000000e+01,1.000000000000000000e+00,4.800000000000000000e+02,9.300000000000000000e+01,3.260000000000000000e+02,2.460000000000000000e+02,1.080000000000000000e+02,7.000000000000000000e+01,1.678000000000000000e+03,6.140000000000000000e+02,1.613000000000000000e+03,1.560000000000000000e+02,0.000000000000000000e+00,1.010000000000000000e+02,4.840000000000000000e+02,6.100000000000000000e+02,1.430000000000000000e+02,6.650000000000000000e+02,1.730000000000000000e+02,1.330000000000000000e+02,7.150000000000000000e+02,7.800000000000000000e+01,5.500000000000000000e+01,2.680000000000000000e+03,7.400000000000000000e+01,2.180000000000000000e+02,1.483000000000000000e+03,7.290000000000000000e+02,1.000000000000000000e+00,2.300000000000000000e+01,8.260000000000000000e+02,2.420000000000000000e+02,6.030000000000000000e+02,8.300000000000000000e+02,1.605000000000000000e+03,0.000000000000000000e+00,8.940000000000000000e+02,6.910000000000000000e+02,1.700000000000000000e+01,1.332000000000000000e+03,1.363000000000000000e+03,7.190000000000000000e+02,1.262000000000000000e+03,5.000000000000000000e+00,7.000000000000000000e+00,9.440000000000000000e+02,1.600000000000000000e+01,7.290000000000000000e+02,3.300000000000000000e+01,2.600000000000000000e+01,9.000000000000000000e+00,0.000000000000000000e+00,1.300000000000000000e+01,1.100000000000000000e+01,1.544000000000000000e+03,1.529000000000000000e+03,1.797000000000000000e+03,3.000000000000000000e+00,7.290000000000000000e+02
1.257000000000000000e+03,1.311000000000000000e+03,6.010000000000000000e+02,3.050000000000000000e+02,5.650000000000000000e+02,1.660000000000000000e+02,1.400000000000000000e+01,1.150000000000000000e+02,6.710000000000000000e+02,5.000000000000000000e+00,3.460000000000000000e+02,3.530000000000000000e+02,2.630000000000000000e+02,1.157000000000000000e+03,1.480000000000000000e+02,3.400000000000000000e+01,4.200000000000000000e+01,2.690000000000000000e+02,1.690000000000000000e+02,6.000000000000000000e+00,2.830000000000000000e+02,2.050000000000000000e+02,6.760000000000000000e+02,1.610000000000000000e+03,7.000000000000000000e+00,4.940000000000000000e+02,3.910000000000000000e+02,7.800000000000000000e+02,1.312000000000000000e+03,1.688000000000000000e+03,5.120000000000000000e+02,5.050000000000000000e+02,1.220000000000000000e+02,9.360000000000000000e+02,4.000000000000000000e+00,7.420000000000000000e+02,1.100000000000000000e+01,7.360000000000000000e+02,3.990000000000000000e+02,1.882000000000000000e+03,1.360000000000000000e+02,1.278000000000000000e+03,3.600000000000000000e+01,1.027000000000000000e+03,1.200000000000000000e+01,1.640000000000000000e+02,6.000000000000000000e+00,2.000000000000000000e+00,2.400000000000000000e+01,2.780000000000000000e+02,3.270000000000000000e+02,7.000000000000000000e+01,4.280000000000000000e+02,1.500000000000000000e+01,3.920000000000000000e+02,4.370000000000000000e+02,2.000000000000000000e+00,8.830000000000000000e+02,5.690000000000000000e+02,3.270000000000000000e+02,1.090000000000000000e+02,2.080000000000000000e+02,4.060000000000000000e+02,2.770000000000000000e+02,9.700000000000000000e+01,1.905000000000000000e+03,5.130000000000000000e+02,1.840000000000000000e+02,9.400000000000000000e+01,1.050000000000000000e+02,9.620000000000000000e+02,3.440000000000000000e+02,7.000000000000000000e+02,2.250000000000000000e+02,5.000000000000000000e+00,4.730000000000000000e+02,5.200000000000000000e+01,1.328000000000000000e+03,1.550000000000000000e+02,1.469000000000000000e+03,2.791000000000000000e+03,6.860000000000000000e+02,7.900000000000000000e+02,2.290000000000000000e+02,3.640000000000000000e+02,1.496000000000000000e+03,3.320000000000000000e+02,4.000000000000000000e+01,6.920000000000000000e+02,1.605000000000000000e+03,1.810000000000000000e+02,2.520000000000000000e+02,1.628000000000000000e+03,7.440000000000000000e+02,2.440000000000000000e+02,2.540000000000000000e+02,6.800000000000000000e+02,1.743000000000000000e+03,1.200000000000000000e+01,1.200000000000000000e+01,5.000000000000000000e+01,9.000000000000000000e+00,1.651000000000000000e+03,1.570000000000000000e+02,9.380000000000000000e+02,5.500000000000000000e+01,2.880000000000000000e+02,1.600000000000000000e+01,1.813000000000000000e+03,8.280000000000000000e+02,1.510000000000000000e+03,1.300000000000000000e+01,1.165000000000000000e+03,1.000000000000000000e+01,1.992000000000000000e+03,3.180000000000000000e+02,1.745000000000000000e+03,7.280000000000000000e+02,1.302000000000000000e+03,1.563000000000000000e+03,9.000000000000000000e+00,2.813000000000000000e+03,3.280000000000000000e+02,1.828000000000000000e+03,1.673000000000000000e+03,7.200000000000000000e+01,5.000000000000000000e+00,1.763000000000000000e+03,5.000000000000000000e+00,5.750000000000000000e+02,8.000000000000000000e+00,8.800000000000000000e+01,1.140000000000000000e+02,3.300000000000000000e+01,4.100000000000000000e+01,1.900000000000000000e+01,1.271000000000000000e+03,8.000000000000000000e+01,9.880000000000000000e+02,2.920000000000000000e+02,3.750000000000000000e+02,1.144000000000000000e+03,5.190000000000000000e+02,6.780000000000000000e+02,8.000000000000000000e+00,2.200000000000000000e+01,1.600000000000000000e+01,1.250000000000000000e+03,5.700000000000000000e+01,6.140000000000000000e+02,1.386000000000000000e+03,4.000000000000000000e+01,3.690000000000000000e+02,2.696000000000000000e+03,1.100000000000000000e+01,6.000000000000000000e+00,1.885000000000000000e+03,4.000000000000000000e+00,1.760000000000000000e+02,4.610000000000000000e+02,1.527000000000000000e+03,3.310000000000000000e+02,1.620000000000000000e+02,1.451000000000000000e+03,1.470000000000000000e+02,1.600000000000000000e+01,1.232000000000000000e+03,8.000000000000000000e+00,4.000000000000000000e+00,2.790000000000000000e+02,9.000000000000000000e+00,7.100000000000000000e+01,5.600000000000000000e+01,2.854000000000000000e+03,1.789000000000000000e+03,3.340000000000000000e+02,1.000000000000000000e+01,4.800000000000000000e+02,2.210000000000000000e+02,1.720000000000000000e+02,1.550000000000000000e+02,9.900000000000000000e+01,4.960000000000000000e+02,5.960000000000000000e+02,2.410000000000000000e+02,8.090000000000000000e+02,2.900000000000000000e+01,2.000000000000000000e+00,1.874000000000000000e+03,1.239000000000000000e+03,1.500000000000000000e+02,2.250000000000000000e+02,2.001000000000000000e+03,1.500000000000000000e+01,3.870000000000000000e+02,1.574000000000000000e+03,1.000000000000000000e+01,3.880000000000000000e+02,1.200000000000000000e+01,3.000000000000000000e+00,5.350000000000000000e+02,1.300000000000000000e+02,1.180000000000000000e+03,4.900000000000000000e+01,1.740000000000000000e+02,1.180000000000000000e+02,2.900000000000000000e+01,0.000000000000000000e+00,6.130000000000000000e+02,7.100000000000000000e+01,4.060000000000000000e+02,2.550000000000000000e+02,1.660000000000000000e+02,3.600000000000000000e+01,1.971000000000000000e+03,4.320000000000000000e+02,1.820000000000000000e+03,4.570000000000000000e+02,7.000000000000000000e+00,1.670000000000000000e+02,6.430000000000000000e+02,7.450000000000000000e+02,2.210000000000000000e+02,6.830000000000000000e+02,2.350000000000000000e+02,1.440000000000000000e+02,1.140000000000000000e+03,6.200000000000000000e+01,9.000000000000000000e+01,2.873000000000000000e+03,5.100000000000000000e+01,2.710000000000000000e+02,1.640000000000000000e+03,6.480000000000000000e+02,0.000000000000000000e+00,2.800000000000000000e+01,1.135000000000000000e+03,4.260000000000000000e+02,7.990000000000000000e+02,1.167000000000000000e+03,1.565000000000000000e+03,1.409000000000000000e+03,0.000000000000000000e+00,7.320000000000000000e+02,1.500000000000000000e+01,1.690000000000000000e+03,1.518000000000000000e+03,1.007000000000000000e+03,1.432000000000000000e+03,1.200000000000000000e+01,1.100000000000000000e+01,1.115000000000000000e+03,3.700000000000000000e+01,1.295000000000000000e+03,7.000000000000000000e+01,3.900000000000000000e+01,1.200000000000000000e+01,5.000000000000000000e+00,9.100000000000000000e+01,4.900000000000000000e+01,1.794000000000000000e+03,1.408000000000000000e+03,1.917000000000000000e+03,1.000000000000000000e+00,8.300000000000000000e+02
5.660000000000000000e+02,6.650000000000000000e+02,3.120000000000000000e+02,1.370000000000000000e+02,1.760000000000000000e+02,7.100000000000000000e+01,1.000000000000000000e+00,1.600000000000000000e+01,3.410000000000000000e+02,0.000000000000000000e+00,2.170000000000000000e+02,1.590000000000000000e+02,4.800000000000000000e+01,5.660000000000000000e+02,8.100000000000000000e+01,6.000000000000000000e+00,1.200000000000000000e+01,1.970000000000000000e+02,1.300000000000000000e+02,2.000000000000000000e+00,9.300000000000000000e+01,7.300000000000000000e+01,2.590000000000000000e+02,9.060000000000000000e+02,2.000000000000000000e+00,3.150000000000000000e+02,1.720000000000000000e+02,2.660000000000000000e+02,7.010000000000000000e+02,8.690000000000000000e+02,1.630000000000000000e+02,1.740000000000000000e+02,4.000000000000000000e+01,3.550000000000000000e+02,3.000000000000000000e+00,0.000000000000000000e+00,1.000000000000000000e+00,2.450000000000000000e+02,1.410000000000000000e+02,1.053000000000000000e+03,8.200000000000000000e+01,5.380000000000000000e+02,7.000000000000000000e+00,3.870000000000000000e+02,2.000000000000000000e+00,3.400000000000000000e+01,2.000000000000000000e+00,1.000000000000000000e+00,2.400000000000000000e+01,1.160000000000000000e+02,2.120000000000000000e+02,3.100000000000000000e+01,1.820000000000000000e+02,2.000000000000000000e+00,3.450000000000000000e+02,3.110000000000000000e+02,2.000000000000000000e+00,3.520000000000000000e+02,2.900000000000000000e+02,1.240000000000000000e+02,3.800000000000000000e+01,7.900000000000000000e+01,1.460000000000000000e+02,6.400000000000000000e+01,1.700000000000000000e+01,1.068000000000000000e+03,1.970000000000000000e+02,1.290000000000000000e+02,3.000000000000000000e+01,2.600000000000000000e+01,3.360000000000000000e+02,1.620000000000000000e+02,2.440000000000000000e+02,2.180000000000000000e+02,1.500000000000000000e+01,1.650000000000000000e+02,2.100000000000000000e+01,6.360000000000000000e+02,5.300000000000000000e+01,6.670000000000000000e+02,0.000000000000000000e+00,0.000000000000000000e+00,0.000000000000000000e+00,8.400000000000000000e+01,1.810000000000000000e+02,5.960000000000000000e+02,8.000000000000000000e+01,1.900000000000000000e+01,3.380000000000000000e+02,9.020000000000000000e+02,3.700000000000000000e+01,9.500000000000000000e+01,9.820000000000000000e+02,2.650000000000000000e+02,7.500000000000000000e+01,9.000000000000000000e+01,2.560000000000000000e+02,8.340000000000000000e+02,3.000000000000000000e+00,0.000000000000000000e+00,2.100000000000000000e+01,1.000000000000000000e+00,8.070000000000000000e+02,6.200000000000000000e+01,3.380000000000000000e+02,1.200000000000000000e+01,1.040000000000000000e+02,3.000000000000000000e+00,9.230000000000000000e+02,0.000000000000000000e+00,8.230000000000000000e+02,3.400000000000000000e+01,4.710000000000000000e+02,0.000000000000000000e+00,1.065000000000000000e+03,1.610000000000000000e+02,9.010000000000000000e+02,3.840000000000000000e+02,5.930000000000000000e+02,7.610000000000000000e+02,2.000000000000000000e+00,0.000000000000000000e+00,1.810000000000000000e+02,9.680000000000000000e+02,8.100000000000000000e+02,8.000000000000000000e+00,5.000000000000000000e+00,9.050000000000000000e+02,0.000000000000000000e+00,2.450000000000000000e+02,0.000000000000000000e+00,2.900000000000000000e+01,3.400000000000000000e+01,9.000000000000000000e+00,1.400000000000000000e+01,6.000000000000000000e+00,6.020000000000000000e+02,1.400000000000000000e+01,3.450000000000000000e+02,1.570000000000000000e+02,1.050000000000000000e+02,4.640000000000000000e+02,1.770000000000000000e+02,0.000000000000000000e+00,0.000000000000000000e+00,8.000000000000000000e+00,3.000000000000000000e+00,5.530000000000000000e+02,1.300000000000000000e+01,3.400000000000000000e+02,6.230000000000000000e+02,3.900000000000000000e+01,2.330000000000000000e+02,0.000000000000000000e+00,7.000000000000000000e+00,2.000000000000000000e+00,1.024000000000000000e+03,5.000000000000000000e+00,5.500000000000000000e+01,1.620000000000000000e+02,7.330000000000000000e+02,3.210000000000000000e+02,9.200000000000000000e+01,6.430000000000000000e+02,5.300000000000000000e+01,4.000000000000000000e+00,6.060000000000000000e+02,1.000000000000000000e+00,3.000000000000000000e+00,7.300000000000000000e+01,2.000000000000000000e+00,2.100000000000000000e+01,1.300000000000000000e+01,0.000000000000000000e+00,8.430000000000000000e+02,1.350000000000000000e+02,1.000000000000000000e+00,1.570000000000000000e+02,1.410000000000000000e+02,3.500000000000000000e+01,5.100000000000000000e+01,3.700000000000000000e+01,1.810000000000000000e+02,3.040000000000000000e+02,7.000000000000000000e+01,4.580000000000000000e+02,8.000000000000000000e+00,0.000000000000000000e+00,9.710000000000000000e+02,5.540000000000000000e+02,5.400000000000000000e+01,8.900000000000000000e+01,1.272000000000000000e+03,1.000000000000000000e+00,1.470000000000000000e+02,7.520000000000000000e+02,4.000000000000000000e+00,2.140000000000000000e+02,2.000000000000000000e+00,2.000000000000000000e+00,2.530000000000000000e+02,7.900000000000000000e+01,5.550000000000000000e+02,1.300000000000000000e+01,4.200000000000000000e+01,4.000000000000000000e+01,2.900000000000000000e+01,0.000000000000000000e+00,2.410000000000000000e+02,3.400000000000000000e+01,1.410000000000000000e+02,9.900000000000000000e+01,6.600000000000000000e+01,3.000000000000000000e+01,1.104000000000000000e+03,3.590000000000000000e+02,1.006000000000000000e+03,1.670000000000000000e+02,5.000000000000000000e+00,4.200000000000000000e+01,3.200000000000000000e+02,0.000000000000000000e+00,5.900000000000000000e+01,0.000000000000000000e+00,9.100000000000000000e+01,7.000000000000000000e+01,4.960000000000000000e+02,3.900000000000000000e+01,2.200000000000000000e+01,0.000000000000000000e+00,2.400000000000000000e+01,8.400000000000000000e+01,8.480000000000000000e+02,3.420000000000000000e+02,0.000000000000000000e+00,8.000000000000000000e+00,4.730000000000000000e+02,1.680000000000000000e+02,0.000000000000000000e+00,5.220000000000000000e+02,9.690000000000000000e+02,6.830000000000000000e+02,5.120000000000000000e+02,0.000000000000000000e+00,8.000000000000000000e+00,8.790000000000000000e+02,8.280000000000000000e+02,4.000000000000000000e+02,7.480000000000000000e+02,1.000000000000000000e+00,2.000000000000000000e+00,4.890000000000000000e+02,1.500000000000000000e+01,6.360000000000000000e+02,1.200000000000000000e+01,4.000000000000000000e+00,5.000000000000000000e+00,0.000000000000000000e+00,2.600000000000000000e+01,1.000000000000000000e+01,9.620000000000000000e+02,8.690000000000000000e+02,1.173000000000000000e+03,3.000000000000000000e+00,0.000000000000000000e+00
5.170000000000000000e+02,5.330000000000000000e+02,2.110000000000000000e+02,1.490000000000000000e+02,1.890000000000000000e+02,1.680000000000000000e+02,0.000000000000000000e+00,9.600000000000000000e+01,1.980000000000000000e+02,0.000000000000000000e+00,0.000000000000000000e+00,0.000000000000000000e+00,2.940000000000000000e+02,5.240000000000000000e+02,0.000000000000000000e+00,0.000000000000000000e+00,1.510000000000000000e+02,4.620000000000000000e+02,4.350000000000000000e+02,0.000000000000000000e+00,1.660000000000000000e+02,1.660000000000000000e+02,4.430000000000000000e+02,5.390000000000000000e+02,0.000000000000000000e+00,1.670000000000000000e+02,1.660000000000000000e+02,5.210000000000000000e+02,5.250000000000000000e+02,5.480000000000000000e+02,4.540000000000000000e+02,4.650000000000000000e+02,0.000000000000000000e+00,5.280000000000000000e+02,0.000000000000000000e+00,2.600000000000000000e+02,0.000000000000000000e+00,4.930000000000000000e+02,1.680000000000000000e+02,5.110000000000000000e+02,0.000000000000000000e+00,5.040000000000000000e+02,0.000000000000000000e+00,5.540000000000000000e+02,0.000000000000000000e+00,1.480000000000000000e+02,0.000000000000000000e+00,0.000000000000000000e+00,9.000000000000000000e+01,0.000000000000000000e+00,0.000000000000000000e+00,1.620000000000000000e+02,1.760000000000000000e+02,0.000000000000000000e+00,4.940000000000000000e+02,4.930000000000000000e+02,0.000000000000000000e+00,5.190000000000000000e+02,1.910000000000000000e+02,1.620000000000000000e+02,0.000000000000000000e+00,1.750000000000000000e+02,1.890000000000000000e+02,3.420000000000000000e+02,9.000000000000000000e+01,5.170000000000000000e+02,4.820000000000000000e+02,3.760000000000000000e+02,2.220000000000000000e+02,0.000000000000000000e+00,5.420000000000000000e+02,1.770000000000000000e+02,4.640000000000000000e+02,4.800000000000000000e+02,5.200000000000000000e+01,5.350000000000000000e+02,9.900000000000000000e+01,5.960000000000000000e+02,1.650000000000000000e+02,5.540000000000000000e+02,6.860000000000000000e+02,2.270000000000000000e+02,2.270000000000000000e+02,2.070000000000000000e+02,0.000000000000000000e+00,5.250000000000000000e+02,3.500000000000000000e+02,1.410000000000000000e+02,4.700000000000000000e+02,5.200000000000000000e+02,1.700000000000000000e+02,1.950000000000000000e+02,5.600000000000000000e+02,5.500000000000000000e+02,1.740000000000000000e+02,0.000000000000000000e+00,5.190000000000000000e+02,5.230000000000000000e+02,0.000000000000000000e+00,0.000000000000000000e+00,9.500000000000000000e+01,0.000000000000000000e+00,5.200000000000000000e+02,1.620000000000000000e+02,5.470000000000000000e+02,7.400000000000000000e+01,1.580000000000000000e+02,5.200000000000000000e+01,5.500000000000000000e+02,2.160000000000000000e+02,5.580000000000000000e+02,1.090000000000000000e+02,5.170000000000000000e+02,0.000000000000000000e+00,5.410000000000000000e+02,0.000000000000000000e+00,5.210000000000000000e+02,2.290000000000000000e+02,5.550000000000000000e+02,5.370000000000000000e+02,0.000000000000000000e+00,6.340000000000000000e+02,0.000000000000000000e+00,5.240000000000000000e+02,5.200000000000000000e+02,1.000000000000000000e+02,0.000000000000000000e+00,5.230000000000000000e+02,0.000000000000000000e+00,2.150000000000000000e+02,0.000000000000000000e+00,1.770000000000000000e+02,1.160000000000000000e+02,4.500000000000000000e+01,0.000000000000000000e+00,0.000000000000000000e+00,5.370000000000000000e+02,2.010000000000000000e+02,5.380000000000000000e+02,0.000000000000000000e+00,1.930000000000000000e+02,5.390000000000000000e+02,5.340000000000000000e+02,2.190000000000000000e+02,0.000000000000000000e+00,0.000000000000000000e+00,1.010000000000000000e+02,5.180000000000000000e+02,7.100000000000000000e+01,1.790000000000000000e+02,5.030000000000000000e+02,1.190000000000000000e+02,0.000000000000000000e+00,6.350000000000000000e+02,5.500000000000000000e+01,0.000000000000000000e+00,5.580000000000000000e+02,0.000000000000000000e+00,1.590000000000000000e+02,1.850000000000000000e+02,5.410000000000000000e+02,5.070000000000000000e+02,0.000000000000000000e+00,5.090000000000000000e+02,0.000000000000000000e+00,0.000000000000000000e+00,5.510000000000000000e+02,0.000000000000000000e+00,0.000000000000000000e+00,3.710000000000000000e+02,0.000000000000000000e+00,0.000000000000000000e+00,7.200000000000000000e+01,6.110000000000000000e+02,5.890000000000000000e+02,1.590000000000000000e+02,0.000000000000000000e+00,1.830000000000000000e+02,1.270000000000000000e+02,2.640000000000000000e+02,1.520000000000000000e+02,1.500000000000000000e+02,1.900000000000000000e+02,2.010000000000000000e+02,1.490000000000000000e+02,2.200000000000000000e+02,0.000000000000000000e+00,0.000000000000000000e+00,5.490000000000000000e+02,4.970000000000000000e+02,1.230000000000000000e+02,1.860000000000000000e+02,5.320000000000000000e+02,0.000000000000000000e+00,2.320000000000000000e+02,5.300000000000000000e+02,0.000000000000000000e+00,4.620000000000000000e+02,0.000000000000000000e+00,0.000000000000000000e+00,1.870000000000000000e+02,0.000000000000000000e+00,4.880000000000000000e+02,1.040000000000000000e+02,2.510000000000000000e+02,1.320000000000000000e+02,9.200000000000000000e+01,0.000000000000000000e+00,5.180000000000000000e+02,9.800000000000000000e+01,4.390000000000000000e+02,1.270000000000000000e+02,4.990000000000000000e+02,1.160000000000000000e+02,5.450000000000000000e+02,5.120000000000000000e+02,5.530000000000000000e+02,4.260000000000000000e+02,0.000000000000000000e+00,2.910000000000000000e+02,2.140000000000000000e+02,2.320000000000000000e+02,3.510000000000000000e+02,2.260000000000000000e+02,0.000000000000000000e+00,0.000000000000000000e+00,5.030000000000000000e+02,1.200000000000000000e+02,1.860000000000000000e+02,6.030000000000000000e+02,1.020000000000000000e+02,4.160000000000000000e+02,5.250000000000000000e+02,1.920000000000000000e+02,0.000000000000000000e+00,0.000000000000000000e+00,4.740000000000000000e+02,2.040000000000000000e+02,1.980000000000000000e+02,5.250000000000000000e+02,5.220000000000000000e+02,5.470000000000000000e+02,5.580000000000000000e+02,2.380000000000000000e+02,0.000000000000000000e+00,4.850000000000000000e+02,5.580000000000000000e+02,5.340000000000000000e+02,4.860000000000000000e+02,0.000000000000000000e+00,0.000000000000000000e+00,5.310000000000000000e+02,6.100000000000000000e+01,4.860000000000000000e+02,8.300000000000000000e+01,6.200000000000000000e+01,0.000000000000000000e+00,0.000000000000000000e+00,1.220000000000000000e+02,7.800000000000000000e+01,5.540000000000000000e+02,5.340000000000000000e+02,5.450000000000000000e+02,0.000000000000000000e+00,2.040000000000000000e+02
9.100000000000000000e+02,6.080000000000000000e+02,5.650000000000000000e+02,2.810000000000000000e+02,3.530000000000000000e+02,1.240000000000000000e+02,3.000000000000000000e+00,4.100000000000000000e+01,6.500000000000000000e+02,0.000000000000000000e+00,3.920000000000000000e+02,3.150000000000000000e+02,1.030000000000000000e+02,1.004000000000000000e+03,1.600000000000000000e+02,5.400000000000000000e+01,3.300000000000000000e+01,4.400000000000000000e+02,3.010000000000000000e+02,0.000000000000000000e+00,1.750000000000000000e+02,1.510000000000000000e+02,1.280000000000000000e+02,1.417000000000000000e+03,3.000000000000000000e+00,6.080000000000000000e+02,2.170000000000000000e+02,5.760000000000000000e+02,1.252000000000000000e+03,1.401000000000000000e+03,2.390000000000000000e+02,3.420000000000000000e+02,9.600000000000000000e+01,6.380000000000000000e+02,6.000000000000000000e+00,6.330000000000000000e+02,9.000000000000000000e+00,5.390000000000000000e+02,2.580000000000000000e+02,1.735000000000000000e+03,1.100000000000000000e+02,9.440000000000000000e+02,1.000000000000000000e+01,6.740000000000000000e+02,1.000000000000000000e+01,1.100000000000000000e+02,0.000000000000000000e+00,7.000000000000000000e+00,5.000000000000000000e+01,2.390000000000000000e+02,3.290000000000000000e+02,4.800000000000000000e+01,3.010000000000000000e+02,0.000000000000000000e+00,6.300000000000000000e+02,6.330000000000000000e+02,1.000000000000000000e+01,6.240000000000000000e+02,4.160000000000000000e+02,2.180000000000000000e+02,6.900000000000000000e+01,8.000000000000000000e+01,2.490000000000000000e+02,2.000000000000000000e+02,6.400000000000000000e+01,1.693000000000000000e+03,3.090000000000000000e+02,2.660000000000000000e+02,1.500000000000000000e+01,5.600000000000000000e+01,7.230000000000000000e+02,2.960000000000000000e+02,4.710000000000000000e+02,3.830000000000000000e+02,2.800000000000000000e+01,2.840000000000000000e+02,3.700000000000000000e+01,1.042000000000000000e+03,6.600000000000000000e+01,1.057000000000000000e+03,3.457000000000000000e+03,6.940000000000000000e+02,6.910000000000000000e+02,1.290000000000000000e+02,3.520000000000000000e+02,1.103000000000000000e+03,1.520000000000000000e+02,2.700000000000000000e+01,5.940000000000000000e+02,1.656000000000000000e+03,7.700000000000000000e+01,1.610000000000000000e+02,1.713000000000000000e+03,5.540000000000000000e+02,1.800000000000000000e+02,1.580000000000000000e+02,1.180000000000000000e+02,1.103000000000000000e+03,1.000000000000000000e+00,2.000000000000000000e+00,4.500000000000000000e+01,5.000000000000000000e+00,1.454000000000000000e+03,2.900000000000000000e+01,2.990000000000000000e+02,2.100000000000000000e+01,1.350000000000000000e+02,1.000000000000000000e+01,1.538000000000000000e+03,7.340000000000000000e+02,1.418000000000000000e+03,7.100000000000000000e+01,5.130000000000000000e+02,7.000000000000000000e+00,1.902000000000000000e+03,3.270000000000000000e+02,1.470000000000000000e+03,4.800000000000000000e+02,8.590000000000000000e+02,1.387000000000000000e+03,1.000000000000000000e+01,3.428000000000000000e+03,3.840000000000000000e+02,1.670000000000000000e+03,1.308000000000000000e+03,2.200000000000000000e+01,0.000000000000000000e+00,1.359000000000000000e+03,6.000000000000000000e+00,4.330000000000000000e+02,3.000000000000000000e+00,5.500000000000000000e+01,2.700000000000000000e+01,0.000000000000000000e+00,2.800000000000000000e+01,1.400000000000000000e+01,8.670000000000000000e+02,5.200000000000000000e+01,6.670000000000000000e+02,2.460000000000000000e+02,2.030000000000000000e+02,9.500000000000000000e+02,2.360000000000000000e+02,7.460000000000000000e+02,4.000000000000000000e+00,2.400000000000000000e+01,1.700000000000000000e+01,9.700000000000000000e+02,2.600000000000000000e+01,5.530000000000000000e+02,1.100000000000000000e+03,6.300000000000000000e+01,3.940000000000000000e+02,3.540000000000000000e+03,9.000000000000000000e+00,1.300000000000000000e+01,1.730000000000000000e+03,3.000000000000000000e+00,1.020000000000000000e+02,3.260000000000000000e+02,1.304000000000000000e+03,6.190000000000000000e+02,1.800000000000000000e+02,7.860000000000000000e+02,9.700000000000000000e+01,4.000000000000000000e+00,8.770000000000000000e+02,5.000000000000000000e+00,5.000000000000000000e+00,1.480000000000000000e+02,6.000000000000000000e+00,3.000000000000000000e+01,3.400000000000000000e+01,3.457000000000000000e+03,1.482000000000000000e+03,3.080000000000000000e+02,1.100000000000000000e+01,3.400000000000000000e+02,2.930000000000000000e+02,9.100000000000000000e+01,7.800000000000000000e+01,5.100000000000000000e+01,3.490000000000000000e+02,5.080000000000000000e+02,2.090000000000000000e+02,8.600000000000000000e+02,1.300000000000000000e+01,2.000000000000000000e+00,1.734000000000000000e+03,9.770000000000000000e+02,1.020000000000000000e+02,1.680000000000000000e+02,2.118000000000000000e+03,8.000000000000000000e+00,2.990000000000000000e+02,1.293000000000000000e+03,8.000000000000000000e+00,4.350000000000000000e+02,3.000000000000000000e+00,0.000000000000000000e+00,4.110000000000000000e+02,1.680000000000000000e+02,9.010000000000000000e+02,4.500000000000000000e+01,1.000000000000000000e+01,1.900000000000000000e+01,5.700000000000000000e+01,0.000000000000000000e+00,4.290000000000000000e+02,5.800000000000000000e+01,2.990000000000000000e+02,3.010000000000000000e+02,1.260000000000000000e+02,7.700000000000000000e+01,1.868000000000000000e+03,5.660000000000000000e+02,1.738000000000000000e+03,1.280000000000000000e+02,0.000000000000000000e+00,9.400000000000000000e+01,5.040000000000000000e+02,5.880000000000000000e+02,1.490000000000000000e+02,7.190000000000000000e+02,1.250000000000000000e+02,1.250000000000000000e+02,5.210000000000000000e+02,7.900000000000000000e+01,5.200000000000000000e+01,3.345000000000000000e+03,7.400000000000000000e+01,1.590000000000000000e+02,1.497000000000000000e+03,6.360000000000000000e+02,5.000000000000000000e+00,2.400000000000000000e+01,8.200000000000000000e+02,1.940000000000000000e+02,7.120000000000000000e+02,7.850000000000000000e+02,1.646000000000000000e+03,9.170000000000000000e+02,8.960000000000000000e+02,7.050000000000000000e+02,1.600000000000000000e+01,0.000000000000000000e+00,1.412000000000000000e+03,6.570000000000000000e+02,1.268000000000000000e+03,8.000000000000000000e+00,6.000000000000000000e+00,9.130000000000000000e+02,2.100000000000000000e+01,3.810000000000000000e+02,3.100000000000000000e+01,1.900000000000000000e+01,3.000000000000000000e+00,1.000000000000000000e+00,1.500000000000000000e+01,1.400000000000000000e+01,1.654000000000000000e+03,1.586000000000000000e+03,1.924000000000000000e+03,3.000000000000000000e+00,7.730000000000000000e+02
1.063000000000000000e+03,1.329000000000000000e+03,7.560000000000000000e+02,2.080000000000000000e+02,3.900000000000000000e+02,6.100000000000000000e+01,1.000000000000000000e+00,2.400000000000000000e+01,7.480000000000000000e+02,0.000000000000000000e+00,4.410000000000000000e+02,3.390000000000000000e+02,4.500000000000000000e+01,1.212000000000000000e+03,2.040000000000000000e+02,2.700000000000000000e+01,2.200000000000000000e+01,4.310000000000000000e+02,2.390000000000000000e+02,6.000000000000000000e+00,1.990000000000000000e+02,2.020000000000000000e+02,5.500000000000000000e+02,1.703000000000000000e+03,3.000000000000000000e+00,6.180000000000000000e+02,3.640000000000000000e+02,6.540000000000000000e+02,1.494000000000000000e+03,1.868000000000000000e+03,1.410000000000000000e+02,4.660000000000000000e+02,9.500000000000000000e+01,7.340000000000000000e+02,3.000000000000000000e+00,8.160000000000000000e+02,2.000000000000000000e+00,6.510000000000000000e+02,3.430000000000000000e+02,2.154000000000000000e+03,1.650000000000000000e+02,1.267000000000000000e+03,1.500000000000000000e+01,4.320000000000000000e+02,3.000000000000000000e+00,1.260000000000000000e+02,5.000000000000000000e+00,6.000000000000000000e+00,4.700000000000000000e+01,2.710000000000000000e+02,4.010000000000000000e+02,2.600000000000000000e+01,3.770000000000000000e+02,7.000000000000000000e+00,6.840000000000000000e+02,6.080000000000000000e+02,1.000000000000000000e+01,7.460000000000000000e+02,5.100000000000000000e+02,3.240000000000000000e+02,8.500000000000000000e+01,1.540000000000000000e+02,3.590000000000000000e+02,2.070000000000000000e+02,7.500000000000000000e+01,2.045000000000000000e+03,1.780000000000000000e+02,2.610000000000000000e+02,6.300000000000000000e+01,6.800000000000000000e+01,9.580000000000000000e+02,4.220000000000000000e+02,5.290000000000000000e+02,3.780000000000000000e+02,1.100000000000000000e+01,2.500000000000000000e+02,3.400000000000000000e+01,1.250000000000000000e+03,1.020000000000000000e+02,1.450000000000000000e+03,3.777000000000000000e+03,6.630000000000000000e+02,8.870000000000000000e+02,1.000000000000000000e+02,3.980000000000000000e+02,1.239000000000000000e+03,6.200000000000000000e+01,1.900000000000000000e+01,6.010000000000000000e+02,1.919000000000000000e+03,1.260000000000000000e+02,2.170000000000000000e+02,1.932000000000000000e+03,6.660000000000000000e+02,1.990000000000000000e+02,2.430000000000000000e+02,4.990000000000000000e+02,1.860000000000000000e+03,3.000000000000000000e+00,2.000000000000000000e+00,3.600000000000000000e+01,5.000000000000000000e+00,1.764000000000000000e+03,1.240000000000000000e+02,7.590000000000000000e+02,5.000000000000000000e+00,2.540000000000000000e+02,3.000000000000000000e+00,1.881000000000000000e+03,8.400000000000000000e+02,1.580000000000000000e+03,6.100000000000000000e+01,9.620000000000000000e+02,8.000000000000000000e+00,2.240000000000000000e+03,3.320000000000000000e+02,1.780000000000000000e+03,7.970000000000000000e+02,9.740000000000000000e+02,1.385000000000000000e+03,3.000000000000000000e+00,3.773000000000000000e+03,4.930000000000000000e+02,1.630000000000000000e+03,1.662000000000000000e+03,1.100000000000000000e+01,4.000000000000000000e+00,1.852000000000000000e+03,0.000000000000000000e+00,5.260000000000000000e+02,0.000000000000000000e+00,6.700000000000000000e+01,8.700000000000000000e+01,1.200000000000000000e+01,2.200000000000000000e+01,2.000000000000000000e+01,1.012000000000000000e+03,9.000000000000000000e+00,7.490000000000000000e+02,3.260000000000000000e+02,2.120000000000000000e+02,1.065000000000000000e+03,2.450000000000000000e+02,7.080000000000000000e+02,0.000000000000000000e+00,2.400000000000000000e+01,1.000000000000000000e+01,9.400000000000000000e+02,8.000000000000000000e+00,7.020000000000000000e+02,1.381000000000000000e+03,7.400000000000000000e+01,4.110000000000000000e+02,3.734000000000000000e+03,1.200000000000000000e+01,9.000000000000000000e+00,2.120000000000000000e+03,2.000000000000000000e+00,1.260000000000000000e+02,3.430000000000000000e+02,1.558000000000000000e+03,6.010000000000000000e+02,1.650000000000000000e+02,1.359000000000000000e+03,1.040000000000000000e+02,1.300000000000000000e+01,8.520000000000000000e+02,9.000000000000000000e+00,3.000000000000000000e+00,7.600000000000000000e+01,6.000000000000000000e+00,4.300000000000000000e+01,2.300000000000000000e+01,3.691000000000000000e+03,1.841000000000000000e+03,3.350000000000000000e+02,7.000000000000000000e+00,3.660000000000000000e+02,3.000000000000000000e+02,9.500000000000000000e+01,1.050000000000000000e+02,5.800000000000000000e+01,4.210000000000000000e+02,5.860000000000000000e+02,1.570000000000000000e+02,1.021000000000000000e+03,7.000000000000000000e+00,0.000000000000000000e+00,1.839000000000000000e+03,1.220000000000000000e+03,1.030000000000000000e+02,1.260000000000000000e+02,2.456000000000000000e+03,1.300000000000000000e+01,3.650000000000000000e+02,1.412000000000000000e+03,3.000000000000000000e+00,4.690000000000000000e+02,8.000000000000000000e+00,1.000000000000000000e+00,5.070000000000000000e+02,1.670000000000000000e+02,9.480000000000000000e+02,1.500000000000000000e+01,1.030000000000000000e+02,9.200000000000000000e+01,5.300000000000000000e+01,0.000000000000000000e+00,4.290000000000000000e+02,5.600000000000000000e+01,3.030000000000000000e+02,3.040000000000000000e+02,7.300000000000000000e+01,5.800000000000000000e+01,2.213000000000000000e+03,6.550000000000000000e+02,1.969000000000000000e+03,3.580000000000000000e+02,1.000000000000000000e+00,2.700000000000000000e+01,6.900000000000000000e+02,6.890000000000000000e+02,1.600000000000000000e+02,8.910000000000000000e+02,1.640000000000000000e+02,1.390000000000000000e+02,1.018000000000000000e+03,6.800000000000000000e+01,3.700000000000000000e+01,3.613000000000000000e+03,5.200000000000000000e+01,4.800000000000000000e+01,1.781000000000000000e+03,7.130000000000000000e+02,2.000000000000000000e+00,2.700000000000000000e+01,1.006000000000000000e+03,3.510000000000000000e+02,7.950000000000000000e+02,1.046000000000000000e+03,1.900000000000000000e+03,1.388000000000000000e+03,1.023000000000000000e+03,8.560000000000000000e+02,1.500000000000000000e+01,1.800000000000000000e+03,0.000000000000000000e+00,7.820000000000000000e+02,1.485000000000000000e+03,1.600000000000000000e+01,2.000000000000000000e+00,1.047000000000000000e+03,2.000000000000000000e+01,1.296000000000000000e+03,4.100000000000000000e+01,2.500000000000000000e+01,9.000000000000000000e+00,3.000000000000000000e+00,6.400000000000000000e+01,3.200000000000000000e+01,2.025000000000000000e+03,1.858000000000000000e+03,2.266000000000000000e+03,4.000000000000000000e+00,8.980000000000000000e+02
1.318000000000000000e+03,1.317000000000000000e+03,6.250000000000000000e+02,3.090000000000000000e+02,4.770000000000000000e+02,2.220000000000000000e+02,1.800000000000000000e+01,8.600000000000000000e+01,6.300000000000000000e+02,3.000000000000000000e+00,3.040000000000000000e+02,2.940000000000000000e+02,2.570000000000000000e+02,1.308000000000000000e+03,1.420000000000000000e+02,4.000000000000000000e+01,5.600000000000000000e+01,7.080000000000000000e+02,4.890000000000000000e+02,5.000000000000000000e+00,2.680000000000000000e+02,2.290000000000000000e+02,6.710000000000000000e+02,1.458000000000000000e+03,0.000000000000000000e+00,6.280000000000000000e+02,3.250000000000000000e+02,8.240000000000000000e+02,1.504000000000000000e+03,1.595000000000000000e+03,5.340000000000000000e+02,6.250000000000000000e+02,1.760000000000000000e+02,8.280000000000000000e+02,4.000000000000000000e+00,6.470000000000000000e+02,6.000000000000000000e+00,8.390000000000000000e+02,4.230000000000000000e+02,1.721000000000000000e+03,1.280000000000000000e+02,1.234000000000000000e+03,3.700000000000000000e+01,9.800000000000000000e+02,3.000000000000000000e+00,1.830000000000000000e+02,7.000000000000000000e+00,0.000000000000000000e+00,6.900000000000000000e+01,2.310000000000000000e+02,2.880000000000000000e+02,9.500000000000000000e+01,4.750000000000000000e+02,9.000000000000000000e+00,9.160000000000000000e+02,8.880000000000000000e+02,3.000000000000000000e+00,7.450000000000000000e+02,5.570000000000000000e+02,3.270000000000000000e+02,1.510000000000000000e+02,2.590000000000000000e+02,4.300000000000000000e+02,3.380000000000000000e+02,9.700000000000000000e+01,1.457000000000000000e+03,5.330000000000000000e+02,3.900000000000000000e+02,1.230000000000000000e+02,8.500000000000000000e+01,1.011000000000000000e+03,4.130000000000000000e+02,6.490000000000000000e+02,6.260000000000000000e+02,4.600000000000000000e+01,6.270000000000000000e+02,2.000000000000000000e+01,1.395000000000000000e+03,1.710000000000000000e+02,1.391000000000000000e+03,2.463000000000000000e+03,6.980000000000000000e+02,6.980000000000000000e+02,2.850000000000000000e+02,2.900000000000000000e+02,1.384000000000000000e+03,3.290000000000000000e+02,5.800000000000000000e+01,9.700000000000000000e+02,1.625000000000000000e+03,1.820000000000000000e+02,2.870000000000000000e+02,1.715000000000000000e+03,8.330000000000000000e+02,2.690000000000000000e+02,2.150000000000000000e+02,6.600000000000000000e+02,1.532000000000000000e+03,2.100000000000000000e+01,5.000000000000000000e+00,1.400000000000000000e+01,2.000000000000000000e+00,1.512000000000000000e+03,1.930000000000000000e+02,9.700000000000000000e+02,4.700000000000000000e+01,2.720000000000000000e+02,3.000000000000000000e+01,1.608000000000000000e+03,7.080000000000000000e+02,1.243000000000000000e+03,1.210000000000000000e+02,1.154000000000000000e+03,1.400000000000000000e+01,1.521000000000000000e+03,3.540000000000000000e+02,1.513000000000000000e+03,6.550000000000000000e+02,1.329000000000000000e+03,1.472000000000000000e+03,2.000000000000000000e+00,2.471000000000000000e+03,2.800000000000000000e+02,1.769000000000000000e+03,1.538000000000000000e+03,6.400000000000000000e+01,8.000000000000000000e+00,1.615000000000000000e+03,8.000000000000000000e+00,5.350000000000000000e+02,6.000000000000000000e+00,1.700000000000000000e+01,1.260000000000000000e+02,3.000000000000000000e+01,2.100000000000000000e+01,1.600000000000000000e+01,1.334000000000000000e+03,1.110000000000000000e+02,1.080000000000000000e+03,3.160000000000000000e+02,3.900000000000000000e+02,1.350000000000000000e+03,6.680000000000000000e+02,7.030000000000000000e+02,8.000000000000000000e+00,3.800000000000000000e+01,4.000000000000000000e+01,1.256000000000000000e+03,4.500000000000000000e+01,6.470000000000000000e+02,1.289000000000000000e+03,1.290000000000000000e+02,2.890000000000000000e+02,2.412000000000000000e+03,3.000000000000000000e+00,2.500000000000000000e+01,1.704000000000000000e+03,1.000000000000000000e+01,1.620000000000000000e+02,5.080000000000000000e+02,1.402000000000000000e+03,8.330000000000000000e+02,1.400000000000000000e+02,1.323000000000000000e+03,1.580000000000000000e+02,9.000000000000000000e+00,1.233000000000000000e+03,1.000000000000000000e+01,9.000000000000000000e+00,3.370000000000000000e+02,1.500000000000000000e+01,9.300000000000000000e+01,1.300000000000000000e+01,2.448000000000000000e+03,1.591000000000000000e+03,2.970000000000000000e+02,1.100000000000000000e+01,4.420000000000000000e+02,2.820000000000000000e+02,1.960000000000000000e+02,1.010000000000000000e+02,5.400000000000000000e+01,4.620000000000000000e+02,5.550000000000000000e+02,1.820000000000000000e+02,7.620000000000000000e+02,2.900000000000000000e+01,1.000000000000000000e+00,1.659000000000000000e+03,1.265000000000000000e+03,9.100000000000000000e+01,3.280000000000000000e+02,1.806000000000000000e+03,1.800000000000000000e+01,4.610000000000000000e+02,1.478000000000000000e+03,2.300000000000000000e+01,6.340000000000000000e+02,8.000000000000000000e+00,5.000000000000000000e+00,4.810000000000000000e+02,1.140000000000000000e+02,1.191000000000000000e+03,7.200000000000000000e+01,1.520000000000000000e+02,1.030000000000000000e+02,1.040000000000000000e+02,0.000000000000000000e+00,3.330000000000000000e+02,1.290000000000000000e+02,1.490000000000000000e+02,2.930000000000000000e+02,3.100000000000000000e+02,1.320000000000000000e+02,1.805000000000000000e+03,8.340000000000000000e+02,1.448000000000000000e+03,5.060000000000000000e+02,4.000000000000000000e+00,1.930000000000000000e+02,6.820000000000000000e+02,6.570000000000000000e+02,7.400000000000000000e+01,6.660000000000000000e+02,1.830000000000000000e+02,1.810000000000000000e+02,1.159000000000000000e+03,1.250000000000000000e+02,1.260000000000000000e+02,2.458000000000000000e+03,1.280000000000000000e+02,3.360000000000000000e+02,1.625000000000000000e+03,6.240000000000000000e+02,3.000000000000000000e+00,4.400000000000000000e+01,1.075000000000000000e+03,3.980000000000000000e+02,6.880000000000000000e+02,1.101000000000000000e+03,1.643000000000000000e+03,1.413000000000000000e+03,1.189000000000000000e+03,6.640000000000000000e+02,3.500000000000000000e+01,1.589000000000000000e+03,1.579000000000000000e+03,0.000000000000000000e+00,1.505000000000000000e+03,1.200000000000000000e+01,1.200000000000000000e+01,1.105000000000000000e+03,1.600000000000000000e+01,1.202000000000000000e+03,8.500000000000000000e+01,4.400000000000000000e+01,1.300000000000000000e+01,2.000000000000000000e+00,9.200000000000000000e+01,3.300000000000000000e+01,1.423000000000000000e+03,1.541000000000000000e+03,1.837000000000000000e+03,9.000000000000000000e+00,6.850000000000000000e+02
9.550000000000000000e+02,1.157000000000000000e+03,5.180000000000000000e+02,2.670000000000000000e+02,3.050000000000000000e+02,9.600000000000000000e+01,3.000000000000000000e+00,5.300000000000000000e+01,6.500000000000000000e+02,0.000000000000000000e+00,3.670000000000000000e+02,2.790000000000000000e+02,1.260000000000000000e+02,5.560000000000000000e+02,1.660000000000000000e+02,2.100000000000000000e+01,2.500000000000000000e+01,1.200000000000000000e+02,8.200000000000000000e+01,2.000000000000000000e+00,1.900000000000000000e+02,1.300000000000000000e+02,3.930000000000000000e+02,1.469000000000000000e+03,1.000000000000000000e+00,4.050000000000000000e+02,3.120000000000000000e+02,5.700000000000000000e+02,9.020000000000000000e+02,1.545000000000000000e+03,2.840000000000000000e+02,3.790000000000000000e+02,9.300000000000000000e+01,7.180000000000000000e+02,6.000000000000000000e+00,7.150000000000000000e+02,2.000000000000000000e+00,5.340000000000000000e+02,2.780000000000000000e+02,1.795000000000000000e+03,1.040000000000000000e+02,1.019000000000000000e+03,1.800000000000000000e+01,6.690000000000000000e+02,5.000000000000000000e+00,1.150000000000000000e+02,2.000000000000000000e+00,1.000000000000000000e+00,1.300000000000000000e+01,2.380000000000000000e+02,3.310000000000000000e+02,3.000000000000000000e+01,3.900000000000000000e+02,2.000000000000000000e+00,2.570000000000000000e+02,2.140000000000000000e+02,2.000000000000000000e+00,6.210000000000000000e+02,4.060000000000000000e+02,2.690000000000000000e+02,7.600000000000000000e+01,1.250000000000000000e+02,2.800000000000000000e+02,1.830000000000000000e+02,6.000000000000000000e+01,1.613000000000000000e+03,2.970000000000000000e+02,7.700000000000000000e+01,5.700000000000000000e+01,5.400000000000000000e+01,7.950000000000000000e+02,3.060000000000000000e+02,4.500000000000000000e+02,1.120000000000000000e+02,4.000000000000000000e+00,2.490000000000000000e+02,3.900000000000000000e+01,1.015000000000000000e+03,1.060000000000000000e+02,1.176000000000000000e+03,2.985000000000000000e+03,5.770000000000000000e+02,7.040000000000000000e+02,1.030000000000000000e+02,3.440000000000000000e+02,8.960000000000000000e+02,1.830000000000000000e+02,2.600000000000000000e+01,3.480000000000000000e+02,1.465000000000000000e+03,1.060000000000000000e+02,1.950000000000000000e+02,1.622000000000000000e+03,6.200000000000000000e+02,1.870000000000000000e+02,1.900000000000000000e+02,4.340000000000000000e+02,1.517000000000000000e+03,4.000000000000000000e+00,5.000000000000000000e+00,3.800000000000000000e+01,4.000000000000000000e+00,1.531000000000000000e+03,9.300000000000000000e+01,5.580000000000000000e+02,2.800000000000000000e+01,1.940000000000000000e+02,1.500000000000000000e+01,1.551000000000000000e+03,6.740000000000000000e+02,1.350000000000000000e+03,8.000000000000000000e+00,8.720000000000000000e+02,7.000000000000000000e+00,1.853000000000000000e+03,3.070000000000000000e+02,1.526000000000000000e+03,6.580000000000000000e+02,9.640000000000000000e+02,1.311000000000000000e+03,4.000000000000000000e+00,2.944000000000000000e+03,3.450000000000000000e+02,1.618000000000000000e+03,1.417000000000000000e+03,2.900000000000000000e+01,2.000000000000000000e+00,1.546000000000000000e+03,4.000000000000000000e+00,4.600000000000000000e+02,6.000000000000000000e+00,3.800000000000000000e+01,6.200000000000000000e+01,1.000000000000000000e+01,2.100000000000000000e+01,9.000000000000000000e+00,1.031000000000000000e+03,5.600000000000000000e+01,7.120000000000000000e+02,2.770000000000000000e+02,2.590000000000000000e+02,7.440000000000000000e+02,2.480000000000000000e+02,6.500000000000000000e+02,1.000000000000000000e+00,1.300000000000000000e+01,1.100000000000000000e+01,9.690000000000000000e+02,3.400000000000000000e+01,4.730000000000000000e+02,1.121000000000000000e+03,2.700000000000000000e+01,3.440000000000000000e+02,3.053000000000000000e+03,7.000000000000000000e+00,2.000000000000000000e+00,1.719000000000000000e+03,2.000000000000000000e+00,1.040000000000000000e+02,3.560000000000000000e+02,1.361000000000000000e+03,1.430000000000000000e+02,1.400000000000000000e+02,1.174000000000000000e+03,8.300000000000000000e+01,9.000000000000000000e+00,1.009000000000000000e+03,8.000000000000000000e+00,3.000000000000000000e+00,1.820000000000000000e+02,4.000000000000000000e+00,4.100000000000000000e+01,2.800000000000000000e+01,3.079000000000000000e+03,1.569000000000000000e+03,3.130000000000000000e+02,1.000000000000000000e+01,2.370000000000000000e+02,2.070000000000000000e+02,1.190000000000000000e+02,9.700000000000000000e+01,4.500000000000000000e+01,3.700000000000000000e+02,5.160000000000000000e+02,1.920000000000000000e+02,8.190000000000000000e+02,1.400000000000000000e+01,1.000000000000000000e+00,1.743000000000000000e+03,1.083000000000000000e+03,1.020000000000000000e+02,1.100000000000000000e+02,1.995000000000000000e+03,1.000000000000000000e+01,2.910000000000000000e+02,1.436000000000000000e+03,4.000000000000000000e+00,2.310000000000000000e+02,5.000000000000000000e+00,2.000000000000000000e+00,4.430000000000000000e+02,1.820000000000000000e+02,5.710000000000000000e+02,3.700000000000000000e+01,9.200000000000000000e+01,6.100000000000000000e+01,9.000000000000000000e+00,1.000000000000000000e+00,3.910000000000000000e+02,2.500000000000000000e+01,2.870000000000000000e+02,2.180000000000000000e+02,8.200000000000000000e+01,2.100000000000000000e+01,1.855000000000000000e+03,2.390000000000000000e+02,1.705000000000000000e+03,2.790000000000000000e+02,5.000000000000000000e+00,1.020000000000000000e+02,5.840000000000000000e+02,6.980000000000000000e+02,1.400000000000000000e+02,6.120000000000000000e+02,1.340000000000000000e+02,7.500000000000000000e+01,8.540000000000000000e+02,1.900000000000000000e+01,3.300000000000000000e+01,3.029000000000000000e+03,1.800000000000000000e+01,1.580000000000000000e+02,1.541000000000000000e+03,5.900000000000000000e+02,0.000000000000000000e+00,2.300000000000000000e+01,7.890000000000000000e+02,3.460000000000000000e+02,7.500000000000000000e+02,8.880000000000000000e+02,1.540000000000000000e+03,1.178000000000000000e+03,5.740000000000000000e+02,6.950000000000000000e+02,7.000000000000000000e+00,1.610000000000000000e+03,1.273000000000000000e+03,7.140000000000000000e+02,0.000000000000000000e+00,1.000000000000000000e+01,7.000000000000000000e+00,8.690000000000000000e+02,1.700000000000000000e+01,1.078000000000000000e+03,3.100000000000000000e+01,2.800000000000000000e+01,6.000000000000000000e+00,0.000000000000000000e+00,4.500000000000000000e+01,2.400000000000000000e+01,1.643000000000000000e+03,1.294000000000000000e+03,1.918000000000000000e+03,1.000000000000000000e+00,7.060000000000000000e+02
2.490000000000000000e+02,2.430000000000000000e+02,9.300000000000000000e+01,7.600000000000000000e+01,9.000000000000000000e+01,8.400000000000000000e+01,0.000000000000000000e+00,5.200000000000000000e+01,1.010000000000000000e+02,0.000000000000000000e+00,0.000000000000000000e+00,0.000000000000000000e+00,1.700000000000000000e+02,2.540000000000000000e+02,0.000000000000000000e+00,0.000000000000000000e+00,5.700000000000000000e+01,1.930000000000000000e+02,2.050000000000000000e+02,0.000000000000000000e+00,9.300000000000000000e+01,7.700000000000000000e+01,2.260000000000000000e+02,2.480000000000000000e+02,0.000000000000000000e+00,1.000000000000000000e+02,8.800000000000000000e+01,2.210000000000000000e+02,2.410000000000000000e+02,2.490000000000000000e+02,2.130000000000000000e+02,2.040000000000000000e+02,0.000000000000000000e+00,2.260000000000000000e+02,0.000000000000000000e+00,1.020000000000000000e+02,0.000000000000000000e+00,2.440000000000000000e+02,1.010000000000000000e+02,2.780000000000000000e+02,0.000000000000000000e+00,2.390000000000000000e+02,0.000000000000000000e+00,2.010000000000000000e+02,0.000000000000000000e+00,8.800000000000000000e+01,0.000000000000000000e+00,0.000000000000000000e+00,5.800000000000000000e+01,0.000000000000000000e+00,0.000000000000000000e+00,6.500000000000000000e+01,9.700000000000000000e+01,0.000000000000000000e+00,1.990000000000000000e+02,1.980000000000000000e+02,0.000000000000000000e+00,2.060000000000000000e+02,9.500000000000000000e+01,9.300000000000000000e+01,0.000000000000000000e+00,8.800000000000000000e+01,8.400000000000000000e+01,2.030000000000000000e+02,7.200000000000000000e+01,2.260000000000000000e+02,1.900000000000000000e+02,1.820000000000000000e+02,1.710000000000000000e+02,0.000000000000000000e+00,2.480000000000000000e+02,8.000000000000000000e+01,2.200000000000000000e+02,1.780000000000000000e+02,5.600000000000000000e+01,2.360000000000000000e+02,6.600000000000000000e+01,2.760000000000000000e+02,8.600000000000000000e+01,2.720000000000000000e+02,3.160000000000000000e+02,9.000000000000000000e+01,1.090000000000000000e+02,6.700000000000000000e+01,0.000000000000000000e+00,2.200000000000000000e+02,1.600000000000000000e+02,6.500000000000000000e+01,2.130000000000000000e+02,2.260000000000000000e+02,6.900000000000000000e+01,8.500000000000000000e+01,2.580000000000000000e+02,2.130000000000000000e+02,7.600000000000000000e+01,0.000000000000000000e+00,1.920000000000000000e+02,2.400000000000000000e+02,0.000000000000000000e+00,0.000000000000000000e+00,5.100000000000000000e+01,0.000000000000000000e+00,2.540000000000000000e+02,8.100000000000000000e+01,2.090000000000000000e+02,5.500000000000000000e+01,6.300000000000000000e+01,4.900000000000000000e+01,2.200000000000000000e+02,1.010000000000000000e+02,2.580000000000000000e+02,6.000000000000000000e+01,2.390000000000000000e+02,0.000000000000000000e+00,2.540000000000000000e+02,0.000000000000000000e+00,2.040000000000000000e+02,8.300000000000000000e+01,2.350000000000000000e+02,2.710000000000000000e+02,0.000000000000000000e+00,2.620000000000000000e+02,0.000000000000000000e+00,2.410000000000000000e+02,2.250000000000000000e+02,6.400000000000000000e+01,0.000000000000000000e+00,2.390000000000000000e+02,0.000000000000000000e+00,9.500000000000000000e+01,0.000000000000000000e+00,1.600000000000000000e+02,7.000000000000000000e+01,4.200000000000000000e+01,0.000000000000000000e+00,0.000000000000000000e+00,2.440000000000000000e+02,1.690000000000000000e+02,2.550000000000000000e+02,0.000000000000000000e+00,8.500000000000000000e+01,2.510000000000000000e+02,2.120000000000000000e+02,9.400000000000000000e+01,0.000000000000000000e+00,0.000000000000000000e+00,4.100000000000000000e+01,2.290000000000000000e+02,5.600000000000000000e+01,9.300000000000000000e+01,2.560000000000000000e+02,6.700000000000000000e+01,0.000000000000000000e+00,3.060000000000000000e+02,4.100000000000000000e+01,0.000000000000000000e+00,2.340000000000000000e+02,0.000000000000000000e+00,6.400000000000000000e+01,8.800000000000000000e+01,2.770000000000000000e+02,2.120000000000000000e+02,0.000000000000000000e+00,2.310000000000000000e+02,0.000000000000000000e+00,0.000000000000000000e+00,2.040000000000000000e+02,0.000000000000000000e+00,0.000000000000000000e+00,2.080000000000000000e+02,0.000000000000000000e+00,0.000000000000000000e+00,6.600000000000000000e+01,3.050000000000000000e+02,2.700000000000000000e+02,9.100000000000000000e+01,0.000000000000000000e+00,8.200000000000000000e+01,7.800000000000000000e+01,1.890000000000000000e+02,8.000000000000000000e+01,8.500000000000000000e+01,9.700000000000000000e+01,9.700000000000000000e+01,7.100000000000000000e+01,1.020000000000000000e+02,0.000000000000000000e+00,0.000000000000000000e+00,2.460000000000000000e+02,2.470000000000000000e+02,8.600000000000000000e+01,7.200000000000000000e+01,2.520000000000000000e+02,0.000000000000000000e+00,9.100000000000000000e+01,2.290000000000000000e+02,0.000000000000000000e+00,2.020000000000000000e+02,0.000000000000000000e+00,0.000000000000000000e+00,7.200000000000000000e+01,0.000000000000000000e+00,2.320000000000000000e+02,6.200000000000000000e+01,1.770000000000000000e+02,8.800000000000000000e+01,5.200000000000000000e+01,0.000000000000000000e+00,2.120000000000000000e+02,6.500000000000000000e+01,2.240000000000000000e+02,8.100000000000000000e+01,2.110000000000000000e+02,6.200000000000000000e+01,2.550000000000000000e+02,2.060000000000000000e+02,2.500000000000000000e+02,1.870000000000000000e+02,0.000000000000000000e+00,1.740000000000000000e+02,9.000000000000000000e+01,1.070000000000000000e+02,2.010000000000000000e+02,1.010000000000000000e+02,0.000000000000000000e+00,0.000000000000000000e+00,2.240000000000000000e+02,7.100000000000000000e+01,7.800000000000000000e+01,3.030000000000000000e+02,7.300000000000000000e+01,1.910000000000000000e+02,2.410000000000000000e+02,9.200000000000000000e+01,0.000000000000000000e+00,0.000000000000000000e+00,2.520000000000000000e+02,9.500000000000000000e+01,1.090000000000000000e+02,2.590000000000000000e+02,2.150000000000000000e+02,2.240000000000000000e+02,2.100000000000000000e+02,1.000000000000000000e+02,0.000000000000000000e+00,2.370000000000000000e+02,2.340000000000000000e+02,2.300000000000000000e+02,2.300000000000000000e+02,0.000000000000000000e+00,0.000000000000000000e+00,2.430000000000000000e+02,5.600000000000000000e+01,2.620000000000000000e+02,6.200000000000000000e+01,6.200000000000000000e+01,0.000000000000000000e+00,0.000000000000000000e+00,5.900000000000000000e+01,6.000000000000000000e+01,2.360000000000000000e+02,2.390000000000000000e+02,2.270000000000000000e+02,0.000000000000000000e+00,1.020000000000000000e+02
3.440000000000000000e+02,3.170000000000000000e+02,1.400000000000000000e+02,1.200000000000000000e+02,1.150000000000000000e+02,1.440000000000000000e+02,0.000000000000000000e+00,1.380000000000000000e+02,1.210000000000000000e+02,0.000000000000000000e+00,0.000000000000000000e+00,0.000000000000000000e+00,2.990000000000000000e+02,3.290000000000000000e+02,0.000000000000000000e+00,0.000000000000000000e+00,9.000000000000000000e+01,3.120000000000000000e+02,3.160000000000000000e+02,0.000000000000000000e+00,1.270000000000000000e+02,1.060000000000000000e+02,2.870000000000000000e+02,3.320000000000000000e+02,0.000000000000000000e+00,1.440000000000000000e+02,1.280000000000000000e+02,3.280000000000000000e+02,3.310000000000000000e+02,3.360000000000000000e+02,3.380000000000000000e+02,3.040000000000000000e+02,0.000000000000000000e+00,3.000000000000000000e+02,0.000000000000000000e+00,1.250000000000000000e+02,0.000000000000000000e+00,3.460000000000000000e+02,1.410000000000000000e+02,3.120000000000000000e+02,0.000000000000000000e+00,3.230000000000000000e+02,0.000000000000000000e+00,3.440000000000000000e+02,0.000000000000000000e+00,1.180000000000000000e+02,0.000000000000000000e+00,0.000000000000000000e+00,1.170000000000000000e+02,0.000000000000000000e+00,0.000000000000000000e+00,1.250000000000000000e+02,1.270000000000000000e+02,0.000000000000000000e+00,2.710000000000000000e+02,3.160000000000000000e+02,0.000000000000000000e+00,3.070000000000000000e+02,1.230000000000000000e+02,1.190000000000000000e+02,0.000000000000000000e+00,9.900000000000000000e+01,1.180000000000000000e+02,2.920000000000000000e+02,9.800000000000000000e+01,3.250000000000000000e+02,3.080000000000000000e+02,3.070000000000000000e+02,2.840000000000000000e+02,0.000000000000000000e+00,3.300000000000000000e+02,1.260000000000000000e+02,3.220000000000000000e+02,3.170000000000000000e+02,1.050000000000000000e+02,3.710000000000000000e+02,1.010000000000000000e+02,3.360000000000000000e+02,1.110000000000000000e+02,3.320000000000000000e+02,3.990000000000000000e+02,1.240000000000000000e+02,1.460000000000000000e+02,1.170000000000000000e+02,0.000000000000000000e+00,3.420000000000000000e+02,3.200000000000000000e+02,8.800000000000000000e+01,3.120000000000000000e+02,3.060000000000000000e+02,1.000000000000000000e+02,1.300000000000000000e+02,3.370000000000000000e+02,3.560000000000000000e+02,1.320000000000000000e+02,0.000000000000000000e+00,3.410000000000000000e+02,3.100000000000000000e+02,0.000000000000000000e+00,0.000000000000000000e+00,1.210000000000000000e+02,0.000000000000000000e+00,3.100000000000000000e+02,1.040000000000000000e+02,3.570000000000000000e+02,1.140000000000000000e+02,1.230000000000000000e+02,8.600000000000000000e+01,3.320000000000000000e+02,1.230000000000000000e+02,3.470000000000000000e+02,1.200000000000000000e+02,3.180000000000000000e+02,0.000000000000000000e+00,3.170000000000000000e+02,0.000000000000000000e+00,3.310000000000000000e+02,1.230000000000000000e+02,3.240000000000000000e+02,3.260000000000000000e+02,0.000000000000000000e+00,3.680000000000000000e+02,0.000000000000000000e+00,3.580000000000000000e+02,3.370000000000000000e+02,1.010000000000000000e+02,0.000000000000000000e+00,3.190000000000000000e+02,0.000000000000000000e+00,1.230000000000000000e+02,0.000000000000000000e+00,2.430000000000000000e+02,1.100000000000000000e+02,1.000000000000000000e+02,0.000000000000000000e+00,0.000000000000000000e+00,3.430000000000000000e+02,2.950000000000000000e+02,3.310000000000000000e+02,0.000000000000000000e+00,1.440000000000000000e+02,3.510000000000000000e+02,3.250000000000000000e+02,1.760000000000000000e+02,0.000000000000000000e+00,0.000000000000000000e+00,1.160000000000000000e+02,3.400000000000000000e+02,1.590000000000000000e+02,1.180000000000000000e+02,3.310000000000000000e+02,1.100000000000000000e+02,0.000000000000000000e+00,3.830000000000000000e+02,6.900000000000000000e+01,0.000000000000000000e+00,3.800000000000000000e+02,0.000000000000000000e+00,1.090000000000000000e+02,1.320000000000000000e+02,3.280000000000000000e+02,3.140000000000000000e+02,0.000000000000000000e+00,3.230000000000000000e+02,0.000000000000000000e+00,0.000000000000000000e+00,3.630000000000000000e+02,0.000000000000000000e+00,0.000000000000000000e+00,3.110000000000000000e+02,0.000000000000000000e+00,0.000000000000000000e+00,1.180000000000000000e+02,4.180000000000000000e+02,3.260000000000000000e+02,1.110000000000000000e+02,0.000000000000000000e+00,9.000000000000000000e+01,1.390000000000000000e+02,2.710000000000000000e+02,1.240000000000000000e+02,1.020000000000000000e+02,1.230000000000000000e+02,1.230000000000000000e+02,9.900000000000000000e+01,1.490000000000000000e+02,0.000000000000000000e+00,0.000000000000000000e+00,3.310000000000000000e+02,3.340000000000000000e+02,1.110000000000000000e+02,1.230000000000000000e+02,3.410000000000000000e+02,0.000000000000000000e+00,1.120000000000000000e+02,3.440000000000000000e+02,0.000000000000000000e+00,3.260000000000000000e+02,0.000000000000000000e+00,0.000000000000000000e+00,1.220000000000000000e+02,0.000000000000000000e+00,3.490000000000000000e+02,1.350000000000000000e+02,2.950000000000000000e+02,1.000000000000000000e+02,1.230000000000000000e+02,0.000000000000000000e+00,3.460000000000000000e+02,1.070000000000000000e+02,3.250000000000000000e+02,1.140000000000000000e+02,3.430000000000000000e+02,1.070000000000000000e+02,3.520000000000000000e+02,3.110000000000000000e+02,3.300000000000000000e+02,2.930000000000000000e+02,0.000000000000000000e+00,3.320000000000000000e+02,1.030000000000000000e+02,1.330000000000000000e+02,3.020000000000000000e+02,1.230000000000000000e+02,0.000000000000000000e+00,0.000000000000000000e+00,3.050000000000000000e+02,1.040000000000000000e+02,1.090000000000000000e+02,3.930000000000000000e+02,1.140000000000000000e+02,3.060000000000000000e+02,3.460000000000000000e+02,1.310000000000000000e+02,0.000000000000000000e+00,0.000000000000000000e+00,3.210000000000000000e+02,1.320000000000000000e+02,1.360000000000000000e+02,3.470000000000000000e+02,3.160000000000000000e+02,3.120000000000000000e+02,3.120000000000000000e+02,1.380000000000000000e+02,0.000000000000000000e+00,3.210000000000000000e+02,3.180000000000000000e+02,3.160000000000000000e+02,3.170000000000000000e+02,0.000000000000000000e+00,0.000000000000000000e+00,3.470000000000000000e+02,1.140000000000000000e+02,3.150000000000000000e+02,1.320000000000000000e+02,1.200000000000000000e+02,0.000000000000000000e+00,0.000000000000000000e+00,1.320000000000000000e+02,1.000000000000000000e+02,3.170000000000000000e+02,3.150000000000000000e+02,3.280000000000000000e+02,0.000000000000000000e+00,1.450000000000000000e+02
1.861000000000000000e+03,1.915000000000000000e+03,9.020000000000000000e+02,4.140000000000000000e+02,6.910000000000000000e+02,3.090000000000000000e+02,1.900000000000000000e+01,1.070000000000000000e+02,1.012000000000000000e+03,1.000000000000000000e+00,5.780000000000000000e+02,4.880000000000000000e+02,3.260000000000000000e+02,1.797000000000000000e+03,2.390000000000000000e+02,5.200000000000000000e+01,9.800000000000000000e+01,8.680000000000000000e+02,6.740000000000000000e+02,1.600000000000000000e+01,4.170000000000000000e+02,3.580000000000000000e+02,1.050000000000000000e+03,2.174000000000000000e+03,0.000000000000000000e+00,8.460000000000000000e+02,5.240000000000000000e+02,1.193000000000000000e+03,2.152000000000000000e+03,2.404000000000000000e+03,8.410000000000000000e+02,9.120000000000000000e+02,2.240000000000000000e+02,1.179000000000000000e+03,9.000000000000000000e+00,1.030000000000000000e+03,7.000000000000000000e+00,1.236000000000000000e+03,5.690000000000000000e+02,2.644000000000000000e+03,1.770000000000000000e+02,1.863000000000000000e+03,6.500000000000000000e+01,1.409000000000000000e+03,9.000000000000000000e+00,2.670000000000000000e+02,1.000000000000000000e+01,0.000000000000000000e+00,1.220000000000000000e+02,3.540000000000000000e+02,4.910000000000000000e+02,1.100000000000000000e+02,7.930000000000000000e+02,1.600000000000000000e+01,1.231000000000000000e+03,1.227000000000000000e+03,2.400000000000000000e+01,1.054000000000000000e+03,8.310000000000000000e+02,4.690000000000000000e+02,2.040000000000000000e+02,3.440000000000000000e+02,6.020000000000000000e+02,4.980000000000000000e+02,1.670000000000000000e+02,2.227000000000000000e+03,7.530000000000000000e+02,5.790000000000000000e+02,1.610000000000000000e+02,1.340000000000000000e+02,1.599000000000000000e+03,5.540000000000000000e+02,8.350000000000000000e+02,7.770000000000000000e+02,4.700000000000000000e+01,8.420000000000000000e+02,6.600000000000000000e+01,2.179000000000000000e+03,2.620000000000000000e+02,2.054000000000000000e+03,3.855000000000000000e+03,9.470000000000000000e+02,9.940000000000000000e+02,3.120000000000000000e+02,4.750000000000000000e+02,1.957000000000000000e+03,4.680000000000000000e+02,9.800000000000000000e+01,1.306000000000000000e+03,2.526000000000000000e+03,2.470000000000000000e+02,4.560000000000000000e+02,2.492000000000000000e+03,1.259000000000000000e+03,3.510000000000000000e+02,3.260000000000000000e+02,9.980000000000000000e+02,2.291000000000000000e+03,2.000000000000000000e+01,1.700000000000000000e+01,4.200000000000000000e+01,5.000000000000000000e+00,2.486000000000000000e+03,2.990000000000000000e+02,1.443000000000000000e+03,7.900000000000000000e+01,4.140000000000000000e+02,3.000000000000000000e+01,2.440000000000000000e+03,1.113000000000000000e+03,1.969000000000000000e+03,1.200000000000000000e+02,1.670000000000000000e+03,2.100000000000000000e+01,2.114000000000000000e+03,5.090000000000000000e+02,2.236000000000000000e+03,9.480000000000000000e+02,1.857000000000000000e+03,2.182000000000000000e+03,1.000000000000000000e+00,3.788000000000000000e+03,4.870000000000000000e+02,2.464000000000000000e+03,2.350000000000000000e+03,6.500000000000000000e+01,1.100000000000000000e+01,2.385000000000000000e+03,8.000000000000000000e+00,7.940000000000000000e+02,9.000000000000000000e+00,3.100000000000000000e+01,1.870000000000000000e+02,3.800000000000000000e+01,4.400000000000000000e+01,3.100000000000000000e+01,1.984000000000000000e+03,1.240000000000000000e+02,1.454000000000000000e+03,4.540000000000000000e+02,6.250000000000000000e+02,1.869000000000000000e+03,8.160000000000000000e+02,1.023000000000000000e+03,9.000000000000000000e+00,5.400000000000000000e+01,6.200000000000000000e+01,1.901000000000000000e+03,8.800000000000000000e+01,9.230000000000000000e+02,2.072000000000000000e+03,1.670000000000000000e+02,5.200000000000000000e+02,3.695000000000000000e+03,1.000000000000000000e+00,4.000000000000000000e+01,2.629000000000000000e+03,4.000000000000000000e+00,1.840000000000000000e+02,7.450000000000000000e+02,2.225000000000000000e+03,1.197000000000000000e+03,2.140000000000000000e+02,2.075000000000000000e+03,2.100000000000000000e+02,1.000000000000000000e+01,1.909000000000000000e+03,1.500000000000000000e+01,2.300000000000000000e+01,4.510000000000000000e+02,2.000000000000000000e+01,9.600000000000000000e+01,3.300000000000000000e+01,3.780000000000000000e+03,2.453000000000000000e+03,4.780000000000000000e+02,2.300000000000000000e+01,6.320000000000000000e+02,4.220000000000000000e+02,2.790000000000000000e+02,1.950000000000000000e+02,1.000000000000000000e+02,6.980000000000000000e+02,8.230000000000000000e+02,1.800000000000000000e+02,1.110000000000000000e+03,4.200000000000000000e+01,1.000000000000000000e+00,2.444000000000000000e+03,1.908000000000000000e+03,1.500000000000000000e+02,4.020000000000000000e+02,2.782000000000000000e+03,3.800000000000000000e+01,6.610000000000000000e+02,2.264000000000000000e+03,2.800000000000000000e+01,8.850000000000000000e+02,2.000000000000000000e+01,5.000000000000000000e+00,7.530000000000000000e+02,1.910000000000000000e+02,1.709000000000000000e+03,1.020000000000000000e+02,2.680000000000000000e+02,1.710000000000000000e+02,1.260000000000000000e+02,0.000000000000000000e+00,5.900000000000000000e+02,1.850000000000000000e+02,1.850000000000000000e+02,4.250000000000000000e+02,4.010000000000000000e+02,1.910000000000000000e+02,2.610000000000000000e+03,1.226000000000000000e+03,2.170000000000000000e+03,7.440000000000000000e+02,1.900000000000000000e+01,2.600000000000000000e+02,1.125000000000000000e+03,1.020000000000000000e+03,1.510000000000000000e+02,1.036000000000000000e+03,3.160000000000000000e+02,2.550000000000000000e+02,1.846000000000000000e+03,1.780000000000000000e+02,1.630000000000000000e+02,3.883000000000000000e+03,1.940000000000000000e+02,4.220000000000000000e+02,2.394000000000000000e+03,9.540000000000000000e+02,4.000000000000000000e+00,5.200000000000000000e+01,1.622000000000000000e+03,6.270000000000000000e+02,1.075000000000000000e+03,1.660000000000000000e+03,2.424000000000000000e+03,2.101000000000000000e+03,1.770000000000000000e+03,1.084000000000000000e+03,4.200000000000000000e+01,2.414000000000000000e+03,2.263000000000000000e+03,1.299000000000000000e+03,2.072000000000000000e+03,1.800000000000000000e+01,1.500000000000000000e+01,0.000000000000000000e+00,1.200000000000000000e+01,1.975000000000000000e+03,1.050000000000000000e+02,1.080000000000000000e+02,3.800000000000000000e+01,9.000000000000000000e+00,1.490000000000000000e+02,7.200000000000000000e+01,2.221000000000000000e+03,2.409000000000000000e+03,2.580000000000000000e+03,1.700000000000000000e+01,1.149000000000000000e+03
8.710000000000000000e+02,8.260000000000000000e+02,2.020000000000000000e+02,1.840000000000000000e+02,2.060000000000000000e+02,1.690000000000000000e+02,8.300000000000000000e+01,1.460000000000000000e+02,2.010000000000000000e+02,1.000000000000000000e+01,1.460000000000000000e+02,1.360000000000000000e+02,6.650000000000000000e+02,7.730000000000000000e+02,5.900000000000000000e+01,4.900000000000000000e+01,1.840000000000000000e+02,7.360000000000000000e+02,7.680000000000000000e+02,2.900000000000000000e+01,1.810000000000000000e+02,2.270000000000000000e+02,7.620000000000000000e+02,8.640000000000000000e+02,1.000000000000000000e+00,2.420000000000000000e+02,1.930000000000000000e+02,7.990000000000000000e+02,7.880000000000000000e+02,7.990000000000000000e+02,7.660000000000000000e+02,7.160000000000000000e+02,1.020000000000000000e+02,8.100000000000000000e+02,1.300000000000000000e+01,3.580000000000000000e+02,3.800000000000000000e+01,7.450000000000000000e+02,2.030000000000000000e+02,8.610000000000000000e+02,5.400000000000000000e+01,7.580000000000000000e+02,1.040000000000000000e+02,8.200000000000000000e+02,5.700000000000000000e+01,1.550000000000000000e+02,4.100000000000000000e+01,2.600000000000000000e+01,1.800000000000000000e+02,1.190000000000000000e+02,1.200000000000000000e+02,1.740000000000000000e+02,2.320000000000000000e+02,6.100000000000000000e+01,7.980000000000000000e+02,7.940000000000000000e+02,4.300000000000000000e+01,8.020000000000000000e+02,1.900000000000000000e+02,1.780000000000000000e+02,1.170000000000000000e+02,1.690000000000000000e+02,2.280000000000000000e+02,6.990000000000000000e+02,1.430000000000000000e+02,8.500000000000000000e+02,7.470000000000000000e+02,6.900000000000000000e+02,6.260000000000000000e+02,1.180000000000000000e+02,8.150000000000000000e+02,2.000000000000000000e+02,8.190000000000000000e+02,7.450000000000000000e+02,1.420000000000000000e+02,8.260000000000000000e+02,2.020000000000000000e+02,8.880000000000000000e+02,1.950000000000000000e+02,7.610000000000000000e+02,9.700000000000000000e+02,3.350000000000000000e+02,3.350000000000000000e+02,1.700000000000000000e+02,1.310000000000000000e+02,8.240000000000000000e+02,6.580000000000000000e+02,1.600000000000000000e+02,7.790000000000000000e+02,8.490000000000000000e+02,1.600000000000000000e+02,2.110000000000000000e+02,8.250000000000000000e+02,7.810000000000000000e+02,1.940000000000000000e+02,1.260000000000000000e+02,7.460000000000000000e+02,8.590000000000000000e+02,9.100000000000000000e+01,4.800000000000000000e+01,1.880000000000000000e+02,4.500000000000000000e+01,7.990000000000000000e+02,1.640000000000000000e+02,8.290000000000000000e+02,1.480000000000000000e+02,1.980000000000000000e+02,1.140000000000000000e+02,8.400000000000000000e+02,3.260000000000000000e+02,8.390000000000000000e+02,1.580000000000000000e+02,7.960000000000000000e+02,5.300000000000000000e+01,8.320000000000000000e+02,1.060000000000000000e+02,7.990000000000000000e+02,1.960000000000000000e+02,8.130000000000000000e+02,8.060000000000000000e+02,1.200000000000000000e+01,1.001000000000000000e+03,1.460000000000000000e+02,8.170000000000000000e+02,8.780000000000000000e+02,1.820000000000000000e+02,3.000000000000000000e+01,8.540000000000000000e+02,4.400000000000000000e+01,2.240000000000000000e+02,3.200000000000000000e+01,5.880000000000000000e+02,1.950000000000000000e+02,9.900000000000000000e+01,1.040000000000000000e+02,3.500000000000000000e+01,8.130000000000000000e+02,5.540000000000000000e+02,8.000000000000000000e+02,1.290000000000000000e+02,2.000000000000000000e+02,9.220000000000000000e+02,8.100000000000000000e+02,3.620000000000000000e+02,4.600000000000000000e+01,1.140000000000000000e+02,1.640000000000000000e+02,8.200000000000000000e+02,1.800000000000000000e+02,2.230000000000000000e+02,8.510000000000000000e+02,1.690000000000000000e+02,1.230000000000000000e+02,1.022000000000000000e+03,3.200000000000000000e+01,7.900000000000000000e+01,8.430000000000000000e+02,9.000000000000000000e+00,2.330000000000000000e+02,2.030000000000000000e+02,8.350000000000000000e+02,7.650000000000000000e+02,7.300000000000000000e+01,7.860000000000000000e+02,1.220000000000000000e+02,1.180000000000000000e+02,7.950000000000000000e+02,2.100000000000000000e+01,5.000000000000000000e+01,7.010000000000000000e+02,5.100000000000000000e+01,1.160000000000000000e+02,1.860000000000000000e+02,9.840000000000000000e+02,7.630000000000000000e+02,2.260000000000000000e+02,7.000000000000000000e+01,2.020000000000000000e+02,2.110000000000000000e+02,6.500000000000000000e+02,1.950000000000000000e+02,2.080000000000000000e+02,2.040000000000000000e+02,2.250000000000000000e+02,1.420000000000000000e+02,2.110000000000000000e+02,1.080000000000000000e+02,3.000000000000000000e+00,8.220000000000000000e+02,7.860000000000000000e+02,2.020000000000000000e+02,2.190000000000000000e+02,8.150000000000000000e+02,9.100000000000000000e+01,2.110000000000000000e+02,8.110000000000000000e+02,8.500000000000000000e+01,7.120000000000000000e+02,5.000000000000000000e+01,2.200000000000000000e+01,2.090000000000000000e+02,6.200000000000000000e+01,8.100000000000000000e+02,1.810000000000000000e+02,6.500000000000000000e+02,1.580000000000000000e+02,1.800000000000000000e+02,1.500000000000000000e+01,7.940000000000000000e+02,1.730000000000000000e+02,8.410000000000000000e+02,1.760000000000000000e+02,7.700000000000000000e+02,1.530000000000000000e+02,8.130000000000000000e+02,7.320000000000000000e+02,8.450000000000000000e+02,7.720000000000000000e+02,4.500000000000000000e+01,6.820000000000000000e+02,1.820000000000000000e+02,3.140000000000000000e+02,7.430000000000000000e+02,3.280000000000000000e+02,1.390000000000000000e+02,1.070000000000000000e+02,8.260000000000000000e+02,2.010000000000000000e+02,1.810000000000000000e+02,9.300000000000000000e+02,1.440000000000000000e+02,6.840000000000000000e+02,7.970000000000000000e+02,2.330000000000000000e+02,1.500000000000000000e+01,9.400000000000000000e+01,8.290000000000000000e+02,2.170000000000000000e+02,3.120000000000000000e+02,8.370000000000000000e+02,8.380000000000000000e+02,7.950000000000000000e+02,7.240000000000000000e+02,3.650000000000000000e+02,9.300000000000000000e+01,8.070000000000000000e+02,8.170000000000000000e+02,8.480000000000000000e+02,7.760000000000000000e+02,2.500000000000000000e+01,6.300000000000000000e+01,8.300000000000000000e+02,0.000000000000000000e+00,8.040000000000000000e+02,1.640000000000000000e+02,1.320000000000000000e+02,6.800000000000000000e+01,1.500000000000000000e+01,1.510000000000000000e+02,1.320000000000000000e+02,8.610000000000000000e+02,7.950000000000000000e+02,8.350000000000000000e+02,5.500000000000000000e+01,3.600000000000000000e+02
2.091000000000000000e+03,2.107000000000000000e+03,1.072000000000000000e+03,5.930000000000000000e+02,7.700000000000000000e+02,3.810000000000000000e+02,1.900000000000000000e+01,1.810000000000000000e+02,1.178000000000000000e+03,5.000000000000000000e+00,6.720000000000000000e+02,5.760000000000000000e+02,5.230000000000000000e+02,2.235000000000000000e+03,2.970000000000000000e+02,6.800000000000000000e+01,1.600000000000000000e+02,1.123000000000000000e+03,8.540000000000000000e+02,0.000000000000000000e+00,5.100000000000000000e+02,4.400000000000000000e+02,7.290000000000000000e+02,2.882000000000000000e+03,8.000000000000000000e+00,1.040000000000000000e+03,5.430000000000000000e+02,1.387000000000000000e+03,2.496000000000000000e+03,2.702000000000000000e+03,8.790000000000000000e+02,1.001000000000000000e+03,2.860000000000000000e+02,1.698000000000000000e+03,2.500000000000000000e+01,1.207000000000000000e+03,1.900000000000000000e+01,1.347000000000000000e+03,6.620000000000000000e+02,2.759000000000000000e+03,2.230000000000000000e+02,2.111000000000000000e+03,4.500000000000000000e+01,1.741000000000000000e+03,1.500000000000000000e+01,2.750000000000000000e+02,3.000000000000000000e+00,1.800000000000000000e+01,1.760000000000000000e+02,4.730000000000000000e+02,5.290000000000000000e+02,2.120000000000000000e+02,8.120000000000000000e+02,1.100000000000000000e+01,1.522000000000000000e+03,1.585000000000000000e+03,3.100000000000000000e+01,1.559000000000000000e+03,1.172000000000000000e+03,4.910000000000000000e+02,2.340000000000000000e+02,3.040000000000000000e+02,6.640000000000000000e+02,5.790000000000000000e+02,1.870000000000000000e+02,2.989000000000000000e+03,1.051000000000000000e+03,7.780000000000000000e+02,1.130000000000000000e+02,1.650000000000000000e+02,1.725000000000000000e+03,6.640000000000000000e+02,1.304000000000000000e+03,1.079000000000000000e+03,1.010000000000000000e+02,1.027000000000000000e+03,1.290000000000000000e+02,2.445000000000000000e+03,2.640000000000000000e+02,2.536000000000000000e+03,4.666000000000000000e+03,1.246000000000000000e+03,1.363000000000000000e+03,5.080000000000000000e+02,5.830000000000000000e+02,2.277000000000000000e+03,5.840000000000000000e+02,1.610000000000000000e+02,1.605000000000000000e+03,2.801000000000000000e+03,3.430000000000000000e+02,5.560000000000000000e+02,2.917000000000000000e+03,1.347000000000000000e+03,4.490000000000000000e+02,4.540000000000000000e+02,6.350000000000000000e+02,2.527000000000000000e+03,1.100000000000000000e+01,2.400000000000000000e+01,1.330000000000000000e+02,1.800000000000000000e+01,2.785000000000000000e+03,2.060000000000000000e+02,1.273000000000000000e+03,1.010000000000000000e+02,3.990000000000000000e+02,6.300000000000000000e+01,2.784000000000000000e+03,1.301000000000000000e+03,2.647000000000000000e+03,2.200000000000000000e+02,1.797000000000000000e+03,2.100000000000000000e+01,3.144000000000000000e+03,5.310000000000000000e+02,2.795000000000000000e+03,1.081000000000000000e+03,2.130000000000000000e+03,2.743000000000000000e+03,1.300000000000000000e+01,4.584000000000000000e+03,5.900000000000000000e+02,2.966000000000000000e+03,2.757000000000000000e+03,1.070000000000000000e+02,3.000000000000000000e+00,2.625000000000000000e+03,1.100000000000000000e+01,9.400000000000000000e+02,1.100000000000000000e+01,2.250000000000000000e+02,1.580000000000000000e+02,6.000000000000000000e+00,8.200000000000000000e+01,5.400000000000000000e+01,2.326000000000000000e+03,1.950000000000000000e+02,1.660000000000000000e+03,5.230000000000000000e+02,6.680000000000000000e+02,2.227000000000000000e+03,1.018000000000000000e+03,1.290000000000000000e+03,1.700000000000000000e+01,9.800000000000000000e+01,9.300000000000000000e+01,2.265000000000000000e+03,1.230000000000000000e+02,1.196000000000000000e+03,2.373000000000000000e+03,2.210000000000000000e+02,5.760000000000000000e+02,4.626000000000000000e+03,4.200000000000000000e+01,4.800000000000000000e+01,2.949000000000000000e+03,1.000000000000000000e+01,3.740000000000000000e+02,8.220000000000000000e+02,2.602000000000000000e+03,1.426000000000000000e+03,2.690000000000000000e+02,2.329000000000000000e+03,2.680000000000000000e+02,3.500000000000000000e+01,2.080000000000000000e+03,6.000000000000000000e+00,2.600000000000000000e+01,6.100000000000000000e+02,1.900000000000000000e+01,1.580000000000000000e+02,1.130000000000000000e+02,4.491000000000000000e+03,2.911000000000000000e+03,5.930000000000000000e+02,3.200000000000000000e+01,7.150000000000000000e+02,6.420000000000000000e+02,3.330000000000000000e+02,3.060000000000000000e+02,1.760000000000000000e+02,8.010000000000000000e+02,1.029000000000000000e+03,4.270000000000000000e+02,1.372000000000000000e+03,4.800000000000000000e+01,3.000000000000000000e+00,3.017000000000000000e+03,2.107000000000000000e+03,3.170000000000000000e+02,5.070000000000000000e+02,3.429000000000000000e+03,4.600000000000000000e+01,8.000000000000000000e+02,2.519000000000000000e+03,2.700000000000000000e+01,1.182000000000000000e+03,2.000000000000000000e+01,4.000000000000000000e+00,7.980000000000000000e+02,2.500000000000000000e+02,1.936000000000000000e+03,1.570000000000000000e+02,1.030000000000000000e+02,1.320000000000000000e+02,1.700000000000000000e+02,4.000000000000000000e+00,1.273000000000000000e+03,2.230000000000000000e+02,8.810000000000000000e+02,6.050000000000000000e+02,5.660000000000000000e+02,2.070000000000000000e+02,2.769000000000000000e+03,1.467000000000000000e+03,3.058000000000000000e+03,5.730000000000000000e+02,1.000000000000000000e+00,3.800000000000000000e+02,1.027000000000000000e+03,1.231000000000000000e+03,5.350000000000000000e+02,1.237000000000000000e+03,3.460000000000000000e+02,3.510000000000000000e+02,1.879000000000000000e+03,2.310000000000000000e+02,2.030000000000000000e+02,4.692000000000000000e+03,2.360000000000000000e+02,6.590000000000000000e+02,2.853000000000000000e+03,1.354000000000000000e+03,8.000000000000000000e+00,7.800000000000000000e+01,1.913000000000000000e+03,7.340000000000000000e+02,1.264000000000000000e+03,1.835000000000000000e+03,2.925000000000000000e+03,2.439000000000000000e+03,1.983000000000000000e+03,1.345000000000000000e+03,6.500000000000000000e+01,2.666000000000000000e+03,2.608000000000000000e+03,1.702000000000000000e+03,2.497000000000000000e+03,1.400000000000000000e+01,1.800000000000000000e+01,2.080000000000000000e+03,6.800000000000000000e+01,0.000000000000000000e+00,1.250000000000000000e+02,1.010000000000000000e+02,2.400000000000000000e+01,9.000000000000000000e+00,7.900000000000000000e+01,5.800000000000000000e+01,2.984000000000000000e+03,2.851000000000000000e+03,3.093000000000000000e+03,2.300000000000000000e+01,1.257000000000000000e+03
8.180000000000000000e+02,7.610000000000000000e+02,2.260000000000000000e+02,1.870000000000000000e+02,1.880000000000000000e+02,1.940000000000000000e+02,4.600000000000000000e+01,1.640000000000000000e+02,2.040000000000000000e+02,6.000000000000000000e+00,1.440000000000000000e+02,1.190000000000000000e+02,5.880000000000000000e+02,7.930000000000000000e+02,5.700000000000000000e+01,4.000000000000000000e+01,1.380000000000000000e+02,7.020000000000000000e+02,6.820000000000000000e+02,3.000000000000000000e+01,2.070000000000000000e+02,1.870000000000000000e+02,7.760000000000000000e+02,8.700000000000000000e+02,4.000000000000000000e+00,2.030000000000000000e+02,1.900000000000000000e+02,7.670000000000000000e+02,8.200000000000000000e+02,8.020000000000000000e+02,6.680000000000000000e+02,8.860000000000000000e+02,1.480000000000000000e+02,7.690000000000000000e+02,1.500000000000000000e+01,3.100000000000000000e+02,4.100000000000000000e+01,8.320000000000000000e+02,1.890000000000000000e+02,8.630000000000000000e+02,6.200000000000000000e+01,8.070000000000000000e+02,8.300000000000000000e+01,7.970000000000000000e+02,5.100000000000000000e+01,2.000000000000000000e+02,2.400000000000000000e+01,2.700000000000000000e+01,1.430000000000000000e+02,1.380000000000000000e+02,1.280000000000000000e+02,1.600000000000000000e+02,1.850000000000000000e+02,4.400000000000000000e+01,7.730000000000000000e+02,7.870000000000000000e+02,3.100000000000000000e+01,7.570000000000000000e+02,1.920000000000000000e+02,1.560000000000000000e+02,1.100000000000000000e+02,1.840000000000000000e+02,2.060000000000000000e+02,7.270000000000000000e+02,1.650000000000000000e+02,8.710000000000000000e+02,7.290000000000000000e+02,6.350000000000000000e+02,4.030000000000000000e+02,1.240000000000000000e+02,8.600000000000000000e+02,2.100000000000000000e+02,7.550000000000000000e+02,6.940000000000000000e+02,8.700000000000000000e+01,7.440000000000000000e+02,1.550000000000000000e+02,9.320000000000000000e+02,1.620000000000000000e+02,8.130000000000000000e+02,1.021000000000000000e+03,3.450000000000000000e+02,3.670000000000000000e+02,1.720000000000000000e+02,1.450000000000000000e+02,7.880000000000000000e+02,6.620000000000000000e+02,1.530000000000000000e+02,7.820000000000000000e+02,8.080000000000000000e+02,1.960000000000000000e+02,2.080000000000000000e+02,8.070000000000000000e+02,8.370000000000000000e+02,1.940000000000000000e+02,1.040000000000000000e+02,7.180000000000000000e+02,8.560000000000000000e+02,6.200000000000000000e+01,3.000000000000000000e+00,1.260000000000000000e+02,2.900000000000000000e+01,9.170000000000000000e+02,1.650000000000000000e+02,7.210000000000000000e+02,1.040000000000000000e+02,1.750000000000000000e+02,7.100000000000000000e+01,8.680000000000000000e+02,3.510000000000000000e+02,8.080000000000000000e+02,1.270000000000000000e+02,7.740000000000000000e+02,8.000000000000000000e+00,8.140000000000000000e+02,1.660000000000000000e+02,7.750000000000000000e+02,2.060000000000000000e+02,8.520000000000000000e+02,7.770000000000000000e+02,3.400000000000000000e+01,1.062000000000000000e+03,1.570000000000000000e+02,8.450000000000000000e+02,8.180000000000000000e+02,1.490000000000000000e+02,1.600000000000000000e+01,7.800000000000000000e+02,2.700000000000000000e+01,1.980000000000000000e+02,1.400000000000000000e+01,3.880000000000000000e+02,1.830000000000000000e+02,7.500000000000000000e+01,9.100000000000000000e+01,2.800000000000000000e+01,7.770000000000000000e+02,4.080000000000000000e+02,7.230000000000000000e+02,1.310000000000000000e+02,1.770000000000000000e+02,8.930000000000000000e+02,7.580000000000000000e+02,3.360000000000000000e+02,4.200000000000000000e+01,1.110000000000000000e+02,1.050000000000000000e+02,8.280000000000000000e+02,1.320000000000000000e+02,2.150000000000000000e+02,8.090000000000000000e+02,1.650000000000000000e+02,1.280000000000000000e+02,9.670000000000000000e+02,6.700000000000000000e+01,4.700000000000000000e+01,8.780000000000000000e+02,7.000000000000000000e+00,1.730000000000000000e+02,2.010000000000000000e+02,8.420000000000000000e+02,6.930000000000000000e+02,5.800000000000000000e+01,8.220000000000000000e+02,9.900000000000000000e+01,4.900000000000000000e+01,8.400000000000000000e+02,9.000000000000000000e+00,3.300000000000000000e+01,6.090000000000000000e+02,8.000000000000000000e+00,9.300000000000000000e+01,1.250000000000000000e+02,1.023000000000000000e+03,8.390000000000000000e+02,1.990000000000000000e+02,2.400000000000000000e+01,1.750000000000000000e+02,1.890000000000000000e+02,6.280000000000000000e+02,1.660000000000000000e+02,1.410000000000000000e+02,2.190000000000000000e+02,2.180000000000000000e+02,1.400000000000000000e+02,2.190000000000000000e+02,6.800000000000000000e+01,5.000000000000000000e+00,7.890000000000000000e+02,8.550000000000000000e+02,1.520000000000000000e+02,1.990000000000000000e+02,8.730000000000000000e+02,6.300000000000000000e+01,2.250000000000000000e+02,8.230000000000000000e+02,4.700000000000000000e+01,7.560000000000000000e+02,3.800000000000000000e+01,1.500000000000000000e+01,2.250000000000000000e+02,6.000000000000000000e+01,8.290000000000000000e+02,1.610000000000000000e+02,5.750000000000000000e+02,1.330000000000000000e+02,1.630000000000000000e+02,7.000000000000000000e+00,7.370000000000000000e+02,1.500000000000000000e+02,6.100000000000000000e+02,1.480000000000000000e+02,6.900000000000000000e+02,1.570000000000000000e+02,8.560000000000000000e+02,7.190000000000000000e+02,8.340000000000000000e+02,6.550000000000000000e+02,2.700000000000000000e+01,5.490000000000000000e+02,2.110000000000000000e+02,3.090000000000000000e+02,6.060000000000000000e+02,3.460000000000000000e+02,1.400000000000000000e+02,1.280000000000000000e+02,8.020000000000000000e+02,1.420000000000000000e+02,1.730000000000000000e+02,1.059000000000000000e+03,1.650000000000000000e+02,6.090000000000000000e+02,8.650000000000000000e+02,2.360000000000000000e+02,7.000000000000000000e+00,6.200000000000000000e+01,8.650000000000000000e+02,2.160000000000000000e+02,3.390000000000000000e+02,8.470000000000000000e+02,8.330000000000000000e+02,8.050000000000000000e+02,8.180000000000000000e+02,3.670000000000000000e+02,8.300000000000000000e+01,8.360000000000000000e+02,8.480000000000000000e+02,7.610000000000000000e+02,8.080000000000000000e+02,9.000000000000000000e+00,3.100000000000000000e+01,7.810000000000000000e+02,8.700000000000000000e+01,8.170000000000000000e+02,0.000000000000000000e+00,3.900000000000000000e+01,4.400000000000000000e+01,2.000000000000000000e+00,1.320000000000000000e+02,1.010000000000000000e+02,8.400000000000000000e+02,8.010000000000000000e+02,9.170000000000000000e+02,4.400000000000000000e+01,3.330000000000000000e+02
9.250000000000000000e+02,9.470000000000000000e+02,2.790000000000000000e+02,2.020000000000000000e+02,2.700000000000000000e+02,2.080000000000000000e+02,8.800000000000000000e+01,1.790000000000000000e+02,2.400000000000000000e+02,9.000000000000000000e+00,1.780000000000000000e+02,1.510000000000000000e+02,7.790000000000000000e+02,9.460000000000000000e+02,8.200000000000000000e+01,4.500000000000000000e+01,1.770000000000000000e+02,8.970000000000000000e+02,8.500000000000000000e+02,3.400000000000000000e+01,2.260000000000000000e+02,2.070000000000000000e+02,8.830000000000000000e+02,9.270000000000000000e+02,1.900000000000000000e+01,2.570000000000000000e+02,2.340000000000000000e+02,1.025000000000000000e+03,9.310000000000000000e+02,1.033000000000000000e+03,8.450000000000000000e+02,1.074000000000000000e+03,1.420000000000000000e+02,9.010000000000000000e+02,2.400000000000000000e+01,3.820000000000000000e+02,4.400000000000000000e+01,9.820000000000000000e+02,2.680000000000000000e+02,9.230000000000000000e+02,6.600000000000000000e+01,1.011000000000000000e+03,1.270000000000000000e+02,9.340000000000000000e+02,8.800000000000000000e+01,2.540000000000000000e+02,2.700000000000000000e+01,4.200000000000000000e+01,1.950000000000000000e+02,1.500000000000000000e+02,1.350000000000000000e+02,2.100000000000000000e+02,2.670000000000000000e+02,7.300000000000000000e+01,8.760000000000000000e+02,9.420000000000000000e+02,5.300000000000000000e+01,9.310000000000000000e+02,2.730000000000000000e+02,2.290000000000000000e+02,1.400000000000000000e+02,2.130000000000000000e+02,2.470000000000000000e+02,9.590000000000000000e+02,2.150000000000000000e+02,1.079000000000000000e+03,8.470000000000000000e+02,7.790000000000000000e+02,6.620000000000000000e+02,1.500000000000000000e+02,1.017000000000000000e+03,2.340000000000000000e+02,8.990000000000000000e+02,8.800000000000000000e+02,1.630000000000000000e+02,9.870000000000000000e+02,1.590000000000000000e+02,1.004000000000000000e+03,2.160000000000000000e+02,9.970000000000000000e+02,1.125000000000000000e+03,3.670000000000000000e+02,4.280000000000000000e+02,2.480000000000000000e+02,1.440000000000000000e+02,8.630000000000000000e+02,8.080000000000000000e+02,1.840000000000000000e+02,8.750000000000000000e+02,9.620000000000000000e+02,2.350000000000000000e+02,2.710000000000000000e+02,9.890000000000000000e+02,1.023000000000000000e+03,2.090000000000000000e+02,1.410000000000000000e+02,8.800000000000000000e+02,9.760000000000000000e+02,7.400000000000000000e+01,1.600000000000000000e+01,1.740000000000000000e+02,7.700000000000000000e+01,9.950000000000000000e+02,2.070000000000000000e+02,9.090000000000000000e+02,1.780000000000000000e+02,2.140000000000000000e+02,1.160000000000000000e+02,1.040000000000000000e+03,4.250000000000000000e+02,9.990000000000000000e+02,1.880000000000000000e+02,9.320000000000000000e+02,3.900000000000000000e+01,9.610000000000000000e+02,1.700000000000000000e+02,1.028000000000000000e+03,2.370000000000000000e+02,9.260000000000000000e+02,9.950000000000000000e+02,4.300000000000000000e+01,1.166000000000000000e+03,1.460000000000000000e+02,1.005000000000000000e+03,1.032000000000000000e+03,1.970000000000000000e+02,2.600000000000000000e+01,9.570000000000000000e+02,4.800000000000000000e+01,2.140000000000000000e+02,2.200000000000000000e+01,5.950000000000000000e+02,1.990000000000000000e+02,1.050000000000000000e+02,1.190000000000000000e+02,4.700000000000000000e+01,9.830000000000000000e+02,7.010000000000000000e+02,9.550000000000000000e+02,1.580000000000000000e+02,2.270000000000000000e+02,1.083000000000000000e+03,9.890000000000000000e+02,4.200000000000000000e+02,6.100000000000000000e+01,1.420000000000000000e+02,1.450000000000000000e+02,9.570000000000000000e+02,1.680000000000000000e+02,2.530000000000000000e+02,9.310000000000000000e+02,1.990000000000000000e+02,1.630000000000000000e+02,1.215000000000000000e+03,8.100000000000000000e+01,9.900000000000000000e+01,9.790000000000000000e+02,1.700000000000000000e+01,1.970000000000000000e+02,2.650000000000000000e+02,1.044000000000000000e+03,8.740000000000000000e+02,7.900000000000000000e+01,9.600000000000000000e+02,1.370000000000000000e+02,9.500000000000000000e+01,9.360000000000000000e+02,1.600000000000000000e+01,6.300000000000000000e+01,8.430000000000000000e+02,4.000000000000000000e+01,1.180000000000000000e+02,1.640000000000000000e+02,1.129000000000000000e+03,1.026000000000000000e+03,2.370000000000000000e+02,6.500000000000000000e+01,2.020000000000000000e+02,2.240000000000000000e+02,9.260000000000000000e+02,2.180000000000000000e+02,1.860000000000000000e+02,2.970000000000000000e+02,2.520000000000000000e+02,1.990000000000000000e+02,2.510000000000000000e+02,8.600000000000000000e+01,7.000000000000000000e+00,1.014000000000000000e+03,9.960000000000000000e+02,1.900000000000000000e+02,2.240000000000000000e+02,1.030000000000000000e+03,1.210000000000000000e+02,2.150000000000000000e+02,9.700000000000000000e+02,7.100000000000000000e+01,8.460000000000000000e+02,8.000000000000000000e+01,1.800000000000000000e+01,2.670000000000000000e+02,6.200000000000000000e+01,9.690000000000000000e+02,2.020000000000000000e+02,7.220000000000000000e+02,2.100000000000000000e+02,2.000000000000000000e+02,2.200000000000000000e+01,9.280000000000000000e+02,2.160000000000000000e+02,7.890000000000000000e+02,2.190000000000000000e+02,8.710000000000000000e+02,1.990000000000000000e+02,1.014000000000000000e+03,8.830000000000000000e+02,9.230000000000000000e+02,8.220000000000000000e+02,6.100000000000000000e+01,7.550000000000000000e+02,2.900000000000000000e+02,4.550000000000000000e+02,7.630000000000000000e+02,3.980000000000000000e+02,1.480000000000000000e+02,1.410000000000000000e+02,9.320000000000000000e+02,1.670000000000000000e+02,2.480000000000000000e+02,1.206000000000000000e+03,2.010000000000000000e+02,8.010000000000000000e+02,9.530000000000000000e+02,2.580000000000000000e+02,1.600000000000000000e+01,1.270000000000000000e+02,1.010000000000000000e+03,2.590000000000000000e+02,3.970000000000000000e+02,9.740000000000000000e+02,9.960000000000000000e+02,9.520000000000000000e+02,9.450000000000000000e+02,4.300000000000000000e+02,1.180000000000000000e+02,1.034000000000000000e+03,1.030000000000000000e+03,9.370000000000000000e+02,9.610000000000000000e+02,2.900000000000000000e+01,5.100000000000000000e+01,9.360000000000000000e+02,1.120000000000000000e+02,9.480000000000000000e+02,2.050000000000000000e+02,0.000000000000000000e+00,6.900000000000000000e+01,2.000000000000000000e+00,1.870000000000000000e+02,1.630000000000000000e+02,1.024000000000000000e+03,9.330000000000000000e+02,1.001000000000000000e+03,5.500000000000000000e+01,4.590000000000000000e+02
2.620000000000000000e+02,2.200000000000000000e+02,1.040000000000000000e+02,8.100000000000000000e+01,8.200000000000000000e+01,6.900000000000000000e+01,0.000000000000000000e+00,8.100000000000000000e+01,9.500000000000000000e+01,0.000000000000000000e+00,0.000000000000000000e+00,0.000000000000000000e+00,1.790000000000000000e+02,2.140000000000000000e+02,0.000000000000000000e+00,0.000000000000000000e+00,7.300000000000000000e+01,2.160000000000000000e+02,2.260000000000000000e+02,0.000000000000000000e+00,9.200000000000000000e+01,6.400000000000000000e+01,2.060000000000000000e+02,2.250000000000000000e+02,0.000000000000000000e+00,1.030000000000000000e+02,8.000000000000000000e+01,2.650000000000000000e+02,2.520000000000000000e+02,2.460000000000000000e+02,1.910000000000000000e+02,2.370000000000000000e+02,0.000000000000000000e+00,2.270000000000000000e+02,0.000000000000000000e+00,9.800000000000000000e+01,0.000000000000000000e+00,2.500000000000000000e+02,7.900000000000000000e+01,2.590000000000000000e+02,0.000000000000000000e+00,2.270000000000000000e+02,0.000000000000000000e+00,2.200000000000000000e+02,0.000000000000000000e+00,9.600000000000000000e+01,0.000000000000000000e+00,0.000000000000000000e+00,5.600000000000000000e+01,0.000000000000000000e+00,0.000000000000000000e+00,8.000000000000000000e+01,7.300000000000000000e+01,0.000000000000000000e+00,2.350000000000000000e+02,2.190000000000000000e+02,0.000000000000000000e+00,2.320000000000000000e+02,1.000000000000000000e+02,9.400000000000000000e+01,0.000000000000000000e+00,8.300000000000000000e+01,7.900000000000000000e+01,2.100000000000000000e+02,7.500000000000000000e+01,2.380000000000000000e+02,2.150000000000000000e+02,1.570000000000000000e+02,1.500000000000000000e+02,0.000000000000000000e+00,2.410000000000000000e+02,8.900000000000000000e+01,1.980000000000000000e+02,2.260000000000000000e+02,4.500000000000000000e+01,2.430000000000000000e+02,6.800000000000000000e+01,2.480000000000000000e+02,7.300000000000000000e+01,2.390000000000000000e+02,2.970000000000000000e+02,9.800000000000000000e+01,9.800000000000000000e+01,8.400000000000000000e+01,0.000000000000000000e+00,1.880000000000000000e+02,2.060000000000000000e+02,7.900000000000000000e+01,2.050000000000000000e+02,2.300000000000000000e+02,9.800000000000000000e+01,8.700000000000000000e+01,2.290000000000000000e+02,2.210000000000000000e+02,1.000000000000000000e+02,0.000000000000000000e+00,2.090000000000000000e+02,2.050000000000000000e+02,0.000000000000000000e+00,0.000000000000000000e+00,8.400000000000000000e+01,0.000000000000000000e+00,2.450000000000000000e+02,6.500000000000000000e+01,2.090000000000000000e+02,6.700000000000000000e+01,8.400000000000000000e+01,6.700000000000000000e+01,2.370000000000000000e+02,9.900000000000000000e+01,2.230000000000000000e+02,9.000000000000000000e+01,2.320000000000000000e+02,0.000000000000000000e+00,2.230000000000000000e+02,0.000000000000000000e+00,2.280000000000000000e+02,9.000000000000000000e+01,2.650000000000000000e+02,2.490000000000000000e+02,0.000000000000000000e+00,2.560000000000000000e+02,0.000000000000000000e+00,2.610000000000000000e+02,2.170000000000000000e+02,7.300000000000000000e+01,0.000000000000000000e+00,2.310000000000000000e+02,0.000000000000000000e+00,1.050000000000000000e+02,0.000000000000000000e+00,1.590000000000000000e+02,7.200000000000000000e+01,5.100000000000000000e+01,0.000000000000000000e+00,0.000000000000000000e+00,2.490000000000000000e+02,1.540000000000000000e+02,2.220000000000000000e+02,0.000000000000000000e+00,7.700000000000000000e+01,2.210000000000000000e+02,2.240000000000000000e+02,1.010000000000000000e+02,0.000000000000000000e+00,0.000000000000000000e+00,6.500000000000000000e+01,2.230000000000000000e+02,7.200000000000000000e+01,8.500000000000000000e+01,2.350000000000000000e+02,8.800000000000000000e+01,0.000000000000000000e+00,2.780000000000000000e+02,4.100000000000000000e+01,0.000000000000000000e+00,2.400000000000000000e+02,0.000000000000000000e+00,8.200000000000000000e+01,8.900000000000000000e+01,2.420000000000000000e+02,2.000000000000000000e+02,0.000000000000000000e+00,2.260000000000000000e+02,0.000000000000000000e+00,0.000000000000000000e+00,2.490000000000000000e+02,0.000000000000000000e+00,0.000000000000000000e+00,2.420000000000000000e+02,0.000000000000000000e+00,0.000000000000000000e+00,6.000000000000000000e+01,2.750000000000000000e+02,2.490000000000000000e+02,7.400000000000000000e+01,0.000000000000000000e+00,9.800000000000000000e+01,7.600000000000000000e+01,2.030000000000000000e+02,7.600000000000000000e+01,5.900000000000000000e+01,7.400000000000000000e+01,9.900000000000000000e+01,8.900000000000000000e+01,8.800000000000000000e+01,0.000000000000000000e+00,0.000000000000000000e+00,2.330000000000000000e+02,2.140000000000000000e+02,8.400000000000000000e+01,8.000000000000000000e+01,2.200000000000000000e+02,0.000000000000000000e+00,6.800000000000000000e+01,2.140000000000000000e+02,0.000000000000000000e+00,2.200000000000000000e+02,0.000000000000000000e+00,0.000000000000000000e+00,8.600000000000000000e+01,0.000000000000000000e+00,2.150000000000000000e+02,7.000000000000000000e+01,1.820000000000000000e+02,6.300000000000000000e+01,9.700000000000000000e+01,0.000000000000000000e+00,2.190000000000000000e+02,8.800000000000000000e+01,2.110000000000000000e+02,5.800000000000000000e+01,2.110000000000000000e+02,9.400000000000000000e+01,2.380000000000000000e+02,2.150000000000000000e+02,2.520000000000000000e+02,1.980000000000000000e+02,0.000000000000000000e+00,1.730000000000000000e+02,9.200000000000000000e+01,1.080000000000000000e+02,1.830000000000000000e+02,9.600000000000000000e+01,0.000000000000000000e+00,0.000000000000000000e+00,2.060000000000000000e+02,8.300000000000000000e+01,8.800000000000000000e+01,2.600000000000000000e+02,6.500000000000000000e+01,1.830000000000000000e+02,2.370000000000000000e+02,8.600000000000000000e+01,0.000000000000000000e+00,0.000000000000000000e+00,2.080000000000000000e+02,7.900000000000000000e+01,1.020000000000000000e+02,2.400000000000000000e+02,2.310000000000000000e+02,2.530000000000000000e+02,2.070000000000000000e+02,8.500000000000000000e+01,0.000000000000000000e+00,2.490000000000000000e+02,2.100000000000000000e+02,2.380000000000000000e+02,2.230000000000000000e+02,0.000000000000000000e+00,0.000000000000000000e+00,2.470000000000000000e+02,5.300000000000000000e+01,2.490000000000000000e+02,6.600000000000000000e+01,4.900000000000000000e+01,0.000000000000000000e+00,0.000000000000000000e+00,9.000000000000000000e+01,7.100000000000000000e+01,2.190000000000000000e+02,2.420000000000000000e+02,2.670000000000000000e+02,0.000000000000000000e+00,9.600000000000000000e+01
2.120000000000000000e+02,2.640000000000000000e+02,8.600000000000000000e+01,8.000000000000000000e+01,1.000000000000000000e+02,7.700000000000000000e+01,0.000000000000000000e+00,8.000000000000000000e+01,7.700000000000000000e+01,0.000000000000000000e+00,0.000000000000000000e+00,0.000000000000000000e+00,2.240000000000000000e+02,2.610000000000000000e+02,0.000000000000000000e+00,0.000000000000000000e+00,7.800000000000000000e+01,2.110000000000000000e+02,2.200000000000000000e+02,0.000000000000000000e+00,1.140000000000000000e+02,9.200000000000000000e+01,2.380000000000000000e+02,2.490000000000000000e+02,0.000000000000000000e+00,8.700000000000000000e+01,9.000000000000000000e+01,2.660000000000000000e+02,2.390000000000000000e+02,2.270000000000000000e+02,2.240000000000000000e+02,2.320000000000000000e+02,0.000000000000000000e+00,2.660000000000000000e+02,0.000000000000000000e+00,9.000000000000000000e+01,0.000000000000000000e+00,2.510000000000000000e+02,8.400000000000000000e+01,2.410000000000000000e+02,0.000000000000000000e+00,2.350000000000000000e+02,0.000000000000000000e+00,2.400000000000000000e+02,0.000000000000000000e+00,1.100000000000000000e+02,0.000000000000000000e+00,0.000000000000000000e+00,8.000000000000000000e+01,0.000000000000000000e+00,0.000000000000000000e+00,8.200000000000000000e+01,1.010000000000000000e+02,0.000000000000000000e+00,2.040000000000000000e+02,1.940000000000000000e+02,0.000000000000000000e+00,2.650000000000000000e+02,1.000000000000000000e+02,1.020000000000000000e+02,0.000000000000000000e+00,8.900000000000000000e+01,7.300000000000000000e+01,2.390000000000000000e+02,9.900000000000000000e+01,2.580000000000000000e+02,2.610000000000000000e+02,2.350000000000000000e+02,2.090000000000000000e+02,0.000000000000000000e+00,2.580000000000000000e+02,8.400000000000000000e+01,2.240000000000000000e+02,2.300000000000000000e+02,6.100000000000000000e+01,1.940000000000000000e+02,6.900000000000000000e+01,2.600000000000000000e+02,8.000000000000000000e+01,2.600000000000000000e+02,2.910000000000000000e+02,1.040000000000000000e+02,9.900000000000000000e+01,1.020000000000000000e+02,0.000000000000000000e+00,2.240000000000000000e+02,2.080000000000000000e+02,8.200000000000000000e+01,2.660000000000000000e+02,2.350000000000000000e+02,9.400000000000000000e+01,9.500000000000000000e+01,2.530000000000000000e+02,2.230000000000000000e+02,1.160000000000000000e+02,0.000000000000000000e+00,2.240000000000000000e+02,2.320000000000000000e+02,0.000000000000000000e+00,0.000000000000000000e+00,7.300000000000000000e+01,0.000000000000000000e+00,2.630000000000000000e+02,8.800000000000000000e+01,2.290000000000000000e+02,8.400000000000000000e+01,7.900000000000000000e+01,6.700000000000000000e+01,2.550000000000000000e+02,9.000000000000000000e+01,2.490000000000000000e+02,1.020000000000000000e+02,2.690000000000000000e+02,0.000000000000000000e+00,2.540000000000000000e+02,0.000000000000000000e+00,2.290000000000000000e+02,9.200000000000000000e+01,2.320000000000000000e+02,2.420000000000000000e+02,0.000000000000000000e+00,2.890000000000000000e+02,0.000000000000000000e+00,2.510000000000000000e+02,2.070000000000000000e+02,7.300000000000000000e+01,0.000000000000000000e+00,2.590000000000000000e+02,0.000000000000000000e+00,9.100000000000000000e+01,0.000000000000000000e+00,1.940000000000000000e+02,6.800000000000000000e+01,7.600000000000000000e+01,0.000000000000000000e+00,0.000000000000000000e+00,2.720000000000000000e+02,2.010000000000000000e+02,2.260000000000000000e+02,0.000000000000000000e+00,9.400000000000000000e+01,2.830000000000000000e+02,2.420000000000000000e+02,1.060000000000000000e+02,0.000000000000000000e+00,0.000000000000000000e+00,7.500000000000000000e+01,2.360000000000000000e+02,7.000000000000000000e+01,8.200000000000000000e+01,2.310000000000000000e+02,7.700000000000000000e+01,0.000000000000000000e+00,2.750000000000000000e+02,8.600000000000000000e+01,0.000000000000000000e+00,2.540000000000000000e+02,0.000000000000000000e+00,9.200000000000000000e+01,8.600000000000000000e+01,2.380000000000000000e+02,2.210000000000000000e+02,0.000000000000000000e+00,2.330000000000000000e+02,0.000000000000000000e+00,0.000000000000000000e+00,2.360000000000000000e+02,0.000000000000000000e+00,0.000000000000000000e+00,2.300000000000000000e+02,0.000000000000000000e+00,0.000000000000000000e+00,6.500000000000000000e+01,3.070000000000000000e+02,2.430000000000000000e+02,8.500000000000000000e+01,0.000000000000000000e+00,8.500000000000000000e+01,7.500000000000000000e+01,2.590000000000000000e+02,9.300000000000000000e+01,8.200000000000000000e+01,9.900000000000000000e+01,8.500000000000000000e+01,9.000000000000000000e+01,8.700000000000000000e+01,0.000000000000000000e+00,0.000000000000000000e+00,2.280000000000000000e+02,2.420000000000000000e+02,7.100000000000000000e+01,9.500000000000000000e+01,2.230000000000000000e+02,0.000000000000000000e+00,8.500000000000000000e+01,2.580000000000000000e+02,0.000000000000000000e+00,2.320000000000000000e+02,0.000000000000000000e+00,0.000000000000000000e+00,8.700000000000000000e+01,0.000000000000000000e+00,2.250000000000000000e+02,8.700000000000000000e+01,1.910000000000000000e+02,9.800000000000000000e+01,9.500000000000000000e+01,0.000000000000000000e+00,2.600000000000000000e+02,8.200000000000000000e+01,2.370000000000000000e+02,8.600000000000000000e+01,2.450000000000000000e+02,8.500000000000000000e+01,2.370000000000000000e+02,2.270000000000000000e+02,2.380000000000000000e+02,2.050000000000000000e+02,0.000000000000000000e+00,2.270000000000000000e+02,1.050000000000000000e+02,9.000000000000000000e+01,2.020000000000000000e+02,1.120000000000000000e+02,0.000000000000000000e+00,0.000000000000000000e+00,2.180000000000000000e+02,7.400000000000000000e+01,6.200000000000000000e+01,3.010000000000000000e+02,8.800000000000000000e+01,1.870000000000000000e+02,2.790000000000000000e+02,9.800000000000000000e+01,0.000000000000000000e+00,0.000000000000000000e+00,2.350000000000000000e+02,8.200000000000000000e+01,1.040000000000000000e+02,2.480000000000000000e+02,2.370000000000000000e+02,2.310000000000000000e+02,2.240000000000000000e+02,1.110000000000000000e+02,0.000000000000000000e+00,2.700000000000000000e+02,2.650000000000000000e+02,2.450000000000000000e+02,2.480000000000000000e+02,0.000000000000000000e+00,0.000000000000000000e+00,2.390000000000000000e+02,7.100000000000000000e+01,2.590000000000000000e+02,8.200000000000000000e+01,8.700000000000000000e+01,0.000000000000000000e+00,0.000000000000000000e+00,8.000000000000000000e+01,5.800000000000000000e+01,2.540000000000000000e+02,2.370000000000000000e+02,2.430000000000000000e+02,0.000000000000000000e+00,1.120000000000000000e+02
1.240000000000000000e+03,1.270000000000000000e+03,3.210000000000000000e+02,2.520000000000000000e+02,3.070000000000000000e+02,2.550000000000000000e+02,5.500000000000000000e+01,2.070000000000000000e+02,3.060000000000000000e+02,9.000000000000000000e+00,2.220000000000000000e+02,1.930000000000000000e+02,7.820000000000000000e+02,1.135000000000000000e+03,7.900000000000000000e+01,3.700000000000000000e+01,1.940000000000000000e+02,1.017000000000000000e+03,9.930000000000000000e+02,1.100000000000000000e+01,2.590000000000000000e+02,2.670000000000000000e+02,1.246000000000000000e+03,1.241000000000000000e+03,1.500000000000000000e+01,2.860000000000000000e+02,2.810000000000000000e+02,1.070000000000000000e+03,1.163000000000000000e+03,1.349000000000000000e+03,9.750000000000000000e+02,1.045000000000000000e+03,1.670000000000000000e+02,1.176000000000000000e+03,1.400000000000000000e+01,5.480000000000000000e+02,3.500000000000000000e+01,1.094000000000000000e+03,2.740000000000000000e+02,1.242000000000000000e+03,9.800000000000000000e+01,1.231000000000000000e+03,1.500000000000000000e+02,1.156000000000000000e+03,5.200000000000000000e+01,2.230000000000000000e+02,3.000000000000000000e+00,2.700000000000000000e+01,1.830000000000000000e+02,1.980000000000000000e+02,2.130000000000000000e+02,2.340000000000000000e+02,2.930000000000000000e+02,3.300000000000000000e+01,1.089000000000000000e+03,1.078000000000000000e+03,3.400000000000000000e+01,1.163000000000000000e+03,3.350000000000000000e+02,2.400000000000000000e+02,1.800000000000000000e+02,3.250000000000000000e+02,2.880000000000000000e+02,8.310000000000000000e+02,1.620000000000000000e+02,1.240000000000000000e+03,1.008000000000000000e+03,8.900000000000000000e+02,5.270000000000000000e+02,1.610000000000000000e+02,1.137000000000000000e+03,2.780000000000000000e+02,1.050000000000000000e+03,1.002000000000000000e+03,1.130000000000000000e+02,1.161000000000000000e+03,1.570000000000000000e+02,1.341000000000000000e+03,3.180000000000000000e+02,1.250000000000000000e+03,1.496000000000000000e+03,4.960000000000000000e+02,5.460000000000000000e+02,2.710000000000000000e+02,2.090000000000000000e+02,1.223000000000000000e+03,8.720000000000000000e+02,2.030000000000000000e+02,1.118000000000000000e+03,1.285000000000000000e+03,2.300000000000000000e+02,2.470000000000000000e+02,1.190000000000000000e+03,1.065000000000000000e+03,2.630000000000000000e+02,1.850000000000000000e+02,1.186000000000000000e+03,1.202000000000000000e+03,5.500000000000000000e+01,2.600000000000000000e+01,1.530000000000000000e+02,3.000000000000000000e+01,1.220000000000000000e+03,3.270000000000000000e+02,1.298000000000000000e+03,1.430000000000000000e+02,2.440000000000000000e+02,8.000000000000000000e+01,1.307000000000000000e+03,5.460000000000000000e+02,1.234000000000000000e+03,1.720000000000000000e+02,1.244000000000000000e+03,4.700000000000000000e+01,1.240000000000000000e+03,1.930000000000000000e+02,1.305000000000000000e+03,2.990000000000000000e+02,1.220000000000000000e+03,1.293000000000000000e+03,3.700000000000000000e+01,1.486000000000000000e+03,2.080000000000000000e+02,1.243000000000000000e+03,1.222000000000000000e+03,1.450000000000000000e+02,0.000000000000000000e+00,1.320000000000000000e+03,3.000000000000000000e+01,3.040000000000000000e+02,3.500000000000000000e+01,4.170000000000000000e+02,3.120000000000000000e+02,4.800000000000000000e+01,1.170000000000000000e+02,4.700000000000000000e+01,1.210000000000000000e+03,5.130000000000000000e+02,1.200000000000000000e+03,2.100000000000000000e+02,2.960000000000000000e+02,1.348000000000000000e+03,1.173000000000000000e+03,5.670000000000000000e+02,3.200000000000000000e+01,1.390000000000000000e+02,1.660000000000000000e+02,1.125000000000000000e+03,1.510000000000000000e+02,3.340000000000000000e+02,1.158000000000000000e+03,2.030000000000000000e+02,2.000000000000000000e+02,1.547000000000000000e+03,4.100000000000000000e+01,8.000000000000000000e+01,1.300000000000000000e+03,1.400000000000000000e+01,2.310000000000000000e+02,3.130000000000000000e+02,1.252000000000000000e+03,1.097000000000000000e+03,8.500000000000000000e+01,1.283000000000000000e+03,1.820000000000000000e+02,6.900000000000000000e+01,1.202000000000000000e+03,1.600000000000000000e+01,4.800000000000000000e+01,9.640000000000000000e+02,3.200000000000000000e+01,1.450000000000000000e+02,1.350000000000000000e+02,1.573000000000000000e+03,1.281000000000000000e+03,2.280000000000000000e+02,4.700000000000000000e+01,2.800000000000000000e+02,2.340000000000000000e+02,5.720000000000000000e+02,2.250000000000000000e+02,2.260000000000000000e+02,2.980000000000000000e+02,2.740000000000000000e+02,1.640000000000000000e+02,3.050000000000000000e+02,1.080000000000000000e+02,1.200000000000000000e+01,1.239000000000000000e+03,1.273000000000000000e+03,2.100000000000000000e+02,2.940000000000000000e+02,1.303000000000000000e+03,6.900000000000000000e+01,2.810000000000000000e+02,1.206000000000000000e+03,4.900000000000000000e+01,1.027000000000000000e+03,5.600000000000000000e+01,1.400000000000000000e+01,2.440000000000000000e+02,1.050000000000000000e+02,1.182000000000000000e+03,1.500000000000000000e+02,7.020000000000000000e+02,2.870000000000000000e+02,2.070000000000000000e+02,9.000000000000000000e+00,1.042000000000000000e+03,2.020000000000000000e+02,9.970000000000000000e+02,2.060000000000000000e+02,1.011000000000000000e+03,1.760000000000000000e+02,1.259000000000000000e+03,1.102000000000000000e+03,1.167000000000000000e+03,1.284000000000000000e+03,2.400000000000000000e+01,7.060000000000000000e+02,2.720000000000000000e+02,5.090000000000000000e+02,7.900000000000000000e+02,5.080000000000000000e+02,1.650000000000000000e+02,1.720000000000000000e+02,1.307000000000000000e+03,2.040000000000000000e+02,2.130000000000000000e+02,1.553000000000000000e+03,2.030000000000000000e+02,8.940000000000000000e+02,1.272000000000000000e+03,3.790000000000000000e+02,1.100000000000000000e+01,8.700000000000000000e+01,1.178000000000000000e+03,2.890000000000000000e+02,5.680000000000000000e+02,1.179000000000000000e+03,1.205000000000000000e+03,1.299000000000000000e+03,1.192000000000000000e+03,4.940000000000000000e+02,1.340000000000000000e+02,1.277000000000000000e+03,1.302000000000000000e+03,1.158000000000000000e+03,1.265000000000000000e+03,2.200000000000000000e+01,3.700000000000000000e+01,1.213000000000000000e+03,1.220000000000000000e+02,1.263000000000000000e+03,1.390000000000000000e+02,9.300000000000000000e+01,4.900000000000000000e+01,3.000000000000000000e+00,0.000000000000000000e+00,1.160000000000000000e+02,1.253000000000000000e+03,1.235000000000000000e+03,1.235000000000000000e+03,4.700000000000000000e+01,5.320000000000000000e+02
3.980000000000000000e+02,4.260000000000000000e+02,1.200000000000000000e+02,1.030000000000000000e+02,9.900000000000000000e+01,1.000000000000000000e+02,3.300000000000000000e+01,6.900000000000000000e+01,1.160000000000000000e+02,2.000000000000000000e+00,7.300000000000000000e+01,8.200000000000000000e+01,3.020000000000000000e+02,4.450000000000000000e+02,3.700000000000000000e+01,2.100000000000000000e+01,1.110000000000000000e+02,3.520000000000000000e+02,3.480000000000000000e+02,7.000000000000000000e+00,8.400000000000000000e+01,9.300000000000000000e+01,4.320000000000000000e+02,4.190000000000000000e+02,4.000000000000000000e+00,9.000000000000000000e+01,1.150000000000000000e+02,3.740000000000000000e+02,4.150000000000000000e+02,4.150000000000000000e+02,3.640000000000000000e+02,3.650000000000000000e+02,4.400000000000000000e+01,3.550000000000000000e+02,8.000000000000000000e+00,1.790000000000000000e+02,3.200000000000000000e+01,3.720000000000000000e+02,9.700000000000000000e+01,4.080000000000000000e+02,4.000000000000000000e+01,4.500000000000000000e+02,4.700000000000000000e+01,3.830000000000000000e+02,2.700000000000000000e+01,1.060000000000000000e+02,1.000000000000000000e+00,1.400000000000000000e+01,7.700000000000000000e+01,6.100000000000000000e+01,8.100000000000000000e+01,9.800000000000000000e+01,1.060000000000000000e+02,1.200000000000000000e+01,3.830000000000000000e+02,3.570000000000000000e+02,2.300000000000000000e+01,3.870000000000000000e+02,1.090000000000000000e+02,8.400000000000000000e+01,5.900000000000000000e+01,8.900000000000000000e+01,1.070000000000000000e+02,3.630000000000000000e+02,7.800000000000000000e+01,4.230000000000000000e+02,3.660000000000000000e+02,3.590000000000000000e+02,2.600000000000000000e+02,5.900000000000000000e+01,4.060000000000000000e+02,1.220000000000000000e+02,3.960000000000000000e+02,4.140000000000000000e+02,6.300000000000000000e+01,4.110000000000000000e+02,8.400000000000000000e+01,4.050000000000000000e+02,1.010000000000000000e+02,4.240000000000000000e+02,4.910000000000000000e+02,1.810000000000000000e+02,1.410000000000000000e+02,1.100000000000000000e+02,6.800000000000000000e+01,4.260000000000000000e+02,3.480000000000000000e+02,8.900000000000000000e+01,4.200000000000000000e+02,4.370000000000000000e+02,8.300000000000000000e+01,9.700000000000000000e+01,4.140000000000000000e+02,4.140000000000000000e+02,8.500000000000000000e+01,6.800000000000000000e+01,4.290000000000000000e+02,4.560000000000000000e+02,3.300000000000000000e+01,1.100000000000000000e+01,6.900000000000000000e+01,1.600000000000000000e+01,4.440000000000000000e+02,1.160000000000000000e+02,4.350000000000000000e+02,6.500000000000000000e+01,7.700000000000000000e+01,5.100000000000000000e+01,4.190000000000000000e+02,2.010000000000000000e+02,4.380000000000000000e+02,9.600000000000000000e+01,4.090000000000000000e+02,2.300000000000000000e+01,4.070000000000000000e+02,6.500000000000000000e+01,4.260000000000000000e+02,1.120000000000000000e+02,4.120000000000000000e+02,4.010000000000000000e+02,1.900000000000000000e+01,4.900000000000000000e+02,6.800000000000000000e+01,3.720000000000000000e+02,4.200000000000000000e+02,8.400000000000000000e+01,2.000000000000000000e+00,4.830000000000000000e+02,1.800000000000000000e+01,1.120000000000000000e+02,1.300000000000000000e+01,2.490000000000000000e+02,1.110000000000000000e+02,1.800000000000000000e+01,4.900000000000000000e+01,2.800000000000000000e+01,4.520000000000000000e+02,2.930000000000000000e+02,4.020000000000000000e+02,7.600000000000000000e+01,1.220000000000000000e+02,4.600000000000000000e+02,4.320000000000000000e+02,1.630000000000000000e+02,1.600000000000000000e+01,4.800000000000000000e+01,7.200000000000000000e+01,4.020000000000000000e+02,7.900000000000000000e+01,1.440000000000000000e+02,3.940000000000000000e+02,8.900000000000000000e+01,6.300000000000000000e+01,4.790000000000000000e+02,3.400000000000000000e+01,4.000000000000000000e+01,4.270000000000000000e+02,9.000000000000000000e+00,9.900000000000000000e+01,1.210000000000000000e+02,4.200000000000000000e+02,4.170000000000000000e+02,4.000000000000000000e+01,4.050000000000000000e+02,5.800000000000000000e+01,4.000000000000000000e+01,4.230000000000000000e+02,1.200000000000000000e+01,2.600000000000000000e+01,3.200000000000000000e+02,2.200000000000000000e+01,5.200000000000000000e+01,8.000000000000000000e+01,5.350000000000000000e+02,4.190000000000000000e+02,1.160000000000000000e+02,3.400000000000000000e+01,9.600000000000000000e+01,8.300000000000000000e+01,3.200000000000000000e+02,7.100000000000000000e+01,9.400000000000000000e+01,1.330000000000000000e+02,9.400000000000000000e+01,7.900000000000000000e+01,1.040000000000000000e+02,5.500000000000000000e+01,3.000000000000000000e+00,4.380000000000000000e+02,4.010000000000000000e+02,9.500000000000000000e+01,1.020000000000000000e+02,4.490000000000000000e+02,4.000000000000000000e+01,1.080000000000000000e+02,3.980000000000000000e+02,3.300000000000000000e+01,3.420000000000000000e+02,2.900000000000000000e+01,9.000000000000000000e+00,9.200000000000000000e+01,3.300000000000000000e+01,4.040000000000000000e+02,8.900000000000000000e+01,3.520000000000000000e+02,9.600000000000000000e+01,9.300000000000000000e+01,9.000000000000000000e+00,3.880000000000000000e+02,9.900000000000000000e+01,4.060000000000000000e+02,9.000000000000000000e+01,3.940000000000000000e+02,9.100000000000000000e+01,4.210000000000000000e+02,4.220000000000000000e+02,4.090000000000000000e+02,4.280000000000000000e+02,6.000000000000000000e+00,3.160000000000000000e+02,9.800000000000000000e+01,1.920000000000000000e+02,3.210000000000000000e+02,1.570000000000000000e+02,6.600000000000000000e+01,6.300000000000000000e+01,4.510000000000000000e+02,8.100000000000000000e+01,8.500000000000000000e+01,5.300000000000000000e+02,8.500000000000000000e+01,3.460000000000000000e+02,3.820000000000000000e+02,1.210000000000000000e+02,6.000000000000000000e+00,6.000000000000000000e+01,3.670000000000000000e+02,1.000000000000000000e+02,1.660000000000000000e+02,3.910000000000000000e+02,4.320000000000000000e+02,4.480000000000000000e+02,3.890000000000000000e+02,1.570000000000000000e+02,4.800000000000000000e+01,4.470000000000000000e+02,4.510000000000000000e+02,4.370000000000000000e+02,4.450000000000000000e+02,1.200000000000000000e+01,2.300000000000000000e+01,3.970000000000000000e+02,6.400000000000000000e+01,3.780000000000000000e+02,8.800000000000000000e+01,5.800000000000000000e+01,4.300000000000000000e+01,5.000000000000000000e+00,7.800000000000000000e+01,0.000000000000000000e+00,4.320000000000000000e+02,4.400000000000000000e+02,4.270000000000000000e+02,3.000000000000000000e+01,1.710000000000000000e+02
7.020000000000000000e+02,1.283000000000000000e+03,5.700000000000000000e+02,3.010000000000000000e+02,4.040000000000000000e+02,1.230000000000000000e+02,1.000000000000000000e+00,4.500000000000000000e+01,7.960000000000000000e+02,0.000000000000000000e+00,5.360000000000000000e+02,4.070000000000000000e+02,1.350000000000000000e+02,1.135000000000000000e+03,2.300000000000000000e+02,4.100000000000000000e+01,2.400000000000000000e+01,4.340000000000000000e+02,2.520000000000000000e+02,2.000000000000000000e+00,2.330000000000000000e+02,1.010000000000000000e+02,4.750000000000000000e+02,1.541000000000000000e+03,1.000000000000000000e+00,6.550000000000000000e+02,3.010000000000000000e+02,6.950000000000000000e+02,1.449000000000000000e+03,1.905000000000000000e+03,2.850000000000000000e+02,4.330000000000000000e+02,1.250000000000000000e+02,2.910000000000000000e+02,1.000000000000000000e+00,7.850000000000000000e+02,0.000000000000000000e+00,6.520000000000000000e+02,3.100000000000000000e+02,2.459000000000000000e+03,1.350000000000000000e+02,1.206000000000000000e+03,1.600000000000000000e+01,7.510000000000000000e+02,1.000000000000000000e+00,9.900000000000000000e+01,5.000000000000000000e+00,0.000000000000000000e+00,4.800000000000000000e+01,2.780000000000000000e+02,4.180000000000000000e+02,2.900000000000000000e+01,1.160000000000000000e+02,1.000000000000000000e+00,6.280000000000000000e+02,6.600000000000000000e+02,7.000000000000000000e+00,2.280000000000000000e+02,5.060000000000000000e+02,3.070000000000000000e+02,7.300000000000000000e+01,1.540000000000000000e+02,3.410000000000000000e+02,2.110000000000000000e+02,6.100000000000000000e+01,2.017000000000000000e+03,3.050000000000000000e+02,2.740000000000000000e+02,5.300000000000000000e+01,5.400000000000000000e+01,9.210000000000000000e+02,4.560000000000000000e+02,2.650000000000000000e+02,3.830000000000000000e+02,1.900000000000000000e+01,2.670000000000000000e+02,1.300000000000000000e+01,1.207000000000000000e+03,1.190000000000000000e+02,1.385000000000000000e+03,4.698000000000000000e+03,6.850000000000000000e+02,8.470000000000000000e+02,9.500000000000000000e+01,4.310000000000000000e+02,1.272000000000000000e+03,1.940000000000000000e+02,2.200000000000000000e+01,7.210000000000000000e+02,2.166000000000000000e+03,1.260000000000000000e+02,1.850000000000000000e+02,2.102000000000000000e+03,5.940000000000000000e+02,1.970000000000000000e+02,2.630000000000000000e+02,4.430000000000000000e+02,1.861000000000000000e+03,1.000000000000000000e+01,5.000000000000000000e+00,4.000000000000000000e+00,0.000000000000000000e+00,1.866000000000000000e+03,1.070000000000000000e+02,6.720000000000000000e+02,2.300000000000000000e+01,2.470000000000000000e+02,7.000000000000000000e+00,1.888000000000000000e+03,9.510000000000000000e+02,8.780000000000000000e+02,4.700000000000000000e+01,9.410000000000000000e+02,5.000000000000000000e+00,2.111000000000000000e+03,4.960000000000000000e+02,1.722000000000000000e+03,8.480000000000000000e+02,1.123000000000000000e+03,1.641000000000000000e+03,0.000000000000000000e+00,4.706000000000000000e+03,4.450000000000000000e+02,2.141000000000000000e+03,1.708000000000000000e+03,2.700000000000000000e+01,2.000000000000000000e+00,1.875000000000000000e+03,4.000000000000000000e+00,5.430000000000000000e+02,1.000000000000000000e+00,1.300000000000000000e+01,6.700000000000000000e+01,1.200000000000000000e+01,1.600000000000000000e+01,4.000000000000000000e+00,1.177000000000000000e+03,5.100000000000000000e+01,4.230000000000000000e+02,3.320000000000000000e+02,2.790000000000000000e+02,9.500000000000000000e+02,2.410000000000000000e+02,9.100000000000000000e+02,4.000000000000000000e+00,1.500000000000000000e+01,1.100000000000000000e+01,1.140000000000000000e+03,2.100000000000000000e+01,7.270000000000000000e+02,9.970000000000000000e+02,7.900000000000000000e+01,4.980000000000000000e+02,4.789000000000000000e+03,0.000000000000000000e+00,1.500000000000000000e+01,2.301000000000000000e+03,6.000000000000000000e+00,6.800000000000000000e+01,3.790000000000000000e+02,1.625000000000000000e+03,6.550000000000000000e+02,2.190000000000000000e+02,1.253000000000000000e+03,1.110000000000000000e+02,1.000000000000000000e+00,1.043000000000000000e+03,9.000000000000000000e+00,3.000000000000000000e+00,1.840000000000000000e+02,8.000000000000000000e+00,2.000000000000000000e+01,2.000000000000000000e+00,4.792000000000000000e+03,1.964000000000000000e+03,3.120000000000000000e+02,4.000000000000000000e+00,4.040000000000000000e+02,2.130000000000000000e+02,1.150000000000000000e+02,5.500000000000000000e+01,1.900000000000000000e+01,4.500000000000000000e+02,6.210000000000000000e+02,1.390000000000000000e+02,1.048000000000000000e+03,1.400000000000000000e+01,1.000000000000000000e+00,2.178000000000000000e+03,1.280000000000000000e+03,2.500000000000000000e+01,1.400000000000000000e+02,2.802000000000000000e+03,1.700000000000000000e+01,3.200000000000000000e+02,1.614000000000000000e+03,8.000000000000000000e+00,4.460000000000000000e+02,2.000000000000000000e+00,1.000000000000000000e+00,5.770000000000000000e+02,2.160000000000000000e+02,9.790000000000000000e+02,4.200000000000000000e+01,1.030000000000000000e+02,6.900000000000000000e+01,4.200000000000000000e+01,1.000000000000000000e+00,1.640000000000000000e+02,8.100000000000000000e+01,6.300000000000000000e+01,3.270000000000000000e+02,1.210000000000000000e+02,6.400000000000000000e+01,2.402000000000000000e+03,6.040000000000000000e+02,2.153000000000000000e+03,3.170000000000000000e+02,3.000000000000000000e+00,9.300000000000000000e+01,6.750000000000000000e+02,8.490000000000000000e+02,3.200000000000000000e+01,7.330000000000000000e+02,1.290000000000000000e+02,1.440000000000000000e+02,9.990000000000000000e+02,6.000000000000000000e+01,4.200000000000000000e+01,4.693000000000000000e+03,6.300000000000000000e+01,1.690000000000000000e+02,1.914000000000000000e+03,7.290000000000000000e+02,0.000000000000000000e+00,1.800000000000000000e+01,9.780000000000000000e+02,3.500000000000000000e+02,9.880000000000000000e+02,9.990000000000000000e+02,2.088000000000000000e+03,1.391000000000000000e+03,1.013000000000000000e+03,9.440000000000000000e+02,1.800000000000000000e+01,1.903000000000000000e+03,1.607000000000000000e+03,3.440000000000000000e+02,1.467000000000000000e+03,4.000000000000000000e+00,7.000000000000000000e+00,5.090000000000000000e+02,6.000000000000000000e+00,1.225000000000000000e+03,5.000000000000000000e+01,2.300000000000000000e+01,4.000000000000000000e+00,0.000000000000000000e+00,4.900000000000000000e+01,1.100000000000000000e+01,0.000000000000000000e+00,1.877000000000000000e+03,2.600000000000000000e+03,8.000000000000000000e+00,1.012000000000000000e+03
1.180000000000000000e+03,1.451000000000000000e+03,6.670000000000000000e+02,2.580000000000000000e+02,3.520000000000000000e+02,1.470000000000000000e+02,8.000000000000000000e+00,6.500000000000000000e+01,8.660000000000000000e+02,1.000000000000000000e+00,4.690000000000000000e+02,4.160000000000000000e+02,1.670000000000000000e+02,7.110000000000000000e+02,2.070000000000000000e+02,3.600000000000000000e+01,2.100000000000000000e+01,2.050000000000000000e+02,1.400000000000000000e+02,3.000000000000000000e+00,2.400000000000000000e+02,1.760000000000000000e+02,5.840000000000000000e+02,1.822000000000000000e+03,1.000000000000000000e+00,5.010000000000000000e+02,3.910000000000000000e+02,7.310000000000000000e+02,1.037000000000000000e+03,2.026000000000000000e+03,3.570000000000000000e+02,4.350000000000000000e+02,9.700000000000000000e+01,8.640000000000000000e+02,3.000000000000000000e+00,9.260000000000000000e+02,1.000000000000000000e+00,6.890000000000000000e+02,3.720000000000000000e+02,2.388000000000000000e+03,1.390000000000000000e+02,1.347000000000000000e+03,2.300000000000000000e+01,8.020000000000000000e+02,1.100000000000000000e+01,1.570000000000000000e+02,8.000000000000000000e+00,8.000000000000000000e+00,4.300000000000000000e+01,3.010000000000000000e+02,4.570000000000000000e+02,3.800000000000000000e+01,4.150000000000000000e+02,7.000000000000000000e+00,3.090000000000000000e+02,2.920000000000000000e+02,1.000000000000000000e+00,7.810000000000000000e+02,5.360000000000000000e+02,3.700000000000000000e+02,7.800000000000000000e+01,1.660000000000000000e+02,3.310000000000000000e+02,2.590000000000000000e+02,6.800000000000000000e+01,2.230000000000000000e+03,3.870000000000000000e+02,1.170000000000000000e+02,9.600000000000000000e+01,7.200000000000000000e+01,9.800000000000000000e+02,4.040000000000000000e+02,5.660000000000000000e+02,1.580000000000000000e+02,8.000000000000000000e+00,3.420000000000000000e+02,5.400000000000000000e+01,1.209000000000000000e+03,1.320000000000000000e+02,1.490000000000000000e+03,4.292000000000000000e+03,8.000000000000000000e+02,9.320000000000000000e+02,1.470000000000000000e+02,4.810000000000000000e+02,1.032000000000000000e+03,2.360000000000000000e+02,2.500000000000000000e+01,4.280000000000000000e+02,1.954000000000000000e+03,1.260000000000000000e+02,2.320000000000000000e+02,2.004000000000000000e+03,7.370000000000000000e+02,2.450000000000000000e+02,2.230000000000000000e+02,5.750000000000000000e+02,1.938000000000000000e+03,1.400000000000000000e+01,4.000000000000000000e+00,4.300000000000000000e+01,3.000000000000000000e+00,1.972000000000000000e+03,1.130000000000000000e+02,8.110000000000000000e+02,2.900000000000000000e+01,3.060000000000000000e+02,2.400000000000000000e+01,2.102000000000000000e+03,8.890000000000000000e+02,1.780000000000000000e+03,2.400000000000000000e+01,1.143000000000000000e+03,1.000000000000000000e+01,2.467000000000000000e+03,4.150000000000000000e+02,1.913000000000000000e+03,8.700000000000000000e+02,1.250000000000000000e+03,1.769000000000000000e+03,6.000000000000000000e+00,4.311000000000000000e+03,4.480000000000000000e+02,2.158000000000000000e+03,1.746000000000000000e+03,4.900000000000000000e+01,5.000000000000000000e+00,1.935000000000000000e+03,8.000000000000000000e+00,6.260000000000000000e+02,2.000000000000000000e+00,7.400000000000000000e+01,9.200000000000000000e+01,2.000000000000000000e+01,3.800000000000000000e+01,2.300000000000000000e+01,1.222000000000000000e+03,5.600000000000000000e+01,8.340000000000000000e+02,3.120000000000000000e+02,3.030000000000000000e+02,1.028000000000000000e+03,3.450000000000000000e+02,7.450000000000000000e+02,4.000000000000000000e+00,1.500000000000000000e+01,1.400000000000000000e+01,1.295000000000000000e+03,3.600000000000000000e+01,6.120000000000000000e+02,1.398000000000000000e+03,3.600000000000000000e+01,4.630000000000000000e+02,4.354000000000000000e+03,1.500000000000000000e+01,1.000000000000000000e+00,2.308000000000000000e+03,4.000000000000000000e+00,1.260000000000000000e+02,4.120000000000000000e+02,1.662000000000000000e+03,1.910000000000000000e+02,2.280000000000000000e+02,1.470000000000000000e+03,1.090000000000000000e+02,6.000000000000000000e+00,1.193000000000000000e+03,1.200000000000000000e+01,3.000000000000000000e+00,2.480000000000000000e+02,6.000000000000000000e+00,6.000000000000000000e+01,4.500000000000000000e+01,4.262000000000000000e+03,1.898000000000000000e+03,4.140000000000000000e+02,1.300000000000000000e+01,2.860000000000000000e+02,2.180000000000000000e+02,1.670000000000000000e+02,1.330000000000000000e+02,6.900000000000000000e+01,4.470000000000000000e+02,5.880000000000000000e+02,2.090000000000000000e+02,1.043000000000000000e+03,2.000000000000000000e+01,1.000000000000000000e+00,2.189000000000000000e+03,1.306000000000000000e+03,1.120000000000000000e+02,1.360000000000000000e+02,2.719000000000000000e+03,1.100000000000000000e+01,3.360000000000000000e+02,1.779000000000000000e+03,2.000000000000000000e+00,2.670000000000000000e+02,8.000000000000000000e+00,2.000000000000000000e+00,5.730000000000000000e+02,1.610000000000000000e+02,7.510000000000000000e+02,4.400000000000000000e+01,1.210000000000000000e+02,9.600000000000000000e+01,3.200000000000000000e+01,4.000000000000000000e+00,4.940000000000000000e+02,4.100000000000000000e+01,3.090000000000000000e+02,3.000000000000000000e+02,1.110000000000000000e+02,4.100000000000000000e+01,2.334000000000000000e+03,2.890000000000000000e+02,2.298000000000000000e+03,3.920000000000000000e+02,3.000000000000000000e+00,1.170000000000000000e+02,7.300000000000000000e+02,8.350000000000000000e+02,1.510000000000000000e+02,7.630000000000000000e+02,1.680000000000000000e+02,8.500000000000000000e+01,1.095000000000000000e+03,3.200000000000000000e+01,4.600000000000000000e+01,4.366000000000000000e+03,3.900000000000000000e+01,2.370000000000000000e+02,1.997000000000000000e+03,7.810000000000000000e+02,0.000000000000000000e+00,2.600000000000000000e+01,9.810000000000000000e+02,3.430000000000000000e+02,9.720000000000000000e+02,1.072000000000000000e+03,1.958000000000000000e+03,1.494000000000000000e+03,7.250000000000000000e+02,9.030000000000000000e+02,1.000000000000000000e+01,1.943000000000000000e+03,1.637000000000000000e+03,8.590000000000000000e+02,1.232000000000000000e+03,1.000000000000000000e+01,5.000000000000000000e+00,1.124000000000000000e+03,2.600000000000000000e+01,1.398000000000000000e+03,6.400000000000000000e+01,2.600000000000000000e+01,8.000000000000000000e+00,2.000000000000000000e+00,8.600000000000000000e+01,3.800000000000000000e+01,2.209000000000000000e+03,0.000000000000000000e+00,2.426000000000000000e+03,3.000000000000000000e+00,8.800000000000000000e+02
6.240000000000000000e+02,8.350000000000000000e+02,4.020000000000000000e+02,1.860000000000000000e+02,2.180000000000000000e+02,5.600000000000000000e+01,2.000000000000000000e+00,1.900000000000000000e+01,5.370000000000000000e+02,0.000000000000000000e+00,4.020000000000000000e+02,2.210000000000000000e+02,9.000000000000000000e+01,7.620000000000000000e+02,1.480000000000000000e+02,1.800000000000000000e+01,1.500000000000000000e+01,2.450000000000000000e+02,1.770000000000000000e+02,0.000000000000000000e+00,6.000000000000000000e+01,1.030000000000000000e+02,2.330000000000000000e+02,1.248000000000000000e+03,1.000000000000000000e+00,4.450000000000000000e+02,2.180000000000000000e+02,1.330000000000000000e+02,9.690000000000000000e+02,1.212000000000000000e+03,1.920000000000000000e+02,9.200000000000000000e+01,5.700000000000000000e+01,4.270000000000000000e+02,4.000000000000000000e+00,6.630000000000000000e+02,1.000000000000000000e+00,1.490000000000000000e+02,7.100000000000000000e+01,1.673000000000000000e+03,9.700000000000000000e+01,2.090000000000000000e+02,4.000000000000000000e+00,4.360000000000000000e+02,4.000000000000000000e+00,4.100000000000000000e+01,3.000000000000000000e+00,2.000000000000000000e+00,2.700000000000000000e+01,1.410000000000000000e+02,3.170000000000000000e+02,1.500000000000000000e+01,2.270000000000000000e+02,4.000000000000000000e+00,3.790000000000000000e+02,3.360000000000000000e+02,6.000000000000000000e+00,4.040000000000000000e+02,3.400000000000000000e+02,1.670000000000000000e+02,2.500000000000000000e+01,7.800000000000000000e+01,1.050000000000000000e+02,3.200000000000000000e+01,1.000000000000000000e+01,1.570000000000000000e+03,1.550000000000000000e+02,1.490000000000000000e+02,3.700000000000000000e+01,3.000000000000000000e+01,1.430000000000000000e+02,2.630000000000000000e+02,3.350000000000000000e+02,2.130000000000000000e+02,2.000000000000000000e+01,1.300000000000000000e+02,1.200000000000000000e+01,6.280000000000000000e+02,6.200000000000000000e+01,8.830000000000000000e+02,4.229000000000000000e+03,5.440000000000000000e+02,5.290000000000000000e+02,5.300000000000000000e+01,3.410000000000000000e+02,8.280000000000000000e+02,1.110000000000000000e+02,1.300000000000000000e+01,3.790000000000000000e+02,1.429000000000000000e+03,3.000000000000000000e+01,6.400000000000000000e+01,1.382000000000000000e+03,1.020000000000000000e+02,3.300000000000000000e+01,5.700000000000000000e+01,2.470000000000000000e+02,1.217000000000000000e+03,0.000000000000000000e+00,0.000000000000000000e+00,2.600000000000000000e+01,1.000000000000000000e+00,5.150000000000000000e+02,3.800000000000000000e+01,4.260000000000000000e+02,1.400000000000000000e+01,1.700000000000000000e+02,1.000000000000000000e+01,6.840000000000000000e+02,7.410000000000000000e+02,1.090000000000000000e+03,2.700000000000000000e+01,5.920000000000000000e+02,0.000000000000000000e+00,1.797000000000000000e+03,2.410000000000000000e+02,1.232000000000000000e+03,5.920000000000000000e+02,6.720000000000000000e+02,1.106000000000000000e+03,2.000000000000000000e+00,4.359000000000000000e+03,3.660000000000000000e+02,1.385000000000000000e+03,1.060000000000000000e+03,1.600000000000000000e+01,3.000000000000000000e+00,1.305000000000000000e+03,0.000000000000000000e+00,3.370000000000000000e+02,0.000000000000000000e+00,2.600000000000000000e+01,3.800000000000000000e+01,7.000000000000000000e+00,1.700000000000000000e+01,7.000000000000000000e+00,6.290000000000000000e+02,3.500000000000000000e+01,4.490000000000000000e+02,2.100000000000000000e+02,1.460000000000000000e+02,4.710000000000000000e+02,1.310000000000000000e+02,6.340000000000000000e+02,1.000000000000000000e+00,1.200000000000000000e+01,4.000000000000000000e+00,6.990000000000000000e+02,2.000000000000000000e+01,4.710000000000000000e+02,8.350000000000000000e+02,4.100000000000000000e+01,3.450000000000000000e+02,4.266000000000000000e+03,6.000000000000000000e+00,9.000000000000000000e+00,1.098000000000000000e+03,6.000000000000000000e+00,5.400000000000000000e+01,1.890000000000000000e+02,5.160000000000000000e+02,3.550000000000000000e+02,1.500000000000000000e+02,7.500000000000000000e+02,5.700000000000000000e+01,3.000000000000000000e+00,6.490000000000000000e+02,3.000000000000000000e+00,3.000000000000000000e+00,1.080000000000000000e+02,1.000000000000000000e+00,2.300000000000000000e+01,1.300000000000000000e+01,4.204000000000000000e+03,7.680000000000000000e+02,1.580000000000000000e+02,1.000000000000000000e+00,2.340000000000000000e+02,2.170000000000000000e+02,3.000000000000000000e+01,4.200000000000000000e+01,3.300000000000000000e+01,8.100000000000000000e+01,2.360000000000000000e+02,1.490000000000000000e+02,7.780000000000000000e+02,9.000000000000000000e+00,1.000000000000000000e+00,1.494000000000000000e+03,2.700000000000000000e+02,4.400000000000000000e+01,7.900000000000000000e+01,1.893000000000000000e+03,1.000000000000000000e+00,1.380000000000000000e+02,1.073000000000000000e+03,3.000000000000000000e+00,2.680000000000000000e+02,1.000000000000000000e+00,0.000000000000000000e+00,3.190000000000000000e+02,1.290000000000000000e+02,6.290000000000000000e+02,1.200000000000000000e+01,5.400000000000000000e+01,4.200000000000000000e+01,3.000000000000000000e+01,1.000000000000000000e+00,3.040000000000000000e+02,3.600000000000000000e+01,1.730000000000000000e+02,1.540000000000000000e+02,7.400000000000000000e+01,3.400000000000000000e+01,1.802000000000000000e+03,3.060000000000000000e+02,1.591000000000000000e+03,1.640000000000000000e+02,2.000000000000000000e+00,5.000000000000000000e+01,4.090000000000000000e+02,5.830000000000000000e+02,8.400000000000000000e+01,6.500000000000000000e+02,7.500000000000000000e+01,9.100000000000000000e+01,5.290000000000000000e+02,4.800000000000000000e+01,1.200000000000000000e+01,4.238000000000000000e+03,3.800000000000000000e+01,8.600000000000000000e+01,6.220000000000000000e+02,5.010000000000000000e+02,0.000000000000000000e+00,0.000000000000000000e+00,2.440000000000000000e+02,1.780000000000000000e+02,5.270000000000000000e+02,2.530000000000000000e+02,1.394000000000000000e+03,8.160000000000000000e+02,6.220000000000000000e+02,4.710000000000000000e+02,1.100000000000000000e+01,1.303000000000000000e+03,1.041000000000000000e+03,4.320000000000000000e+02,9.660000000000000000e+02,4.000000000000000000e+00,1.000000000000000000e+00,6.350000000000000000e+02,9.000000000000000000e+00,7.500000000000000000e+02,1.100000000000000000e+01,2.000000000000000000e+00,2.000000000000000000e+00,0.000000000000000000e+00,3.800000000000000000e+01,1.000000000000000000e+01,1.563000000000000000e+03,1.182000000000000000e+03,0.000000000000000000e+00,4.000000000000000000e+00,5.640000000000000000e+02
3.880000000000000000e+02,4.240000000000000000e+02,1.580000000000000000e+02,1.530000000000000000e+02,1.620000000000000000e+02,1.370000000000000000e+02,0.000000000000000000e+00,9.800000000000000000e+01,1.670000000000000000e+02,0.000000000000000000e+00,0.000000000000000000e+00,0.000000000000000000e+00,3.390000000000000000e+02,4.240000000000000000e+02,0.000000000000000000e+00,0.000000000000000000e+00,1.240000000000000000e+02,3.920000000000000000e+02,3.750000000000000000e+02,0.000000000000000000e+00,1.580000000000000000e+02,1.570000000000000000e+02,3.790000000000000000e+02,4.010000000000000000e+02,0.000000000000000000e+00,1.650000000000000000e+02,1.480000000000000000e+02,3.280000000000000000e+02,3.790000000000000000e+02,3.950000000000000000e+02,3.430000000000000000e+02,3.680000000000000000e+02,0.000000000000000000e+00,4.060000000000000000e+02,0.000000000000000000e+00,1.770000000000000000e+02,0.000000000000000000e+00,3.540000000000000000e+02,1.450000000000000000e+02,3.670000000000000000e+02,0.000000000000000000e+00,3.510000000000000000e+02,0.000000000000000000e+00,4.130000000000000000e+02,0.000000000000000000e+00,1.330000000000000000e+02,0.000000000000000000e+00,0.000000000000000000e+00,1.370000000000000000e+02,0.000000000000000000e+00,0.000000000000000000e+00,1.350000000000000000e+02,1.570000000000000000e+02,0.000000000000000000e+00,3.370000000000000000e+02,3.860000000000000000e+02,0.000000000000000000e+00,3.770000000000000000e+02,1.760000000000000000e+02,1.260000000000000000e+02,0.000000000000000000e+00,1.570000000000000000e+02,1.340000000000000000e+02,3.500000000000000000e+02,1.250000000000000000e+02,3.690000000000000000e+02,3.280000000000000000e+02,3.740000000000000000e+02,3.390000000000000000e+02,0.000000000000000000e+00,3.870000000000000000e+02,1.470000000000000000e+02,3.830000000000000000e+02,4.080000000000000000e+02,1.490000000000000000e+02,4.560000000000000000e+02,1.150000000000000000e+02,4.150000000000000000e+02,1.230000000000000000e+02,3.680000000000000000e+02,4.780000000000000000e+02,1.530000000000000000e+02,1.790000000000000000e+02,1.290000000000000000e+02,0.000000000000000000e+00,4.040000000000000000e+02,3.500000000000000000e+02,1.110000000000000000e+02,4.070000000000000000e+02,3.990000000000000000e+02,1.370000000000000000e+02,1.740000000000000000e+02,3.800000000000000000e+02,3.900000000000000000e+02,1.290000000000000000e+02,0.000000000000000000e+00,3.320000000000000000e+02,3.870000000000000000e+02,0.000000000000000000e+00,0.000000000000000000e+00,1.190000000000000000e+02,0.000000000000000000e+00,4.000000000000000000e+02,1.240000000000000000e+02,3.580000000000000000e+02,1.120000000000000000e+02,1.110000000000000000e+02,1.260000000000000000e+02,3.800000000000000000e+02,1.450000000000000000e+02,3.670000000000000000e+02,1.260000000000000000e+02,4.200000000000000000e+02,0.000000000000000000e+00,4.050000000000000000e+02,0.000000000000000000e+00,3.980000000000000000e+02,1.530000000000000000e+02,3.520000000000000000e+02,4.150000000000000000e+02,0.000000000000000000e+00,4.630000000000000000e+02,0.000000000000000000e+00,3.860000000000000000e+02,4.130000000000000000e+02,1.280000000000000000e+02,0.000000000000000000e+00,3.840000000000000000e+02,0.000000000000000000e+00,1.350000000000000000e+02,0.000000000000000000e+00,2.890000000000000000e+02,1.290000000000000000e+02,9.400000000000000000e+01,0.000000000000000000e+00,0.000000000000000000e+00,3.820000000000000000e+02,3.030000000000000000e+02,4.180000000000000000e+02,0.000000000000000000e+00,1.300000000000000000e+02,4.320000000000000000e+02,4.120000000000000000e+02,1.650000000000000000e+02,0.000000000000000000e+00,0.000000000000000000e+00,1.100000000000000000e+02,3.820000000000000000e+02,1.190000000000000000e+02,1.570000000000000000e+02,3.530000000000000000e+02,1.550000000000000000e+02,0.000000000000000000e+00,4.630000000000000000e+02,6.900000000000000000e+01,0.000000000000000000e+00,4.150000000000000000e+02,0.000000000000000000e+00,1.290000000000000000e+02,1.560000000000000000e+02,3.830000000000000000e+02,3.840000000000000000e+02,0.000000000000000000e+00,3.670000000000000000e+02,0.000000000000000000e+00,0.000000000000000000e+00,3.820000000000000000e+02,0.000000000000000000e+00,0.000000000000000000e+00,3.550000000000000000e+02,0.000000000000000000e+00,0.000000000000000000e+00,1.420000000000000000e+02,4.620000000000000000e+02,3.950000000000000000e+02,1.390000000000000000e+02,0.000000000000000000e+00,1.610000000000000000e+02,1.340000000000000000e+02,3.250000000000000000e+02,1.240000000000000000e+02,1.330000000000000000e+02,1.460000000000000000e+02,1.550000000000000000e+02,1.380000000000000000e+02,1.600000000000000000e+02,0.000000000000000000e+00,0.000000000000000000e+00,4.120000000000000000e+02,3.610000000000000000e+02,1.250000000000000000e+02,1.470000000000000000e+02,4.070000000000000000e+02,0.000000000000000000e+00,1.470000000000000000e+02,3.750000000000000000e+02,0.000000000000000000e+00,3.950000000000000000e+02,0.000000000000000000e+00,0.000000000000000000e+00,1.310000000000000000e+02,0.000000000000000000e+00,4.210000000000000000e+02,1.160000000000000000e+02,3.230000000000000000e+02,1.500000000000000000e+02,1.380000000000000000e+02,0.000000000000000000e+00,3.620000000000000000e+02,1.450000000000000000e+02,3.510000000000000000e+02,1.340000000000000000e+02,3.800000000000000000e+02,1.210000000000000000e+02,3.900000000000000000e+02,4.010000000000000000e+02,3.930000000000000000e+02,3.460000000000000000e+02,0.000000000000000000e+00,3.330000000000000000e+02,1.390000000000000000e+02,1.650000000000000000e+02,3.400000000000000000e+02,1.790000000000000000e+02,0.000000000000000000e+00,0.000000000000000000e+00,4.270000000000000000e+02,1.620000000000000000e+02,1.340000000000000000e+02,4.820000000000000000e+02,1.520000000000000000e+02,3.950000000000000000e+02,4.020000000000000000e+02,1.470000000000000000e+02,0.000000000000000000e+00,0.000000000000000000e+00,3.720000000000000000e+02,1.530000000000000000e+02,1.650000000000000000e+02,4.020000000000000000e+02,3.950000000000000000e+02,3.570000000000000000e+02,4.650000000000000000e+02,1.460000000000000000e+02,0.000000000000000000e+00,3.920000000000000000e+02,3.900000000000000000e+02,3.930000000000000000e+02,4.030000000000000000e+02,0.000000000000000000e+00,0.000000000000000000e+00,3.780000000000000000e+02,1.170000000000000000e+02,4.050000000000000000e+02,1.070000000000000000e+02,1.010000000000000000e+02,0.000000000000000000e+00,0.000000000000000000e+00,1.320000000000000000e+02,1.240000000000000000e+02,3.790000000000000000e+02,3.740000000000000000e+02,3.770000000000000000e+02,0.000000000000000000e+00,1.520000000000000000e+02
6.430000000000000000e+02,7.250000000000000000e+02,3.250000000000000000e+02,1.240000000000000000e+02,2.010000000000000000e+02,6.300000000000000000e+01,3.000000000000000000e+00,2.500000000000000000e+01,3.990000000000000000e+02,0.000000000000000000e+00,2.530000000000000000e+02,2.100000000000000000e+02,7.100000000000000000e+01,6.330000000000000000e+02,1.250000000000000000e+02,1.800000000000000000e+01,1.200000000000000000e+01,1.910000000000000000e+02,1.460000000000000000e+02,1.000000000000000000e+00,9.800000000000000000e+01,1.070000000000000000e+02,2.640000000000000000e+02,9.750000000000000000e+02,0.000000000000000000e+00,3.160000000000000000e+02,1.870000000000000000e+02,3.050000000000000000e+02,8.060000000000000000e+02,1.049000000000000000e+03,2.090000000000000000e+02,1.780000000000000000e+02,5.800000000000000000e+01,4.600000000000000000e+02,5.000000000000000000e+00,0.000000000000000000e+00,5.000000000000000000e+00,3.000000000000000000e+02,1.410000000000000000e+02,1.242000000000000000e+03,8.500000000000000000e+01,5.850000000000000000e+02,1.100000000000000000e+01,4.500000000000000000e+02,3.000000000000000000e+00,4.200000000000000000e+01,3.000000000000000000e+00,1.000000000000000000e+00,1.400000000000000000e+01,1.530000000000000000e+02,2.350000000000000000e+02,3.200000000000000000e+01,2.390000000000000000e+02,6.000000000000000000e+00,3.620000000000000000e+02,3.580000000000000000e+02,4.000000000000000000e+00,3.850000000000000000e+02,2.740000000000000000e+02,1.460000000000000000e+02,3.500000000000000000e+01,1.040000000000000000e+02,1.830000000000000000e+02,6.400000000000000000e+01,1.400000000000000000e+01,1.185000000000000000e+03,2.190000000000000000e+02,1.160000000000000000e+02,4.400000000000000000e+01,2.900000000000000000e+01,3.990000000000000000e+02,2.050000000000000000e+02,3.130000000000000000e+02,2.170000000000000000e+02,1.000000000000000000e+01,1.740000000000000000e+02,2.400000000000000000e+01,6.360000000000000000e+02,6.200000000000000000e+01,7.870000000000000000e+02,0.000000000000000000e+00,0.000000000000000000e+00,0.000000000000000000e+00,7.500000000000000000e+01,2.330000000000000000e+02,7.660000000000000000e+02,1.200000000000000000e+02,1.600000000000000000e+01,3.790000000000000000e+02,1.087000000000000000e+03,3.600000000000000000e+01,1.150000000000000000e+02,1.103000000000000000e+03,3.620000000000000000e+02,7.500000000000000000e+01,1.160000000000000000e+02,2.980000000000000000e+02,1.032000000000000000e+03,5.000000000000000000e+00,0.000000000000000000e+00,2.000000000000000000e+01,2.000000000000000000e+00,1.033000000000000000e+03,5.700000000000000000e+01,4.090000000000000000e+02,1.300000000000000000e+01,1.160000000000000000e+02,9.000000000000000000e+00,1.049000000000000000e+03,0.000000000000000000e+00,9.620000000000000000e+02,2.400000000000000000e+01,5.800000000000000000e+02,0.000000000000000000e+00,1.327000000000000000e+03,1.910000000000000000e+02,1.025000000000000000e+03,4.190000000000000000e+02,6.570000000000000000e+02,1.005000000000000000e+03,4.000000000000000000e+00,0.000000000000000000e+00,2.360000000000000000e+02,1.092000000000000000e+03,8.990000000000000000e+02,1.400000000000000000e+01,0.000000000000000000e+00,1.012000000000000000e+03,2.000000000000000000e+00,3.230000000000000000e+02,2.000000000000000000e+00,2.400000000000000000e+01,3.300000000000000000e+01,1.000000000000000000e+01,1.100000000000000000e+01,5.000000000000000000e+00,6.430000000000000000e+02,2.700000000000000000e+01,4.780000000000000000e+02,1.620000000000000000e+02,1.950000000000000000e+02,5.610000000000000000e+02,1.870000000000000000e+02,0.000000000000000000e+00,4.000000000000000000e+00,1.600000000000000000e+01,5.000000000000000000e+00,6.670000000000000000e+02,1.900000000000000000e+01,4.200000000000000000e+02,7.690000000000000000e+02,3.000000000000000000e+01,2.360000000000000000e+02,0.000000000000000000e+00,1.100000000000000000e+01,3.000000000000000000e+00,1.230000000000000000e+03,0.000000000000000000e+00,5.700000000000000000e+01,2.240000000000000000e+02,9.030000000000000000e+02,2.950000000000000000e+02,8.600000000000000000e+01,7.420000000000000000e+02,5.300000000000000000e+01,6.000000000000000000e+00,6.480000000000000000e+02,3.000000000000000000e+00,5.000000000000000000e+00,1.240000000000000000e+02,2.000000000000000000e+00,2.500000000000000000e+01,2.000000000000000000e+01,0.000000000000000000e+00,1.006000000000000000e+03,1.200000000000000000e+02,1.000000000000000000e+00,2.030000000000000000e+02,1.490000000000000000e+02,2.900000000000000000e+01,6.700000000000000000e+01,3.300000000000000000e+01,1.820000000000000000e+02,3.210000000000000000e+02,1.130000000000000000e+02,5.770000000000000000e+02,8.000000000000000000e+00,0.000000000000000000e+00,1.147000000000000000e+03,6.350000000000000000e+02,6.100000000000000000e+01,9.000000000000000000e+01,1.500000000000000000e+03,1.000000000000000000e+00,1.540000000000000000e+02,9.230000000000000000e+02,4.000000000000000000e+00,2.780000000000000000e+02,4.000000000000000000e+00,1.000000000000000000e+00,2.730000000000000000e+02,9.400000000000000000e+01,5.730000000000000000e+02,3.100000000000000000e+01,7.700000000000000000e+01,3.600000000000000000e+01,3.000000000000000000e+01,0.000000000000000000e+00,3.010000000000000000e+02,2.900000000000000000e+01,1.910000000000000000e+02,6.000000000000000000e+01,6.900000000000000000e+01,3.200000000000000000e+01,1.294000000000000000e+03,3.310000000000000000e+02,1.100000000000000000e+03,1.950000000000000000e+02,3.000000000000000000e+00,8.400000000000000000e+01,3.740000000000000000e+02,0.000000000000000000e+00,8.100000000000000000e+01,0.000000000000000000e+00,1.030000000000000000e+02,6.200000000000000000e+01,5.580000000000000000e+02,3.800000000000000000e+01,2.900000000000000000e+01,0.000000000000000000e+00,3.400000000000000000e+01,1.260000000000000000e+02,9.850000000000000000e+02,3.840000000000000000e+02,0.000000000000000000e+00,2.000000000000000000e+00,5.240000000000000000e+02,1.970000000000000000e+02,0.000000000000000000e+00,5.230000000000000000e+02,1.104000000000000000e+03,7.590000000000000000e+02,5.990000000000000000e+02,0.000000000000000000e+00,5.000000000000000000e+00,1.037000000000000000e+03,9.580000000000000000e+02,4.440000000000000000e+02,8.700000000000000000e+02,5.000000000000000000e+00,5.000000000000000000e+00,6.100000000000000000e+02,1.300000000000000000e+01,7.420000000000000000e+02,4.000000000000000000e+00,2.000000000000000000e+00,4.000000000000000000e+00,0.000000000000000000e+00,3.900000000000000000e+01,2.000000000000000000e+01,1.193000000000000000e+03,1.035000000000000000e+03,1.318000000000000000e+03,0.000000000000000000e+00,0.000000000000000000e+00
